inc	time	elem	node	ip	grain	1_pos	2_pos	3_pos	1_f	2_f	3_f	4_f	5_f	6_f	7_f	8_f	9_f	1_p	2_p	3_p	4_p	5_p	6_p	7_p	8_p	9_p	1_Cauchy	2_Cauchy	3_Cauchy	4_Cauchy	5_Cauchy	6_Cauchy	7_Cauchy	8_Cauchy	9_Cauchy	Mises(Cauchy)	1_ln(V)	2_ln(V)	3_ln(V)	4_ln(V)	5_ln(V)	6_ln(V)	7_ln(V)	8_ln(V)	9_ln(V)	Mises(ln(V))
0	0.0	nan	nan	1	1	5.0	5.0	5.0	1.0	0.0	0.0	0.0	1.0	0.0	0.0	0.0	1.0	7.55125600158e-06	6.65514045713e-07	-5.9007193719e-08	6.65514045713e-07	8.15259606901e-06	-5.99641089638e-07	-5.9007193719e-08	-5.99641089638e-07	9.64582789054e-06	7.55125600158e-06	6.65514045713e-07	-5.9007193719e-08	6.65514045713e-07	8.15259606901e-06	-5.99641089638e-07	-5.9007193719e-08	-5.99641089638e-07	9.64582789054e-06	2.43046743751e-06	0.0	0.0	0.0	0.0	0.0	0.0	0.0	0.0	0.0	0.0
10	2.5	nan	nan	1	1	5.0	5.0	5.0	1.00025	2.3434608365e-21	-1.66539029725e-19	9.24684527258e-22	0.999932700952	6.26220443155e-20	-1.67694713324e-22	-1.25421260378e-21	0.99992534465	57318094.3889	560727.195808	-934670.722944	560549.322411	31.9175863965	453480.221291	-934367.353321	453476.884956	20.7572445618	57326231.81160601	560628.9029927116	-934500.0046262508	560628.9033327432	31.911991395138262	453397.39278400724	-934500.0050114957	453397.3926110169	20.75345323530853	57362647.4918	0.0002499687552074404	0.0	0.0	0.0	-6.730131268227468e-05	0.0	0.0	0.0	-7.465813684951936e-05	0.000214007807691
20	5.0	nan	nan	1	1	5.0	5.0	5.0	1.0005	9.59668451055e-22	-1.58853801282e-19	1.23565273879e-21	0.999865375383	2.09394775008e-19	8.36925834145e-22	6.02316732909e-22	0.999850660506	114681513.941	1121796.45494	-1869949.00398	1121084.88643	-382.887768608	906891.778171	-1868735.37535	906878.432393	-366.003863985	114714086.31823996	1121403.3068239004	-1869266.1459706065	1121403.3021762169	-382.753580623858	906560.6042656908	-1869266.1422671415	906560.6050851522	-365.87020864495645	114787316.973	0.0004998750416509929	0.0	0.0	0.0	-0.00013463367970711473	0.0	0.0	0.0	-0.00014935064625231848	0.000427995820441
30	7.5	nan	nan	1	1	5.0	5.0	5.0	1.00075	-1.09795301619e-21	9.83512578447e-21	2.41846931595e-22	0.999793425546	4.58512934381e-20	4.56526149947e-22	-3.05963768826e-21	0.999773851162	168307956.443	1605568.95766	-2833849.45512	1604034.29231	-3146.48726339	1494233.15057	-2831085.12193	1494203.95477	-1554.37199961	168380810.87561733	1604728.5909035902	-2832310.743919828	1604728.6207941354	-3144.840368510148	1493421.8183800362	-2832310.596379388	1493421.8772859443	-1553.5280134904438	168497391.472	0.0007497188905459742	0.0	0.0	0.0	-0.000206595793441548	0.0	0.0	0.0	-0.00022617441350465718	0.000644168514541
40	10.0	nan	nan	1	1	5.0	5.0	5.0	1.001	-1.35055071081e-20	1.68256860098e-19	3.33371881435e-21	0.999690562643	3.86172060705e-19	-6.39384764109e-22	1.25549990361e-20	0.999672490589	192015992.6	1409353.39539	-3950849.27607	1407509.42999	4028.90595179	2471059.29144	-3945610.05274	2471014.58577	4038.49149805	192138355.03224507	1408406.716394195	-3948124.070773873	1408406.3671405439	4026.199689007998	2469354.811365585	-3948124.3976974525	2469354.7766587236	4035.7058391574897	192319020.148	0.0009995003330834232	0.0	0.0	0.0	-0.0003094852426177829	0.0	0.0	0.0	-0.0003275630539200781	0.000878744973468
50	12.5	nan	nan	1	1	5.0	5.0	5.0	1.00125	-7.56611766545e-21	-2.5530267862e-19	6.48158048481e-21	0.999576179979	-1.31361425303e-19	-1.24585032478e-21	-1.38927568818e-20	0.999556518519	201976863.916	772943.111232	-4664672.91775	771650.996641	-2651.20968828	3019506.57908	-4656783.23931	3019447.12669	-3060.30824808	202152152.785967	772320.6484637893	-4660824.70688008	772320.6863697522	-2649.074629052882	3017015.579551352	-4660824.703544436	3017015.520288916	-3057.7835884365004	202388025.794	0.0012492194004318981	0.0	0.0	0.0	-0.0004239098580890004	0.0	0.0	0.0	-0.00044357984799551614	0.00112203364177
60	15.0	nan	nan	1	1	5.0	5.0	5.0	1.0015	-1.15153881025e-21	3.91412973669e-19	6.36929071666e-23	0.999458935352	-9.39259811542e-19	5.33621967976e-22	8.60441027996e-21	0.999437231793	208650561.443	259726.976828	-5003832.74368	259198.178938	-540.832591372	3305955.21147	-4993526.91634	3305883.28144	-1581.40180971	208881067.62520415	259483.9992181754	-4999043.041789254	259484.52747331216	-540.3266361879413	3302790.7292144527	-4999043.502623107	3302790.5891525317	-1579.8880814089162	209140244.483	0.0014988761237359487	0.0	0.0	0.0	-0.0005412110762969014	0.0	0.0	0.0	-0.0005629266204630867	0.00136735412828
70	17.5	nan	nan	1	1	5.0	5.0	5.0	1.00175	3.61116036168e-21	7.58568048693e-20	7.841672207e-22	0.999340631868	-6.23482216833e-19	5.21123785908e-22	3.1301238162e-20	0.999316476015	213970047.57	-57996.2061309	-5170952.29948	-57856.3879622	-4093.23869976	3474878.77687	-5158391.17211	3474794.79309	-7156.18179384	214257675.9494045	-57934.48968653126	-5165324.791891871	-57934.16117997863	-4088.8828952107956	3471097.093042317	-5165325.318781548	3471097.1032953174	-7148.393776272924	214534278.794	0.001748470534116803	0.0	0.0	0.0	-0.0006595856107712329	0.0	0.0	0.0	-0.0006837576940222968	0.00161348848016
80	20.0	nan	nan	1	1	5.0	5.0	5.0	1.002	1.09037914371e-21	5.58044578959e-19	-1.03848390003e-20	0.999222078984	-3.9695218864e-19	-1.30543560166e-20	1.37243739283e-20	0.999194694414	218578364.277	-240626.234158	-5276340.4639	-239958.827769	-2027.76938264	3584558.80048	-5261568.68133	3584460.67287	-3459.16258272	218924834.7506575	-240339.48900648643	-5269908.418718901	-240339.18860201482	-2025.3529668202787	3580189.096834692	-5269908.839786358	3580189.2071159305	-3454.94574148827	219205897.311	0.001998002662673058	0.0	0.0	0.0	-0.0007782237535677431	0.0	0.0	0.0	-0.0008056300187332261	0.0018600203362
90	22.5	nan	nan	1	1	5.0	5.0	5.0	1.00225	-2.87864798529e-20	-2.98620886528e-19	-2.31196981209e-21	0.999103558607	-1.18141657398e-18	9.47104272253e-21	2.53174136108e-20	0.999072101223	222745625.532	-341619.208641	-5357708.58416	-340546.175735	-1163.69764934	3661977.15233	-5340721.28212	3661861.99792	-1584.45995031	223152546.06600463	-341168.86115529726	-5350477.191581538	-341168.29898142675	-1162.163577785354	3657034.5179955857	-5350477.923359978	3657034.6629750077	-1582.32137712231	223436847.858	0.00224747254047937	0.0	0.0	0.0	-0.0008968434368762838	0.0	0.0	0.0	-0.0009283295415613474	0.00210678444842
100	25.0	nan	nan	1	1	5.0	5.0	5.0	1.0025	-2.15838563679e-20	-5.42855474961e-19	6.52562785243e-21	0.998985176097	-7.36335501779e-20	2.06216126709e-21	3.70641020921e-20	0.998948884154	226620587.452	-391761.347179	-5425183.7882	-390387.459569	4.8771950853	3719607.03805	-5405966.53798	3719471.9073	126.111054703	227089498.43760577	-391195.578084476	-5417152.107015458	-391195.2280532883	4.870151597556238	3714100.367856379	-5417152.269717691	3714100.366007697	125.92435433951678	227375218.391	0.002496880198587146	0.0	0.0	0.0	-0.0010153391854202764	0.0	0.0	0.0	-0.0010516686556726283	0.00235368287314
110	27.5	nan	nan	1	1	5.0	5.0	5.0	1.00275	4.48541789084e-20	-1.14710594935e-18	3.85300729327e-21	0.998866968843	-2.46630517078e-18	4.55215585664e-21	1.87474281981e-20	0.998825151812	230279839.95	-413151.664956	-5485594.95704	-411551.160655	-163.765143078	3768764.93344	-5464124.41097	3768607.16557	122.468620251	230812219.46058077	-412503.2424550801	-5476756.277451286	-412502.617827873	-163.50812123192898	3762692.500831919	-5476756.814572053	3762692.5102737574	122.27129235811921	231100105.577	0.0027462256680252286	0.0	0.0	0.0	-0.0011336735220603231	0.0	0.0	0.0	-0.001175538863144335	0.00260066690037
120	30.0	nan	nan	1	1	5.0	5.0	5.0	1.003	-2.04874026166e-20	-3.87434855308e-20	-7.14022304756e-21	0.998748976315	9.7119523874e-19	5.36281870633e-21	-2.00657472993e-20	0.998700976966	233777937.06	-414076.974739	-5542901.84757	-412321.529131	-175.629135433	3814181.67789	-5519144.45632	3813998.45844	128.293541436	234375223.9456494	-413375.44358382263	-5533245.09960772	-413374.9828705531	-175.33158372696195	3807536.676380208	-5533245.4987246925	3807536.7643405376	128.07003064167128	234664892.415	0.002995508979798371	0.0	0.0	0.0	-0.0012518068683854081	0.0	0.0	0.0	-0.0012998674958175339	0.0028476992977
130	32.5	nan	nan	1	1	5.0	5.0	5.0	1.00325	-1.35099273545e-21	5.75964206159e-19	-1.00138484956e-20	0.998631204702	-8.75216645085e-19	2.00081548492e-20	-4.28603634394e-21	0.99857641458	237145835.688	-399734.442824	-5598743.78047	-397893.650801	-131.752753338	3857253.0615	-5572662.67893	3857041.50937	117.829841863	237809426.75107586	-399007.53571250336	-5588255.986861723	-399007.0528979003	-131.51316424309314	3850027.4988398505	-5588256.328890355	3850027.57561265	117.60911823091195	238100731.489	0.0032447301648890294	0.0	0.0	0.0	-0.0013697329540208446	0.0	0.0	0.0	-0.0014245996804285225	0.00309475978022
140	35.0	nan	nan	1	1	5.0	5.0	5.0	1.0035	1.05118112243e-20	2.44550571427e-18	3.61147055441e-21	0.998513621007	2.09953080563e-18	2.15266516587e-20	8.16274236177e-20	0.998451539517	240404768.468	-375655.413864	-5653613.96049	-373788.287483	-113.423685434	3899183.96913	-5625171.65315	3898941.63082	80.0591684444	241136022.58998105	-374925.76337288663	-5642281.896129029	-374925.26254265476	-113.2033780865493	3891368.471998035	-5642282.0872916775	3891368.561004533	79.89869840597206	241428965.565	0.003493889254255838	0.0	0.0	0.0	-0.0014874847501073051	0.0	0.0	0.0	-0.0015496605869691404	0.00334183408748
150	37.5	nan	nan	1	1	5.0	5.0	5.0	1.00375	-5.58502009838e-20	-1.08231702787e-18	6.28078239112e-21	0.998396196945	4.33913554901e-18	-2.77530727739e-20	-2.22590166935e-20	0.99832641456	243571134.699	-345463.427265	-5707568.55689	-343620.450509	-105.983271976	3941189.44814	-5676728.87074	3940914.08271	78.81316527	244371378.72657585	-344749.74750032596	-5695379.404512251	-344749.4028933314	-105.76432516241705	3932772.596331017	-5695379.555192371	3932772.6980852494	78.64485092190712	244665988.787	0.003742986278834297	0.0	0.0	0.0	-0.0016050905238684937	0.0	0.0	0.0	-0.001674987448585128	0.00358891040038
160	40.0	nan	nan	1	1	5.0	5.0	5.0	1.004	2.5627502943e-20	2.20238078863e-18	-2.54192602238e-21	0.998278925359	-3.83025155462e-18	-8.63161676729e-21	-1.26920525239e-19	0.998201070046	246656192.07	-311554.712383	-5760546.69057	-309779.094379	-90.4435845156	3983555.89024	-5727274.88762	3983245.30341	83.0843404993	247526720.89927095	-310872.69675487786	-5747488.161472764	-310872.40418038476	-90.24559701726795	3974525.604869981	-5747488.278011667	3974525.693532201	82.89599738948483	247823043.175	0.003992021269537457	0.0	0.0	0.0	-0.0017225573914872575	0.0	0.0	0.0	-0.0018005499716467442	0.00383598093205
170	42.5	nan	nan	1	1	5.0	5.0	5.0	1.00425	-1.28200587237e-20	-2.17541800938e-18	-9.85833854041e-21	0.998161796117	3.90973533968e-19	-2.09821244775e-20	8.43533973263e-20	0.998075533043	249668670.7	-275280.052407	-5812618.38688	-273610.863276	-78.4363016847	4025940.31676	-5776880.54503	4025592.42115	79.7079948396	250610749.90965122	-274643.60593217035	-5798678.458092387	-274643.2839842304	-78.25495724194131	4016285.23232413	-5798678.550534066	4016285.266188573	79.51683765398933	250908827.266	0.004240994257254614	0.0	0.0	0.0	-0.0018398954530424974	0.0	0.0	0.0	-0.0019263211227700176	0.00408303993672
180	45.0	nan	nan	1	1	5.0	5.0	5.0	1.0045	-7.28884672412e-20	-2.45926255504e-18	3.1168165481e-21	0.998044800391	1.39723792196e-18	-2.92607774613e-20	7.03223461859e-20	0.997949826304	252615455.416	-237576.732716	-5863715.77123	-236049.755452	-66.5907118468	4068706.29212	-5825479.5677	4068319.06552	70.8757999027	253630322.86368972	-236998.3145058168	-5848882.992306095	-236998.07119320775	-66.42858620460319	4058414.1457589124	-5848883.0826223325	4058414.0979525517	70.69651340382721	253930204.135	0.004489905272852001	0.0	0.0	0.0	-0.0019571135068642397	0.0	0.0	0.0	-0.002052278178954266	0.0043300826725
190	47.5	nan	nan	1	1	5.0	5.0	5.0	1.00475	-5.73225824742e-20	2.75337820236e-19	7.82512859475e-22	0.997927927621	2.95415975245e-18	-2.21002884888e-20	-1.0889419174e-19	0.997823971377	255501922.245	-199705.233676	-5914009.52359	-198349.094496	-62.1186242572	4111557.02279	-5873242.64992	4111128.67625	67.2792655182	256590788.89306495	-199194.57145279963	-5898272.429759246	-199194.39425645923	-61.959781976585454	4100616.2290019533	-5898272.512636093	4100616.192070027	67.10023636545638	256892515.803	0.00473875434717347	0.0	0.0	0.0	-0.0020742220910574243	0.0	0.0	0.0	-0.0021783996134699534	0.00457710533997
200	50.0	nan	nan	1	1	5.0	5.0	5.0	1.005	2.14529291866e-21	1.60940395881e-18	3.62470544421e-21	0.997811171886	1.50512626207e-18	3.25427070145e-20	7.48085602381e-20	0.9976979835	258332571.492	-161726.212549	-5963713.01764	-160569.158808	-52.0212489685	4154605.68089	-5920382.43706	4154134.41555	57.6349212773	259496622.97321266	-161292.90345144627	-5947059.89551684	-161292.68649197737	-51.881869704681904	4143004.325229057	-5947059.792940455	4143004.3445098875	57.47398104094894	259800250.09	0.004987541511038968	0.0	0.0	0.0	-0.002191227099540262	0.0	0.0	0.0	-0.00230467021336016	0.00482410475144
210	100.0	nan	nan	1	1	5.0	5.0	5.0	1.01	-2.57550955525e-20	-4.94080108398e-18	1.80722420231e-20	0.995490200513	1.42686802781e-17	4.62435321448e-20	6.82258569234e-21	0.995166419437	305920048.862	503472.822943	-6764431.29807	496241.849506	2537.58652154	4963898.06138	-6665078.78588	4962282.29129	-730.954943478	308798539.63819885	500909.12813349604	-6727797.749602172	500911.1334966392	2524.665074547339	4937015.505817228	-6727792.452013236	4937014.239522858	-726.9963736929335	309136940.101	0.009950330853168092	0.0	0.0	0.0	-0.004519999310364813	0.0	0.0	0.0	-0.004845300093644362	0.00975712811522
220	150.0	nan	nan	1	1	5.0	5.0	5.0	1.015	7.62689476095e-20	1.01653747489e-17	4.09586752112e-20	0.993188099579	-1.14550022634e-17	4.02621891354e-20	3.16687751877e-19	0.992631421913	342339992.427	1044107.05467	-7338443.33839	1021670.03983	-1167.29634079	5613490.87641	-7176722.80049	5610342.96338	162.071612806	347246686.9003574	1036313.0548197263	-7279581.219209274	1036313.4436067226	-1158.5827635140079	5568464.710266752	-7279585.413333843	5568463.1465346	160.7716261264161	347614485.11	0.014888612493750559	0.0	0.0	0.0	-0.0068352073178152215	0.0	0.0	0.0	-0.00739586016119476	0.0146730016646
230	200.0	nan	nan	1	1	5.0	5.0	5.0	1.02	-7.21533104718e-20	-1.22437222862e-17	1.53921768384e-20	0.990902823075	1.86291794208e-17	1.26297244647e-19	-4.58423495477e-20	0.990101350452	371012553.617	1482158.64803	-7745586.40535	1439871.68967	6908.3893575	6144373.27424	-7518552.5705	6139399.22416	7547.97958403	378161999.94697297	1467624.2114926272	-7663427.719927977	1467618.1507182426	6840.643879088945	6079198.91499393	-7663435.776089211	6079194.664735979	7467.9169460626745	378542736.684	0.01980262729617973	0.0	0.0	0.0	-0.00913880892043375	0.0	0.0	0.0	-0.009947966899442464	0.0195695870728
240	250.0	nan	nan	1	1	5.0	5.0	5.0	1.025	-2.39351327687e-19	2.83459575799e-18	1.64774378021e-21	0.988636183142	4.02696536133e-17	-7.05386539161e-20	3.44947550324e-19	0.987577657507	393945127.162	1863881.35251	-8028440.07195	1797750.12311	5582.69723532	6590289.53726	-7735329.77203	6583228.86034	7245.26502489	403485540.39453965	1841294.0166218618	-7922656.073082456	1841287.3517257646	5515.043649191437	6503454.837779337	-7922661.045922835	6503450.390912888	7149.800264573014	403882201.348	0.024692612590371414	0.0	0.0	0.0	-0.01142887839265117	0.0	0.0	0.0	-0.012500144785445698	0.0244459081954
250	300.0	nan	nan	1	1	5.0	5.0	5.0	1.03	1.65727290086e-19	-1.68999616589e-17	-3.65018260707e-20	0.986388185618	-5.84225093501e-18	2.06781918248e-19	8.15474352524e-19	0.985062440369	412517353.653	2206461.7063	-8197535.42649	2113026.15096	9807.97423711	6959108.01023	-7839895.45489	6949747.4217	11585.8201654	424551716.4440707	2174680.247230588	-8068600.551761232	2174669.4322971115	9666.702022468507	6849651.731868155	-8068608.611591708	6849644.568070198	11403.592679462134	424953482.666	0.02955880224154443	0.0	0.0	0.0	-0.0137053044766422	0.0	0.0	0.0	-0.015050248581624275	0.0293013432385
260	350.0	nan	nan	1	1	5.0	5.0	5.0	1.035	-2.93218983538e-19	-6.03980813507e-18	-1.16162627782e-19	0.984159412999	2.66539166235e-17	-4.66298254908e-20	1.89867729083e-19	0.982556446151	427708746.827	2519508.10551	-8295173.31565	2395745.42018	-4771.26906953	7264584.79263	-7874851.06217	7252754.45545	-7927.87855992	442308384.4521425	2477524.17467193	-8143660.57215736	2477523.0673200297	-4691.762823772195	7131895.922803772	-8143655.412589687	7131897.872064855	-7783.07451725777	442732637.666	0.03440142671733232	0.0	0.0	0.0	-0.015967389971004727	0.0	0.0	0.0	-0.01759748533581712	0.0341355525327
270	400.0	nan	nan	1	1	5.0	5.0	5.0	1.04	8.59341394769e-19	1.43286078591e-17	2.00164473348e-19	0.981950564842	1.84228077841e-17	2.29215883642e-20	-6.619297785e-19	0.980060140931	440271356.834	2800800.53079	-8352858.45506	2644459.95315	7486.48693526	7522435.96365	-7871442.64268	7507940.3931	6304.77502196	457486287.22867155	2747869.5653244876	-8179225.060702765	2747860.261433371	7345.003463991128	7366064.812716364	-8179221.777288742	7366051.483377389	6173.71575720513	457901349.889	0.03922071315328133	0.0	0.0	0.0	-0.018214313196262842	0.0	0.0	0.0	-0.020141340903537547	0.0389482538459
280	450.0	nan	nan	1	1	5.0	5.0	5.0	1.045	-3.43935081255e-19	5.73335426173e-18	-1.46338176528e-19	0.979761893459	5.49607121644e-17	-3.108586101e-20	-4.9374079891e-19	0.977573677372	450722303.415	3052557.22599	-8371357.06942	2861986.2471	6683.72739263	7743334.84839	-7831218.32878	7726027.67484	5417.58876088	470586003.4977763	2988119.9350054567	-8176341.68311281	2988116.318815313	6542.638706988969	7562949.586568965	-8176346.517438547	7562936.778721964	5291.383038642216	471003775.448	0.04401688541677426	0.0	0.0	0.0	-0.020445702696668656	0.0	0.0	0.0	-0.022681616692450255	0.0437394171614
290	500.0	nan	nan	1	1	5.0	5.0	5.0	1.05	-2.27686426689e-19	-9.39646735614e-18	4.35824921142e-20	0.977593300851	5.30539748257e-17	2.5221150467e-20	2.15338274505e-19	0.97509759633	459481006.783	3296766.00415	-8370667.3564	3069425.14928	6389.30896587	7921069.4706	-7773547.40579	7900838.53842	5071.4519681	482015785.6574033	3219961.9388118517	-8154785.985146029	3219961.9853830505	6240.458576530514	7716783.328730599	-8154793.135805342	7716774.362021948	4940.658094863002	482434534.887	0.04879016416943205	0.0	0.0	0.0	-0.022661543236607597	0.0	0.0	0.0	-0.025217714193839964	0.0485089832712
300	550.0	nan	nan	1	1	5.0	5.0	5.0	1.055	3.67016729067e-19	-2.67864640449e-17	-1.72318265207e-20	0.975445064589	-1.28734449604e-17	-2.52941077971e-19	4.50469326707e-19	0.972631831573	466862216.275	3540705.18493	-8357228.58089	3273700.14766	6290.40316825	8072593.09298	-7704750.14028	8049298.97434	5057.67611053	492081947.65392506	3450554.001788838	-8120953.158860291	3450544.2688182225	6130.240924167475	7844364.880546108	-8120958.010837552	7844352.844093903	4914.685578927508	492501145.942	0.05354076692802976	0.0	0.0	0.0	-0.02486143563645499	0.0	0.0	0.0	-0.02774965321879057	0.0532569861362
310	600.0	nan	nan	1	1	5.0	5.0	5.0	1.06	-4.7683322719e-19	-6.18842271264e-18	8.35915639822e-20	0.973317198303	1.86716369472e-17	1.89378348353e-20	-1.30747476343e-19	0.970176430177	473103834.727	3774404.3707	-8331833.5055	3465741.58772	5725.58046108	8204918.88352	-7625801.28673	8178431.57095	4791.31869085	501015718.57346064	3670217.838247617	-8075702.660871517	3670211.2401253944	5567.534762758112	7952689.551001904	-8075703.536780924	7952678.752070567	4644.027641123484	501435371.761	0.058268908123975824	0.0	0.0	0.0	-0.027045249611279385	0.0	0.0	0.0	-0.03027733724369117	0.0579835023841
320	650.0	nan	nan	1	1	5.0	5.0	5.0	1.065	4.43501157226e-20	-2.85626391957e-17	-3.29284058245e-20	0.97120879647	7.17246985656e-17	-5.3765499045e-20	-2.01934639859e-18	0.967732226999	478387010.355	3993932.69345	-8287094.69457	3642232.17202	-6578.55193946	8318910.37779	-7530189.06077	8289147.128	-6216.73391461	508992716.1708628	3875216.1378102116	-8011984.241337704	3875250.803289259	-6383.009578760401	8042743.724845604	-8011947.022719533	8042758.650337007	-6010.354170211344	509422788.957	0.06297479916138839	0.0	0.0	0.0	-0.029213801397080068	0.0	0.0	0.0	-0.03279985497434587	0.0626886171273
330	700.0	nan	nan	1	1	5.0	5.0	5.0	1.07	-1.48945449819e-19	-5.1769594945e-19	-4.9974943888e-20	0.969119795928	8.04459086092e-17	1.42304843861e-19	-1.17486116762e-19	0.965299317165	482875912.451	4181708.09381	-8220439.94079	3787434.05212	4824.78722399	8426546.35669	-7416086.84339	8393310.71458	5569.10176626	516173943.9938826	4048628.5817623576	-7927455.596874222	4048606.944124376	4671.242233499176	8126216.182931266	-7927483.430522549	8126200.321098933	5370.613651397488	516590912.771	0.06765864847381486	0.0	0.0	0.0	-0.03136704632406377	0.0	0.0	0.0	-0.0353170525089429	0.0673724074281
340	750.0	nan	nan	1	1	5.0	5.0	5.0	1.075	-2.73856339759e-19	9.36834321531e-18	1.1892871975e-19	0.967050124126	9.34634682846e-19	-3.52469930815e-19	1.32449152299e-18	0.962877530845	486682166.542	4339236.81355	-8130599.14427	3903490.73725	4149.52347439	8533322.89185	-7282578.83848	8496493.62581	2372.30528587	522667378.7654843	4192121.2533638803	-7821050.690642321	4192114.3036124296	4008.8398711042705	8208441.925686589	-7821051.7126742555	8208432.274681248	2281.986796452004	523083419.95	0.07232066157962608	0.0	0.0	0.0	-0.03350495020209998	0.0	0.0	0.0	-0.037829049887173505	0.0720350483882
350	800.0	nan	nan	1	1	5.0	5.0	5.0	1.08	8.65085336943e-19	3.79038508869e-17	-2.94873344763e-20	0.96499980559	3.51466792343e-17	-7.01846206139e-20	-5.11121517941e-19	0.960466702511	489905585.904	4479588.64585	-8022462.28464	4002591.09106	3716.62814513	8634890.13409	-7134538.39338	8594310.77788	1523.1282007	528570416.06266785	4318491.472772761	-7697624.161249973	4318487.682532541	3582.968933337624	8285254.148613663	-7697617.735967019	8285237.940992094	1461.4551022368078	528983612.677	0.0769610411361284	0.0	0.0	0.0	-0.03562737910431133	0.0	0.0	0.0	-0.04033596420316941	0.0766766813857
360	850.0	nan	nan	1	1	5.0	5.0	5.0	1.085	9.30809799694e-20	-2.05499192729e-17	2.92941050852e-19	0.962967766679	-1.08526837521e-16	-6.22767739579e-20	-1.72853947372e-18	0.958067680021	492621889.159	4607958.15564	-7898912.83136	4089689.02736	3318.31982632	8720416.19433	-6974833.72116	8676026.81617	936.567241342	533956361.9859749	4432845.539650629	-7560070.278513952	4432842.962847483	3192.2163232381818	8346333.311248222	-7560071.773436041	8346318.580795964	896.390973829781	534365615.653	0.08157998699242285	0.0	0.0	0.0	-0.03773533952094377	0.0	0.0	0.0	-0.042836856303124116	0.0812974285641
370	900.0	nan	nan	1	1	5.0	5.0	5.0	1.09	6.74410279582e-19	6.91395937152e-17	1.97093978914e-19	0.960953868838	-9.41245774999e-17	-2.29757686943e-20	-9.55542500009e-19	0.955680369724	494896320.576	4717602.13835	-7779877.33411	4159084.24388	2499.66729167	8798742.46739	-6821162.09809	8750433.28729	66.6871484348	538888629.2714883	4528789.638667948	-7427517.982747805	4528793.434149103	2399.623155713539	8400237.573872011	-7427508.632111278	8400214.864069568	63.666812848823504	539294309.674	0.08617769624105241	0.0	0.0	0.0	-0.03982887445436214	0.0	0.0	0.0	-0.04533176312813452	0.0858974524855
380	950.0	nan	nan	1	1	5.0	5.0	5.0	1.095	-4.2067097232e-20	-3.20923843056e-17	-1.80920943578e-19	0.958957926345	-4.21483594554e-18	2.26673957619e-19	6.93938359483e-19	0.953304707561	496787288.478	4813912.03281	-7671919.55918	4215845.79631	-5559.16885215	8862185.16902	-6679038.4763	8809947.94687	-6097.24956971	543424461.8682708	4611607.035779616	-7306180.010245019	4611619.069799989	-5325.544384054155	8439702.68842396	-7306050.243154592	8439709.255119538	-5806.578468407665	543832529.411	0.09075436326846412	0.0	0.0	0.0	-0.041908077485522915	0.0	0.0	0.0	-0.0478206913210856	0.0904769190256
390	1000.0	nan	nan	1	1	5.0	5.0	5.0	1.1	3.09444958434e-19	6.0288628812e-18	1.96114597069e-19	0.956979415932	-1.42699640624e-17	1.07864351877e-20	2.01410869095e-18	0.950941054402	498351497.954	4889322.14742	-7568649.10454	4253620.36018	1177.34899048	8922801.88834	-6542960.13191	8866497.34052	2464.3940313	547620344.6192731	4674147.041250105	-7189903.96291374	4674148.782705854	1125.5348153473897	8476293.162909033	-7189821.033902963	8476289.976579333	2341.072517313097	548016707.192	0.09531017980432493	0.0	0.0	0.0	-0.043973396713481716	0.0	0.0	0.0	-0.05030320111064836	0.0950359438584
400	1050.0	nan	nan	1	1	5.0	5.0	5.0	1.105	-7.87978868963e-19	2.54411639664e-18	3.0969642134e-20	0.955018137793	-4.97450670871e-17	-8.2273368958e-19	-1.0131076532e-18	0.948589254361	499612392.136	4942768.6931	-7472474.25853	4271886.99313	-1214.84991532	8977095.53725	-6414738.81353	8916650.66195	-2809.63694816	551497288.3304702	4715522.360542363	-7080933.728749575	4715523.733694921	-1158.996565708959	8506716.299940212	-7080911.355871672	8506703.062246537	-2662.4184096796	551892730.279	0.09984533496971612	0.0	0.0	0.0	-0.046024946228357747	0.0	0.0	0.0	-0.052779393495500794	0.0995747282015
410	1100.0	nan	nan	1	1	5.0	5.0	5.0	1.11	-3.00617286936e-19	5.96556834422e-17	2.63797823511e-19	0.953073823437	6.2061177603e-17	-2.53779011931e-19	1.33500664293e-18	0.94624937945	500614302.225	4990717.81003	-7375389.70849	4285147.06748	595.842207055	9019620.78161	-6287384.72662	8955030.08186	-324.579272405	555099841.885446	4751540.417190598	-6971648.018736176	4751531.166892104	567.2867985849233	8525871.016616026	-6971687.089457344	8525865.214338707	-306.8112372123497	555488348.101	0.10436001532424286	0.0	0.0	0.0	-0.048062914071052225	0.0	0.0	0.0	-0.055249130029900735	0.104093409318
420	1150.0	nan	nan	1	1	5.0	5.0	5.0	1.115	-2.55264628311e-19	5.0335726984e-17	2.42198483356e-19	0.951146345529	-4.6754709911e-17	4.30425086103e-19	-2.15056123198e-18	0.943921254195	501379849.325	5030013.12031	-7283121.10905	4290827.54072	-2343.04453648	9057662.83975	-6165666.45265	8988857.66413	-3386.2511024	558449320.3258461	4779236.095571652	-6867447.069222143	4779230.212335989	-2226.2293863736795	8540709.290904148	-6867472.325570736	8540707.942272399	-3192.985515499773	558835852.523	0.10885440491208208	0.0	0.0	0.0	-0.050087342335910105	0.0	0.0	0.0	-0.057712533482355055	0.108592170297
430	1200.0	nan	nan	1	1	5.0	5.0	5.0	1.12	1.62822231775e-20	-6.2917977899e-17	-1.05773239288e-19	0.949235730025	-2.30790590682e-16	1.04555629427e-20	2.32604842611e-19	0.941604592461	501935883.625	5047172.7765	-7194391.29634	4277618.12389	-2832.80448676	9094742.89257	-6048480.51054	9021620.31544	-4323.03072207	561572199.0120423	4785877.533747046	-6767090.043352299	4785853.123347062	-2686.1484540052975	8554572.797071695	-6767116.302693147	8554565.476080492	-4066.270091718327	561954413.83	0.11332868530700327	0.0	0.0	0.0	-0.052098112877611034	0.0	0.0	0.0	-0.060169845752934756	0.113071185748
440	1250.0	nan	nan	1	1	5.0	5.0	5.0	1.125	-6.81826367364e-19	-2.75287296044e-17	3.09167025748e-20	0.947341828602	1.6384843866e-16	-5.17325372536e-19	1.92769478672e-18	0.939299251894	502302224.397	5051645.55279	-7106153.79433	4253904.5933	-9231.69266473	9127452.56966	-5933096.55392	9049969.41923	-10306.6147644	564487606.81261	4780533.566300269	-6667689.486314549	4780541.090304254	-8736.245683968877	8564269.968955092	-6667618.242644692	8564275.171429168	-9670.675430486288	564870447.571	0.11778303565638346	0.0	0.0	0.0	-0.05409529147323999	0.0	0.0	0.0	-0.06262115843253234	0.117530632403
450	1300.0	nan	nan	1	1	5.0	5.0	5.0	1.13	7.75782918011e-19	3.26407851994e-17	1.2758433768e-19	0.945464357204	-5.4222867058e-17	-2.13372893369e-19	-9.78316436634e-19	0.937005293427	502497375.52	5048796.16962	-7024394.22014	4224313.88386	-7888.29318853	9152143.42132	-5824565.05369	9070286.85222	-7490.06681692	567213543.8616716	4768341.484723092	-6574841.265622757	4768359.32917808	-7450.107786260608	8566417.024668824	-6574705.354704602	8566443.093113484	-7010.71136482654	567589158.076	0.12221763272424911	0.0	0.0	0.0	-0.056079088892969586	0.0	0.0	0.0	-0.06506634742456023	0.121970653097
460	1350.0	nan	nan	1	1	5.0	5.0	5.0	1.135	-1.37820863197e-18	-1.20684724929e-16	1.39389859383e-19	0.943603033622	2.02760894029e-17	-3.99905430222e-19	-1.44535584537e-18	0.934722675539	502538889.636	5041728.71126	-6951285.94113	4191542.92613	-4771.36562834	9177401.83836	-5724649.95197	9091023.54364	-5246.90568961	569767363.4088025	4752267.00306688	-6490527.0406901855	4752277.706041289	-4497.426326110265	8569087.115624009	-6490480.193353412	8569078.918121215	-4899.119896199948	570135617.212	0.126632650933366	0.0	0.0	0.0	-0.05804971650889306	0.0	0.0	0.0	-0.06750539739063194	0.126391427761
470	1400.0	nan	nan	1	1	5.0	5.0	5.0	1.14	-1.20225077206e-18	2.82833830209e-17	-2.09217137972e-19	0.941757545235	5.08351852553e-17	-2.55645131393e-19	1.91073427544e-18	0.932451431445	502436659.124	5038891.69301	-6881637.73564	4162680.84168	-7448.5183748	9199497.39101	-5628752.53565	9108577.8229	-7769.45307739	572158021.2009356	4740279.52921388	-6409849.711373916	4740321.37189033	-7007.108175001104	8568802.654513245	-6409834.661034225	8568790.048422799	-7236.79863409866	572524142.224	0.131028262406404	0.0	0.0	0.0	-0.060007420512164476	0.0	0.0	0.0	-0.069938213061885	0.13079311658
480	1450.0	nan	nan	1	1	5.0	5.0	5.0	1.145	-2.98070894139e-18	-8.04087318037e-17	1.9338820977e-19	0.939927745099	-1.2676652737e-16	8.68208770936e-21	2.42860227846e-19	0.930191472556	502209187.171	5029911.58553	-6810890.55539	4129068.66904	-6410.97755571	9215002.95515	-5533041.63673	9119571.77878	-6975.52725537	574404495.1668618	4722614.657483314	-6328546.063167623	4722644.796104962	-6019.305917920667	8562400.202972168	-6328446.530391642	8562421.549582668	-6481.523259180085	574764915.918	0.13540463700620298	0.0	0.0	0.0	-0.06195227358845769	0.0	0.0	0.0	-0.0723648295573169	0.135175871218
490	1500.0	nan	nan	1	1	5.0	5.0	5.0	1.15	-3.01073890635e-19	9.27267613787e-17	-1.13820052287e-20	0.938113291104	-1.69779548645e-17	1.68665435622e-19	1.84282605587e-19	0.927942886754	501871238.344	5026494.31255	-6735338.99264	4100473.32417	2091.13162817	9228030.66142	-5434741.02699	9128028.73011	2642.91447612	576521849.8421259	4710273.317464874	-6243186.799375428	4710396.383501068	1959.5767743897682	8553737.127791869	-6243129.135337167	8553776.746775584	2449.7963335210175	576869044.369	0.13976194237515863	0.0	0.0	0.0	-0.06388455784058913	0.0	0.0	0.0	-0.07478509253599472	0.139539838116
500	1550.0	nan	nan	1	1	5.0	5.0	5.0	1.155	-2.49108419321e-18	2.0489621115e-17	5.80217568869e-20	0.936313714751	1.33903071118e-16	4.33574989876e-20	1.15760287132e-18	0.925705804302	501426997.845	5032305.00568	-6657460.55608	4079605.07845	2219.77317781	9241399.0465	-5335725.04227	9136741.62791	3860.98754592	578513292.1419907	4706650.871846933	-6156093.86328603	4706778.403868163	2076.125622524013	8545438.531570382	-6156006.504305262	8545478.245119175	3570.2204372739434	578855411.683	0.14410034397375687	0.0	0.0	0.0	-0.06580469332763235	0.0	0.0	0.0	-0.0771988007525455	0.143885187119
510	1600.0	nan	nan	1	1	5.0	5.0	5.0	1.16	4.49509797196e-19	-5.06921160965e-17	3.57236145505e-19	0.934528688027	-2.92503717153e-16	7.92769899071e-19	-4.08034299538e-18	0.923480296885	500885592.999	5044124.45613	-6576098.43885	4063726.15435	-6761.61287153	9251878.58737	-5235233.39301	9142512.4859	-7663.98957579	580387791.5898973	4708690.77175093	-6066213.323303755	4708734.052875844	-6311.966409085501	8534523.878281135	-6066186.74982098	8534536.478507834	-7069.753609474387	580735036.089	0.14842000511827322	0.0	0.0	0.0	-0.06771295375943066	0.0	0.0	0.0	-0.07960581483303082	0.148212063253
520	1650.0	nan	nan	1	1	5.0	5.0	5.0	1.165	2.02586458182e-19	-3.63008145644e-17	-6.04569766103e-20	0.932757884818	1.24134266607e-17	-8.2871585977e-19	1.06040584062e-18	0.921266459427	500254970.605	5054035.56736	-6495218.89639	4046521.5088	-16211.0681493	9253817.15712	-5136311.00223	9139832.61866	-18498.2176156	582153112.1932867	4708982.846845089	-5977215.825007138	4708988.8723265575	-15104.294543768956	8515811.89727144	-5977190.854344961	8515831.448093066	-17022.958091195804	582505117.107	0.15272108701766393	0.0	0.0	0.0	-0.06960961361399844	0.0	0.0	0.0	-0.08200596923167987	0.152520600438
530	1700.0	nan	nan	1	1	5.0	5.0	5.0	1.17	5.78219100509e-19	-1.76062150834e-17	4.18751913299e-20	0.93100124519	-4.0885433331e-17	3.94558534743e-19	-1.08945642374e-18	0.919064169685	499555330.697	5058066.37612	-6423900.21141	4024840.59163	-8809.22267449	9252457.05505	-5046079.87416	9133840.52397	-11383.5530682	583831469.6760164	4703843.101929573	-5897428.203852312	4703840.50260149	-8192.300818035017	8494170.114047803	-5897365.212624069	8494185.23759242	-10450.611733540134	584172268.089	0.1570037488096647	0.0	0.0	0.0	-0.07149466423013215	0.0	0.0	0.0	-0.0843993335091895	0.156810928902
540	1750.0	nan	nan	1	1	5.0	5.0	5.0	1.175	-9.63208809926e-19	1.55806734329e-16	-1.6347735882e-19	0.929258595294	-6.41164236402e-17	1.54901150229e-19	1.17835517853e-18	0.916873283373	498784300.054	5060411.5144	-6362433.94776	4002162.19546	-737.729373201	9258645.25728	-4964658.22994	9135280.87721	-1157.68426572	585419076.2145218	4697195.6559809875	-5827051.188733726	4697305.218053619	-684.7781444713563	8479553.62609171	-5826978.985460529	8479587.387407316	-1060.2680565535763	585747625.285	0.16126814759612232	0.0	0.0	0.0	-0.073368220136497	0.0	0.0	0.0	-0.08678600234513027	0.161083224346
550	1800.0	nan	nan	1	1	5.0	5.0	5.0	1.18	-9.36222869622e-19	5.16530220356e-17	2.0201735792e-19	0.927529516848	-1.14964340859e-16	-2.13611121386e-19	-1.68644259798e-18	0.914693940895	497948559.504	5056411.36859	-6315774.09454	3974649.47186	7701.22021526	9260830.27457	-4895591.69003	9132719.64384	9278.33240303	586922743.6108078	4684730.256295548	-5770545.12051005	4684845.710245658	7135.127410109944	8461360.104534246	-5770343.244235447	8461401.756893152	8477.351306954011	587239018.123	0.16551443847757333	0.0	0.0	0.0	-0.07523066091204318	0.0	0.0	0.0	-0.08916576048628577	0.165337630068
560	1850.0	nan	nan	1	1	5.0	5.0	5.0	1.185	-2.47276710572e-18	2.08816914904e-17	-7.24742565494e-20	0.925813533019	3.51166625042e-17	-6.21563364607e-19	1.06935262613e-18	0.912526302142	497041951.408	5048279.54201	-6270777.60725	3944160.26238	-419.886716565	9266052.94965	-4828843.04107	9133128.55403	-838.169606993	588334247.3838234	4668524.6247091675	-5715832.897689471	4668588.944967618	-388.300897277542	8446035.499665666	-5715762.478910961	8446092.416298097	-763.9941508936638	588655476.375	0.16974277458709455	0.0	0.0	0.0	-0.07708243284328319	0.0	0.0	0.0	-0.09153836967569587	0.169574299337
570	1900.0	nan	nan	1	1	5.0	5.0	5.0	1.19	-8.37411182369e-19	1.55692067244e-17	-2.11917055491e-19	0.924110265671	-9.87405364856e-17	-8.93619759353e-20	1.17234653856e-18	0.910370541402	496079867.664	5042615.8841	-6220296.6132	3915901.05491	-11492.2937638	9277762.75898	-4758605.25086	9139816.41155	-12344.9158758	589670785.5623406	4654689.653131743	-5656402.926437561	4654678.81634969	-10608.196638928071	8436698.068275955	-5656368.418393942	8436694.338846812	-11225.80202016733	589999174.76	0.17395330712343798	0.0	0.0	0.0	-0.0789238793185494	0.0	0.0	0.0	-0.09390357399607527	0.173793345633
580	1950.0	nan	nan	1	1	5.0	5.0	5.0	1.195	2.43369771103e-18	-1.26792150116e-16	1.36372304508e-19	0.922419509341	-2.51317851824e-17	3.60518398175e-20	-2.36661005463e-18	0.90822680557	495092285.249	5039304.01775	-6167671.19408	3889903.27822	11283.2052399	9291054.28716	-4687504.41011	9148145.52429	10467.7373823	590967181.4728999	4643103.224844885	-5595318.6944630565	4643185.2101587765	10396.095661510903	8428855.577469224	-5595242.244567151	8428898.878807122	9496.343890726728	591271671.626	0.17814618538347404	0.0	0.0	0.0	-0.08075515962108035	0.0	0.0	0.0	-0.09626114570209589	0.177994834758
590	2000.0	nan	nan	1	1	5.0	5.0	5.0	1.2	5.16835681613e-19	-6.95877800234e-17	-6.35274710441e-22	0.920740968752	5.23118548499e-17	-9.370301979e-20	-7.55844556526e-19	0.906094822487	494041038.706	5043850.09691	-6119192.81016	3870089.21068	849.867193293	9307152.86632	-4620418.33147	9159141.08675	250.749301972	592177510.1459131	4638817.383985186	-5538286.5701216515	4638844.981027709	781.6209115223169	8423607.708524143	-5538219.72063069	8423641.083548047	226.94520905978044	592488862.026	0.1823215567939546	0.0	0.0	0.0	-0.08257653228285644	0.0	0.0	0.0	-0.09861131783401632	0.182179027937
600	2050.0	nan	nan	1	1	5.0	5.0	5.0	1.205	-2.07773211495e-18	2.25665459016e-17	2.17369830089e-19	0.919074575205	-2.0477969118e-16	1.82323841896e-19	4.94720180756e-19	0.90397466508	492964222.807	5047170.83019	-6077173.76391	3849620.31307	7485.28646828	9325685.79096	-4558964.30994	9172520.90667	7209.55843465	593346506.9424707	4633452.321543153	-5487365.079445247	4633518.336906032	6871.714695369696	8420598.873623138	-5487306.022281744	8420645.88644274	6509.848283005958	593649389.959	0.18647956694261839	0.0	0.0	0.0	-0.08438801170877747	0.0	0.0	0.0	-0.10095394433666065	0.186345973748
610	2100.0	nan	nan	1	1	5.0	5.0	5.0	1.21	1.77135765095e-19	-1.83457807255e-17	3.82753013041e-19	0.917420127347	-1.68516834279e-16	-6.38980479585e-19	2.35154875004e-18	0.901866187246	491847847.138	5050829.45461	-6032013.55459	3829579.64583	7874.29619685	9345422.65724	-4495945.15319	9187017.076	8839.41689469	594456946.2917328	4628446.301366162	-5433862.873162248	4628505.004317612	7215.796422288472	8418705.420935908	-5433887.414598295	8418739.058233213	7962.876550220891	594756683.019	0.1906203596086497	0.0	0.0	0.0	-0.08618975750555914	0.0	0.0	0.0	-0.10328912109315086	0.190495851234
620	2150.0	nan	nan	1	1	5.0	5.0	5.0	1.215	-5.95702389936e-20	1.16997696389e-16	-9.93146130656e-20	0.91577743606	2.48677756006e-16	1.50454227256e-19	1.8952097497e-18	0.899769373461	490699322.238	5055287.45832	-5985665.78556	3810366.91999	5863.81578173	9369786.83586	-4432658.89934	9206076.62477	6640.29393059	595517204.7529162	4624218.762154515	-5379553.7033274025	4624296.293963173	5363.803182166928	8420996.640647428	-5379515.556122514	8421066.577337809	5967.893812525316	595816837.409	0.19474407679251185	0.0	0.0	0.0	-0.08798191756453072	0.0	0.0	0.0	-0.10561680020590543	0.194628782502
630	2200.0	nan	nan	1	1	5.0	5.0	5.0	1.22	6.22741269799e-19	-1.7038914767e-17	-2.72638729897e-19	0.914146195496	-2.14204679723e-16	6.66826687726e-19	-1.64006754412e-19	0.897684296652	489521249.675	5061412.40826	-5933359.8046	3792539.89353	5965.7256018	9398308.19816	-4365850.51671	9229124.02331	7369.32560255	596529965.764444	4621556.499058805	-5320166.183334426	4621584.24041807	5447.281450844741	8427023.32288044	-5320219.829056998	8427078.18887479	6607.729542083647	596827315.535	0.19885085874516517	0.0	0.0	0.0	-0.08976476901029931	0.0	0.0	0.0	-0.10793683524093761	0.198744891622
640	2250.0	nan	nan	1	1	5.0	5.0	5.0	1.225	1.21774221058e-18	-6.4426067122e-17	4.52103835597e-20	0.912526319743	3.85813448958e-17	-2.56174526985e-19	1.81582688068e-19	0.895610817499	488318845.803	5060727.21991	-5874637.00297	3769900.59617	6444.69872865	9430729.77874	-4294964.20428	9255987.92259	6537.0065963	597501163.610824	4612724.425705917	-5255324.629531162	4612805.776939923	5874.179332370781	8436529.17714044	-5255267.397071595	8436598.08546827	5847.866302475355	597796663.295	0.20294084399669038	0.0	0.0	0.0	-0.09153835038748516	0.0	0.0	0.0	-0.11024931583673454	0.202844314887
650	2300.0	nan	nan	1	1	5.0	5.0	5.0	1.23	6.36730548319e-19	1.49234499812e-16	5.60629931964e-19	0.910917698523	2.26466328668e-16	4.30080978968e-19	-5.36489492967e-19	0.893548808327	487091421.863	5057629.34245	-5813976.03442	3745637.56571	16563.656207	9466121.24443	-4223558.84559	9285633.63214	9119.68905727	598429592.18493	4601756.206298714	-5189063.503481762	4601806.273547634	15070.678887007596	8448659.571040917	-5188969.635039818	8448666.223416263	8139.463487641051	598717407.382	0.20701416938432612	0.0	0.0	0.0	-0.09330272770995006	0.0	0.0	0.0	-0.1125543198790762	0.206927191603
660	2350.0	nan	nan	1	1	5.0	5.0	5.0	1.235	1.6847352972e-18	-3.66531273309e-17	3.45060046888e-19	0.909320163085	1.26606014626e-16	7.57088636168e-19	-4.86143972165e-19	0.891498175003	485833618.152	5051175.8369	-5752860.73543	3719164.18133	4895.56631381	9492702.25517	-4152697.07781	9306708.0321	942.686453796	599308287.9759138	4587806.274031955	-5122713.670511957	4587837.96537701	4446.471588925547	8452906.796991028	-5122629.812345038	8452957.26756092	839.4280699559139	599602770.159	0.2110709700799406	0.0	0.0	0.0	-0.09505803220270317	0.0	0.0	0.0	-0.11485188878928132	0.21099366643
670	2400.0	nan	nan	1	1	5.0	5.0	5.0	1.24	-1.75110826955e-18	-8.96902012024e-19	6.40992182835e-19	0.907733588352	3.94399716065e-19	-6.21616304166e-19	-2.08052467669e-20	0.889458936987	484564358.294	5038065.04974	-5693948.16116	3688169.3921	14057.4066573	9517222.47224	-4084255.82453	9325687.59404	13889.6813913	600160153.6748556	4567895.735622449	-5058635.856685077	4568004.788743957	12745.521800498616	8455321.596098633	-5058580.065457736	8455382.805103099	12339.915702647942	600442337.724	0.2151113796169455	0.0	0.0	0.0	-0.09680434833116043	0.0	0.0	0.0	-0.11714193709361517	0.215043822574
680	2450.0	nan	nan	1	1	5.0	5.0	5.0	1.245	-4.16501982033e-20	-5.53346507409e-17	6.04569766103e-19	0.906157803118	5.29236243961e-17	-7.34642263065e-19	-2.36623947771e-18	0.887430849545	483262282.792	5023181.27828	-5635704.87082	3656113.16114	-723.486187807	9547623.34009	-4016958.5682	9350319.63785	-458.667972503	600958586.1794367	4546476.78714715	-4995455.055836917	4546542.683895746	-654.8266878016923	8462956.165861027	-4995270.328029847	8462965.764287025	-406.56054472513705	601251693.116	0.219135529916671	0.0	0.0	0.0	-0.09854181247903958	0.0	0.0	0.0	-0.1194246766738097	0.219077866104
690	2500.0	nan	nan	1	1	5.0	5.0	5.0	1.25	1.63090900038e-18	2.04959738621e-17	3.49295211624e-19	0.904592780739	-1.28442593814e-16	1.8475906162e-20	1.4662140317e-18	0.88541395446	481957020.712	5014305.09377	-5582508.53736	3628758.69748	11069.48262	9581639.95409	-3954155.33817	9378520.45219	9470.00911816	601739930.1146749	4530586.009865316	-4937035.675035492	4530630.1416645525	10001.633757172707	8473770.879544146	-4936899.0482552005	8473795.024303462	8375.047265288647	602021594.928	0.22314355131420976	0.0	0.0	0.0	-0.10027040258155888	0.0	0.0	0.0	-0.12169999818032848	0.223095837289
700	2550.0	nan	nan	1	1	5.0	5.0	5.0	1.255	1.96195329897e-18	-7.2951347857e-17	2.5919208186e-19	0.903038305551	4.67318135516e-17	4.30980951475e-19	3.95442625382e-18	0.883408055784	480625275.155	5009577.36926	-5533472.43988	3604700.91466	3871.27808155	9617731.09711	-3894875.74016	9408685.10938	2847.09284884	602475065.6472249	4518517.9021326555	-4882562.96466657	4518577.22109603	3491.799412652573	8486385.026594553	-4882318.177053674	8486406.929880874	2512.185657694335	602761487.43	0.22713557258374711	0.0	0.0	0.0	-0.10199030614260848	0.0	0.0	0.0	-0.12396806079404876	0.227097936347
