inc	time	elem	node	ip	grain	1_pos	2_pos	3_pos	1_f	2_f	3_f	4_f	5_f	6_f	7_f	8_f	9_f	1_p	2_p	3_p	4_p	5_p	6_p	7_p	8_p	9_p	1_Cauchy	2_Cauchy	3_Cauchy	4_Cauchy	5_Cauchy	6_Cauchy	7_Cauchy	8_Cauchy	9_Cauchy	Mises(Cauchy)	1_ln(V)	2_ln(V)	3_ln(V)	4_ln(V)	5_ln(V)	6_ln(V)	7_ln(V)	8_ln(V)	9_ln(V)	Mises(ln(V))
0	0.0	nan	nan	1	1	5.0	5.0	5.0	1.0	0.0	0.0	0.0	1.0	0.0	0.0	0.0	1.0	1.29803030951e-05	-3.21709992831e-07	-7.17327707764e-07	-3.21709992831e-07	1.75803764206e-05	-8.41008134343e-08	-7.17327707764e-07	-8.41008134343e-08	1.84320002857e-05	1.29803030951e-05	-3.21709992831e-07	-7.17327707764e-07	-3.21709992831e-07	1.75803764206e-05	-8.41008134343e-08	-7.17327707764e-07	-8.41008134343e-08	1.84320002857e-05	5.26107003876e-06	0.0	0.0	0.0	0.0	0.0	0.0	0.0	0.0	0.0	0.0
10	2.5	nan	nan	1	1	5.0	5.0	5.0	1.00025	-3.9729226327e-22	1.41288807575e-19	-8.46490109977e-22	0.99993142045	-3.70094564729e-20	1.5859895776e-22	5.30416643103e-22	0.999926448662	54291084.4953	-2390238.87404	94942.2489808	-2389477.58404	843.932324161	313011.881014	94911.5368237	313010.325382	792.684435383	54298801.758321695	-2389817.237929506	94925.02926675309	-2389817.2388317934	843.7834552146601	312955.10992270807	94925.02812342758	312955.1106260307	792.5406658867719	54458475.5287	0.0002499687552074404	0.0	0.0	0.0	-6.858190168502763e-05	0.0	0.0	0.0	-7.355404303276678e-05	0.000214043736017
20	5.0	nan	nan	1	1	5.0	5.0	5.0	1.0005	3.28385533305e-21	-2.37302685653e-19	-2.34660800024e-22	0.999862812037	1.39684956066e-21	2.42904171816e-21	-6.02239184727e-22	0.999852866601	108624421.071	-4782326.08637	190002.423036	-4779280.36928	88.074312991	625995.314645	189879.526979	625989.088295	83.5029458421	108655311.90406908	-4780639.510051352	189933.52589487226	-4780639.510720039	88.04325194499664	625768.3212896036	189933.52530380865	625768.3215900571	83.47266667959072	108976165.713	0.0004998750416509929	0.0	0.0	0.0	-0.00013719737412933112	0.0	0.0	0.0	-0.00014714422418013766	0.000428069084022
30	7.5	nan	nan	1	1	5.0	5.0	5.0	1.00075	-1.75646633197e-21	5.67396346923e-19	-4.56655396918e-22	0.999792409027	-6.42772068718e-20	2.44372417403e-21	-1.11987330243e-21	0.999775567048	160231792.903	-6999354.0402	324270.940598	-6992656.48794	2315.45768951	921125.095647	323955.076826	921109.530228	2596.47661988	160301039.31872177	-6995678.519637263	324095.1988959398	-6995678.462476957	2314.2417898282492	920625.8831926837	324095.07855423796	920625.8345898824	2595.0694348275993	160764774.023	0.0007497188905459742	0.0	0.0	0.0	-0.0002076125229887471	0.0	0.0	0.0	-0.0002244581408440997	0.000643909603502
40	10.0	nan	nan	1	1	5.0	5.0	5.0	1.001	7.10062177573e-21	5.02288366373e-20	-2.70777573519e-21	0.999702107931	-3.88788432982e-19	-5.86166031449e-21	1.56419853834e-21	0.999657976103	181400492.964	-8008750.44492	884286.886733	-7998366.25435	-2542.97044161	1453011.5198	883101.458523	1452947.43071	-2782.7994582	181516629.8595008	-8003487.079065147	883666.7205574438	-8003486.998018779	-2541.299196653085	1451992.4968892308	883666.841009725	1451992.5509259077	-2780.8478312752723	182071655.792	0.0009995003330834232	0.0	0.0	0.0	-0.0002979364476555218	0.0	0.0	0.0	-0.0003420824005131718	0.000880042334367
50	12.5	nan	nan	1	1	5.0	5.0	5.0	1.00125	-6.61537694889e-21	6.01808404574e-19	3.00742191209e-21	0.999601472757	4.88403416008e-19	1.57112617597e-21	-1.19282546257e-20	0.999523993795	188977624.59	-8467660.84052	1822706.74864	-8453719.05152	-6015.53256647	1847833.76031	1819564.78122	1847690.50751	-5631.13171369	189143000.58977115	-8461117.022875782	1821156.9903023804	-8461116.976237081	-6010.883756262642	1846262.6377041766	1821157.0985406113	1846262.610246302	-5626.343838004546	189768867.849	0.0012492194004318981	0.0	0.0	0.0	-0.00039860667608662004	0.0	0.0	0.0	-0.00047611953191767164	0.00112527857813
60	15.0	nan	nan	1	1	5.0	5.0	5.0	1.0015	2.19149095587e-20	9.04568709682e-19	-3.10151370677e-21	0.999496474414	-6.43963829185e-19	-9.24953360957e-21	-1.14805431192e-20	0.999389577748	194060724.135	-8819855.28944	2580947.51956	-8802210.67089	-1717.87962878	2123316.60464	2575508.80087	2123089.29816	-1944.1816254	194277078.95344415	-8812024.377222838	2578380.1771045346	-8812024.097589795	-1716.3543696764038	2121204.480769145	2578380.18940829	2121204.264292948	-1942.247692226157	194963309.787	0.0014988761237359487	0.0	0.0	0.0	-0.0005036523975780011	0.0	0.0	0.0	-0.0006106086355151893	0.00137206139035
70	17.5	nan	nan	1	1	5.0	5.0	5.0	1.00175	1.16082391263e-20	-3.50094888481e-19	-1.3772557199e-22	0.999388586077	6.10871228009e-19	-3.43238595179e-21	3.76201742589e-21	0.999256021556	198070724.826	-9157711.96817	3125339.59386	-9136124.60579	647.875938244	2312999.95305	3117559.35974	2312692.78082	-552.992509658	198339462.398998	-9148520.270600555	3121788.509161808	-9148520.278877601	647.2256579439049	2310371.86784725	3121789.1889424208	2310371.505299846	-552.364186501336	199085057.072	0.001748470534116803	0.0	0.0	0.0	-0.0006116009127157066	0.0	0.0	0.0	-0.0007442553333041838	0.00161941118789
80	20.0	nan	nan	1	1	5.0	5.0	5.0	1.002	-1.11714877628e-20	2.71389583775e-19	-1.89837950581e-21	0.999278975689	-5.35640392068e-19	3.28307985122e-21	2.10440951688e-20	0.999123111513	201490737.674	-9469745.5831	3501565.58724	-9444029.49818	-37.4740198466	2457929.76135	3491512.63216	2457546.06428	100.548490214	201813089.7950636	-9459138.50496132	3497097.9269945677	-9459138.395865666	-37.43204513321589	2454793.679843812	3497098.4795080707	2454793.3627523324	100.42020003028786	202612199.837	0.001998002662673058	0.0	0.0	0.0	-0.0007212843740436322	0.0	0.0	0.0	-0.0008772731786130383	0.00186702768287
90	22.5	nan	nan	1	1	5.0	5.0	5.0	1.00225	1.02181621069e-20	-2.44763084466e-18	-1.41985552145e-21	0.999168412234	2.65202376191e-20	4.11315559592e-22	5.66837922461e-20	0.998990540233	204551147.265	-9747277.85778	3771591.84789	-9717308.36286	-78.3797732876	2578143.23641	3759326.57626	2577684.21791	-71.3510466605	204928257.90072384	-9735223.033390794	3766256.790121913	-9735223.199238285	-78.28283808000309	2574496.356351028	3766257.273320479	2574496.299084753	-71.25011793568035	205772649.804	0.00224747254047937	0.0	0.0	0.0	-0.0008319337269170525	0.0	0.0	0.0	-0.001009969614653224	0.00211478231772
100	25.0	nan	nan	1	1	5.0	5.0	5.0	1.0025	-4.96018854317e-21	-5.93411823422e-19	-1.5617169965e-21	0.999057272266	-2.93113476651e-18	-4.4345152639e-21	4.69538734958e-20	0.998858168672	207372058.786	-9992466.19625	3971714.92008	-9958151.46889	60.8864941679	2678188.69391	3957287.48379	2677655.21343	-187.620383507	207805016.9283533	-9978941.596064845	3965548.826954464	-9978942.422051597	60.804085533814856	2674030.8021109393	3965549.637562162	2674031.0614454853	-187.32910259177007	208687127.707	0.002496880198587146	0.0	0.0	0.0	-0.0009431723812670133	0.0	0.0	0.0	-0.0011424837140482447	0.0023626095012
110	27.5	nan	nan	1	1	5.0	5.0	5.0	1.00275	-9.94601968534e-21	-2.63974095699e-18	-1.1108208446e-20	0.998945761822	2.6271413419e-18	6.78205384232e-21	5.24091296356e-20	0.998725943723	210031401.708	-10212157.9379	4125063.59427	-10173415.7545	10.8557705021	2766382.09222	4108510.22539	2765773.8061	-179.122989078	210521274.46049023	-10197143.255588904	4118092.229675077	-10197144.011976533	10.839809532220077	2761706.901708872	4118092.826831398	2761707.3575300244	-178.82027091725928	211435438.647	0.0027462256680252286	0.0	0.0	0.0	-0.0010547942779437374	0.0	0.0	0.0	-0.0012748685767152085	0.00261046544388
120	30.0	nan	nan	1	1	5.0	5.0	5.0	1.003	1.56750726079e-20	-1.2075439008e-18	-7.30896789252e-21	0.998833990945	2.83902696453e-18	-6.90737170512e-21	-5.7604651063e-20	0.9985938335	212568818.312	-10412584.2129	4248797.62504	-10369335.8967	-15.7065122052	2844628.03532	4230133.22869	2843944.66616	-149.646746798	213116642.30303678	-10396058.482390318	4241034.441530485	-10396059.340996489	-15.68158452320215	2839430.477939447	4241034.961532853	2839431.063947863	-149.37331999363835	214058680.629	0.002995508979798371	0.0	0.0	0.0	-0.0011666893724466523	0.0	0.0	0.0	-0.001407156079897299	0.00285832814338
130	32.5	nan	nan	1	1	5.0	5.0	5.0	1.00325	4.22672749402e-20	-4.25354882539e-18	-1.14490068583e-20	0.998722043511	1.03516070192e-18	-2.62038410348e-20	-4.55073413996e-21	0.998461805475	215010477.998	-10598381.004	4352040.63335	-10550548.2922	-29.86177494	2914111.5661	4331270.08538	2913352.87507	-129.253586271	215617264.9285586	-10580322.442546261	4343493.11601992	-10580323.282114647	-29.810893517856236	2908388.177645823	4343493.480746585	2908388.8185871253	-128.99972897468714	216584031.836	0.0032447301648890294	0.0	0.0	0.0	-0.0012787737717690588	0.0	0.0	0.0	-0.001539378760744379	0.00310618383364
140	35.0	nan	nan	1	1	5.0	5.0	5.0	1.0035	-1.92369123255e-20	4.01341746638e-18	6.29484446153e-22	0.998609974214	-1.98463376418e-19	-8.95423013089e-21	7.89624544792e-20	0.998329840211	217374335.901	-10772162.0008	4440221.17415	-10719670.4333	-31.8203607193	2977864.66808	4417344.84532	2977029.99613	-113.059954315	218041075.85953474	-10752549.408186913	4430893.659481065	-10752550.269783825	-31.762426223742256	2971609.106637402	4430893.9163581915	2971609.7957554883	-112.82245074457367	219030098.66	0.003493889254255838	0.0	0.0	0.0	-0.0013909927680329484	0.0	0.0	0.0	-0.0016715560607411149	0.00335402290574
150	37.5	nan	nan	1	1	5.0	5.0	5.0	1.00375	4.45163790258e-20	-1.19592490833e-18	-1.43226323064e-20	0.998497813974	1.89919634666e-18	2.25274368023e-20	3.56837444449e-20	0.998197930583	219672531.582	-10936089.4083	4517598.55554	-10878866.4847	-29.7798173249	3036790.21079	4492610.48903	3035878.87652	-100.270870133	220400193.48806086	-10914901.697762012	4507491.943753927	-10914902.563790223	-29.72212155030804	3029996.4110844983	4507492.192664468	3029997.128441452	-100.0465476870305	221409517.076	0.003742986278834297	0.0	0.0	0.0	-0.0015033154386284652	0.0	0.0	0.0	-0.0018036950974443247	0.00360183854102
160	40.0	nan	nan	1	1	5.0	5.0	5.0	1.004	-4.84396966711e-21	-5.13449204185e-19	2.44597307132e-21	0.998385588376	-5.90787282736e-18	-2.05388946097e-21	-4.02291019109e-20	0.998066067987	221913738.162	-11091880.4349	4587406.95461	-11029855.0131	-28.8893582242	3091421.25783	4560294.23748	3090432.57103	-91.7824096724	222703270.57933897	-11069096.556380594	4576518.818055811	-11069097.414960824	-28.830016471289465	3084083.8192432728	4576519.010956918	3084084.500413478	-91.56456560064595	223731349.088	0.003992021269537457	0.0	0.0	0.0	-0.0016157161907069052	0.0	0.0	0.0	-0.0019358044740469006	0.00384962607069
170	42.5	nan	nan	1	1	5.0	5.0	5.0	1.00425	3.69377502536e-20	1.34429505403e-18	9.28510237591e-21	0.998273316988	2.93261666057e-18	-2.400974446e-20	-1.13588441716e-20	0.997934246294	224104823.118	-11240789.7582	4651466.10499	-11173892.2501	-27.2066836017	3142514.40937	4622213.0719	3141447.6884	-82.360551921	224957156.4981872	-11216388.876127034	4639792.486454314	-11216389.690444514	-27.147624844037562	3134627.7530707037	4639792.6421952965	3134628.4082398033	-82.15385458217982	226002720.599	0.004240994257254614	0.0	0.0	0.0	-0.0017281754473347372	0.0	0.0	0.0	-0.002067890318170623	0.00409738175863
180	45.0	nan	nan	1	1	5.0	5.0	5.0	1.0045	5.33432233423e-20	-1.42526114675e-19	-5.35351292444e-21	0.998161013641	-2.1398426256e-18	-1.76106752413e-20	-5.45624875652e-20	0.997802462144	226251155.529	-11383846.3486	4711385.88419	-11312008.3312	-20.9439001262	3191053.26992	4679972.68832	3189907.66122	-76.9333250481	227167203.4087378	-11357807.742689766	4698920.877268886	-11357808.500587616	-20.895994528668858	3182610.63709965	4698921.007272637	3182611.2917911597	-76.7297810267101	228229241.136	0.004489905272852001	0.0	0.0	0.0	-0.0018406793703490266	0.0	0.0	0.0	-0.0021999559855844023	0.00434510261401
190	47.5	nan	nan	1	1	5.0	5.0	5.0	1.00475	-2.92606869885e-20	-3.59871336141e-18	1.56469484671e-20	0.998048686285	-3.71394168869e-19	2.47426264827e-20	8.84988129661e-20	0.997670715951	228357038.78	-11521994.6112	4768140.38172	-11445147.8439	-23.246795277	3237554.86554	4734545.07415	3236329.35102	-65.15365459	229337698.84343794	-11494297.35629065	4754877.044269093	-11494298.067035748	-23.19091324994448	3228549.094052628	4754877.179074686	3228549.6703283708	-64.97241938343984	230415394.737	0.00473875434717347	0.0	0.0	0.0	-0.001953220007861347	0.0	0.0	0.0	-0.002332001051023215	0.00459278607645
200	50.0	nan	nan	1	1	5.0	5.0	5.0	1.005	5.57354296738e-21	5.23410526712e-18	-1.24242528005e-20	0.99793634758	3.54767176812e-18	3.68310439545e-20	4.556193532e-20	0.99753900132	230425696.983	-11655762.289	4822441.76502	-11573840.3417	-24.6688607962	3282096.85054	4786640.66842	3280790.5731	-56.2825688944	231471850.78370586	-11626385.94234784	4808372.326620928	-11626386.638492262	-24.606687170105694	3272521.357105655	4808372.45612183	3272521.9040263793	-56.118364913390494	232564495.343	0.004987541511038968	0.0	0.0	0.0	-0.002065784684661912	0.0	0.0	0.0	-0.002464031914797806	0.00484043060068
210	100.0	nan	nan	1	1	5.0	5.0	5.0	1.01	6.89173799155e-20	-5.94083101169e-18	2.87362544801e-20	0.995693373345	-2.99395541172e-19	5.94081115936e-20	1.37311981684e-21	0.994908946219	265908083.193	-13733675.6089	5625373.11656	-13539140.7647	3471.75097963	3963765.00223	5541319.76593	3960644.72394	4948.28631521	268424768.09975323	-13667279.477533348	5593766.617446247	-13667281.853168515	3454.9666284715627	3941494.3488112413	5593765.542120592	3941496.7918877136	4920.484069244149	269722947.617	0.009950330853168092	0.0	0.0	0.0	-0.004315926882916939	0.0	0.0	0.0	-0.005104057348650485	0.00978413527156
220	150.0	nan	nan	1	1	5.0	5.0	5.0	1.015	-3.19371125784e-19	6.42743324191e-18	-1.4889251026e-21	0.993464214494	-6.63680092676e-20	7.33080546069e-20	7.4565369138e-20	0.992287424134	294104465.969	-15245653.6383	6242834.69248	-14922179.6115	-4971.9111806	4507407.44882	6103145.8895	4502077.52262	-6902.37175386	298340287.53755057	-15137094.40107734	6191039.357000996	-15137095.389946016	-4936.5078520113975	4470010.546218459	6191046.074590966	4470019.723501103	-6845.104394046255	299787870.329	0.014888612493750559	0.0	0.0	0.0	-0.006557237272606595	0.0	0.0	0.0	-0.007742471593827063	0.0147082382023
230	200.0	nan	nan	1	1	5.0	5.0	5.0	1.02	1.8471935695e-19	-1.06309252325e-18	3.63959469523e-20	0.991250340277	5.88871532438e-18	-1.89123266532e-19	-3.91028127889e-19	0.989676770342	317108699.784	-16399207.8983	6767995.60469	-15936960.9967	-13340.1500803	4972257.35738	6566802.73123	4964370.18454	-14799.8920352	323244713.44973934	-16245359.377990643	6693858.795211519	-16245339.198031958	-13214.999989924469	4917791.113913971	6693869.542473236	4917797.14199454	-14637.773611932209	324799722.753	0.01980262729617973	0.0	0.0	0.0	-0.008788162752432067	0.0	0.0	0.0	-0.010376883768509482	0.0196115623389
240	250.0	nan	nan	1	1	5.0	5.0	5.0	1.025	-1.34168695356e-19	-1.48611103415e-17	-3.14725679464e-20	0.989051884008	-1.26424465025e-17	1.58851764835e-19	1.35697325128e-19	0.987078905593	336155140.216	-17277590.1299	7228239.32291	-16671641.9446	2276.0065922	5381468.61896	6960819.77222	5370736.00402	3976.09279182	344325202.10277945	-17076836.914530966	7130000.879490753	-17076836.838701837	2249.5610266928225	5308329.493812256	7129998.587350457	5308331.900577392	3922.054021199768	345932971.337	0.024692612590371414	0.0	0.0	0.0	-0.011008487655579886	0.0	0.0	0.0	-0.013005297867682966	0.0244934833179
250	300.0	nan	nan	1	1	5.0	5.0	5.0	1.03	-7.92637550173e-20	-8.10014960481e-19	1.62100930281e-19	0.986869079918	2.47315025578e-17	2.5319667678e-19	4.16806384498e-19	0.984494530527	352032396.77	-17927213.2822	7636672.96172	-17176525.713	3407.07900365	5746983.58823	7299280.01317	5733153.17549	4480.75844707	362334579.21790546	-17679185.510266062	7512896.841918453	-17679194.510929074	3359.94115791941	5653835.782545512	7512892.496350513	5653833.473878335	4408.133771753096	363986843.507	0.02955880224154443	0.0	0.0	0.0	-0.013217892806689387	0.0	0.0	0.0	-0.015626936502949627	0.0293537811937
260	350.0	nan	nan	1	1	5.0	5.0	5.0	1.035	-7.18125120594e-20	-2.38094013156e-18	1.69902897818e-19	0.984702126288	5.77689622199e-17	5.24564857257e-20	-3.29595078155e-19	0.98192433111	365385548.84	-18377618.0688	8002758.99277	-17484532.9541	2403.03676783	6067437.71997	7592368.08639	6050325.45518	3688.95186518	377892671.39069587	-18083015.320952598	7852257.130467444	-18083027.331047483	2364.5148422831544	5953331.987548812	7852254.330955337	5953335.600575654	3619.576525230905	379569357.361	0.03440142671733232	0.0	0.0	0.0	-0.015416093405028806	0.0	0.0	0.0	-0.018241029492759374	0.0341922465898
270	400.0	nan	nan	1	1	5.0	5.0	5.0	1.04	1.16149392892e-19	2.35589277174e-17	8.20563167653e-21	0.982551140856	1.87170127669e-18	-1.33440776417e-19	-1.02255405579e-18	0.979368730095	376698059.561	-18656278.3912	8321692.49703	-17625731.6385	5507.2587099	6341551.25701	7836534.37643	6321023.4997	6818.10412359	391464140.5441257	-18316624.444980606	8143726.131160312	-18316637.721383035	5406.994224430553	6205931.870498276	8143716.477034039	6205943.71096618	6672.2932547758055	393141759.759	0.03922071315328133	0.0	0.0	0.0	-0.017602884831535052	0.0	0.0	0.0	-0.0208470678374628	0.0390087862595
280	450.0	nan	nan	1	1	5.0	5.0	5.0	1.045	3.64912381589e-19	-6.60338944746e-18	-1.33394454303e-19	0.980416167541	2.10478704211e-17	-2.38466244432e-19	4.75542825434e-19	0.976827941845	386334988.235	-18792936.3433	8601552.89814	-17631504.4577	3160.30559129	6578036.25379	8040413.12416	6553971.26626	4594.61238738	403399637.1659992	-18410275.107350964	8395568.505712496	-18410298.62043056	3095.9555386188435	6420509.721412803	8395563.010663493	6420519.489522851	4484.5835992923285	405068081.782	0.04401688541677426	0.0	0.0	0.0	-0.01977813670425668	0.0	0.0	0.0	-0.023444751102347644	0.0438034024818
290	500.0	nan	nan	1	1	5.0	5.0	5.0	1.05	-4.7580752323e-19	7.92607109926e-18	1.74303498677e-19	0.978297577611	-4.96015611769e-17	-3.50645170384e-19	-8.92117599361e-19	0.974301790779	394590213.644	-18812418.188	8850410.46843	-17527786.8035	3202.35455874	6775700.54003	8212347.45642	6748040.08804	4789.87331338	413982355.2552672	-18389157.158534046	8615949.322361827	-18389190.13301144	3130.3047098737725	6596201.688570291	8615943.387918461	6596215.778905557	4662.982115442632	415627095.871	0.04879016416943205	0.0	0.0	0.0	-0.02194138364264179	0.0	0.0	0.0	-0.026034176536519345	0.0485761367378
300	550.0	nan	nan	1	1	5.0	5.0	5.0	1.055	-1.45743929976e-18	-3.15501376355e-17	-4.6719160997e-20	0.976195783445	-9.51295721657e-17	-6.39006949365e-19	2.34661213614e-19	0.971789898146	401688588.241	-18745312.8068	9069587.35724	-17345158.502	4256.58682018	6935276.30941	8354235.91177	6903988.65196	5902.16704472	423428597.6352395	-18283858.522385456	8806394.591449717	-18283905.381589755	4151.802213734044	6734019.683116374	8806380.11631137	6734032.824824341	5730.890490730351	425040224.482	0.05354076692802976	0.0	0.0	0.0	-0.024092114894083184	0.0	0.0	0.0	-0.02861565205715936	0.0533270911117
310	600.0	nan	nan	1	1	5.0	5.0	5.0	1.06	8.56826765707e-20	-2.32417238048e-17	2.53501079245e-19	0.974110954547	-1.95528341082e-17	-1.01551309442e-18	-4.16449042473e-19	0.969292050081	407812541.738	-18609208.1177	9261895.80727	-17101400.5789	4143.9965198	7057730.10293	8469306.53331	7022832.80626	5877.16928132	431914217.09240156	-18112040.342582244	8969858.63185539	-18112091.4299014	4033.284579946539	6835192.556947189	8969841.59697631	6835209.230918751	5691.856041777498	433487446.029	0.058268908123975824	0.0	0.0	0.0	-0.02623006545488902	0.0	0.0	0.0	-0.03118931922875325	0.0580563809776
320	650.0	nan	nan	1	1	5.0	5.0	5.0	1.065	-1.34744413062e-18	4.90554830063e-17	5.79952871073e-20	0.972043420239	3.61763817849e-17	-5.34398380379e-19	-7.01568273453e-19	0.966807843535	413112860.789	-18428675.0724	9433458.09017	-16820216.6572	7296.01197566	7145494.93013	8563690.9427	7107036.98826	8782.60348762	439585021.13583064	-17897993.24807424	9112460.351557452	-17898051.589686535	7085.912175737875	6902351.038259717	9112449.94130122	6902379.01151109	8483.752755289459	441113593.921	0.06297479916138839	0.0	0.0	0.0	-0.02835480449164104	0.0	0.0	0.0	-0.03375551730301271	0.0627641410814
330	700.0	nan	nan	1	1	5.0	5.0	5.0	1.07	-2.32245846225e-19	-2.28085723314e-17	-7.2103679635e-20	0.969993157871	5.02425368162e-17	9.12400067981e-19	2.80543929576e-18	0.96433711123	417702921.038	-18217020.8683	9578267.53394	-16514441.7501	4744.05199269	7202590.60561	8632406.66374	7160625.60059	6289.96937291	446549863.71487266	-17654877.0649596	9228572.210268095	-17654944.07965481	4597.659261974661	6939629.454840289	9228568.499461774	6939661.847048013	6060.327335041271	448036923.334	0.06765864847381486	0.0	0.0	0.0	-0.030466261250823135	0.0	0.0	0.0	-0.03631434505648285	0.0674505273455
340	750.0	nan	nan	1	1	5.0	5.0	5.0	1.075	-7.16034008006e-19	5.05075158536e-18	3.52074538482e-19	0.967959671765	1.86621660601e-16	4.34051445909e-19	1.34990582013e-18	0.961880212693	421688961.49	-17985626.1766	9693139.2835	-16194826.8558	4827.593785	7236108.19188	8673144.02622	7190695.60932	6336.63020891	452912157.22441953	-17393865.501358345	9315340.313353602	-17393943.491476193	4668.756937734897	6954074.256041097	9315331.273917021	6954108.300796678	6089.654250233771	454354044.68	0.07232066157962608	0.0	0.0	0.0	-0.032564853973213216	0.0	0.0	0.0	-0.038865355099713735	0.0721156447694
350	800.0	nan	nan	1	1	5.0	5.0	5.0	1.08	3.13137492688e-19	-4.13497926746e-17	-1.5418646618e-19	0.965942392156	1.22492404081e-16	7.94093388051e-20	-2.70600556868e-19	0.959437456984	425138544.459	-17743295.7108	9780544.90707	-15869378.8101	2946.81968398	7242075.07503	8688711.49815	7193269.2506	532.946364242	458735748.6829783	-17123552.3383094	9375362.519213602	-17123480.01484744	2843.8922459875157	6942054.851226843	9375349.8151204	6942020.496295225	510.8677906538478	460135697.559	0.0769610411361284	0.0	0.0	0.0	-0.034651081997158086	0.0	0.0	0.0	-0.04140814858332098	0.0767596379095
360	850.0	nan	nan	1	1	5.0	5.0	5.0	1.085	-2.00243882687e-19	2.46030645697e-17	4.71532653825e-19	0.963940908616	1.16147581367e-16	9.49735692109e-20	2.47333620598e-19	0.957009132277	428151427.733	-17507161.5171	9835403.68759	-15553878.169	5996.75174315	7230740.8546	8675152.86306	7178777.16695	7456.89831977	464120661.8242084	-16860479.373131026	9403987.433568211	-16860567.9255872	5775.242832621724	6913574.500032382	9403957.168958548	6913606.424973104	7129.811883674281	465471296.999	0.08157998699242285	0.0	0.0	0.0	-0.03672528436657984	0.0	0.0	0.0	-0.04394234496551777	0.08138260668
370	900.0	nan	nan	1	1	5.0	5.0	5.0	1.09	-7.51874089586e-19	7.27220136865e-18	-2.46645406329e-19	0.961954918309	3.87046824882e-17	-1.65158189825e-19	-1.37223307922e-18	0.95459517632	430748868.994	-17277024.5203	9858664.37115	-15247530.4689	5817.16199666	7204447.74808	8633955.82664	7149369.42098	7215.26322957	469083536.6595559	-16604401.116281144	9402359.757111706	-16604490.533846475	5590.690169909953	6870992.563352657	9402338.174401766	6871032.535431354	6881.307454304095	470390775.631	0.08617769624105241	0.0	0.0	0.0	-0.03878769187916732	0.0	0.0	0.0	-0.046467927513407586	0.0859847476767
380	950.0	nan	nan	1	1	5.0	5.0	5.0	1.095	6.09969601142e-19	1.33479369356e-16	2.66815378385e-20	0.959984631284	-9.2565739092e-17	8.74746806497e-19	-1.02688186476e-18	0.952195173006	432992068.893	-17057368.4119	9866342.22046	-14954250.3206	6136.20989949	7160368.64559	8579600.48026	7102317.00814	7510.2638609	473685058.0937773	-16359571.903540067	9385940.04379983	-16359664.392866239	5885.1849031926895	6811723.057775565	9385919.151599173	6811769.727347968	7144.581521340897	474950271.404	0.09075436326846412	0.0	0.0	0.0	-0.04083800372756822	0.0	0.0	0.0	-0.04898525154143573	0.0905662294748
390	1000.0	nan	nan	1	1	5.0	5.0	5.0	1.1	-1.66389034576e-19	3.74688200591e-17	-1.18716961514e-19	0.958030063922	6.88202953813e-17	-4.38551308441e-19	-1.64589089563e-19	0.94980884113	434920807.186	-16851439.2364	9860855.67471	-14676621.701	6565.38800324	7095827.41642	8514455.07368	7034991.1121	7936.47822741	477963617.75263244	-16129024.653722208	9357132.502750162	-16129123.023531817	6283.9323977018585	6733350.4862438785	9357105.208507368	6733403.805692845	7531.058239654346	479188626.819	0.09531017980432493	0.0	0.0	0.0	-0.04287611953917046	0.0	0.0	0.0	-0.05149453449814106	0.0951272300589
400	1050.0	nan	nan	1	1	5.0	5.0	5.0	1.105	-2.83245170584e-18	-1.32005624672e-16	2.18163923477e-19	0.956091208077	-1.35198396252e-16	-2.04584926542e-19	-1.56542276564e-19	0.947435920498	436569669.767	-16661783.9241	9842412.30492	-14416553.7057	7065.88700758	7016190.28981	8438936.35653	6952735.5727	8371.06501265	481952668.6874782	-15915100.073414557	9316224.625531571	-15915206.696440252	6749.235216668666	6641095.976305446	9316194.366145706	6641154.568296731	7923.537400865829	483139595.316	0.09984533496971612	0.0	0.0	0.0	-0.04490196454330811	0.0	0.0	0.0	-0.053995974393839	0.0996679266344
410	1100.0	nan	nan	1	1	5.0	5.0	5.0	1.11	-5.21454658153e-19	2.55690527065e-17	2.58477397811e-19	0.954168110953	1.71826340897e-16	2.30525310551e-19	-1.67646349107e-19	0.94507609312	437968778.099	-16481323.5023	9810557.54216	-14167618.2777	7567.03240677	6926933.762	8352880.92487	6860990.50977	8753.67558427	485681405.15726936	-15710945.710459258	9262875.196326308	-15711048.588239215	7213.330611190189	6540232.056627657	9262849.654057285	6540290.857341039	8264.994532448294	486831739.985	0.10436001532424286	0.0	0.0	0.0	-0.046915406126364696	0.0	0.0	0.0	-0.05648983290999673	0.104188500603
420	1150.0	nan	nan	1	1	5.0	5.0	5.0	1.115	-7.84564267394e-20	-4.59583665917e-17	-2.2996944518e-19	0.952260475926	2.38293122147e-16	-2.24913717276e-19	1.91111808724e-18	0.942729384398	439146107.558	-16317284.7316	9759380.94876	-13935794.1619	8141.41944613	6829981.06844	8251504.91427	6761682.4866	9230.58078652	489177231.1943236	-15523368.979845189	9191611.168448726	-15523474.044938222	7745.299549577509	6432634.467142399	9191583.980089907	6432693.544948433	8693.574919772509	490292612.434	0.10885440491208208	0.0	0.0	0.0	-0.04891667244896714	0.0	0.0	0.0	-0.058976010600138046	0.108689109652
430	1200.0	nan	nan	1	1	5.0	5.0	5.0	1.12	1.44816164201e-18	-8.03419750196e-17	1.93255860872e-19	0.950368003252	-9.95279793415e-17	3.4026901678e-19	1.55553630296e-18	0.940395814455	440124104.631	-16172048.4594	9693743.63782	-13722776.2266	8469.49166819	6721902.00563	8139219.44076	6651427.43291	9534.81381434	492461927.8733516	-15354522.808010751	9107133.466654154	-15354634.670582049	8041.343885281327	6315130.769108065	9107103.326098109	6315186.012510508	8957.821171183801	493544456.755	0.11332868530700327	0.0	0.0	0.0	-0.05090599755244254	0.0	0.0	0.0	-0.061454413139611155	0.113169913187
440	1250.0	nan	nan	1	1	5.0	5.0	5.0	1.125	-4.40827709487e-19	1.51080237544e-17	-1.06143816203e-19	0.948490748482	-9.52442557945e-17	1.63953814853e-19	-1.3054365904e-18	0.938075049059	440920814.016	-16044367.3862	9619304.2629	-13527150.6994	8543.81333649	6608650.73647	8020983.60737	6536134.09804	9532.065081	495552779.7613485	-15203111.854590498	9014840.35750255	-15203222.252726516	8095.834924043934	6193372.175318626	9014817.61962858	6193424.4833220625	8933.083166311406	496604876.852	0.11778303565638346	0.0	0.0	0.0	-0.052883243495438215	0.0	0.0	0.0	-0.06392532351873137	0.117631093929
450	1300.0	nan	nan	1	1	5.0	5.0	5.0	1.13	1.21750398256e-18	5.91264334339e-17	-2.15516945517e-19	0.946628515316	-9.52383232552e-17	-5.63382789043e-19	-1.84309075367e-18	0.935767009409	441553787.389	-15934669.4241	9535044.80637	-13348957.5345	8816.9316405	6497192.95464	7896055.79126	6422713.37866	9752.01088894	498466873.31021166	-15069432.053782502	8913837.490077326	-15069541.501431976	8338.180651454239	6073901.41477317	8913800.207730737	6073966.16049368	9116.668251773957	499490578.5	0.12221763272424911	0.0	0.0	0.0	-0.054848538029626394	0.0	0.0	0.0	-0.06638875506224275	0.1220728152
460	1350.0	nan	nan	1	1	5.0	5.0	5.0	1.135	4.64068175977e-19	-1.68621720781e-16	-6.28445507303e-19	0.944781156857	-2.72784115162e-17	9.16013192896e-19	3.27960569265e-20	0.933471564143	442037767.981	-15840750.1761	9443366.97607	-13186037.0364	8994.00514869	6385024.90382	7766585.17977	6308659.74199	9839.62117431	501218464.3943573	-14951294.309091102	8806427.874957602	-14951403.960386498	8488.993040142073	5954365.793237402	8806387.551842889	5954429.395693525	9175.955398963879	502215836.723	0.126632650933366	0.0	0.0	0.0	-0.05680195835269572	0.0	0.0	0.0	-0.06884477801440225	0.126495244195
470	1400.0	nan	nan	1	1	5.0	5.0	5.0	1.14	-4.34898478856e-19	6.14026227214e-17	-7.32233513122e-19	0.94294821234	-1.47025116939e-16	2.99955542446e-19	-1.19995451868e-18	0.931188895884	442386378.809	-15767553.8767	9343624.69368	-13042194.2014	9368.06275577	6275424.73639	7632149.27441	6197234.11889	10096.2162194	503820826.9915626	-14853256.59732022	8692059.547640035	-14853371.13232165	8824.846328056954	5837816.402485659	8692030.18752184	5837881.340463562	9392.170111908754	504794024.182	0.131028262406404	0.0	0.0	0.0	-0.05874391584188057	0.0	0.0	0.0	-0.071293126599257	0.130898524546
480	1450.0	nan	nan	1	1	5.0	5.0	5.0	1.145	-2.81320817607e-19	3.85418784544e-17	2.62580213649e-20	0.941129215171	3.52493971992e-16	5.06208065103e-19	1.03970647298e-18	0.928919192177	442611612.287	-15716629.6813	9223719.721	-12918334.5421	9715.3792552	6165392.47356	7483023.33856	6085478.25867	10379.1694239	506285643.76158166	-14776650.377920352	8559558.327907214	-14776763.958315771	9134.322399530518	5721448.405649895	8559529.806889035	5721518.317492367	9631.80894111898	507236344.191	0.13540463700620298	0.0	0.0	0.0	-0.060674831957755616	0.0	0.0	0.0	-0.07373352761467529	0.135282798104
490	1500.0	nan	nan	1	1	5.0	5.0	5.0	1.15	1.75192883272e-18	2.02428354188e-16	1.2956957115e-19	0.93932398995	1.56430388806e-16	4.50171541686e-19	-6.64126770207e-20	0.926662360789	442724269.766	-15685311.2426	9092093.7488	-12811904.1394	10992.5967277	6058055.76203	7326312.33688	5976465.54557	11655.3507622	508623465.8550457	-14718846.537490277	8416870.602483213	-14718947.057111792	10315.27789159313	5608155.047715399	8416828.774013275	5608220.19029707	10789.767670943698	509552665.343	0.13976194237515863	0.0	0.0	0.0	-0.06259482206508056	0.0	0.0	0.0	-0.0761660076069354	0.139648222151
500	1550.0	nan	nan	1	1	5.0	5.0	5.0	1.155	1.76500490384e-18	1.01024560828e-17	-2.139816983e-19	0.937532594545	1.7878833961e-17	-3.12555157537e-19	-2.06098997935e-18	0.92441806761	442732237.131	-15662587.6096	8954774.15199	-12713662.3299	11629.9181301	5953944.36832	7167015.0685	5870731.44968	12247.9741685	510841704.46670055	-14669425.434461186	8269633.78015336	-14669518.932497552	10892.466881642484	5498401.035884431	8269581.219692733	5498469.3074624315	11310.867164613484	511751250.699	0.14410034397375687	0.0	0.0	0.0	-0.0645037542272805	0.0	0.0	0.0	-0.07859085554357918	0.143994974104
510	1600.0	nan	nan	1	1	5.0	5.0	5.0	1.16	-1.16906428589e-18	1.93472807186e-16	-7.68576520515e-19	0.935754997676	-5.99409350221e-17	-8.66885281956e-20	-9.80970032039e-20	0.922186081793	442644981.382	-15649347.5018	8811993.39997	-12624175.0211	12100.9690099	5852795.89993	7005380.02736	5767999.62837	12641.3044813	512949754.2454275	-14629169.837031644	8118092.933859125	-14629257.637592262	11312.109391021997	5391917.456350245	8118036.156675745	5391984.9484877605	11645.864894173952	513841069.046	0.14842000511827322	0.0	0.0	0.0	-0.06640159138792259	0.0	0.0	0.0	-0.08100825171878215	0.148323219046
520	1650.0	nan	nan	1	1	5.0	5.0	5.0	1.165	1.20299854334e-18	8.55453778239e-17	3.73329771502e-19	0.933990959295	1.28697577201e-16	-1.59718650117e-19	1.90497709837e-18	0.919966380528	442470894.974	-15642713.2816	8660760.64773	-12540975.9513	12724.7634037	5750111.91039	6839100.55058	5663836.22881	13211.7255466	514955948.99930054	-14595339.552775687	7959530.268866513	-14595423.666812208	11872.763967629933	5284546.203469436	7959473.841850115	5284608.331217786	12142.020045281144	515829603.436	0.15272108701766393	0.0	0.0	0.0	-0.06828852035581617	0.0	0.0	0.0	-0.08341815251110689	0.152633106039
530	1700.0	nan	nan	1	1	5.0	5.0	5.0	1.17	-1.61121548436e-18	3.09702774087e-17	-6.54862347346e-20	0.932240078707	1.0065565151e-16	-6.82602676369e-19	-2.18624497642e-18	0.917759097964	442215921.032	-15637750.6479	8502787.20401	-12460027.5321	13384.7083897	5643407.06362	6669617.52783	5555814.51171	13888.0308476	516865929.8267973	-14563297.573415343	7795566.46039774	-14563391.795159569	12465.05943223845	5174015.74001287	7795508.712273391	5174080.455592733	12732.891565892734	517722186.29	0.1570037488096647	0.0	0.0	0.0	-0.07016490228930276	0.0	0.0	0.0	-0.08582034331845413	0.156924772206
540	1750.0	nan	nan	1	1	5.0	5.0	5.0	1.175	3.50777519282e-19	1.13401485662e-16	2.84285432922e-20	0.930502044059	2.26458175976e-16	-1.18716961514e-19	-4.51333565011e-18	0.915564284736	441886225.05	-15633007.3774	8337881.24579	-12380125.7687	14196.9105194	5534504.41575	6496863.90123	5445729.03612	14622.9020701	518685717.02829444	-14531679.917525932	7626065.0803076085	-14531782.271583676	13196.754437917294	5062016.310566959	7626013.937554682	5062083.664393069	13374.52520157372	519524732.033	0.16126814759612232	0.0	0.0	0.0	-0.07203100617037929	0.0	0.0	0.0	-0.08821469916126078	0.161198358065
550	1800.0	nan	nan	1	1	5.0	5.0	5.0	1.18	-3.83494166869e-18	-2.96296624812e-17	-7.01237401208e-19	0.928776368874	1.60206038168e-16	-2.094659539e-18	1.43423853794e-18	0.913382164913	441487684.359	-15628167.5482	8170312.26518	-12300997.6976	14815.536392	5426610.00933	6324206.59054	5336733.23553	15185.6593413	520421115.1631311	-14500184.36463743	7454962.978291626	-14500288.832968887	13746.205912013796	4951484.766328042	7454909.3054531	4951547.619476721	13856.083404891227	521243536.003	0.16551443847757333	0.0	0.0	0.0	-0.07388729156424326	0.0	0.0	0.0	-0.09060090446413337	0.165453989639
560	1850.0	nan	nan	1	1	5.0	5.0	5.0	1.185	1.75494638759e-18	-8.31120639247e-17	-7.44436081518e-19	0.927062759249	-3.57530661507e-16	1.06953791459e-18	-1.88904229105e-18	0.911212776597	441025849.127	-15619415.2239	8001304.6678	-12219640.4666	15361.5168751	5323878.09594	6152587.69673	5232917.95749	15713.9858803	522077658.55913335	-14465272.498088226	7283385.9093592875	-14465368.177092638	14226.430656780345	4846192.004556873	7283311.364054648	4846249.563774111	14304.045164164045	522883851.532	0.16974277458709455	0.0	0.0	0.0	-0.07573401425269036	0.0	0.0	0.0	-0.09297884522117346	0.169691804011
570	1900.0	nan	nan	1	1	5.0	5.0	5.0	1.19	-1.88385421425e-18	1.22503066439e-16	1.05196198093e-18	0.925361060044	1.29285947462e-17	1.90264775777e-19	-5.51153750867e-19	0.909056023922	440505440.063	-15605851.0592	7829020.71099	-12135414.7493	15872.411773	5227466.30802	5980622.5165	5135411.69497	16299.1815825	523660006.78578323	-14426130.193131879	7109667.009890288	-14426226.765912082	14672.54030861141	4747151.160715617	7109589.445991163	4747201.381452057	14801.564316037948	524450150.042	0.17395330712343798	0.0	0.0	0.0	-0.07757128244796838	0.0	0.0	0.0	-0.09534855422641356	0.17391194648
580	1950.0	nan	nan	1	1	5.0	5.0	5.0	1.195	7.70270586409e-20	9.69303211982e-17	-2.18375681714e-19	0.923671279553	8.679547934e-17	-5.16743037384e-19	-1.51550076132e-18	0.906911653273	439931019.017	-15592585.8368	7650728.34252	-12052322.878	16123.0605531	5134254.94755	5806250.89319	5041139.9746	16598.1390638	525172724.4316437	-14387497.324220717	6931343.72968077	-14387599.346170451	14876.973774196527	4651489.929331539	6931278.924417979	4651530.455224641	15037.445060602575	525947453.636	0.17814618538347404	0.0	0.0	0.0	-0.07939902869688763	0.0	0.0	0.0	-0.09771023904341163	0.178114572751
590	2000.0	nan	nan	1	1	5.0	5.0	5.0	1.2	-1.38701645113e-20	1.01045869e-16	8.7588500702e-19	0.92199342568	-4.56135500668e-16	1.55271727144e-19	3.83970622902e-19	0.904779416799	439307199.773	-15584671.4601	7461438.71879	-11974216.9041	16477.7371155	5045045.12098	5625745.04412	4950883.89754	16994.253582	526620528.46042264	-14354024.83259095	6743937.023635271	-14354120.390458554	15176.569383981023	4559906.991074906	6743874.9686982995	4559936.383035425	15360.063955505062	527380353.895	0.1823215567939546	0.0	0.0	0.0	-0.08121718594988078	0.0	0.0	0.0	-0.10006410333487503	0.182299836209
600	2050.0	nan	nan	1	1	5.0	5.0	5.0	1.205	-1.60735089653e-18	9.79118206258e-17	5.66135646121e-19	0.920327394915	-1.43931914744e-16	3.20284333181e-20	3.51073980813e-18	0.902659179609	438637642.895	-15581284.2087	7268611.64478	-11900394.7247	17862.1447816	4964024.1723	5444834.07707	4868755.14884	18417.2423574	528007080.4978367	-14324926.402315995	6554235.907859396	-14325019.243423281	16421.875498622325	4476148.550450646	6554182.002836116	4476175.278228179	16607.153756702573	528751958.245	0.18647956694261839	0.0	0.0	0.0	-0.08302580820559646	0.0	0.0	0.0	-0.10241022802951118	0.186467880228
610	2100.0	nan	nan	1	1	5.0	5.0	5.0	1.21	3.51931601672e-18	-8.68740019412e-17	-2.39657384514e-19	0.918672973952	3.8111371312e-16	-1.95834017405e-18	-5.19101494747e-18	0.900550900599	437923475.152	-15583367.3308	7075728.76108	-11831492.2358	17921.6994999	4893575.54516	5266118.45866	4797077.23711	18501.6397072	529333062.68449366	-14301041.692703258	6365387.777486055	-14301128.796829283	16446.95695811726	4402303.566906604	6365337.257187027	4402334.881462748	16644.2376795808	530065310.261	0.1906203596086497	0.0	0.0	0.0	-0.0848250698450559	0.0	0.0	0.0	-0.10474859114515893	0.190618845039
620	2150.0	nan	nan	1	1	5.0	5.0	5.0	1.215	-2.42611411917e-18	6.21531336174e-17	-4.77673642692e-19	0.917029947282	3.38102319736e-16	-5.07902130997e-19	-2.25612519457e-18	0.898454564375	437169097.309	-15591605.4218	6881369.23192	-11767956.9429	17959.9482953	4832493.60135	5088507.26452	4734643.93973	18589.5729252	530603141.4942979	-14282967.179209862	6176110.602459318	-14283065.66339685	16452.52974933784	4337220.393460428	6176049.397568624	4337254.7064240305	16684.362453035283	531323810.83	0.19474407679251185	0.0	0.0	0.0	-0.08661514937234238	0.0	0.0	0.0	-0.10707914234543488	0.194752860351
630	2200.0	nan	nan	1	1	5.0	5.0	5.0	1.22	2.75179828739e-18	-8.40696082018e-17	-6.20133996509e-19	0.915398176574	-5.1657416019e-17	-4.6586812099e-20	-3.66847322478e-18	0.896370078545	436377812.361	-15600208.7272	6680558.14839	-11705332.9052	18365.7937821	4781916.64585	4908363.51499	4682551.44076	19026.286941	531820735.9896319	-14265376.142995108	5981951.324439019	-14265479.555356681	16794.32378424065	4281856.691853387	5981902.432031011	4281888.709277184	17036.648710751902	532529965.773	0.19885085874516517	0.0	0.0	0.0	-0.08839614270908414	0.0	0.0	0.0	-0.10940191719190456	0.198870061586
640	2250.0	nan	nan	1	1	5.0	5.0	5.0	1.225	-3.63334782725e-18	6.84934399254e-17	-6.40515726802e-19	0.913777399549	-1.98761773552e-16	-1.03348607477e-18	-2.00302116202e-18	0.894297470607	435551842.547	-15606127.3573	6473554.64802	-11641331.7185	18562.0370679	4740333.552	4725907.74423	4639301.83659	19264.5460039	532988011.3691841	-14245478.960407374	5783174.774463836	-14245583.73131616	16943.672344783718	4234795.08724868	5783128.262715517	4234815.927809789	17210.055765162713	533686197.849	0.20294084399669038	0.0	0.0	0.0	-0.09016828254117601	0.0	0.0	0.0	-0.11171681798354896	0.202970574596
650	2300.0	nan	nan	1	1	5.0	5.0	5.0	1.23	1.52889446979e-18	7.18710367421e-17	5.32783723823e-19	0.912167408987	2.32362710302e-17	7.20825038113e-19	-1.62137987972e-18	0.892236619932	434680841.192	-15610211.7322	6261914.12338	-11576589.1606	-2733.54322046	4703658.68637	4542468.22926	4600956.21875	-3256.77653173	534091791.9665293	-14224062.056023147	5581198.190179383	-14224140.251247277	-2490.8110836471665	4192336.5332611245	5581324.886239664	4192402.2489426103	-2902.741067119414	534799100.028	0.20701416938432612	0.0	0.0	0.0	-0.0919317432675922	0.0	0.0	0.0	-0.11402391259766095	0.207054567536
660	2350.0	nan	nan	1	1	5.0	5.0	5.0	1.235	3.94505595184e-19	1.42398414532e-16	-1.59824529235e-19	0.910568279945	2.05562415798e-16	-1.67648996085e-18	-3.16366805799e-19	0.890187538693	433804851.096	-15612819.0798	6050471.76408	-11511472.8949	20835.4768487	4674426.57407	4361087.40135	4569790.59165	21820.1297315	535180617.5773227	-14201455.558039067	5380340.528228822	-14201586.629453897	18951.99688057683	4156701.778530289	5380229.019722678	4156691.861037941	19403.40074348752	535855851.06	0.2110709700799406	0.0	0.0	0.0	-0.09368639092385045	0.0	0.0	0.0	-0.11632312082120928	0.211122061263
670	2400.0	nan	nan	1	1	5.0	5.0	5.0	1.24	-9.4962981299e-19	9.59971291183e-17	-1.44477351022e-18	0.908979692288	3.10100773693e-16	-4.24575264811e-20	7.68354174366e-18	0.888150005202	432888522.302	-15614172.0657	5839700.34763	-11446024.759	20032.5493135	4652035.34561	4182611.95248	4545435.77155	20730.4383946	536210813.1376949	-14177868.797814539	5181013.177933143	-14177974.06727229	18189.81209234181	4127310.4774285043	5180922.201753606	4127314.0661422373	18392.155095824983	536877167.126	0.2151113796169455	0.0	0.0	0.0	-0.09543252577148796	0.0	0.0	0.0	-0.11861462547912434	0.21517330142
680	2450.0	nan	nan	1	1	5.0	5.0	5.0	1.245	3.22497206755e-18	1.63131345861e-16	-9.05319401937e-19	0.90740138832	-2.10858926052e-16	-1.73218237714e-19	-3.84552958053e-19	0.886124080202	431935778.668	-15620693.8714	5627448.73311	-11385024.1694	-146.267906755	4631794.66116	4005246.79047	4523206.27367	618.820181802	537186638.1846393	-14159125.505901366	4981300.669408083	-14159241.167913808	-132.58218017039897	4099968.376512635	4981215.182283289	4099987.2249742756	547.7667646649472	537862042.606	0.219135529916671	0.0	0.0	0.0	-0.09717038175564789	0.0	0.0	0.0	-0.12089829280777635	0.219208396087
690	2500.0	nan	nan	1	1	5.0	5.0	5.0	1.25	2.01583253535e-18	7.79851587834e-17	4.79103010791e-20	0.905833232499	2.55793243045e-16	-4.25686995554e-19	-6.61114509288e-18	0.884109862175	430972805.108	-15630765.3454	5413296.20659	-11327177.8973	-230.328527428	4616425.67068	3828695.36873	4505714.27888	485.14896985	538140132.9837258	-14143731.238963202	4780832.508567497	-14143836.798370158	-208.4162046196978	4077064.5236269548	4780753.2411847105	4077062.7919887565	428.46647920968167	538807256.331	0.22314355131420976	0.0	0.0	0.0	-0.09890005997153922	0.0	0.0	0.0	-0.12317394558791668	0.223227396643
700	2550.0	nan	nan	1	1	5.0	5.0	5.0	1.255	-2.15887522431e-18	1.55412361083e-16	3.90482188684e-19	0.904274951377	4.66352901768e-16	1.19172241723e-18	1.67897812014e-18	0.882107322964	429990129.404	-15642144.8672	5199609.67611	-11270852.8293	1054.00677244	4603530.64592	3654636.85826	4490635.17857	1551.86555861	539059318.4536667	-14129641.742539823	4581698.601138877	-14129762.12494779	952.0905358733728	4056456.394721386	4581654.13410757	4056417.250212977	1367.4450010560136	539717503.135	0.22713557258374711	0.0	0.0	0.0	-0.10062181508080119	0.0	0.0	0.0	-0.12544154901284274	0.227230451321
