inc	time	elem	node	ip	grain	1_pos	2_pos	3_pos	1_f	2_f	3_f	4_f	5_f	6_f	7_f	8_f	9_f	1_p	2_p	3_p	4_p	5_p	6_p	7_p	8_p	9_p	1_Cauchy	2_Cauchy	3_Cauchy	4_Cauchy	5_Cauchy	6_Cauchy	7_Cauchy	8_Cauchy	9_Cauchy	Mises(Cauchy)	1_ln(V)	2_ln(V)	3_ln(V)	4_ln(V)	5_ln(V)	6_ln(V)	7_ln(V)	8_ln(V)	9_ln(V)	Mises(ln(V))
0	0.0	nan	nan	1	1	5.0	5.0	5.0	1.0	0.0	0.0	0.0	1.0	0.0	0.0	0.0	1.0	8.31125054349e-06	7.66120311217e-07	-4.59618242054e-08	7.66120311217e-07	9.1789621153e-06	-6.33191209673e-07	-4.59618242054e-08	-6.33191209673e-07	1.0792128088e-05	8.31125054349e-06	7.66120311217e-07	-4.59618242054e-08	7.66120311217e-07	9.1789621153e-06	-6.33191209673e-07	-4.59618242054e-08	-6.33191209673e-07	1.0792128088e-05	2.77937805898e-06	0.0	0.0	0.0	0.0	0.0	0.0	0.0	0.0	0.0	0.0
10	2.5	nan	nan	1	1	5.0	5.0	5.0	1.00025	3.45417699105e-21	5.4037408822e-20	2.73370267752e-22	0.999932834069	7.55989313134e-20	-1.59865578073e-22	2.50842520757e-22	0.999924628568	54413486.9074	572097.093356	-890966.523091	571915.689845	14.5646238983	474862.134987	-890676.70154	474858.237947	14.9058694339	54421243.6924654	571997.2170791437	-890803.6687894694	571997.2179244119	14.562081217301186	474775.3378523014	-890803.6698364514	474775.3375558051	14.90314488152631	54458319.2207	0.0002499687552074404	0.0	0.0	0.0	-6.716818673212915e-05	0.0	0.0	0.0	-7.537427256931774e-05	0.000214212389677
20	5.0	nan	nan	1	1	5.0	5.0	5.0	1.0005	1.93172522425e-21	1.28043939908e-19	-1.19497225476e-21	0.999865643986	1.26566698732e-19	-6.77638636266e-22	-1.73695003939e-22	0.999849229196	108870042.922	1144583.60265	-1782487.62529	1143857.89101	110.482472573	949731.355425	-1781328.21228	949715.762714	123.89194347	108901091.33764434	1144184.1064092217	-1781836.2272896615	1144184.1054054839	110.44391066073558	949384.2825494269	-1781836.2254785753	949384.2815743666	123.84666800043185	108975127.733	0.0004998750416509929	0.0	0.0	0.0	-0.0001343650405778002	0.0	0.0	0.0	-0.00015078217106028645	0.000428403966299
30	7.5	nan	nan	1	1	5.0	5.0	5.0	1.00075	6.43406929838e-21	-2.52020012359e-19	3.19331783006e-21	0.999794979016	-5.3314478816e-20	-1.84418625099e-21	-1.71957924653e-21	0.999772363845	160864318.464	1645513.51268	-2660614.62125	1643943.24215	-4274.7287959	1515735.92984	-2658015.41446	1515701.73829	-2932.57148473	160933940.17130518	1644654.6853220295	-2659165.8405554313	1644654.7370068098	-4272.497726990791	1514910.568310496	-2659165.7974222708	1514910.662367903	-2930.974615751462	161050009.05	0.0007497188905459742	0.0	0.0	0.0	-0.00020504200367518711	0.0	0.0	0.0	-0.0002276620680420914	0.000644179680016
40	10.0	nan	nan	1	1	5.0	5.0	5.0	1.001	1.86167336613e-21	-4.6483476561e-19	-4.74183871085e-21	0.999692903103	-1.74294709883e-19	7.40331818114e-21	1.89936178279e-21	0.999671942058	184800099.449	1491223.71351	-3730606.78235	1489275.84365	7622.77509641	2299352.22984	-3725657.45708	2299303.93642	6979.46286993	184917532.08469626	1490222.8589747064	-3728024.7672855253	1490222.2153679808	7617.658969998082	2297760.8098800974	-3728024.954587798	2297760.728146194	6974.632267477509	185083741.227	0.0009995003330834232	0.0	0.0	0.0	-0.00030714406090806166	0.0	0.0	0.0	-0.0003281117647780517	0.000878168940889
50	12.5	nan	nan	1	1	5.0	5.0	5.0	1.00125	2.32091370246e-20	-5.60161127352e-19	3.37076099615e-22	0.999577208275	4.43168837415e-19	-1.96333903329e-21	-1.13173817434e-20	0.999555352385	193579410.148	777724.938686	-4440625.84831	776425.427468	-5327.08116727	2864158.8216	-4433109.7983	2864096.12012	-5882.62328895	193747437.87441003	777099.5316441247	-4436957.904901598	777099.367941342	-5322.797398151986	2861793.0351480055	-4436957.7558889035	2861792.9589469032	-5877.764260053199	193973402.319	0.0012492194004318981	0.0	0.0	0.0	-0.0004228811266209118	0.0	0.0	0.0	-0.000444746500064259	0.00112209315707
60	15.0	nan	nan	1	1	5.0	5.0	5.0	1.0015	-1.68345988809e-20	4.45680778141e-20	4.04201806324e-21	0.999458090888	-5.86710523087e-19	2.29633092863e-21	-3.16370734907e-21	0.999435651463	198966599.335	53382.583774	-4792893.12899	53274.4701444	-4065.21620296	3142281.83577	-4783014.18185	3142211.23548	-6513.26511126	199186890.43967625	53332.7280763202	-4788309.385641422	53333.45437551405	-4061.419567883741	3139276.6751965354	-4788309.821828386	3139276.624183076	-6507.0360686279655	199438912.669	0.0014988761237359487	0.0	0.0	0.0	-0.000542055997810432	0.0	0.0	0.0	-0.0005645078415735656	0.00136816677008
70	17.5	nan	nan	1	1	5.0	5.0	5.0	1.00175	1.42980236831e-20	-1.75327444878e-18	-3.21359667977e-21	0.999337212583	6.91945061002e-19	8.55651135261e-21	2.70974028915e-21	0.999315304311	203089565.835	-461355.990845	-4944795.46207	-460244.230548	-3014.32126229	3290617.71806	-4932777.66782	3290545.5457	-5450.47390825	203363502.43098202	-460865.5809719829	-4939430.979693244	-460865.0292449608	-3011.1171142203807	3287047.8108934485	-4939431.226398961	3287047.7781295218	-5444.560828234849	203628777.187	0.001748470534116803	0.0	0.0	0.0	-0.0006630071576794357	0.0	0.0	0.0	-0.0006849302001447612	0.0016150090754
80	20.0	nan	nan	1	1	5.0	5.0	5.0	1.002	-3.16510321636e-21	4.39189891874e-19	-4.36751363428e-22	0.999215690441	2.44761264669e-18	1.09596778272e-20	-2.73789544925e-20	0.999194459851	206587884.542	-809715.116607	-5010997.8296	-807464.782576	-1345.65504423	3356410.29425	-4996967.68271	3356339.11083	-2069.05025317	206916720.30084848	-808750.3996869288	-5004921.245499039	-808750.0626644741	-1344.051793700117	3352340.144925675	-5004921.593770797	3352340.275852975	-2066.54122037852	207186050.092	0.001998002662673058	0.0	0.0	0.0	-0.0007846172906574955	0.0	0.0	0.0	-0.0008058647708081609	0.00186220286785
90	22.5	nan	nan	1	1	5.0	5.0	5.0	1.00225	-6.45986699373e-21	-2.97128652703e-19	3.46257804415e-21	0.999093947051	-1.77385470242e-19	-7.1762054042e-21	1.74642642728e-20	0.999073196903	209719106.289	-1048298.25788	-5039955.55212	-1044996.53552	-1059.19238876	3376214.21802	-5023981.29075	3376144.52607	-1711.84483058	210104020.28165027	-1046915.1661139852	-5033201.456646053	-1046914.4999625835	-1057.7949236201825	3371689.719156232	-5033202.199287336	3371690.1471184157	-1709.5507699870534	210375077.193	0.00224747254047937	0.0	0.0	0.0	-0.0009064636630784399	0.0	0.0	0.0	-0.0009272328445390505	0.00210958127581
100	25.0	nan	nan	1	1	5.0	5.0	5.0	1.0025	-7.37493554637e-21	1.53053518254e-18	1.04390193304e-20	0.998972139327	-6.5316579991e-19	-9.14954815303e-21	3.09233200197e-20	0.998951624703	212614276.927	-1217193.8793	-5058902.59629	-1212909.62538	-439.008457051	3377627.72084	-5040997.31152	3377559.02294	-570.953727783	213056402.70782584	-1215432.7127234542	-5051479.0957953185	-1215431.838953534	-438.3732525576771	3372671.345306126	-5051479.932464886	3372672.008502388	-570.1159027409155	213326872.441	0.002496880198587146	0.0	0.0	0.0	-0.0010283892840377946	0.0	0.0	0.0	-0.001048925226770439	0.00235705478957
110	27.5	nan	nan	1	1	5.0	5.0	5.0	1.00275	2.52947695416e-20	2.60280237956e-19	-1.2956957115e-20	0.998850372907	3.09130547083e-18	4.89908057542e-21	-3.33064273644e-20	0.998829781628	215346521.979	-1341510.59832	-5079041.55375	-1336292.65973	-239.777495764	3375019.14799	-5059185.98605	3374950.44147	-246.996612499	215846963.19560108	-1339398.9507854506	-5070942.186915541	-1339398.0543201922	-239.40006635090512	3369637.125050512	-5070942.968083436	3369637.9931092625	-246.6027357901118	216117109.771	0.0027462256680252286	0.0	0.0	0.0	-0.001150288421128262	0.0	0.0	0.0	-0.001170903612157705	0.00260457498477
120	30.0	nan	nan	1	1	5.0	5.0	5.0	1.003	-9.08451107736e-21	4.06312771247e-19	-3.60816183196e-21	0.998728704601	-2.44731992815e-18	4.57461898015e-21	1.58289282018e-20	0.998707695628	217958208.366	-1436846.29262	-5101640.59436	-1430726.80145	-227.1626957	3374977.33515	-5079808.97915	3374907.03134	-155.724959295	218518042.1654316	-1434402.3310836267	-5092855.974377967	-1434401.6766804815	-226.77630997897379	3369165.8921859376	-5092856.658255569	3369166.582263578	-155.45681328121833	218788153.71	0.002995508979798371	0.0	0.0	0.0	-0.0012721041805354295	0.0	0.0	0.0	-0.0012931401173977243	0.00285211327793
130	32.5	nan	nan	1	1	5.0	5.0	5.0	1.00325	2.17602267841e-20	1.23325639655e-18	-3.31699425634e-21	0.99860717188	-2.02326878566e-18	-2.12301074091e-20	6.38914305136e-21	0.99858538033	220474557.363	-1513101.17698	-5125200.90881	-1506098.28118	-196.685153902	3378557.83402	-5101371.79976	3378484.70688	-132.449471422	221094833.9378917	-1510336.0796389028	-5115723.288672981	-1510335.4933757023	-196.32572413989857	3372310.1398648787	-5115723.847747081	3372310.7383298096	-132.20454331092247	221365017.311	0.0032447301648890294	0.0	0.0	0.0	-0.0013937990067097105	0.0	0.0	0.0	-0.001415621189029155	0.00309965244738
140	35.0	nan	nan	1	1	5.0	5.0	5.0	1.0035	4.89856358754e-20	1.06785873794e-18	-9.38188250758e-21	0.998485770812	2.12106273056e-18	-2.4996984521e-20	-6.85881620317e-20	0.998462875487	222913819.002	-1575097.14676	-5150112.18057	-1567226.30119	-167.099108538	3385774.29503	-5124261.39781	3385697.17555	-110.421977185	223595567.73329818	-1572019.9247508952	-5139932.692879213	-1572019.4295266683	-166.7726518140043	3379082.1208497817	-5139933.188470793	3379082.6363222464	-110.20372190858346	223865952.979	0.003493889254255838	0.0	0.0	0.0	-0.0015153767916532021	0.0	0.0	0.0	-0.0015383071008961862	0.00334718031498
150	37.5	nan	nan	1	1	5.0	5.0	5.0	1.00375	3.0440246542e-21	-4.26938933412e-19	3.34015531349e-21	0.998364496049	7.96862737043e-19	5.51574372208e-22	-5.00278834472e-21	0.99834021062	225288252.238	-1627025.32416	-5176131.14281	-1618295.28087	-144.7074982	3397538.11385	-5148234.35562	3397455.9664	-90.4017837457	226032481.98247886	-1623641.6769707678	-5165240.940394276	-1623641.2475212077	-144.4065568979324	3390389.9414497777	-5165241.319369501	3390390.4388015373	-90.211584985937	226303265.469	0.003742986278834297	0.0	0.0	0.0	-0.0016368428476329243	0.0	0.0	0.0	-0.0016611683564776716	0.00359468868943
160	40.0	nan	nan	1	1	5.0	5.0	5.0	1.004	9.91351148726e-20	-4.17413948658e-19	1.78985340944e-20	0.998243339763	-6.20916343932e-18	6.91595370398e-21	-5.25524386767e-20	0.998217410505	227606450.379	-1670885.6557	-5202947.099	-1661304.83816	-129.330948869	3413054.20042	-5172980.79375	3412966.03781	-69.8391320068	228414149.84060657	-1667200.675146625	-5191337.642509054	-1667200.2555399197	-129.045721672351	3405438.573451848	-5191337.979124384	3405439.0634561563	-69.68329833235171	228685480.338	0.003992021269537457	0.0	0.0	0.0	-0.0017582049739111917	0.0	0.0	0.0	-0.0017841801983158128	0.00384217183838
170	42.5	nan	nan	1	1	5.0	5.0	5.0	1.00425	3.79866152703e-20	1.08417652989e-18	-4.98128164879e-21	0.998122298736	4.50642569346e-19	1.16106786628e-20	-8.48662493061e-20	0.998094490616	229874814.399	-1707985.42178	-5230879.10035	-1697563.33317	-115.685927588	3431037.52691	-5198816.92185	3430942.39193	-58.4001321493	230746953.12166488	-1704004.199657248	-5218540.80774587	-1704003.8417611844	-115.41626991508667	3422944.5956587438	-5218541.090247678	3422945.049810766	-58.262381322956514	231018952.691	0.004240994257254614	0.0	0.0	0.0	-0.0018794663549065586	0.0	0.0	0.0	-0.001907327176587452	0.00408962564938
180	45.0	nan	nan	1	1	5.0	5.0	5.0	1.0045	1.66494913695e-20	-9.55497832256e-19	6.11121036554e-21	0.998001367377	-2.04517847364e-18	-2.10875996991e-20	1.64807465245e-20	0.997971466443	232098387.835	-1739757.80771	-5259757.11784	-1728502.06774	-103.151844795	3451123.28151	-5225572.67222	3451020.27675	-49.5091010941	233035917.4043272	-1735484.4583070225	-5246680.4304138385	-1735484.114510189	-102.89847396809239	3442543.1780165536	-5246680.655530755	3442543.5707545113	-49.38601270327624	233308693.13	0.004489905272852001	0.0	0.0	0.0	-0.002000632554376814	0.0	0.0	0.0	-0.0020305938178724853	0.00433704680261
190	47.5	nan	nan	1	1	5.0	5.0	5.0	1.00475	1.32263698405e-19	-1.60901270238e-18	1.57809517263e-20	0.997880535064	-4.37785897541e-18	6.23368479499e-21	1.96554657155e-20	0.997848356329	234281126.559	-1766989.39274	-5289145.66295	-1754908.18621	-88.2211578026	3473384.91838	-5252814.63137	3473273.28803	-42.0701437172	235284981.28974566	-1762427.9893752874	-5275321.852925537	-1762427.668938403	-87.99341886558878	3464306.81459665	-5275322.047545083	3464307.1898023137	-41.96018840276757	235558618.578	0.00473875434717347	0.0	0.0	0.0	-0.0021217141804988995	0.0	0.0	0.0	-0.0021539617820060296	0.00458443269153
200	50.0	nan	nan	1	1	5.0	5.0	5.0	1.005	4.6983858793e-22	-6.87016512117e-19	-1.51142441526e-20	0.997759790632	-1.77571901242e-18	-9.05824809292e-21	6.45300139465e-20	0.997725177876	236426339.43	-1790704.47225	-5319005.42864	-1777803.65256	-77.8428789904	3497501.11695	-5280503.29403	3497380.11716	-34.8025347855	237497437.53430995	-1785858.00407411	-5304425.739297711	-1785857.7556970837	-77.6322004325576	3487914.2721077544	-5304425.912303725	3487914.6013814476	-34.7071391044266	237772022.791	0.004987541511038968	0.0	0.0	0.0	-0.002242722390838998	0.0	0.0	0.0	-0.002277413462482758	0.00483178113762
210	100.0	nan	nan	1	1	5.0	5.0	5.0	1.01	-6.1270922333e-20	-2.93650771818e-19	-6.05496208389e-21	0.995359453433	1.00635744581e-17	-9.40884859555e-20	2.99287180511e-19	0.995254893381	273329815.155	-1990669.38295	-5905230.94999	-1961814.59745	5437.66586442	4060300.53611	-5819020.45226	4059876.15087	11806.3117276	275913366.7431355	-1980356.7892074594	-5874021.98939917	-1980357.9430268272	5409.496224876811	4038841.9749645465	-5874022.646302769	4038844.103184157	11743.915739949365	276202222.683	0.009950330853168092	0.0	0.0	0.0	-0.0046513473304710205	0.0	0.0	0.0	-0.004756400378303718	0.00976965807927
220	150.0	nan	nan	1	1	5.0	5.0	5.0	1.015	-2.26984977529e-19	1.84666417391e-19	8.0878411573e-20	0.992978812949	3.67534003878e-18	2.33446912475e-20	5.58380000698e-20	0.992786658784	302669432.327	-2031291.31288	-6347886.21692	-1987211.14275	-8377.62941192	4558507.66675	-6208965.00099	4557616.18302	-11549.4870108	307024227.7597479	-2015812.9762638558	-6298296.609157148	-2015803.0555236826	-8313.792301378138	4522896.661849574	-6298299.335879791	4522887.3792287065	-11459.262562667782	307347544.513	0.014888612493750559	0.0	0.0	0.0	-0.007045951570429434	0.0	0.0	0.0	-0.007239483151409039	0.0146879782441
230	200.0	nan	nan	1	1	5.0	5.0	5.0	1.02	-2.24076610496e-19	1.1364644362e-17	-1.02954207761e-19	0.990613604127	-6.1529860367e-18	6.53340335019e-20	6.03841847164e-20	0.990328735101	326586203.224	-2010560.65007	-6636894.11732	-1952614.56927	-12522.4815828	4958642.97673	-6443825.23337	4957207.75899	-10533.1618487	332900283.7742729	-1990387.4565696218	-6568412.660033317	-1990365.599632881	-12396.83581127558	4907478.216345369	-6568407.445275238	4907469.039921665	-10424.477536356813	333232295.872	0.01980262729617973	0.0	0.0	0.0	-0.009430725703038743	0.0	0.0	0.0	-0.009718335314204157	0.0195854757995
240	250.0	nan	nan	1	1	5.0	5.0	5.0	1.025	-2.94873344763e-20	-9.76742477364e-18	-1.18531673056e-19	0.988263216239	-3.76858395782e-17	7.4528973191e-22	-1.91528707753e-19	0.987883639647	346315640.644	-1938317.86698	-6807723.3452	-1868844.27596	-6475.69224606	5288100.72482	-6561182.24505	5286060.1885	-4405.67899361	354726539.27339727	-1914235.387195629	-6720559.060840357	-1914232.522733951	-6395.235510731992	5220393.285500269	-6720532.364638867	5220383.944269296	-4349.26984812569	355053484.012	0.024692612590371414	0.0	0.0	0.0	-0.011806203518594694	0.0	0.0	0.0	-0.012190361806768248	0.0244616023611
250	300.0	nan	nan	1	1	5.0	5.0	5.0	1.03	2.20817518882e-19	1.28043389833e-17	-4.49986253229e-20	0.985927931061	-5.25571866934e-17	2.49229518562e-20	4.33204412961e-19	0.985452255212	362730987.185	-1823827.03159	-6877240.41236	-1745762.0295	-13907.738561	5569594.09776	-6579795.13887	5566894.37565	-14592.3545101	373339464.22232753	-1796845.9116587946	-6772231.75125907	-1796818.8100257388	-13701.991878016299	5484551.902924075	-6772228.6725549	5484539.501973838	-14369.543685185141	373671449.011	0.02955880224154443	0.0	0.0	0.0	-0.014172019281092253	0.0	0.0	0.0	-0.014654600836434717	0.0293160655528
260	350.0	nan	nan	1	1	5.0	5.0	5.0	1.035	-3.73058456261e-19	-9.11081872957e-18	-1.1297301934e-19	0.983608529403	-7.98734624022e-17	-7.47357683442e-20	-9.57517807312e-19	0.983034742246	376493526.766	-1673732.45808	-6865116.16977	-1590638.42242	-11271.5678532	5814240.10567	-6520443.01598	5810821.23189	-17225.1372255	389373472.7991705	-1645041.360434899	-6743498.33759111	-1645054.5958268552	-11078.35079970524	5711238.894920956	-6743509.146438024	5711212.218180828	-16919.98815059084	389698602.41	0.03440142671733232	0.0	0.0	0.0	-0.016527297060170327	0.0	0.0	0.0	-0.017110816381190556	0.0341486508256
270	400.0	nan	nan	1	1	5.0	5.0	5.0	1.04	-6.95691982382e-19	-3.95649089662e-17	-2.91564622313e-19	0.981305472848	-1.00084649146e-16	5.36889848384e-20	-4.10758039859e-19	0.980631172686	388111258.311	-1490925.45242	-6787662.84263	-1406753.93345	-15075.9151312	6025567.02398	-6400171.03526	6021412.47951	-13416.3225398	403316811.66019255	-1461897.4041604293	-6650934.971556175	-1461868.211962168	-14782.389796801537	5904190.495666432	-6650919.087620337	5904176.670192852	-13146.069691207444	403632764.686	0.03922071315328133	0.0	0.0	0.0	-0.018871478644713495	0.0	0.0	0.0	-0.01955886086990913	0.0389592766433
280	450.0	nan	nan	1	1	5.0	5.0	5.0	1.045	-8.47092504258e-19	-7.1872730808e-19	1.82879707268e-19	0.979019063485	-5.87120953564e-17	-1.31523371757e-19	7.18125120594e-20	0.978241560117	397966188.688	-1277807.8422	-6663198.93661	-1197099.59714	-15179.6820343	6214627.42723	-6237518.11222	6209682.09316	-14235.8808579	415536251.4763611	-1249980.2441112646	-6512913.959293234	-1249951.109865271	-14849.104871745141	6074459.7463880135	-6512902.2729612645	6074450.07169286	-13914.797988820577	415842478.721	0.04401688541677426	0.0	0.0	0.0	-0.021204164235695204	0.0	0.0	0.0	-0.021998645460649335	0.0437479315961
290	500.0	nan	nan	1	1	5.0	5.0	5.0	1.05	5.3896441736e-19	-1.67590365523e-17	8.86208221065e-20	0.976749725426	-5.88180786995e-17	1.17586994023e-19	3.13256606696e-19	0.975865708358	406366533.17	-1041524.77628	-6506184.12544	-968849.88599	-5828.43478829	6384095.72084	-6046817.32289	6378299.25423	-4774.95998273	426328708.73640734	-1016459.8979822044	-6343862.375850574	-1016443.2529209703	-5688.1702338964715	6224819.9353759615	-6343858.587769523	6224801.902851378	-4655.830268035088	426615348.876	0.04879016416943205	0.0	0.0	0.0	-0.02352482615679926	0.0	0.0	0.0	-0.024430295931444565	0.0485146334826
300	550.0	nan	nan	1	1	5.0	5.0	5.0	1.055	-1.00704276495e-19	-2.56038604667e-17	1.51248320644e-19	0.974497962356	5.27843296625e-17	-6.76478644704e-20	-2.7777386714e-19	0.97350304559	413537270.573	-792809.728575	-6329667.83441	-732275.490834	-14705.8837945	6534273.01954	-5840691.69585	6527591.55646	-12950.6134921	435909573.44296527	-771932.2698733425	-6156693.377371828	-771891.4825014278	-14318.62633470171	6355707.199458627	-6156672.220189657	6355697.193626898	-12596.704662172273	436194424.17	0.05354076692802976	0.0	0.0	0.0	-0.025832851000278278	0.0	0.0	0.0	-0.026854325679655476	0.0532595021234
310	600.0	nan	nan	1	1	5.0	5.0	5.0	1.06	-4.4260118472e-19	2.20034013406e-17	4.08402229475e-19	0.972263886734	4.75022942419e-18	1.40184779951e-19	2.073642534e-19	0.971153577458	419692347.414	-532669.994792	-6134166.7512	-488543.181341	-15219.2510651	6667907.84907	-5619999.11377	6660286.08511	-13431.6650709	444486915.75198054	-517445.3090382127	-5952036.113078692	-517405.3165942427	-14784.256946528267	6469929.808898917	-5952017.204984574	6469922.889008225	-13032.863109750811	444762459.868	0.058268908123975824	0.0	0.0	0.0	-0.028128022958542682	0.0	0.0	0.0	-0.029270658977062363	0.0579825857493
320	650.0	nan	nan	1	1	5.0	5.0	5.0	1.065	1.48233412747e-18	-7.36601026756e-18	-6.42156853137e-20	0.970047634881	-1.15986803925e-16	2.48063193899e-20	-9.53176763457e-20	0.968817046276	424983152.92	-264546.384619	-5922715.5628	-240920.6183	-15044.8708778	6781693.48174	-5387800.75491	6773083.55792	-13673.0036992	452206584.22584534	-256395.53112676667	-5732950.7028971445	-256353.43218306347	-14581.328204514526	6564406.816557298	-5732930.72708206	6564400.260846163	-13234.91822912835	452472590.214	0.06297479916138839	0.0	0.0	0.0	-0.030410100565730774	0.0	0.0	0.0	-0.031679491650319774	0.0626840146552
330	700.0	nan	nan	1	1	5.0	5.0	5.0	1.07	-7.44197853502e-19	6.91764528833e-18	-2.33992851679e-20	0.967849434861	1.6112143263e-17	-2.01549173693e-19	-3.08849388393e-19	0.966493088789	429534116.778	12189.5669226	-5699109.34033	11054.9091587	-14786.6503279	6873473.47968	-5147785.27922	6863834.64173	-13108.9366466	459188614.00006795	11787.066820649878	-5503201.448155321	11818.126235368993	-14298.394403610695	6637196.612381874	-5503181.92479386	6637190.4827859895	-12658.314629416856	459444854.595	0.06765864847381486	0.0	0.0	0.0	-0.03267874630251581	0.0	0.0	0.0	-0.03408113112082914	0.0673639241164
340	750.0	nan	nan	1	1	5.0	5.0	5.0	1.075	1.78485723854e-19	8.52065514101e-19	1.15090601708e-19	0.965669410815	3.43421832228e-17	-5.60844998923e-20	2.11591477202e-18	0.96418140971	433451395.018	292377.027558	-5469771.96426	262668.695591	-14600.182489	6940148.92437	-4905884.42708	6929458.35477	-12885.7627512	465535899.3006071	282082.4250991475	-5269049.541974425	282111.6942419705	-14086.109698102617	6685468.562514981	-5269022.882094285	6685471.95264619	-12412.89815477471	465782807.171	0.07232066157962608	0.0	0.0	0.0	-0.03493372817109185	0.0	0.0	0.0	-0.036475817729571446	0.0720224595697
350	800.0	nan	nan	1	1	5.0	5.0	5.0	1.08	-2.48547259993e-18	6.69185475961e-18	2.5050999415e-19	0.963507532399	7.32642818632e-17	-3.42242669721e-19	-2.71844636509e-20	0.961881857873	436823781.558	571926.63285	-5245858.8925	510285.899915	-11716.4257665	6984667.60282	-4672091.71785	6972895.83418	-8729.45869643	471334713.5183209	550547.5467167535	-5041244.192685106	550600.6508872737	-11278.45617171497	6712230.677972266	-5041206.784827395	6712243.274787498	-8388.966203719177	471569714.723	0.0769610411361284	0.0	0.0	0.0	-0.037174973411517084	0.0	0.0	0.0	-0.03886364472188149	0.0766597667645
360	850.0	nan	nan	1	1	5.0	5.0	5.0	1.085	2.58345048913e-20	-2.03075073769e-17	-2.41404389967e-20	0.961363804014	-4.60094466489e-17	-5.10205001823e-20	-6.19525191578e-19	0.959594160614	439716049.862	836684.553863	-5032355.74524	741392.571791	-14392.9048591	7005802.21588	-4450670.94482	6992919.67282	-12424.3987443	476647099.6746276	803608.3057949579	-4824516.87370047	803660.9515968281	-13823.917073510971	6716458.9936416065	-4824475.699989493	6716471.942608931	-11911.264708214621	476877155.985	0.08157998699242285	0.0	0.0	0.0	-0.03940237347795804	0.0	0.0	0.0	-0.04124483326437407	0.0812760217122
370	900.0	nan	nan	1	1	5.0	5.0	5.0	1.09	3.9942897419e-20	8.25746570884e-18	-7.01660917682e-19	0.959237966036	-4.2171115194e-17	-4.16275334545e-19	1.6865484771e-18	0.957318391804	442196819.419	1076488.38648	-4826863.16622	947397.938139	-14576.3938978	7010292.24411	-4239268.0517	6996281.53747	-12538.599902	481540536.6364804	1031635.903737843	-4616492.4535819525	1031691.0739863792	-13969.060401261824	6704760.447494082	-4616449.786417871	6704777.605927609	-11992.126114359398	481763199.246	0.08617769624105241	0.0	0.0	0.0	-0.04161609511385466	0.0	0.0	0.0	-0.04361924505100413	0.0858713659264
380	950.0	nan	nan	1	1	5.0	5.0	5.0	1.095	8.60347246394e-19	2.19436904809e-17	-3.17584415661e-19	0.957130118225	1.43778125324e-16	-3.72218040759e-19	-1.88120723629e-19	0.955054189496	444316017.495	1299921.97445	-4629696.792	1136302.52615	-14420.7062785	6998801.43199	-4037958.62499	6983645.56038	-12433.4917992	486063459.082377	1243011.515701091	-4417407.329988631	1243068.2547489472	-13789.369147560861	6677879.380833448	-4417360.751385122	6677902.230862733	-11863.36822446916	486278843.101	0.09075436326846412	0.0	0.0	0.0	-0.043815932064126574	0.0	0.0	0.0	-0.045987197183477185	0.0904459729869
390	1000.0	nan	nan	1	1	5.0	5.0	5.0	1.1	-9.07688447212e-19	-3.5963927062e-18	-2.33781093442e-19	0.955040186362	-7.76006686911e-17	5.10085887814e-19	-3.28860541771e-19	0.952801367304	446116638.374	1515635.08277	-4435641.70601	1315952.26264	-14231.6271116	6975904.64842	-3842041.71331	6959581.21792	-12116.6693939	490257676.9347212	1446104.217024952	-4222232.329593022	1446159.241202775	-13578.740829619162	6640277.120401566	-4222192.769852615	6640305.349469819	-11533.707326404949	490466040.675	0.09531017980432493	0.0	0.0	0.0	-0.04600185942653448	0.0	0.0	0.0	-0.04834882590429322	0.0950000124028
400	1050.0	nan	nan	1	1	5.0	5.0	5.0	1.105	-2.73975453767e-19	5.9248564997e-18	-6.82073280777e-19	0.952968303087	-3.26882521316e-17	5.41439341753e-20	8.17148566084e-19	0.950559526298	447635729.87	1726789.33578	-4243400.23763	1489257.26473	-14198.1148565	6943376.90827	-3650288.29326	6925858.14332	-11969.5065384	494159296.3396163	1643984.66168121	-4029705.0784220076	1644038.384115056	-13517.273106352046	6593712.499832638	-4029669.1574597	6593742.6880476205	-11366.72917540652	494361165.713	0.09984533496971612	0.0	0.0	0.0	-0.04817363602062472	0.0	0.0	0.0	-0.05070449271475562	0.0995336588792
410	1100.0	nan	nan	1	1	5.0	5.0	5.0	1.11	1.22494199063e-18	3.73019413337e-18	-7.06743115365e-19	0.950914614747	-1.10949444394e-16	-7.56340864894e-20	-4.97896554308e-20	0.948328252602	448904479.744	1933096.31275	-4063081.86583	1656095.60989	-13936.9538981	6898922.8451	-3471259.82676	6880193.29459	-11744.9781448	497798665.399001	1836419.1986333022	-3849382.5382358367	1836475.734986036	-13239.945438895234	6536071.388544198	-3849345.6558948304	6536104.266071926	-11127.246576735917	497994350.513	0.10436001532424286	0.0	0.0	0.0	-0.05033100517110453	0.0	0.0	0.0	-0.05305457864160115	0.104047087703
420	1150.0	nan	nan	1	1	5.0	5.0	5.0	1.115	1.08526096367e-18	-7.24615841425e-17	-2.45957192059e-19	0.948878834843	3.34491855033e-17	3.89039585696e-19	-1.68437795517e-18	0.946107558504	449948841.149	2134497.70892	-3888509.08282	1816541.87787	-13665.0561222	6847404.66789	-3299465.82696	6827439.50469	-11592.528084	501200927.38170505	2023393.3275318937	-3675339.7421834953	2023457.759089222	-12953.765779396368	6472027.702827886	-3675296.3472773507	6472059.20165041	-10957.021900178957	501390887.974	0.10885440491208208	0.0	0.0	0.0	-0.0524741651905864	0.0	0.0	0.0	-0.055399018186221914	0.108540467923
430	1200.0	nan	nan	1	1	5.0	5.0	5.0	1.12	1.27405666668e-18	-6.51049706467e-17	5.24419273469e-19	0.946860514664	-8.89530575452e-17	-1.13118603128e-19	2.2876242323e-18	0.943897613103	450790433.87	2321510.41529	-3717747.43909	1962681.07544	-13327.318149	6789954.67471	-3133146.22822	6768738.3665	-11403.8833332	504386898.5662892	2195976.69041117	-3505708.9243057882	2196032.892750813	-12606.65461939924	6402695.473200059	-3505659.814560946	6402724.52728539	-10753.472694941021	504571349.754	0.11332868530700327	0.0	0.0	0.0	-0.054603488446039586	0.0	0.0	0.0	-0.05773757941489754	0.113013966132
440	1250.0	nan	nan	1	1	5.0	5.0	5.0	1.125	3.34207437251e-19	-1.47869817237e-17	3.59565486109e-19	0.944859321929	-9.16114704501e-17	-2.83034735836e-19	-1.8394114543e-18	0.941698469913	451448848.791	2492700.6258	-3552974.93537	2093607.01386	-13024.003007	6731011.06389	-2974030.03796	6708538.42938	-11121.3332985	507375547.5088425	2352912.275417315	-3342508.105972234	2352968.686862996	-12293.628939258979	6332287.576382289	-3342460.8853444504	6332329.786105433	-10462.541215643017	507554836.703	0.11778303565638346	0.0	0.0	0.0	-0.0567192282535876	0.0	0.0	0.0	-0.06007015128107443	0.117467749615
450	1300.0	nan	nan	1	1	5.0	5.0	5.0	1.13	4.83470524425e-19	5.69735536147e-18	5.20925262561e-20	0.942875155782	-1.36406715221e-18	-3.60624277294e-19	-2.23823162356e-18	0.939509923595	451935792.483	2651658.17582	-3391486.49163	2212547.1909	-17182.3314067	6670735.04063	-2819754.7438	6646940.60727	-17492.745262	510177350.24702805	2497685.3321716306	-3183152.574244423	2497681.046566649	-16184.611394624862	6260961.813968037	-3183140.2324534515	6260975.19279998	-16418.19221416849	510357006.31	0.12221763272424911	0.0	0.0	0.0	-0.058821395588151845	0.0	0.0	0.0	-0.06239689755002156	0.121901999596
460	1350.0	nan	nan	1	1	5.0	5.0	5.0	1.135	-9.83299372644e-19	-6.43475445208e-17	1.6813604003e-19	0.940907923156	-1.81878964311e-16	-4.28506027082e-19	-8.68102891817e-19	0.937331883802	452282008.65	2799404.97792	-3236397.81644	2320856.91883	-12929.9367371	6610549.43645	-2672674.62995	6585505.32405	-8767.10389	512824537.0188844	2631337.0392244956	-3030532.2662047767	2631527.127153766	-12153.661838682492	6190055.889526007	-3030439.2027383973	6190131.194972136	-8209.433056978149	512993884.163	0.126632650933366	0.0	0.0	0.0	-0.060909994178003427	0.0	0.0	0.0	-0.06471786116256471	0.126316852105
470	1400.0	nan	nan	1	1	5.0	5.0	5.0	1.14	-7.36601026756e-19	3.47798808809e-17	-5.15313669286e-19	0.938957413828	-6.13872570144e-18	-1.12886992556e-19	-1.10148693857e-18	0.93516427945	452498908.603	2937865.54635	-3092519.23717	2419870.26254	7964.42811427	6549856.20206	-2536813.45561	6523427.86082	8951.23642932	515327989.0448027	2755745.8056177627	-2889093.9386661737	2755867.1467164494	7470.709269630025	6119007.9676993	-2889047.800573261	6119037.335809754	8362.425882654137	515475438.806	0.131028262406404	0.0	0.0	0.0	-0.0629851534881738	0.0	0.0	0.0	-0.06703306518035358	0.130712475492
480	1450.0	nan	nan	1	1	5.0	5.0	5.0	1.145	5.52384595618e-19	-1.31617008602e-17	-3.40083728323e-19	0.937023256683	7.24617892833e-17	-5.67922356244e-19	-4.39768918303e-19	0.933006986823	452572748.787	3069147.20813	-2952234.55308	2511775.66245	-9301.06037518	6489618.61415	-2405590.27499	6461873.68275	-8210.36203882	517670162.39315516	2872945.1642778316	-2751661.466593069	2873065.8630257687	-8706.46945729566	6048717.726310607	-2751606.9220764334	6048784.072609544	-7652.554850504557	517830189.15	0.13540463700620298	0.0	0.0	0.0	-0.06504717668567314	0.0	0.0	0.0	-0.06934258960656273	0.135089112145
490	1500.0	nan	nan	1	1	5.0	5.0	5.0	1.15	-3.38747004453e-19	-1.38247390608e-17	-1.89311863711e-19	0.935105473213	-2.4299719572e-16	4.73623766413e-19	5.54038956843e-19	0.930859971228	452545749.587	3190839.06567	-2819487.90266	2594686.57866	-8883.49670817	6429752.85113	-2282175.85564	6400658.34034	-6739.72531678	519897268.9937862	2980730.4552366384	-2621873.8754513063	2980848.8254972133	-8298.54111789298	5979100.321757683	-2621827.728563594	5979191.321142288	-6267.347243842441	520053142.774	0.13976194237515863	0.0	0.0	0.0	-0.06709595048011949	0.0	0.0	0.0	-0.0716464198615674	0.139446835932
500	1550.0	nan	nan	1	1	5.0	5.0	5.0	1.155	-1.26158278304e-18	-1.16238132828e-17	9.21148330139e-20	0.933203751817	-9.51889008679e-18	1.03712566946e-18	-2.20355621228e-18	0.928723147018	452407043.783	3300543.34308	-2700980.86403	2666852.51162	-15501.5997519	6368748.98672	-2171749.9715	6338270.4718	-12256.6748853	521995323.3805972	3076926.9542030306	-2505896.023280587	3077062.0359287825	-14451.34487019891	5908750.76963028	-2505803.8866846305	5908843.85705759	-11371.407055394535	522153789.946	0.14410034397375687	0.0	0.0	0.0	-0.06913171846467529	0.0	0.0	0.0	-0.07394459640395862	0.143785853322
510	1600.0	nan	nan	1	1	5.0	5.0	5.0	1.16	2.13743470284e-19	3.97533605621e-17	-1.34148843021e-19	0.931317809964	3.93485714576e-16	-4.23490003848e-19	-2.61442013126e-19	0.926596642506	452184629.427	3403565.04389	-2594291.67985	2732668.91653	-5766.77896146	6306888.12259	-2072243.31254	6275008.7588	-3837.35623315	523995027.0671856	3166542.659297297	-2401391.147866834	3166637.761874564	-5365.183668510785	5837934.657004255	-2401331.4915638654	5838020.624249474	-3552.026690395444	524142240.642	0.14842000511827322	0.0	0.0	0.0	-0.07115469587060486	0.0	0.0	0.0	-0.07623692946179826	0.148106280659
520	1650.0	nan	nan	1	1	5.0	5.0	5.0	1.165	-2.65161348032e-18	1.03195612151e-16	5.46124492742e-19	0.929447375509	-6.10350368921e-17	-1.34927054542e-18	-1.70650669092e-19	0.924480369233	451866215.908	3502793.71389	-2496039.02375	2794449.04305	5033.75713632	6240262.23904	-1980809.67434	6206828.08512	2664.10347019	525880870.50733465	3252302.572592102	-2305157.692219054	3252173.4168476155	4673.784019691825	5763046.31654986	-2305261.777002053	5762966.534062534	2460.3696291372753	526017345.843	0.15272108701766393	0.0	0.0	0.0	-0.07316508933623526	0.0	0.0	0.0	-0.07852346230900988	0.152408310084
530	1700.0	nan	nan	1	1	5.0	5.0	5.0	1.17	-1.87111563282e-18	2.39849753637e-17	-3.0704944338e-21	0.927592309582	7.62067601711e-18	7.12897339123e-19	5.70106113061e-19	0.922374199206	451477380.67	3603083.95736	-2408112.4582	2856685.65353	-2150.81703958	6177299.54342	-1898390.55645	6142643.18629	-678.131442599	527681308.7192969	3338730.572218393	-2218879.733022806	3338859.683329681	-1993.01450931368	5691879.012972282	-2218815.9499846557	5691965.783479054	-624.8429591337074	527820377.995	0.1570037488096647	0.0	0.0	0.0	-0.07516296429705119	0.0	0.0	0.0	-0.08080428179100024	0.156692101876
540	1750.0	nan	nan	1	1	5.0	5.0	5.0	1.175	-1.44213728561e-18	4.2482216168e-17	1.28113733272e-19	0.925752336066	7.41737355139e-17	9.50132738803e-20	2.01487962328e-18	0.920278114426	450999405.542	3705378.90862	-2326193.86754	2919455.42478	-17951.954577	6118786.06902	-1821826.57513	6082715.69595	-15456.1678048	529373331.4658359	3426696.685870773	-2138519.5420074295	3426793.5285290983	-16601.784802844184	5625130.288818064	-2138420.5645915167	5625233.540331459	-14209.184090948289	529524607.301	0.16126814759612232	0.0	0.0	0.0	-0.07714853576086741	0.0	0.0	0.0	-0.08307935633284251	0.160957822089
550	1800.0	nan	nan	1	1	5.0	5.0	5.0	1.18	2.28554800896e-18	-2.12791021439e-17	4.32833836047e-19	0.923927082343	-2.28756785167e-16	4.7116207691e-21	9.62891172571e-19	0.918192355093	450462095.398	3804895.50979	-2257136.43438	2979254.5162	-20676.4210088	6063958.32516	-1756265.8993	6026383.88637	-19190.4185068	530990660.9317524	3511778.008470156	-2070322.9976893254	3511852.2530585597	-19083.57283550921	5562070.677866167	-2070231.4360484723	5562129.721644084	-17602.11042839516	531143323.074	0.16551443847757333	0.0	0.0	0.0	-0.07912212566762632	0.0	0.0	0.0	-0.08534837317314285	0.165205572239
560	1850.0	nan	nan	1	1	5.0	5.0	5.0	1.185	-3.16301293095e-18	1.73514897768e-17	6.77732236922e-19	0.922116395017	2.03353261227e-16	-5.92526016384e-20	1.92919694671e-18	0.916116892616	449881162.02	3903562.08726	-2198507.62235	3037665.88323	1061.86772918	6017282.24076	-1699601.0315	5978218.24152	1902.71426785	532550961.5367878	3595769.54411344	-2011981.0297180982	3595864.916143599	978.140363881653	5506761.766842473	-2011918.3463698865	5506840.829066911	1741.2834838371723	532682819.805	0.16974277458709455	0.0	0.0	0.0	-0.08108382150943105	0.0	0.0	0.0	-0.08761131042352759	0.16943547739
570	1900.0	nan	nan	1	1	5.0	5.0	5.0	1.19	-9.94297566068e-19	9.64902875821e-19	9.81075911157e-19	0.920319905066	-1.07048791498e-16	3.90349839786e-19	2.29005945202e-18	0.914051567797	449217837.841	4004351.56122	-2145186.12706	3097021.52159	-7207.72608596	5981213.11142	-1647622.21962	5940523.76059	-6279.43989909	534007651.7683097	3681412.9864245327	-1958750.8732283704	3681583.9686347567	-6626.445258308513	5461393.888937462	-1958610.7193098275	5461438.883187511	-5733.702185826023	534146443.769	0.17395330712343798	0.0	0.0	0.0	-0.0830339464828204	0.0	0.0	0.0	-0.08986828921033985	0.173647786209
580	1950.0	nan	nan	1	1	5.0	5.0	5.0	1.195	2.92808701954e-18	1.23602621084e-18	-3.01543729223e-19	0.91853746008	-9.94269508102e-17	6.38398144434e-19	1.78888064504e-18	0.911996419458	448500353.604	4100796.3186	-2106176.89794	3152160.99736	-22485.3398112	5952523.82778	-1607284.91751	5910218.11185	-19653.6698254	535393117.45589703	3762765.560563431	-1918801.5781411452	3762862.815019214	-20631.86163999392	5422959.54619877	-1918681.3916880903	5423035.781079627	-17905.18769535797	535544742.105	0.17814618538347404	0.0	0.0	0.0	-0.08497259118472988	0.0	0.0	0.0	-0.09211921494840726	0.177842596716
590	2000.0	nan	nan	1	1	5.0	5.0	5.0	1.2	-3.81687604412e-19	2.38116313945e-17	-6.95837566169e-19	0.916768970248	-1.00337934745e-16	-1.26170851449e-18	-3.67559359549e-19	0.909951467379	447754478.198	4197840.71171	-2075165.80375	3207172.27751	-2763.80462433	5928232.32112	-1573492.63146	5884255.11452	-1949.47454604	536737332.0147478	3844381.50659594	-1886303.848166382	3844537.9674821724	-2531.091605258392	5388700.710056685	-1886194.952987692	5388799.408050531	-1772.0518194028002	536871867.902	0.1823215567939546	0.0	0.0	0.0	-0.08689977930997365	0.0	0.0	0.0	-0.09436401344402229	0.182019991199
600	2050.0	nan	nan	1	1	5.0	5.0	5.0	1.205	-7.66432468367e-19	-3.15286507919e-17	-5.99275810182e-19	0.915014113887	-6.67287261891e-17	2.07284844061e-19	-7.37077482789e-19	0.907916572467	446954116.131	4291711.89423	-2045417.97777	3259006.84331	3949.13861879	5910949.8126	-1541055.98886	5865139.22727	3720.6435115	538008583.6777577	3922812.6704837955	-1855099.587472533	3922938.8267931924	3609.6856902515933	5360958.336192998	-1855003.2766488488	5360994.177129931	3374.4517347212454	538137704.781	0.18647956694261839	0.0	0.0	0.0	-0.08881578881246498	0.0	0.0	0.0	-0.09660278514507074	0.186180192451
610	2100.0	nan	nan	1	1	5.0	5.0	5.0	1.21	-2.91960345518e-18	-1.03927766255e-17	-3.31401640613e-20	0.913272558725	5.21610300457e-17	-1.23817688043e-18	-2.28063621048e-18	0.905891887068	446110172.705	4382044.15123	-2014504.877	3307452.3573	7171.06370553	5900700.79653	-1508244.11534	5852953.45935	6807.18113715	539219200.1481826	3997744.260241701	-1822982.6876224848	3997760.920396824	6542.170224497765	5339711.767257436	-1823034.3876054878	5339656.628290815	6160.011577144849	539345853.26	0.1906203596086497	0.0	0.0	0.0	-0.09072091202408823	0.0	0.0	0.0	-0.09883531000656198	0.190323315119
620	2150.0	nan	nan	1	1	5.0	5.0	5.0	1.215	2.49689430983e-19	-9.79436108311e-18	-1.4725667788e-18	0.911544032868	4.35998827594e-17	-4.55174330031e-19	-1.85971377526e-18	0.903877437355	445227861.604	4466497.965	-1982425.76837	3350976.49524	5805.7395749	5899011.37885	-1474835.85875	5849362.6565	5116.1793944	540374859.7701412	4067066.9057777016	-1789958.6722903368	4067093.751017144	5286.54249339635	5326296.068171973	-1790014.2580583885	5326264.439514436	4619.4666262480605	540503450.039	0.19474407679251185	0.0	0.0	0.0	-0.09261537789198593	0.0	0.0	0.0	-0.10106150592863195	0.194449499896
630	2200.0	nan	nan	1	1	5.0	5.0	5.0	1.22	1.21019832339e-19	2.94534994805e-17	6.02875700208e-19	0.909828395568	3.94088193229e-16	-1.11461594925e-18	-4.25792874673e-19	0.901873218631	444320234.622	4546461.15718	-1950184.57335	3390671.41982	17072.373962	5900303.67256	-1441639.37731	5848745.67261	17741.6246393	541490839.7155243	4132074.6961996006	-1756937.8502095575	4132194.24021895	15516.315220474404	5315633.705502935	-1756918.6729716973	5315662.701776796	15983.580364114796	541609199.685	0.19885085874516517	0.0	0.0	0.0	-0.09449927355288856	0.0	0.0	0.0	-0.10328132463987529	0.198558852612
640	2250.0	nan	nan	1	1	5.0	5.0	5.0	1.225	3.78756076321e-18	3.0412863555e-17	3.08637630156e-19	0.908125415913	-3.01863828267e-16	2.05670187505e-19	5.62689280817e-18	0.899879046948	443361003.084	4621091.5167	-1916971.48488	3425756.69564	4923.15802263	5904675.50402	-1408247.52659	5850976.47403	4738.05010905	542534700.3824141	4192029.6047157245	-1723192.2530892044	4192050.878457536	4466.049656226765	5307794.698975292	-1723252.9351663075	5307721.456497893	4259.098952207199	542665009.395	0.20294084399669038	0.0	0.0	0.0	-0.09637278666677948	0.0	0.0	0.0	-0.10549491696927817	0.202651579156
650	2300.0	nan	nan	1	1	5.0	5.0	5.0	1.23	-1.82792356995e-18	1.01228113433e-16	2.8312076262e-18	0.906435032566	1.18179677927e-16	2.92279306362e-19	3.59321964137e-18	0.897894940718	442382691.014	4695017.95347	-1886468.52983	3460020.35627	3416.35142448	5912016.00258	-1377082.01098	5856411.65142	4441.01260794	543545518.6820729	4251151.881974582	-1692028.878840398	4251248.065082615	3093.370234491653	5302660.314950169	-1691989.246256898	5302747.648739332	3983.274284785438	543677337.407	0.20701416938432612	0.0	0.0	0.0	-0.09823591978796795	0.0	0.0	0.0	-0.10770221004302645	0.206727747463
660	2350.0	nan	nan	1	1	5.0	5.0	5.0	1.235	-4.88248319643e-19	1.68799505056e-17	-2.68615323398e-19	0.904757163585	-7.06784672919e-17	8.45788867613e-19	-1.24450315775e-18	0.895920637367	441368863.797	4774484.57755	-1858042.8932	3497852.61605	-10201.3377233	5922281.94835	-1347840.19102	5864546.71271	-10295.1949416	544502805.50232	4315091.375037276	-1662864.0625184006	4315190.125302627	-9219.781467226921	5300173.562221762	-1662787.8076073776	5300269.490346495	-9213.732227421264	544648304.614	0.2110709700799406	0.0	0.0	0.0	-0.10008869881887031	0.0	0.0	0.0	-0.10990344429733498	0.210787540989
670	2400.0	nan	nan	1	1	5.0	5.0	5.0	1.24	-3.8398650477e-18	-8.68089656927e-19	-1.50930683289e-18	0.903091747534	-6.12437113996e-17	-4.62268230964e-19	-3.41089579947e-19	0.893956195863	440346566.448	4861405.86173	-1832541.45487	3540655.46045	10733.8004384	5937905.48336	-1321162.94152	5877859.12225	11173.3027698	545439394.6331117	4385548.885182931	-1636440.611961518	4385666.014226374	9683.126216013485	5302488.332330039	-1636470.8389737532	5302506.981318461	9977.644092935361	545567130.26	0.2151113796169455	0.0	0.0	0.0	-0.10193112769870415	0.0	0.0	0.0	-0.11209850292516763	0.214831010692
680	2450.0	nan	nan	1	1	5.0	5.0	5.0	1.245	8.37424417259e-19	-4.57602402914e-17	3.72694496792e-19	0.901438395401	5.7055186415e-17	8.57832617332e-19	6.98325725452e-19	0.892001587263	439296131.415	4949514.99343	-1808069.06381	3583779.32203	22282.5998634	5960254.65324	-1295417.72223	5897820.67161	22879.1517246	546330817.974005	4456846.386502719	-1611052.1980097066	4456968.6560552325	20064.617404918758	5310793.460270684	-1611046.7932515298	5310758.889183637	20386.117108183527	546449682.167	0.219135529916671	0.0	0.0	0.0	-0.10376357433542727	0.0	0.0	0.0	-0.11428736696088547	0.21885835597
690	2500.0	nan	nan	1	1	5.0	5.0	5.0	1.25	3.00746988857e-18	-9.52807774729e-17	7.39565642071e-19	0.899796909491	-1.74854890656e-16	1.11236601798e-18	-5.03809903071e-18	0.890056702924	438208519.874	5035434.97611	-1785335.01566	3624880.81079	2550.148933	5985874.1778	-1271135.98289	5921203.31596	2482.93898006	547165422.3924117	4525945.333206453	-1587322.6474360162	4526177.264943083	2292.122670046644	5321977.983841806	-1587193.369029399	5322090.87039759	2207.5550194672455	547303867.524	0.22314355131420976	0.0	0.0	0.0	-0.1055861972431105	0.0	0.0	0.0	-0.11647010713485892	0.222869739777
700	2550.0	nan	nan	1	1	5.0	5.0	5.0	1.255	-1.77702218378e-18	-5.50075372046e-17	9.14795583035e-20	0.898167116481	-1.14543789001e-16	-6.45492045367e-19	-4.91551748137e-18	0.888121730262	437110853.803	5114152.46077	-1764303.1625	3660314.4661	3447.97142568	6012804.81601	-1248422.07991	5945667.76495	3664.52178335	547976511.7044177	4588359.615848476	-1565208.9986282496	4588690.341188985	3093.480878316269	5334285.1756148385	-1565062.8908706373	5334385.721039136	3250.9959698995945	548115552.421	0.22713557258374711	0.0	0.0	0.0	-0.10739912946294064	0.0	0.0	0.0	-0.11864646175669082	0.226865199638
