inc	time	elem	node	ip	grain	1_pos	2_pos	3_pos	1_f	2_f	3_f	4_f	5_f	6_f	7_f	8_f	9_f	1_p	2_p	3_p	4_p	5_p	6_p	7_p	8_p	9_p	1_Cauchy	2_Cauchy	3_Cauchy	4_Cauchy	5_Cauchy	6_Cauchy	7_Cauchy	8_Cauchy	9_Cauchy	Mises(Cauchy)	1_ln(V)	2_ln(V)	3_ln(V)	4_ln(V)	5_ln(V)	6_ln(V)	7_ln(V)	8_ln(V)	9_ln(V)	Mises(ln(V))
0	0.0	nan	nan	1	1	5.0	5.0	5.0	1.0	0.0	0.0	0.0	1.0	0.0	0.0	0.0	1.0	1.2569940523e-05	-8.3620417366e-08	-5.72267429944e-08	-8.3620417366e-08	1.27096311172e-05	-2.19796247597e-07	-5.72267429944e-08	-2.19796247597e-07	9.74662139244e-06	1.2569940523e-05	-8.3620417366e-08	-5.72267429944e-08	-8.3620417366e-08	1.27096311172e-05	-2.19796247597e-07	-5.72267429944e-08	-2.19796247597e-07	9.74662139244e-06	2.92587909804e-06	0.0	0.0	0.0	0.0	0.0	0.0	0.0	0.0	0.0	0.0
10	2.5	nan	nan	1	1	5.0	5.0	5.0	1.00025	-1.22495108961e-21	2.81499902209e-20	-5.78225097569e-22	0.999928004196	-1.27622591552e-19	1.94325405404e-21	-8.13170240928e-22	0.999926301701	52851477.2236	1395163.19489	-403982.274341	1394714.07004	9.48017923666	338385.405204	-403851.538777	338384.829286	10.294327081	52859178.213686034	1394917.2942990186	-403910.3838678267	1394917.2938625016	9.478508334155187	338325.1879904237	-403910.38399495283	338325.1882133246	10.292495158928515	52922224.8371	0.0002499687552074404	0.0	0.0	0.0	-7.199839582182272e-05	0.0	0.0	0.0	-7.370101485279918e-05	0.00021521455202
20	5.0	nan	nan	1	1	5.0	5.0	5.0	1.0005	-2.84167559685e-21	2.32064383478e-19	1.6901367866e-21	0.999855982205	1.57385160684e-19	2.12109788574e-21	9.46398018337e-22	0.999852576574	105745447.605	2791317.27985	-808215.399732	2789520.5204	2.65129651969	676801.271909	-807692.404341	676798.966378	2.51504733993	105776272.92533503	2790333.679241332	-807927.8499724797	2790333.6794112856	2.650362259407573	676560.477136907	-807927.85066668	676560.476873392	2.5141525274109373	105902354.546	0.0004998750416509929	0.0	0.0	0.0	-0.00014402816655839396	0.0	0.0	0.0	-0.0001474342939016726	0.000430408673792
30	7.5	nan	nan	1	1	5.0	5.0	5.0	1.00075	8.48739007268e-21	-1.53213650081e-19	-7.57961104919e-21	0.99978244861	-3.58970445981e-19	-1.31418319819e-21	1.02301562257e-21	0.999776488408	156717655.26	4187940.29307	-1175410.84469	4183891.39811	-2330.48755638	931878.462369	-1174267.37107	931872.932194	-1678.51347296	156786800.4899638	4185737.252598171	-1174785.523453157	4185737.3683830104	-2329.2616176018632	931382.7009122221	-1174785.468327625	931382.7261164151	-1677.6204999831803	156977810.576	0.0007497188905459742	0.0	0.0	0.0	-0.00021757505773613303	0.0	0.0	0.0	-0.00022353657443826145	0.000646858961476
40	10.0	nan	nan	1	1	5.0	5.0	5.0	1.001	-1.53514381932e-21	-3.14276830584e-19	1.84133506282e-20	0.999688878074	-2.19153438285e-19	4.78151753086e-21	9.80726013758e-21	0.999664795511	179291742.788	5120200.84828	-1255958.91921	5113494.45776	4138.17539329	702531.151394	-1254283.54218	702514.388065	3973.46233403	179407680.0003069	5116800.937160939	-1255094.702476152	5116801.0478090495	4135.427565822061	702047.7445183469	-1255094.61208797	702047.9050987927	3970.7282218008013	179639669.092	0.0009995003330834232	0.0	0.0	0.0	-0.00031117033446710515	0.0	0.0	0.0	-0.000335260682582675	0.000881920242374
50	12.5	nan	nan	1	1	5.0	5.0	5.0	1.00125	3.99156004587e-21	1.65663183589e-19	-1.40351870435e-21	0.999582617053	4.65230364738e-19	4.77531367627e-21	-8.19239678673e-21	0.999536926959	187165858.963	5612785.0087	-1432361.87553	5603437.95845	-4313.36228736	900254.141292	-1429911.23169	900213.025695	-3885.13792421	187330759.24465096	5608374.873674736	-1431171.004828585	5608374.801647159	-4309.973148087669	899505.6668324327	-1431171.038185415	899505.7010800963	-3881.907806874473	187609385.84	0.0012492194004318981	0.0	0.0	0.0	-0.00041747007550747974	0.0	0.0	0.0	-0.0004631802924323324	0.00112667218354
60	15.0	nan	nan	1	1	5.0	5.0	5.0	1.0015	-3.77597609873e-21	3.93115518164e-19	-2.27826220212e-20	0.999473771813	6.60057041593e-19	1.4659708406e-20	8.61095017668e-21	0.999406408603	192302709.555	5885843.86047	-1601751.69866	5873935.66624	681.398423	1107533.3496	-1598403.47667	1107458.61347	538.048034791	192518235.10908526	5880518.943447736	-1600194.7372309365	5880518.949658404	680.7819625318687	1106456.7865420857	-1600194.9064203051	1106456.6967759596	537.5250323569437	192816317.833	0.0014988761237359487	0.0	0.0	0.0	-0.0005263666936452505	0.0	0.0	0.0	-0.0005937676421217989	0.00137318035459
70	17.5	nan	nan	1	1	5.0	5.0	5.0	1.00175	1.45066799926e-22	1.53612361476e-18	-1.16007945007e-20	0.999363369506	-7.7158166768e-20	-9.34631374124e-21	-1.30826885681e-20	0.999275299421	196311785.283	6076302.6712	-1780750.03324	6061826.04346	-2738.23989125	1258135.25812	-1776351.30213	1258024.54635	-2831.85301001	196579304.10288087	6070086.713049563	-1778771.584934602	6070086.640484941	-2735.438716672153	1256737.4451069853	-1778771.9790310562	1256737.6078356632	-2828.7067656274594	196899173.987	0.001748470534116803	0.0	0.0	0.0	-0.0006368332292428935	0.0	0.0	0.0	-0.0007249633014027474	0.00162037827489
80	20.0	nan	nan	1	1	5.0	5.0	5.0	1.002	8.73719861767e-21	-1.73433035839e-18	7.09307375264e-22	0.999251918126	2.62755493221e-18	-1.239654225e-20	-3.02954899348e-20	0.999144163312	199711233.533	6235111.14689	-1955881.59278	6218010.80548	631.005965924	1387104.036	-1950307.2501	1386954.6099	441.115552796	200031940.40758052	6227995.962697074	-1953438.9697902554	6227996.016508222	630.2858947707211	1385371.736754479	-1953439.1567613645	1385371.8895147203	440.56466106800843	200364997.739	0.001998002662673058	0.0	0.0	0.0	-0.0007483618268722522	0.0	0.0	0.0	-0.0008562031253066643	0.00186789473503
90	22.5	nan	nan	1	1	5.0	5.0	5.0	1.00225	-1.05186354644e-21	-1.99657039401e-18	1.8346245601e-20	0.999139776088	-1.27538015566e-18	-5.83782717309e-21	-6.80438771886e-21	0.999013070549	202735353.18	6388421.04668	-2112344.23945	6368596.05255	633.620884919	1502320.29303	-2105522.2217	1502130.05409	378.440960599	203110356.7217845	6380376.349429486	-2109416.705337348	6380376.169034078	632.8229900787035	1500238.2015679	-2109416.8472700277	1500238.478467831	377.916472780638	203459677.535	0.00224747254047937	0.0	0.0	0.0	-0.0008605941169113833	0.0	0.0	0.0	-0.000987416786541305	0.00211558614386
100	25.0	nan	nan	1	1	5.0	5.0	5.0	1.0025	-1.87131519014e-20	3.68598298399e-19	1.85702047518e-20	0.999027190151	6.76650284681e-20	4.12961649011e-20	3.15949906771e-20	0.998882036915	205516345.181	6538073.04304	-2249855.16488	6515424.02088	111.830273245	1607327.13292	-2241735.5916	1607093.82269	-77.6437105006	205946709.00549957	6529067.878353744	-2246429.902630627	6529067.718160586	111.67624467712545	1604880.0789777176	-2246429.923342169	1604880.304357562	-77.5255028601126	206312365.987	0.002496880198587146	0.0	0.0	0.0	-0.0009732833356005152	0.0	0.0	0.0	-0.0011185884718790202	0.00236336681893
110	27.5	nan	nan	1	1	5.0	5.0	5.0	1.00275	-4.61311648284e-20	1.37080164317e-18	1.98132504173e-20	0.998914262433	-5.88815615028e-18	1.28709303313e-20	8.71517493386e-21	0.998751108878	208127890.442	6684162.1975	-2371667.60105	6658593.27618	-36.3634419011	1706686.97558	-2362209.57859	1706408.81325	-278.570432506	208614645.3030851	6674166.4690549895	-2367734.1395993694	6674165.925469271	-36.30906274635133	1703856.3987218582	-2367734.1480882955	1703856.9902077944	-278.10841748455994	208995926.248	0.0027462256680252286	0.0	0.0	0.0	-0.0010863274070122997	0.0	0.0	0.0	-0.0012496716364371236	0.00261118703011
120	30.0	nan	nan	1	1	5.0	5.0	5.0	1.003	8.25858351419e-20	3.67662881203e-18	-1.91453020727e-20	0.998801054988	2.02505725354e-18	-5.00642793942e-20	3.44868140986e-20	0.998620315898	210616944.337	6826289.65021	-2480288.14878	6797711.75901	-58.1742349191	1799920.83803	-2469457.65738	1799595.77775	-223.436941888	211161101.20492977	6815274.960621606	-2475837.9337006523	6815274.55079542	-58.08036677512511	1796691.360495717	-2475837.8294433407	1796692.0057314932	-223.03604393242864	211557291.426	0.002995508979798371	0.0	0.0	0.0	-0.0011996643215703689	0.0	0.0	0.0	-0.0013806367424404541	0.00285901620328
130	32.5	nan	nan	1	1	5.0	5.0	5.0	1.00325	1.87888906263e-21	-4.16981477954e-18	2.06869599393e-20	0.998687652048	-3.66049837649e-18	3.28630585561e-20	1.18558142836e-19	0.998489623593	213009812.971	6964808.2161	-2579267.74422	6933134.87092	-71.8672808774	1888202.90296	-2567029.17243	1887829.11288	-177.85456329	213612358.3688827	6952747.182177968	-2574290.644367223	6952746.777297016	-71.74282752770178	1884559.3206248994	-2574290.58256179	1884559.938731484	-177.5113651389936	214023014.124	0.0032447301648890294	0.0	0.0	0.0	-0.001313209834716287	0.0	0.0	0.0	-0.0015115181752565908	0.00310683982032
140	35.0	nan	nan	1	1	5.0	5.0	5.0	1.0035	-4.90204291599e-20	-5.47456460324e-19	-6.13186920134e-20	0.998574111043	3.73065735451e-18	-9.63499977502e-21	-7.41567419154e-20	0.998359012299	215325870.7	7098279.4766	-2669884.34881	7063435.71155	-64.2564497651	1972239.18585	-2656206.32578	1971814.91005	-154.568095745	215987773.17747235	7085148.791104182	-2664371.4434189154	7085148.409526062	-64.1375855761407	1968166.811687042	-2664371.3899313537	1968167.3667931894	-154.24893611971444	216412293.998	0.003493889254255838	0.0	0.0	0.0	-0.0014269065040464	0.0	0.0	0.0	-0.0016423355961051754	0.00335464673756
150	37.5	nan	nan	1	1	5.0	5.0	5.0	1.00375	-7.75803390732e-20	-2.19394850947e-18	2.48656695988e-20	0.998460457689	3.47904390142e-18	-3.39144051147e-21	9.9016828045e-20	0.998228482974	217578698.953	7226496.82537	-2753979.72993	7188414.48879	-61.4002686366	2052333.55234	-2738830.34418	2051857.21302	-127.550738785	218300910.84450477	7212275.373846374	-2747921.430405303	7212275.089344426	-61.279435407843806	2047818.7582587171	-2747921.380448252	2047819.241566678	-127.27014827383594	218738687.667	0.003742986278834297	0.0	0.0	0.0	-0.0015407286240057935	0.0	0.0	0.0	-0.0017730880179196878	0.00360242849292
160	40.0	nan	nan	1	1	5.0	5.0	5.0	1.004	-3.43784534383e-20	1.92987854354e-18	7.04393922426e-20	0.998346718698	1.8784378356e-18	2.01716264177e-20	7.15312706511e-20	0.998098027216	219777802.234	7349788.95909	-2832788.90416	7308403.86684	-57.4364067888	2128174.77531	-2816136.42938	2127645.10719	-104.521704136	220561260.00082242	7334456.868714258	-2826175.3554609986	7334456.6606815485	-57.316591079168255	2123206.2485356154	-2826175.3138151094	2123206.714842612	-104.27768334807922	221011704.76	0.003992021269537457	0.0	0.0	0.0	-0.0016546494797281953	0.0	0.0	0.0	-0.0019037838309745323	0.00385017968582
170	42.5	nan	nan	1	1	5.0	5.0	5.0	1.00425	-6.68249231584e-20	-2.57350074713e-18	-3.58045128144e-20	0.998232917032	1.56689845586e-18	3.46803743619e-20	1.61498742795e-20	0.99796763479	221929632.277	7468674.90888	-2906641.54516	7423925.30302	-53.1825366012	2200710.72211	-2888458.21806	2200126.33311	-85.6115407246	222775255.24897584	7452212.990967029	-2899464.1914090794	7452212.83593778	-53.06531546590659	2195276.519401954	-2899464.168900018	2195276.972341765	-85.4001406247271	223237832.877	0.004240994257254614	0.0	0.0	0.0	-0.001768646100836251	0.0	0.0	0.0	-0.0020344332666790603	0.00409789676838
180	45.0	nan	nan	1	1	5.0	5.0	5.0	1.0045	-1.5415234498e-20	-2.9714416234e-18	-4.05095161386e-20	0.998119070271	5.28316783079e-18	3.84341199817e-20	4.5154135278e-20	0.997837298387	224039387.103	7583383.26056	-2976362.02904	7535210.86618	-46.0816564982	2270181.42307	-2956620.21831	2269541.00411	-73.044526465	224948079.14215448	7565773.421841447	-2968612.152085173	7565773.287439885	-45.97464746133303	2264270.305228061	-2968612.1153149065	2264270.7639448512	-72.85433250109236	225422284.96	0.004489905272852001	0.0	0.0	0.0	-0.001882700898634941	0.0	0.0	0.0	-0.002165043629464595	0.00434557685026
190	47.5	nan	nan	1	1	5.0	5.0	5.0	1.00475	-8.99155665603e-21	-1.57066068008e-18	-8.86969227228e-20	0.998005189935	-3.5729222835e-18	-1.65187968327e-20	6.27730823254e-20	0.997707014365	226111108.358	7694070.5301	-3042735.08721	7642420.65034	-39.9317641935	2336847.18552	-3021406.39808	2336149.45267	-62.0666684047	227083758.42371517	7675295.814906629	-3034403.4813079494	7675295.64264691	-39.834324548659275	2330448.4392456664	-3034403.420442085	2330448.8887810363	-61.89671768405544	227569116.36	0.00473875434717347	0.0	0.0	0.0	-0.0019968023485232296	0.0	0.0	0.0	-0.0022956185521584545	0.00459321763791
200	50.0	nan	nan	1	1	5.0	5.0	5.0	1.005	5.97992646257e-20	1.94714035535e-18	-5.85259234703e-20	0.997891282059	-3.07807802565e-18	-3.30243587756e-20	5.92625278057e-20	0.997576782892	228148008.417	7801217.28999	-3106176.04066	7746036.37695	-31.8800597068	2400869.76245	-3083232.88732	2400113.50179	-56.0654739656	229185491.0660085	7781260.948323433	-3097253.662884165	7781260.784103211	-31.79850713107382	2393973.3513223785	-3097253.6129254606	2393973.7567605004	-55.904427929459445	229681574.676	0.004987541511038968	0.0	0.0	0.0	-0.002110944417235118	0.0	0.0	0.0	-0.0024261578502416305	0.00484081719919
210	100.0	nan	nan	1	1	5.0	5.0	5.0	1.01	-1.28269656818e-19	3.13554577832e-18	1.6628646418e-19	0.995614302178	-2.52581916149e-18	-1.89629501067e-19	-1.20702194984e-20	0.994979722635	263349711.549	9477552.91995	-4019864.57546	9342560.26058	299.554878191	3349056.15337	-3960083.96288	3346925.54856	2345.62020632	265844384.02138218	9431062.31097442	-3997596.1849807147	9431060.938126039	298.0854599955652	3330503.764661293	-3997597.2466136743	3330507.74448518	2332.6264385723753	266496887.552	0.009950330853168092	0.0	0.0	0.0	-0.0043953432061847025	0.0	0.0	0.0	-0.005032921292510997	0.00978323639809
220	150.0	nan	nan	1	1	5.0	5.0	5.0	1.015	-1.06663285627e-19	5.35851736715e-18	-2.68831217538e-19	0.993348460302	-4.11075677214e-18	-1.47899893524e-21	1.42764756282e-19	0.992394527206	291572303.588	10683932.4641	-4607495.66565	10456030.0764	-4582.23222599	4010275.99525	-4504876.40259	4006423.76722	-7086.04385252	295774197.3586343	10606710.887641504	-4569800.808187117	10606713.55045751	-4549.1126609442035	3977467.1131592896	-4569796.876381872	3977466.0439935485	-7028.071489140944	296535692.677	0.014888612493750559	0.0	0.0	0.0	-0.006673759774802191	0.0	0.0	0.0	-0.007634541885460549	0.0147056412706
230	200.0	nan	nan	1	1	5.0	5.0	5.0	1.02	3.44456205041e-19	-1.53799494546e-17	-1.17410016146e-19	0.991097272466	-3.29154885721e-17	-1.7725157038e-19	-3.38786709122e-19	0.98982114651	314735408.204	11616342.5213	-5046185.17848	11287174.0086	-7805.39657098	4547294.93935	-4896882.1008	4541470.02063	-5706.1415778	320828245.04241025	11505685.789264625	-4991679.937479135	11505677.89411316	-7731.042730672755	4498178.349727352	-4991678.882094361	4498208.190996614	-5644.5079653021085	321663874.38	0.01980262729617973	0.0	0.0	0.0	-0.008942593600301559	0.0	0.0	0.0	-0.010231012265410292	0.0196070693167
240	250.0	nan	nan	1	1	5.0	5.0	5.0	1.025	5.64269526659e-20	1.28510151309e-17	7.74307227799e-20	0.988861662553	4.11557427203e-18	1.99542433527e-19	-3.19913756266e-19	0.987260325042	333966747.939	12356373.6291	-5394151.02177	11920702.7541	-17767.8578646	5012039.07961	-5195535.51398	5003969.79295	-16802.1110163	342086553.229665	12210557.19222156	-5321863.069416327	12210533.361154526	-17558.180996406467	4944871.875592285	-5321855.68511859	4944918.402359405	-16576.94301568498	342987612.215	0.024692612590371414	0.0	0.0	0.0	-0.011200833226920295	0.0	0.0	0.0	-0.012821520483640068	0.0244870771366
250	300.0	nan	nan	1	1	5.0	5.0	5.0	1.03	-3.41327807964e-20	-2.53201143555e-17	-2.20721565931e-19	0.986641733134	2.49879616349e-17	4.45301102239e-19	-3.0900820707e-19	0.984713198136	350080187.583	12938545.0052	-5683587.65241	12393882.8814	-12144.5815619	5425334.45321	-5433686.58408	5414750.43996	-11675.773111	360328233.7116275	12756703.37676424	-5592755.788819139	12756694.282862931	-11973.89849923716	5338629.845288662	-5592749.200981033	5338650.149148332	-11489.177549288821	361265041.934	0.02955880224154443	0.0	0.0	0.0	-0.013448291123742144	0.0	0.0	0.0	-0.015404849613165971	0.0293453315953
260	350.0	nan	nan	1	1	5.0	5.0	5.0	1.035	4.67383515872e-19	-1.88635924802e-17	2.14952808339e-19	0.984437528528	-3.85784596898e-17	-3.74865018719e-19	5.94299491617e-19	0.982180357772	363669001.508	13393604.7652	-5933905.87874	12739281.1641	-11898.9491545	5799942.08687	-5631069.85631	5786662.99184	-11432.0849665	376120390.310519	13175462.968853623	-5823876.303751463	13175451.808782585	-11705.15083144226	5692396.538319449	-5823867.812320331	5692415.544493271	-11220.105289740455	377087405.974	0.03440142671733232	0.0	0.0	0.0	-0.015684837941198	0.0	0.0	0.0	-0.017980323772846234	0.0341817070865
270	400.0	nan	nan	1	1	5.0	5.0	5.0	1.04	-1.77000107474e-19	1.64636900603e-17	6.80802731356e-20	0.982249133601	1.24899772633e-17	6.17764951234e-19	5.77676470027e-19	0.979662224839	375204119.015	13748543.9195	-6145770.94402	12985077.4442	-11729.4989037	6149256.34366	-5789197.81538	6133080.51535	-11223.2639428	389914674.9926292	13494195.686602661	-6016187.682259874	13494180.886662787	-11512.503028617039	6019599.592429146	-6016173.784493258	6019618.449808364	-10986.622004375991	390903819.837	0.03922071315328133	0.0	0.0	0.0	-0.017910302599441128	0.0	0.0	0.0	-0.020547435261001754	0.0389961222986
280	450.0	nan	nan	1	1	5.0	5.0	5.0	1.045	1.36918243712e-19	-1.39399984073e-17	-3.07062678269e-19	0.980076758802	-4.07266411232e-17	3.27272354995e-19	-3.81747161416e-19	0.97715887708	385048437.755	14023613.3214	-6324536.99464	13152345.1872	-11690.0954204	6473246.83217	-5913931.16857	6453995.48834	-11192.6862697	402059282.5128874	13733412.22311058	-6175218.8869524235	13733395.466188446	-11448.183549874626	6320417.784226508	-6175199.505623706	6320438.142159248	-10928.43439874902	403064170.704	0.04401688541677426	0.0	0.0	0.0	-0.020124385076622786	0.0	0.0	0.0	-0.023106022882730722	0.0437885768034
290	500.0	nan	nan	1	1	5.0	5.0	5.0	1.05	-7.8087173314e-19	-2.29198082715e-17	-4.14642480016e-19	0.977920382798	-2.8955212497e-17	-5.64825392031e-19	4.69362131897e-19	0.974670479745	393486298.653	14234187.572	-6474436.13797	13257031.4433	-11701.2513297	6773646.52843	-6009924.74713	6751154.59111	-11276.2557887	412827199.8542426	13908669.030108703	-6305349.355299411	13908649.901793629	-11433.657956219573	6596745.548324088	-6305328.579891277	6596763.904078182	-10981.764381069906	413842635.072	0.04879016416943205	0.0	0.0	0.0	-0.022327020443149048	0.0	0.0	0.0	-0.025655834601157262	0.0485591087321
300	550.0	nan	nan	1	1	5.0	5.0	5.0	1.055	-5.1904590821e-19	4.3109377891e-18	2.8807722885e-19	0.975779765853	7.67031744177e-17	2.41470564416e-19	2.87673564711e-19	0.972197313149	400745214.635	14388042.0554	-6602551.22925	13307623.1946	-11577.5531787	7055139.70875	-6084320.43848	7029256.90761	-11252.6468287	422437166.00550383	14027969.806568833	-6413683.308879124	14027951.983696515	-11287.815659656524	6853325.361772345	-6413658.826698258	6853344.1369501995	-10930.76155565746	423458624.285	0.05354076692802976	0.0	0.0	0.0	-0.02451836777255678	0.0	0.0	0.0	-0.028196498055942154	0.0533077806279
310	600.0	nan	nan	1	1	5.0	5.0	5.0	1.06	-1.45548715351e-18	-4.00722022923e-17	1.23544387568e-19	0.973654775743	5.78874227554e-17	-6.22741269799e-19	6.84296742263e-19	0.969739473645	407010385.091	14496291.0729	-6717612.10964	13315437.9781	-11515.2409135	7322733.89585	-6145571.7709	7293305.43835	-11205.8368793	431067636.31603765	14102495.223572867	-6508846.9472340895	14102476.462483974	-11202.426135365355	7095163.189761058	-6508819.416241986	7095180.732171438	-10857.589865655946	432092092.041	0.058268908123975824	0.0	0.0	0.0	-0.02669847785710663	0.0	0.0	0.0	-0.030727827430950073	0.0580346855632
320	650.0	nan	nan	1	1	5.0	5.0	5.0	1.065	6.04483739319e-19	-3.3775352745e-17	7.8604326633e-19	0.97154531532	-1.2597979258e-16	1.17128774738e-19	-8.74508578481e-19	0.967296960461	412431122.282	14572335.8178	-6820165.41294	13293581.1687	-11411.5411832	7580429.45224	-6194451.82339	7547304.77205	-11192.3046	438862572.86294603	14145546.806368604	-6591469.3683123635	14145526.17168656	-11077.32431904266	7326239.982140503	-6591435.315663976	7326262.189521803	-10817.00053663649	439888188.957	0.06297479916138839	0.0	0.0	0.0	-0.02886736655869944	0.0	0.0	0.0	-0.03324973609051917	0.0627399389921
330	700.0	nan	nan	1	1	5.0	5.0	5.0	1.07	-4.46459155097e-19	-2.44494074991e-17	-1.02654106635e-18	0.969450929703	8.76240231462e-17	2.70719670876e-19	-1.76500490384e-19	0.964870080334	417129063.523	14629301.5449	-6916407.05179	13254552.2852	-11359.4839496	7823423.6071	-6236825.78616	7786474.2518	-11245.324922	445939332.44229066	14170036.684890453	-6667621.460823279	14170017.663028687	-11002.87008188447	7542012.312058936	-6667590.851016547	7542029.635203281	-10840.826634755833	446965340.344	0.06765864847381486	0.0	0.0	0.0	-0.031025419605118378	0.0	0.0	0.0	-0.0357618184850606	0.0674236551845
340	750.0	nan	nan	1	1	5.0	5.0	5.0	1.075	-1.25796304068e-18	-5.24500270994e-17	-2.58272257019e-19	0.967371363556	-6.2435407347e-17	-9.09872204029e-19	5.23625180081e-19	0.962458906906	421204781.117	14666285.1082	-7004851.06744	13197888.3512	-11215.9723861	8051268.5012	-6271489.87391	8010403.3056	-11134.1451537	452395075.8660353	14175208.745755961	-6735924.5614819685	14175194.512462312	-10840.42405330836	7742168.49525955	-6735894.90075728	7742188.165364903	-10706.688991650797	453420117.585	0.07232066157962608	0.0	0.0	0.0	-0.03317282048269891	0.0	0.0	0.0	-0.038263907855254395	0.0720859686229
350	800.0	nan	nan	1	1	5.0	5.0	5.0	1.08	-1.22098475858e-18	-6.13301087602e-17	8.64330948224e-19	0.965306476102	1.23831002342e-16	9.038106245e-19	-5.11343202346e-19	0.960063373498	424741454.389	14693027.2401	-7079406.59788	13132646.5536	-11043.8161033	8269710.71143	-6293194.06904	8224816.70329	-11030.7477445	458310205.7981907	14170580.01325033	-6790595.807062116	14170563.957110168	-10651.125679282059	7932340.38845428	-6790566.447201891	7932362.833317357	-10580.738420221947	459333749.625	0.0769610411361284	0.0	0.0	0.0	-0.03530963624921185	0.0	0.0	0.0	-0.040755982638670224	0.076727027508
360	850.0	nan	nan	1	1	5.0	5.0	5.0	1.085	-3.7612233325e-19	-5.52069869939e-17	-1.65379212484e-18	0.963255941857	1.46607533005e-16	7.05684324181e-20	-1.14878843471e-19	0.957683577287	427809149.262	14715463.4411	-7147281.9825	13064278.2455	-10881.6509785	8487605.95958	-6308573.97258	8438532.38008	-10890.1027994	463752572.37924176	14161920.949550463	-6838635.901066202	14161905.26331725	-10472.322640392355	8121079.729526012	-6838604.1132490905	8121105.32401837	-10419.827866400876	464775185.694	0.08157998699242285	0.0	0.0	0.0	-0.037436126943636266	0.0	0.0	0.0	-0.04323785067823505	0.0813469769643
370	900.0	nan	nan	1	1	5.0	5.0	5.0	1.09	4.46419450428e-19	6.41741542295e-17	9.11648987984e-19	0.961219680827	-1.66919277201e-16	3.55714133177e-19	-5.63276909924e-19	0.955319352949	430465471.66	14732847.8486	-7216684.08679	12992181.0778	-10671.1965917	8701738.33815	-6324954.74936	8648347.26995	-10719.601743	468777859.40564203	14148540.099500217	-6887927.100183643	14148514.191335805	-10247.974759454657	8305329.51106503	-6887889.838896097	8305352.054179957	-10231.268884824907	469800053.381	0.08617769624105241	0.0	0.0	0.0	-0.0395523000620647	0.0	0.0	0.0	-0.045709593407240554	0.0859459796778
380	950.0	nan	nan	1	1	5.0	5.0	5.0	1.095	9.25046005185e-19	7.07278599007e-17	1.38078281803e-18	0.959197717431	-1.09399599094e-16	1.17455676516e-18	2.90447597613e-18	0.952970424732	432759728.127	14746406.4522	-7294747.32649	12917522.2811	-10499.6486542	8917608.63802	-6348534.83368	8859745.56088	-10541.7213595	473433821.42887205	14131643.025204785	-6945251.832332783	14131610.543805173	-10061.928453701621	8490360.935234234	-6945219.047511252	8490391.334752614	-10036.661492323075	474456716.36	0.09075436326846412	0.0	0.0	0.0	-0.041658054930755306	0.0	0.0	0.0	-0.048171409668886514	0.0905242050744
390	1000.0	nan	nan	1	1	5.0	5.0	5.0	1.1	-3.56150884541e-20	3.39874617064e-18	3.29423024588e-19	0.957189903025	6.17470077889e-17	1.794651057e-20	8.65085336943e-19	0.95063667988	434734929.732	14753924.4243	-7366543.08254	12838439.8084	-10340.1950376	9134950.27265	-6366247.91068	9072440.8509	-10531.4676249	477762281.3263885	14109132.175752517	-6996372.743381025	14109108.498169094	-9888.29645001195	8675917.1002734	-6996339.4180698795	8675947.052515684	-10002.259161870574	478786136.737	0.09531017980432493	0.0	0.0	0.0	-0.04375347145215397	0.0	0.0	0.0	-0.05062332951677406	0.0950818164569
400	1050.0	nan	nan	1	1	5.0	5.0	5.0	1.105	-1.6546259229e-18	-8.43060230383e-17	-4.21789320508e-19	0.955195730617	4.07899833058e-17	-1.97543965167e-19	3.66129991451e-19	0.94831834769	436424198.622	14750680.2014	-7434295.48128	12750914.4874	-10146.9396857	9347063.00737	-6380129.64594	9279796.27023	-10401.5222798	481795009.57528764	14076530.195780111	-7043445.650120575	14076503.976974651	-9683.194329367507	8855651.54713597	-7043410.135283649	8855681.949919999	-9854.673794008995	482819208.115	0.09984533496971612	0.0	0.0	0.0	-0.045839005975856384	0.0	0.0	0.0	-0.05306502329902798	0.0996189631535
410	1100.0	nan	nan	1	1	5.0	5.0	5.0	1.11	-1.76593134613e-19	2.47867383704e-17	-3.11128436416e-18	0.953214961365	1.96487609203e-16	-2.58817534478e-18	-1.50279526711e-18	0.946015393575	437859618.682	14735406.2899	-7501944.99505	12654037.9564	-9966.5808457	9548960.67652	-6393624.50194	9476875.38074	-10256.2604066	485563285.0247715	14032690.051210307	-7090225.477442562	14032662.471667927	-9491.284945015232	9024897.452118415	-7090193.2581079975	9024933.02563513	-9693.379368436175	486587019.685	0.10436001532424286	0.0	0.0	0.0	-0.04791483794598383	0.0	0.0	0.0	-0.0554964377846382	0.10413580577
420	1150.0	nan	nan	1	1	5.0	5.0	5.0	1.115	1.78800714232e-18	-2.26465905151e-17	4.45155518452e-19	0.951247516065	-7.38477204734e-17	8.40177274337e-19	1.74239971206e-18	0.943727619939	439068089.903	14711631.6994	-7578346.3718	12551014.7687	-9692.0015617	9743022.03312	-6414219.90826	9666032.89699	-10003.0677491	489093255.11380166	13981034.613031775	-7145062.760872053	13981012.98949108	-9210.685264043324	9185975.474312726	-7145023.2118660705	9186006.234035384	-9431.153362761708	490116352.679	0.10885440491208208	0.0	0.0	0.0	-0.04998098104223918	0.0	0.0	0.0	-0.05791769267200356	0.10863251381
430	1200.0	nan	nan	1	1	5.0	5.0	5.0	1.12	9.08985466412e-19	6.8904700891e-17	2.52376113612e-19	0.949293307103	-1.6687258451e-16	-2.20207390462e-18	3.0440246542e-18	0.941454838161	440073805.864	14682525.1693	-7661905.96644	12444649.1284	-9488.23410985	9941204.05942	-6440442.70066	9859144.36662	-9811.4690727	492408576.5031347	13924616.392854974	-7206400.191435728	13924600.557321437	-8998.453515444322	9350192.386946328	-7206357.615527018	9350217.464909395	-9228.1702377278	493431798.827	0.11332868530700327	0.0	0.0	0.0	-0.052037458468969254	0.0	0.0	0.0	-0.06032890000037894	0.113109255388
440	1250.0	nan	nan	1	1	5.0	5.0	5.0	1.125	-1.53101205216e-19	1.00664876228e-16	-3.45397536578e-19	0.947352307486	-8.61403919996e-17	3.83057415506e-19	1.29236051927e-18	0.939196801235	440898127.511	14655582.6764	-7745912.0576	12341319.9967	-9276.26141244	10144948.4103	-6466573.26952	10057638.6031	-9621.05489687	495530205.386085	13870558.954325978	-7267892.955876779	13870543.89916313	-8779.38009276113	9518878.931320839	-7267852.096535534	9518902.950904125	-9027.31616278261	496554607.917	0.11778303565638346	0.0	0.0	0.0	-0.05408423017970426	0.0	0.0	0.0	-0.06273023575418131	0.11756620039
450	1300.0	nan	nan	1	1	5.0	5.0	5.0	1.13	-1.23421964838e-18	-7.54437687741e-17	4.7004042e-19	0.94542437799	3.26296149524e-17	-8.53650392155e-20	2.28031857313e-18	0.936953367139	441558229.058	14628945.5025	-7827104.22712	12239429.9557	-9063.48222503	10341337.2582	-6489903.32617	10248708.2362	-9499.13891906	498474802.6535414	13817090.503414951	-7326488.580379104	13817084.656705627	-8560.490854103326	9679913.174725845	-7326447.71824243	9679940.99222461	-8891.581202252033	499500448.923	0.12221763272424911	0.0	0.0	0.0	-0.056121375055303575	0.0	0.0	0.0	-0.06512176624366865	0.122003514652
460	1350.0	nan	nan	1	1	5.0	5.0	5.0	1.135	1.22068035611e-18	1.612927285e-16	4.46548490603e-19	0.943509253766	4.06188297109e-17	7.5297258544e-19	3.29919332956e-19	0.934724521915	442069825.195	14605830.4203	-7904586.2177	12141612.5253	-8935.11923303	10530475.8526	-6509756.32996	10432461.0065	-9436.78655454	501257716.76101404	13767235.967201097	-7381372.377165109	13767230.028749868	-8422.108934335276	9833451.294734916	-7381335.274776893	9833480.758169705	-8812.154575138866	502284871.286	0.126632650933366	0.0	0.0	0.0	-0.05814910630853958	0.0	0.0	0.0	-0.06750342207300572	0.12642135533
470	1400.0	nan	nan	1	1	5.0	5.0	5.0	1.14	1.18686521267e-18	-9.33221196615e-18	9.48901894051e-19	0.941606796067	-2.02899436856e-16	1.00311200268e-18	8.88749319907e-19	0.932510213388	442456693.315	14579434.3623	-7979866.74041	12042173.0139	8963.11283643	10720158.0214	-6527491.53483	10616733.0034	9391.52519488	503903747.05233276	13714570.979683438	-7433976.830732997	13714553.754160544	8431.414013698897	9986809.171801971	-7434009.910912359	9986940.146593386	8749.065990091462	504915440.931	0.131028262406404	0.0	0.0	0.0	-0.060167505488837314	0.0	0.0	0.0	-0.06987517482924108	0.130819852043
480	1450.0	nan	nan	1	1	5.0	5.0	5.0	1.145	8.03053408446e-19	1.05332067472e-16	1.34598829275e-19	0.939716789761	-1.46435055921e-17	4.65100497381e-19	2.62304927941e-18	0.930310047611	442690783.124	14551551.7919	-8052307.04927	11942671.1993	-23436.7781986	10916311.8021	-6542450.60199	10807009.565	-24992.4997232	506379111.16389227	13660799.311143884	-7483725.578182198	13660820.277638825	-22002.12926081784	10145500.084996657	-7483689.398930609	10145473.893942757	-23227.75426927857	507424252.208	0.13540463700620298	0.0	0.0	0.0	-0.0621767366025788	0.0	0.0	0.0	-0.07223736386715214	0.135199289894
490	1500.0	nan	nan	1	1	5.0	5.0	5.0	1.15	-8.46318263205e-19	2.69001252785e-17	-5.2668905707e-19	0.937839202631	-9.87223252772e-17	-1.5300591401e-18	-1.46409644933e-18	0.92812425522	442840488.807	14524543.7707	-8130785.26447	11844909.5137	-8979.46120467	11118739.4077	-6562056.76041	11003723.6128	-10153.4565054	508759833.1742228	13608132.737016417	-7538870.241536186	13608092.169684464	-8412.911407692749	10309303.581093792	-7538856.511742702	10309455.077445619	-9414.292544630578	509794598.991	0.13976194237515863	0.0	0.0	0.0	-0.06417677043751309	0.0	0.0	0.0	-0.07458965944796027	0.13955965355
500	1550.0	nan	nan	1	1	5.0	5.0	5.0	1.155	1.20013980714e-19	-2.80508195373e-17	-1.57835987042e-18	0.935973570588	-5.373142913e-17	-3.24519497917e-20	9.47829867978e-19	0.92595274773	442880167.687	14496981.5162	-8218723.53664	11747830.5591	-4488.75381857	11318295.6086	-6588852.05412	11197373.6398	-5726.01369612	511015204.96772414	13555226.41840577	-7602541.543273034	13555179.208944283	-4197.154716601866	10469729.53644387	-7602516.0497088	10469968.166087802	-5296.717526515017	512049675.668	0.14410034397375687	0.0	0.0	0.0	-0.0661680394544862	0.0	0.0	0.0	-0.07693207400727939	0.143901190874
510	1600.0	nan	nan	1	1	5.0	5.0	5.0	1.16	-7.93166945765e-19	8.57147579436e-17	1.115906351e-18	0.934119705578	-1.40554847322e-16	5.40565839026e-19	7.33318774085e-19	0.923795480183	442822396.81	14467518.8186	-8312895.9836	11650313.9271	-2101.04773445	11514170.5379	-6620153.49491	11387189.0038	-3530.97066978	513158127.1291651	13500822.691924274	-7671703.742295254	13500792.458477696	-1960.6591348361396	10626056.837388622	-7671666.09735241	10626315.5159739	-3258.619012523111	514194582.745	0.14842000511827322	0.0	0.0	0.0	-0.06815068453524681	0.0	0.0	0.0	-0.07926457363345323	0.148224041797
520	1650.0	nan	nan	1	1	5.0	5.0	5.0	1.165	-1.35406157552e-18	8.4590692283e-17	-3.89214947986e-19	0.932277323897	7.10926399334e-17	1.34175312801e-18	9.45924043846e-19	0.921652487924	442678565.117	14435285.3507	-8410667.85686	11551633.8936	1840.23305327	11710568.0071	-6653809.94696	11577417.4017	238.234303632	515200377.9481251	13444115.909725716	-7743894.6575303385	13444080.235346694	1713.8772021491468	10782188.355335133	-7743870.314937779	10782477.63742215	219.34778337865245	516237681.716	0.15272108701766393	0.0	0.0	0.0	-0.07012495072869783	0.0	0.0	0.0	-0.08158703761973848	0.152528345815
530	1700.0	nan	nan	1	1	5.0	5.0	5.0	1.17	1.49752778097e-18	1.16031258266e-16	1.60347141946e-18	0.930446522447	1.07875310366e-16	-1.50358936049e-18	5.06102185984e-19	0.919523428148	442456139.261	14403254.38	-8516056.67959	11454226.3199	11191.7983984	11910165.1431	-6692942.72444	11770457.5155	11476.4785012	517149381.4019388	13387884.911050275	-7822782.660935899	13387871.768866694	10402.823205950675	10940583.990431055	-7822811.9864803115	10940689.26441614	10542.202853458863	518182436.994	0.1570037488096647	0.0	0.0	0.0	-0.07209067639772015	0.0	0.0	0.0	-0.08389975603668459	0.156814262865
540	1750.0	nan	nan	1	1	5.0	5.0	5.0	1.175	-2.2624514719e-18	-8.43850750351e-17	4.68400120845e-19	0.928627301478	3.72143925376e-17	8.51215172431e-19	-1.96098715201e-18	0.9174078312	442139164.198	14370792.8476	-8630295.30096	11357559.1348	-19121.1763713	12111821.6349	-6738267.36614	11965485.1578	-22086.974887	518985345.8173499	13331543.052079242	-7909451.035242685	13331564.431545196	-17738.39402625248	11100183.34577478	-7909414.732733034	11100179.52467155	-20242.163250883095	520053854.265	0.16126814759612232	0.0	0.0	0.0	-0.07404780314145096	0.0	0.0	0.0	-0.08620316055726453	0.161082034135
550	1800.0	nan	nan	1	1	5.0	5.0	5.0	1.18	-3.81164826264e-19	-2.51876628871e-17	-1.00470473895e-18	0.926819709407	7.78485747207e-17	6.13662135396e-19	2.0667603913e-18	0.915305838567	441785042.33	14339917.1473	-8748195.52243	11263137.71	4450.47675451	12312456.228	-6785808.95249	12159749.1477	2772.09673574	520774264.59450734	13276952.518684559	-7999101.598467238	13276937.188766398	4120.579494859758	11258160.387697343	-7999081.744085186	11258392.249743618	2534.7265471044757	521826986.001	0.16551443847757333	0.0	0.0	0.0	-0.07599622056565955	0.0	0.0	0.0	-0.08849701975563597	0.165331646044
560	1850.0	nan	nan	1	1	5.0	5.0	5.0	1.185	-5.72461923446e-19	-2.67621118476e-17	-3.09002003216e-19	0.925023241554	-1.29034034569e-16	-8.25751244455e-19	-2.01371495298e-18	0.913217352425	441355140.519	14313424.7834	-8866606.1168	11173191.7959	10780.6376259	12513489.2638	-6833046.22639	12353896.5039	10893.1982777	522470037.2239974	13226686.338786416	-8088843.279748076	13226668.044808757	9962.123989727914	11415828.356906753	-8088864.473306367	11415934.103235718	9937.666399388596	523523288.426	0.16974277458709455	0.0	0.0	0.0	-0.0779364157810401	0.0	0.0	0.0	-0.090781362727571	0.169563360905
570	1900.0	nan	nan	1	1	5.0	5.0	5.0	1.19	-1.46695518553e-18	-4.64837387772e-17	1.48160620854e-18	0.923237749879	1.53974602064e-16	-2.41683646142e-18	2.89981729493e-18	0.911142221644	440853713.713	14291347.2605	-8985479.82353	11087646.9903	-11608.2429131	12710435.4531	-6879858.64847	12543966.1566	-14489.4837438	524076610.68778056	13180747.4483578	-8178633.70741422	13180736.090978846	-10706.150747566337	11569109.037495723	-8178615.468913652	11569157.679617358	-13188.408685727538	525159229.852	0.17395330712343798	0.0	0.0	0.0	-0.07986849381406881	0.0	0.0	0.0	-0.09305627794213425	0.173777343363
580	1950.0	nan	nan	1	1	5.0	5.0	5.0	1.195	-3.11993998209e-18	9.40968901105e-18	6.20694824964e-19	0.92146321839	5.06672874433e-17	2.9658990997e-18	6.70214819515e-19	0.909080567283	440322923.359	14275772.6604	-9110345.52386	11008026.8804	13711.7079697	12903403.0786	-6930576.68954	12730282.8471	12635.2260132	525643038.27919304	13141028.091718458	-8273493.669089538	13141020.800670097	12621.799457139035	11718131.1511087	-8273494.735014222	11718385.301365215	11474.588110181096	526709884.24	0.17814618538347404	0.0	0.0	0.0	-0.08179241760105697	0.0	0.0	0.0	-0.09532155585773214	0.177973606285
590	2000.0	nan	nan	1	1	5.0	5.0	5.0	1.2	-7.02507950629e-20	8.02984587019e-17	-2.43715036291e-18	0.919699290786	-5.47522097105e-17	-1.3409855044e-18	1.08917849105e-18	0.907032100195	439721574.229	14270399.3538	-9241636.61391	10937021.7807	814.035944402	13093872.0789	-6985343.96381	12913660.7883	-313.63976111	527119721.81680286	13110891.509730885	-8373784.694716037	13110841.533430234	747.893362159017	11864269.30526899	-8373736.434138718	11864391.555642234	-284.18687522121957	528207618.054	0.1823215567939546	0.0	0.0	0.0	-0.08370852021002279	0.0	0.0	0.0	-0.09757743787805387	0.182152436752
600	2050.0	nan	nan	1	1	5.0	5.0	5.0	1.205	2.02162941708e-18	1.16576985712e-16	-5.22736788103e-19	0.917945942123	2.07649174107e-16	-3.24659787749e-18	4.01260682938e-18	0.90499679756	439078460.619	14269029.9329	-9375930.82706	10869868.6791	-7880.12830207	13282909.2781	-7041621.95036	13095526.7551	-10686.183046	528540150.69071287	13084597.258731676	-8476376.550176509	13084590.898720955	-7226.020666054089	12008508.040402621	-8476343.661912838	12008503.331144402	-9660.919331932675	529646481.031	0.18647956694261839	0.0	0.0	0.0	-0.08561677667178162	0.0	0.0	0.0	-0.09982387389620642	0.186313905997
610	2100.0	nan	nan	1	1	5.0	5.0	5.0	1.21	-6.12828337338e-19	-5.22175165554e-17	9.53219776849e-19	0.916203119894	-5.54043192008e-17	-3.09049235229e-18	-5.92923063078e-21	0.90297462391	438413004.068	14267287.7034	-9515879.56372	10803045.263	19210.343485	13469385.7082	-7101307.95483	13275032.0191	20514.2441525	529927083.07686067	13058115.422177445	-8583646.033328855	13058066.734902186	17582.24041889997	12149842.632137083	-8583630.90422811	12149954.773618203	18504.543827739406	531016975.465	0.1906203596086497	0.0	0.0	0.0	-0.08751719228098231	0.0	0.0	0.0	-0.10206082794230145	0.190458098428
620	2150.0	nan	nan	1	1	5.0	5.0	5.0	1.215	-9.46479909218e-19	6.61040393905e-17	-1.33152917564e-19	0.914470450228	-5.09167386462e-17	1.32411101991e-18	-1.43254447204e-18	0.900965289505	437680106.765	14265763.8459	-9658185.51602	10737158.5789	-6890.81974396	13653671.1548	-7161844.79177	13452057.9648	-10492.9959653	531225692.7563542	13031988.642919485	-8692597.863075871	13032016.799825696	-6294.866900485736	12288630.458225437	-8692549.426205141	12288656.150126284	-9443.947225277332	532351680.408	0.19474407679251185	0.0	0.0	0.0	-0.08941012416316112	0.0	0.0	0.0	-0.10428854652764782	0.194585306732
630	2200.0	nan	nan	1	1	5.0	5.0	5.0	1.22	-1.09492243322e-18	7.24830445163e-17	-2.10554689022e-18	0.912748005855	2.16205265666e-16	-5.90276085118e-21	-2.33717565971e-18	0.898968936982	436932782.298	14266979.0269	-9805539.71502	10673928.258	8263.77989156	13839192.6923	-7225332.32513	13630347.3378	7338.87271112	532499313.39917254	13008508.551225442	-8805637.025449838	13008544.332067262	7534.8433036985725	12427965.32525218	-8805666.816706108	12428033.26237672	6590.504056713169	533621257.429	0.19885085874516517	0.0	0.0	0.0	-0.09129544321459471	0.0	0.0	0.0	-0.10650679796398749	0.198695501467
640	2250.0	nan	nan	1	1	5.0	5.0	5.0	1.225	1.35181164426e-19	-3.10909266641e-17	1.28749338855e-18	0.911035429614	-1.72124612299e-16	-3.58705218272e-19	2.73210477137e-18	0.89698548431	436149991.127	14267841.0165	-9954487.4126	10611011.6956	22818.2628065	14025732.2691	-7288972.50946	13809697.4838	21620.266913	533722100.0724273	12984844.63802229	-8919644.515904285	12984825.315334344	20766.393255243398	12567653.23318076	-8919605.16854944	12567898.402979119	19372.679597628696	534842220.946	0.20294084399669038	0.0	0.0	0.0	-0.09317349157390983	0.0	0.0	0.0	-0.10871559954034316	0.2027888862
650	2300.0	nan	nan	1	1	5.0	5.0	5.0	1.23	2.58154466499e-18	-4.40603245756e-17	1.34063312546e-18	0.909332367444	-2.45250131306e-16	2.70866578153e-18	-1.97655138242e-18	0.895014941397	435319437.466	14271444.502	-10103592.6177	10550782.9054	10262.6306617	14210481.6859	-7351849.96276	13986957.2199	9364.88371943	534878478.4584539	12963806.380728846	-9033333.944010716	12963782.9632328	9322.304889075232	12705186.306611504	-9033243.139397006	12705385.585103894	8372.875390506144	536021245.588	0.20701416938432612	0.0	0.0	0.0	-0.09504461088247229	0.0	0.0	0.0	-0.11091486654830567	0.206865626617
660	2350.0	nan	nan	1	1	5.0	5.0	5.0	1.235	5.39983503875e-20	-6.65415319078e-17	-1.25735004815e-18	0.907638777735	2.54848285148e-16	2.39011521891e-18	3.76717903291e-19	0.893057315359	434468259.884	14276060.4807	-10253065.7038	10491877.371	12383.4033811	14392835.1901	-7414138.28368	14161834.8294	12023.8703403	536001098.72631216	12943808.805396073	-9146895.986168839	12943771.31268279	11227.775753808406	12840039.285140168	-9146781.555969868	12840242.76957703	10726.654303321517	537153271.52	0.2110709700799406	0.0	0.0	0.0	-0.09690880141071276	0.0	0.0	0.0	-0.1131045172324633	0.210925783384
670	2400.0	nan	nan	1	1	5.0	5.0	5.0	1.24	-9.55770801858e-19	2.82885181581e-17	5.84389867879e-19	0.905954513451	-2.38805216429e-16	-1.76231822121e-18	-2.76640960573e-18	0.8911124261	433583934.611	14280035.9979	-10403182.815	10433087.8895	7388.99705743	14574797.0953	-7476046.40315	14336224.8842	6414.10364796	537074199.0032239	12923350.32653921	-9260579.240921944	12923316.281103956	6686.9997770963855	12974016.300739652	-9260471.417800669	12974200.944998415	5709.629076764408	538242816.457	0.2151113796169455	0.0	0.0	0.0	-0.09876618010348935	0.0	0.0	0.0	-0.11528467978556776	0.214969527244
680	2450.0	nan	nan	1	1	5.0	5.0	5.0	1.245	3.8241684684e-18	2.33722859927e-18	-3.8614710053e-18	0.904279324934	1.73283988646e-16	-2.27473344963e-18	1.69406589451e-18	0.889180298686	432668511.064	14286706.3249	-10549258.8287	10376888.8971	-4828.9204721	14757714.7794	-7534258.70245	14511218.8034	-8597.93063044	538099831.504971	12905443.520707127	-9370224.476418832	12905496.989702038	-4362.05231642663	13108323.768275825	-9370183.488355396	13108249.75505422	-7636.9858156023365	539292520.429	0.219135529916671	0.0	0.0	0.0	-0.10061697855799723	0.0	0.0	0.0	-0.11745525336111977	0.218996980985
690	2500.0	nan	nan	1	1	5.0	5.0	5.0	1.25	-5.582476518e-19	-8.45876747281e-17	-5.24219922941e-19	0.902613170998	-3.30753766288e-16	2.64341777481e-18	-7.45918389176e-19	0.887260843477	431737992.029	14293436.2467	-10694109.747	10321161.275	-11956.3152086	14940739.1559	-7590725.35534	14686615.0905	-12748.9362237	539097459.4176692	12887697.097675899	-9478354.7066354	12887704.868045958	-10780.428593468449	13242207.96767709	-9478296.628400976	13242207.360754076	-11299.579162669483	540307168.953	0.22314355131420976	0.0	0.0	0.0	-0.10246119940897541	0.0	0.0	0.0	-0.11961626608529868	0.223008242214
700	2550.0	nan	nan	1	1	5.0	5.0	5.0	1.255	2.6713301574e-18	2.7491195457e-17	1.30318004169e-18	0.900956168096	-1.66985028134e-16	-1.35838938449e-18	-8.67044100633e-19	0.885353778698	430797692.321	14295736.0695	-10835332.1182	10262848.3032	3237.57554373	15121854.6762	-7643914.95137	14860027.4678	2056.31707229	540073490.0963397	12866071.20300015	-9582853.280997962	12866114.188254517	2913.7973216753103	13373887.677627599	-9582864.298887396	13373929.859208697	1818.6230553900034	541281355.429	0.22713557258374711	0.0	0.0	0.0	-0.10429867061930742	0.0	0.0	0.0	-0.12176796391168536	0.227003431964
