inc	time	elem	node	ip	grain	1_pos	2_pos	3_pos	1_f	2_f	3_f	4_f	5_f	6_f	7_f	8_f	9_f	1_p	2_p	3_p	4_p	5_p	6_p	7_p	8_p	9_p	1_Cauchy	2_Cauchy	3_Cauchy	4_Cauchy	5_Cauchy	6_Cauchy	7_Cauchy	8_Cauchy	9_Cauchy	Mises(Cauchy)	1_ln(V)	2_ln(V)	3_ln(V)	4_ln(V)	5_ln(V)	6_ln(V)	7_ln(V)	8_ln(V)	9_ln(V)	Mises(ln(V))
0	0.0	nan	nan	1	1	5.0	5.0	5.0	1.0	0.0	0.0	0.0	1.0	0.0	0.0	0.0	1.0	7.15537011004e-06	7.11843898155e-07	-7.14626646404e-08	7.11843898155e-07	7.99432987642e-06	-5.40335795813e-07	-7.14626646403e-08	-5.40335795813e-07	9.39686145058e-06	7.15537011004e-06	7.11843898155e-07	-7.14626646404e-08	7.11843898155e-07	7.99432987642e-06	-5.40335795813e-07	-7.14626646403e-08	-5.40335795813e-07	9.39686145058e-06	2.50179737948e-06	0.0	0.0	0.0	0.0	0.0	0.0	0.0	0.0	0.0	0.0
10	2.5	nan	nan	1	1	5.0	5.0	5.0	1.00025	-1.59434539426e-21	1.36039882915e-19	-3.30154924334e-22	0.999932554077	3.90168428738e-20	1.266491066e-22	3.91353364966e-22	0.999925385549	58241956.1821	507597.035332	-799183.326486	507435.941428	22.920268128	471836.923249	-798923.965345	471833.54052	22.8345864628	58250230.938551895	507508.03522347874	-799037.4724106905	507508.0356553492	22.91624937649294	471750.8111695101	-799037.4728861296	471750.8110448706	22.830419061675343	58279005.3277	0.0002499687552074404	0.0	0.0	0.0	-6.744819757921451e-05	0.0	0.0	0.0	-7.461723479683422e-05	0.000214041004336
20	5.0	nan	nan	1	1	5.0	5.0	5.0	1.0005	4.5342422265e-22	3.01025116059e-19	-9.52304604899e-22	0.999865080193	-3.12661863836e-20	1.02861201641e-21	1.1356737446e-21	0.999850742129	116528832.919	1015661.81184	-1598874.5045	1015017.27808	-454.286955784	943870.942983	-1597836.91404	943857.405255	-422.750739701	116561954.87737384	1015305.7771013429	-1598291.1078944239	1015305.7848743369	-454.1277079559412	943526.5437805058	-1598291.08050189	943526.5411615665	-422.5964866024283	116619974.213	0.0004998750416509929	0.0	0.0	0.0	-0.00013492890949544148	0.0	0.0	0.0	-0.00014926901106426688	0.000428062741009
30	7.5	nan	nan	1	1	5.0	5.0	5.0	1.00075	1.88752276027e-21	9.56625718871e-20	2.00880811759e-21	0.99979250054	1.04093804151e-19	-1.05685247951e-22	-4.57642843774e-21	0.999773524169	170427352.824	1454870.19362	-2430690.6653	1453478.28784	-2504.49157475	1615297.95994	-2428318.8315	1615267.37476	-741.384694425	170501338.17937845	1454109.1793107048	-2429373.107147717	1454109.2669984438	-2503.181523905428	1614422.386167546	-2429373.0051918617	1614422.4598040674	-740.9828261568315	170596387.42	0.0007497188905459742	0.0	0.0	0.0	-0.00020752099099165223	0.0	0.0	0.0	-0.00022650148052419047	0.000644579908447
40	10.0	nan	nan	1	1	5.0	5.0	5.0	1.001	-4.52917574525e-21	-2.08353044424e-19	-5.08043992472e-22	0.999689862978	4.44129400902e-19	1.77502619696e-21	-5.79739872065e-21	0.999672149355	194477344.11	1175974.54148	-3424641.11408	1174435.09055	2971.92547135	2555346.59462	-3420098.51068	2555301.2444	3099.30374231	194601477.6659206	1175185.0269073276	-3422281.2703074343	1175184.724419462	2969.9302083695843	2553585.762302923	-3422281.536120173	2553585.6906198286	3097.1680812605805	194749572.686	0.0009995003330834232	0.0	0.0	0.0	-0.000310185124432029	0.0	0.0	0.0	-0.0003279043997720197	0.000879089591586
50	12.5	nan	nan	1	1	5.0	5.0	5.0	1.00125	4.42616590959e-21	2.96553245189e-19	3.60071720644e-21	0.999576642153	9.8704774159e-20	9.7224741248e-22	-1.40014794335e-20	0.999556183199	205050755.777	397151.033835	-3981418.91995	396487.178165	-2142.71638441	3128296.14261	-3974683.43141	3128231.93545	-2315.90255291	205228686.32972717	396831.3352302179	-3978132.533124929	396831.2255814204	-2140.991540760658	3125713.949820269	-3978132.4195260718	3125713.7715778304	-2313.9909350192283	205419052.886	0.0012492194004318981	0.0	0.0	0.0	-0.00042344748823461975	0.0	0.0	0.0	-0.0004439153168264078	0.00112199610053
60	15.0	nan	nan	1	1	5.0	5.0	5.0	1.0015	6.47144752231e-21	-8.14839698199e-19	7.35208468195e-21	0.999460376705	6.82889294451e-19	-4.24695206e-21	-6.41571622854e-21	0.999436999869	212277293.35	-238619.288475	-4296404.51673	-238133.056372	2777.65399715	3492440.75422	-4287554.01091	3492358.95813	5077.33875031	212511548.99951673	-238396.11267421814	-4292285.779781988	-238395.8447885635	2775.0561134706454	3489092.7350292704	-4292285.481402267	3489092.625336538	5072.471372802355	212723890.845	0.0014988761237359487	0.0	0.0	0.0	-0.0005397689440501481	0.0	0.0	0.0	-0.0005631586750834077	0.00136695999319
70	17.5	nan	nan	1	1	5.0	5.0	5.0	1.00175	7.37204041423e-21	3.48910882832e-19	5.729673308e-21	0.999342971008	-5.71239764091e-19	6.10459292064e-22	2.9786773858e-21	0.999316229467	218085865.964	-658000.406291	-4482173.55881	-656418.885705	-1988.57224739	3720708.43341	-4471284.09728	3720608.66216	-3214.60940827	218378569.7384604	-657300.3598032884	-4477285.163917067	-657299.8977991294	-1986.4566058128291	3716650.5155571266	-4477285.227734621	3716650.3074216256	-3211.1034574164746	218616581.288	0.001748470534116803	0.0	0.0	0.0	-0.0006572449301384648	0.0	0.0	0.0	-0.000684004410689597	0.00161280413648
80	20.0	nan	nan	1	1	5.0	5.0	5.0	1.002	1.45397672172e-21	-2.88461040654e-19	9.38436404941e-22	0.999225350145	-1.4639013381e-18	-1.96000446144e-21	-2.05517159092e-20	0.999194345849	223154307.569	-929601.179869	-4606468.99455	-927026.870127	2061.79127806	3865664.76954	-4593570.7932	3865545.0162	3823.38954222	223507377.6823964	-928493.7333224447	-4600838.484523597	-928493.5927985131	2059.3350380292677	3860939.7482125238	-4600838.645559731	3860939.9397742706	3818.7161941137206	223752193.551	0.001998002662673058	0.0	0.0	0.0	-0.0007749500512400074	0.0	0.0	0.0	-0.0008059788647216216	0.00185906439712
90	22.5	nan	nan	1	1	5.0	5.0	5.0	1.00225	-2.00537531804e-20	3.17976602669e-19	1.76301139856e-20	0.999107807556	1.63971304553e-18	9.86867829806e-21	-4.68528540635e-20	0.999071516865	227753956.302	-1113503.37875	-4700144.96906	-1110012.22335	217.632398571	3968113.18294	-4685239.4644	3967969.21746	925.887315352	228169189.36087018	-1112036.127393437	-4693781.14001303	-1112035.9588686656	217.3456267137053	3962740.4988841913	-4693781.429360479	3962740.667346705	924.6336968720497	228424676.796	0.00224747254047937	0.0	0.0	0.0	-0.000892590684567408	0.0	0.0	0.0	-0.0009289144424613948	0.00210558784286
100	25.0	nan	nan	1	1	5.0	5.0	5.0	1.0025	4.8431424865e-22	1.3754979611e-19	-6.41106333759e-21	0.998990458565	1.73432813534e-18	-1.14010303828e-20	2.85364386634e-20	0.998947961979	232038138.583	-1244794.04016	-4779907.56439	-1240435.96395	-82.0132131203	4050246.59463	-4762971.40717	4050074.37231	489.642607024	232517244.40625498	-1242997.4962470075	-4772805.9407599075	-1242997.1812452797	-81.894847885513	4044229.045851775	-4772805.856588993	4044229.119018294	488.91513322633784	232779328.613	0.002496880198587146	0.0	0.0	0.0	-0.0010100513651800152	0.0	0.0	0.0	-0.0010525918014308877	0.00235226274801
110	27.5	nan	nan	1	1	5.0	5.0	5.0	1.00275	-1.82385053262e-20	1.4322094639e-19	-9.07168977787e-21	0.998873316708	1.35603667603e-18	-1.85048574834e-20	-1.82827077902e-20	0.998823837744	236093893.823	-1344499.40851	-4850881.49139	-1339301.4428	-146.14208271	4123882.83779	-4831888.49625	4123678.74174	143.80876934	236638522.20588404	-1342391.0447082494	-4843034.71777254	-1342390.9830129005	-145.91291141014264	4117212.055353754	-4843034.839661835	4117212.23462657	143.57614463885662	236905922.363	0.0027462256680252286	0.0	0.0	0.0	-0.0011273184767671533	0.0	0.0	0.0	-0.001176854477656811	0.00259903212269
120	30.0	nan	nan	1	1	5.0	5.0	5.0	1.003	2.28971865361e-20	-9.52428371798e-19	2.14893251335e-20	0.998756363711	1.22802241123e-18	9.72350810056e-21	1.803610457e-20	0.998699266858	239973535.507	-1420993.64412	-4917457.4605	-1414981.25189	-127.947614743	4192629.75061	-4896372.48759	4192390.3373	205.93794868	240585284.16946572	-1418588.6191101056	-4908854.04188531	-1418588.3700100416	-127.73106401126813	4185294.4662418794	-4908854.486131583	4185294.7365179914	205.5776465532655	240857090.478	0.002995508979798371	0.0	0.0	0.0	-0.0012444102463565465	0.0	0.0	0.0	-0.001301579829642072	0.00284586076187
130	32.5	nan	nan	1	1	5.0	5.0	5.0	1.00325	4.1832177938e-20	-5.64544977803e-19	2.07572702914e-20	0.998639610455	-7.56532874194e-19	-1.50596502321e-20	6.16439807893e-20	0.998574306069	243710768.882	-1479810.00558	-4979110.64764	-1473009.31307	-93.5953516639	4259156.79043	-4955905.49139	4258878.36131	197.755435742	244391189.13924503	-1477122.1269722788	-4969741.744231758	-1477121.8329242568	-93.4253481211708	4251142.582392866	-4969741.9685584195	4251142.6736223325	197.38333082065265	244666886.263	0.0032447301648890294	0.0	0.0	0.0	-0.0013613157149195674	0.0	0.0	0.0	-0.001426711199582951	0.00309272622052
140	35.0	nan	nan	1	1	5.0	5.0	5.0	1.0035	-3.20367051242e-20	3.97857331026e-20	-1.50712307607e-21	0.998523039464	8.09590203237e-19	1.36029851734e-20	3.13214006895e-20	0.998449016657	247327569.402	-1524352.39776	-5037192.46792	-1516791.96715	-73.6707012024	4323740.09492	-5011838.53322	4323419.61321	163.14195147	248078167.88909587	-1521395.4315284707	-5027048.53697531	-1521395.1812540106	-73.52779344955096	4315032.919003063	-5027048.63870763	4315032.965988675	162.8134151473495	248357346.066	0.003493889254255838	0.0	0.0	0.0	-0.0014780523173564019	0.0	0.0	0.0	-0.0015521873627689885	0.00333961369095
150	37.5	nan	nan	1	1	5.0	5.0	5.0	1.00375	-3.389455278e-20	-2.3553306198e-19	7.99221907849e-21	0.998406632444	3.03653453375e-18	-4.02754240252e-21	5.15503093646e-20	0.998323452686	250841661.809	-1559311.2489	-5092621.57429	-1551010.25099	-54.8339862308	4387854.60345	-5065089.52585	4387489.09898	154.530050583	251663909.08363715	-1556094.5437365982	-5081692.594934744	-1556094.3902937092	-54.72086913068051	4378438.083554418	-5081692.653210855	4378438.142123879	154.19842261733427	251946314.422	0.003742986278834297	0.0	0.0	0.0	-0.0015946383161225361	0.0	0.0	0.0	-0.0016779542922450313	0.00358651098001
160	40.0	nan	nan	1	1	5.0	5.0	5.0	1.004	-3.19060105874e-20	2.13088612072e-18	-1.95686117512e-20	0.998290372632	-4.35581771401e-18	-8.98318145233e-21	1.02235387808e-20	0.998197654267	254265032.977	-1587455.19351	-5145603.01407	-1578427.5309	-32.2947654805	4452475.14753	-5115865.45261	4452061.62462	129.839028807	255160363.07282415	-1583985.5604426905	-5133879.624765895	-1583985.5647985109	-32.224180189879185	4442330.933260337	-5133879.68072576	4442330.943531404	129.5432124610035	255445857.582	0.003992021269537457	0.0	0.0	0.0	-0.0017110904486553843	0.0	0.0	0.0	-0.0018039719123230538	0.00383341006302
170	42.5	nan	nan	1	1	5.0	5.0	5.0	1.00425	6.19831248404e-20	3.9146839477e-19	-1.75329202637e-20	0.998174231247	8.50505244671e-18	-3.90842839431e-21	-5.55251190031e-20	0.998071668455	257606943.668	-1610642.38764	-5196872.39657	-1600897.97757	-25.182173811	4517397.35385	-5164900.32093	4516933.18576	112.883879962	258576756.37822655	-1606924.8104042877	-5184344.574468257	-1606924.877250252	-25.124049998485294	4506507.505861954	-5184344.618148738	4506507.502122542	112.61175683516451	258865256.563	0.004240994257254614	0.0	0.0	0.0	-0.0018274375002438816	0.0	0.0	0.0	-0.001930193169879175	0.00408030437274
180	45.0	nan	nan	1	1	5.0	5.0	5.0	1.0045	2.31420319974e-20	-4.8617106233e-19	-2.2797097682e-20	0.998058196757	-5.06589250609e-18	4.67522482215e-21	-2.88836994243e-20	0.997945522968	260874874.082	-1629520.94189	-5246715.32197	-1619070.93576	-22.3526152703	4582633.15854	-5212479.89666	4582115.8823	104.911129787	261920537.05463472	-1625560.6245930344	-5233373.05380903	-1625560.64671262	-22.298290439870414	4570979.635005273	-5233373.044161154	4570979.705820841	104.64434336143808	262211974.652	0.004489905272852001	0.0	0.0	0.0	-0.0019436909870643392	0.0	0.0	0.0	-0.0020565903649627593	0.00432718826443
190	47.5	nan	nan	1	1	5.0	5.0	5.0	1.00475	6.57443150857e-20	1.24115535102e-18	-3.20780641548e-20	0.997942263796	2.07806091924e-18	2.30833021739e-20	2.58208564111e-20	0.997819235833	264074848.511	-1645145.61267	-5295217.49157	-1633998.92249	-19.9367928465	4648456.81297	-5258690.995	4647883.83114	103.909369123	265197698.9985263	-1640946.6317423552	-5281051.127113618	-1640946.7120923821	-19.885907251758656	4636020.735797133	-5281051.033378438	4636020.82314207	103.63137903179553	265492037.603	0.00473875434717347	0.0	0.0	0.0	-0.0020598562519746084	0.0	0.0	0.0	-0.002183145495883481	0.00457405737111
200	50.0	nan	nan	1	1	5.0	5.0	5.0	1.005	-9.42903180249e-21	-2.39471372274e-18	-5.25259688971e-21	0.997826430065	8.37077828582e-19	-8.4612304858e-21	-4.51832933946e-20	0.997692820055	267211825.149	-1658315.96157	-5342487.21974	-1646479.08256	-20.2479172002	4714450.44959	-5303642.8521	4713819.19707	101.02825348	268413171.3915782	-1653881.4354823378	-5327487.347661302	-1653881.417610906	-20.193771959406043	4701213.889396853	-5327487.27368873	4701213.906711376	100.74460078862138	268710374.802	0.004987541511038968	0.0	0.0	0.0	-0.00217593556666287	0.0	0.0	0.0	-0.0023098455855129806	0.00482090803279
210	100.0	nan	nan	1	1	5.0	5.0	5.0	1.01	1.01594322834e-19	5.9198007718e-20	-1.49719690872e-20	0.995523196329	9.63461679039e-18	-8.98649017478e-21	-7.45364178165e-20	0.995151362322	319752288.432	-1737398.63048	-6071859.478	-1712495.54475	597.006576902	5933911.04702	-5982591.18273	5931694.07666	2626.41160884	322755116.4895897	-1728577.9118342625	-6038776.474113402	-1728577.7742017095	593.9755931357971	5901579.666008536	-6038774.338599455	5901579.050882437	2612.101398635385	323098561.95	0.009950330853168092	0.0	0.0	0.0	-0.004486854565024527	0.0	0.0	0.0	-0.00486043045638152	0.00975170107456
220	150.0	nan	nan	1	1	5.0	5.0	5.0	1.015	5.43953970815e-21	5.82732197931e-19	-1.07831264652e-19	0.993235668301	1.71923236834e-17	3.94862937208e-20	-3.63392023623e-19	0.992607030937	359458704.104	-1698453.04456	-6532668.68631	-1662038.02486	-418.967384534	6884816.41792	-6388546.24705	6880455.29469	-2404.838288	364602254.6718696	-1685815.9383391377	-6479959.379178683	-1685820.3857514923	-415.85011534684634	6829265.781489384	-6479960.950051234	6829262.213618149	-2385.4346773149887	364979776.99	0.014888612493750559	0.0	0.0	0.0	-0.006787313486922625	0.0	0.0	0.0	-0.00742043250006522	0.0146662128365
230	200.0	nan	nan	1	1	5.0	5.0	5.0	1.02	2.16410300579e-19	4.41620975694e-18	4.95646623042e-21	0.990959703126	4.28626133707e-18	2.96660054886e-20	-1.54394915694e-19	0.990070975882	390250742.106	-1624713.06087	-6825537.88953	-1578463.43893	-1568.20993158	7616460.93711	-6625262.70619	7609623.86111	-1137.02083272	397760281.06525743	-1608830.0544417268	-6752750.68416567	-1608837.5840922624	-1552.879293189685	7535239.366685607	-6752751.684529817	7535233.060904312	-1124.895697647253	398157267.479	0.01980262729617973	0.0	0.0	0.0	-0.009081408318460726	0.0	0.0	0.0	-0.009978645613207125	0.0195619628886
240	250.0	nan	nan	1	1	5.0	5.0	5.0	1.025	2.58053881337e-19	-1.06164164846e-18	-6.13172444473e-20	0.988696296241	-1.16795520212e-17	1.67937516683e-19	3.56008609475e-19	0.987546211998	414592438.972	-1544095.58131	-6997186.88957	-1489422.8946	5399.56867853	8205111.20649	-6741503.98141	8195558.15591	6186.83575396	424620583.47710645	-1525432.1217286203	-6904571.020096588	-1525448.9930336752	5334.304174824032	8096507.060208321	-6904567.1966364	8096498.570324045	6104.945819950049	425022873.277	0.024692612590371414	0.0	0.0	0.0	-0.01136807617588133	0.0	0.0	0.0	-0.012531986341803499	0.0244376700418
250	300.0	nan	nan	1	1	5.0	5.0	5.0	1.03	9.83815533346e-20	9.68898158179e-18	7.4499194689e-20	0.986446975094	-1.00575501017e-17	3.20615205426e-20	-2.46757902892e-19	0.985033647997	434095342.902	-1414924.87574	-7078845.1021	-1355113.35275	5864.97176808	8684089.62151	-6769806.87958	8671639.41178	7238.46395405	446745632.3845568	-1394585.3264866509	-6967090.295973583	-1394603.7008365851	5780.662781651233	8546992.575588148	-6967090.767020887	8546984.569712192	7124.189220789067	447153780.802	0.02955880224154443	0.0	0.0	0.0	-0.013645705502345304	0.0	0.0	0.0	-0.015079477990455772	0.029292628026
260	350.0	nan	nan	1	1	5.0	5.0	5.0	1.035	-3.18921139531e-19	-8.79364294113e-18	1.40303066779e-19	0.98421238709	-8.53757594762e-18	-3.81164826264e-21	6.13172444473e-20	0.982534386732	449931829.847	-1256313.9789	-7104737.28146	-1194686.09838	5291.14469005	9087621.43432	-6744580.53358	9072121.58926	6770.54801484	465275444.2187913	-1235407.073478271	-6974592.633887498	-1235427.3875551093	5203.092289562891	8921154.295284726	-6974584.805209177	8921148.1930974	6646.525049548456	465687663.507	0.03440142671733232	0.0	0.0	0.0	-0.015913564681483514	0.0	0.0	0.0	-0.017619936632858494	0.0341263414372
270	400.0	nan	nan	1	1	5.0	5.0	5.0	1.04	1.69208066104e-20	-3.6874884527e-18	-1.80020971071e-19	0.981993800088	1.59182934865e-17	8.57620859095e-21	-6.74913205394e-20	0.980048316777	462937565.498	-1097336.72741	-7093662.29734	-1036158.77	7053.81466512	9436446.10834	-6684720.75042	9417745.75477	6023.0447918	481023385.3714329	-1076611.6839355237	-6945898.366615403	-1076638.9173700642	6920.59155142691	9239881.018180296	-6945876.172677081	9239875.839981075	5897.58226820335	481437089.297	0.03922071315328133	0.0	0.0	0.0	-0.018170284203609697	0.0	0.0	0.0	-0.020153405699190514	0.0389385422828
280	450.0	nan	nan	1	1	5.0	5.0	5.0	1.045	-8.3869496668e-20	7.39964425845e-18	-8.93619759353e-20	0.979792294864	-1.05582193654e-17	1.11173074327e-20	-7.2438522347e-19	0.977575077568	473700535.782	-933634.920135	-7076083.45702	-875395.581054	9345.39118507	9745802.85574	-6619537.87114	9723739.33319	10777.4615638	494560851.02766323	-913925.2483874675	-6911027.739961603	-913945.3111177438	9148.103585133747	9518473.643410249	-6911041.967804427	9518464.545066144	10526.0680270664	494973031.786	0.04401688541677426	0.0	0.0	0.0	-0.020414673797152595	0.0	0.0	0.0	-0.022680184375858774	0.0437291092468
290	500.0	nan	nan	1	1	5.0	5.0	5.0	1.05	4.56272825884e-20	-1.29434567003e-17	2.83650158212e-19	0.977608418446	6.90563727282e-17	-3.65547656299e-20	8.48713778259e-19	0.975114433888	482670969.909	-750462.012026	-7047772.65893	-698721.096222	-3764.06206098	10028577.411	-6545095.45452	10003002.3344	-6821.79977083	506326503.9100552	-732965.9995794297	-6865902.860928512	-732965.1707145064	-3676.3080166529603	9769787.090107646	-6865868.274343285	9769795.78891043	-6645.761268118723	506755497.529	0.04879016416943205	0.0	0.0	0.0	-0.02264607926186719	0.0	0.0	0.0	-0.02520044678112888	0.0484980461871
300	550.0	nan	nan	1	1	5.0	5.0	5.0	1.055	-2.91531535088e-20	1.69895779929e-17	-3.58506694925e-19	0.975442980793	1.24718917864e-17	-2.82353139011e-19	-6.49766914773e-20	0.972665932023	490199599.032	-566327.402324	-7009175.42112	-523619.938732	-5101.09759508	10293305.6225	-6462136.17851	10264012.7858	-7962.44768595	516662997.1201007	-551888.5850511784	-6811026.684795642	-551887.5319999151	-4971.042408338169	10002314.831264693	-6810994.24067309	10002326.33995275	-7737.350031486147	517095195.47	0.05354076692802976	0.0	0.0	0.0	-0.024863571890254912	0.0	0.0	0.0	-0.02771459385601212	0.0532453489423
310	600.0	nan	nan	1	1	5.0	5.0	5.0	1.06	1.67047470344e-19	-2.02059560675e-17	1.99740956874e-19	0.97329668215	-1.56486160632e-17	1.5018952946e-19	5.12924771677e-19	0.97022892324	496546428.09	-377715.288216	-6954639.50076	-346814.301071	-5815.20826075	10540187.0205	-6365598.80648	10506979.8569	-8894.22196278	525823996.9995843	-367269.1764045869	-6740987.389992142	-367263.3044753609	-5654.382587038731	10216384.01035523	-6740929.78695723	10216398.32681728	-8620.984321090858	526258712.399	0.058268908123975824	0.0	0.0	0.0	-0.02706632842224113	0.0	0.0	0.0	-0.03022323198890961	0.0579711182847
320	650.0	nan	nan	1	1	5.0	5.0	5.0	1.065	3.76590517477e-19	1.33997667493e-17	-1.81767976525e-19	0.971169991437	2.13943581817e-17	6.2733377656e-21	-5.97158227814e-19	0.967802945257	501903740.935	-188122.094467	-6894638.1321	-171552.164424	-5494.83129958	10769182.9077	-6265334.17885	10731862.4773	-8554.50342411	533996288.8141609	-182516.9732681029	-6666020.036421296	-182521.49101298797	-5331.1121176893985	10412089.461865429	-6665949.915921637	10412105.300209263	-8270.84614655231	534432354.221	0.06297479916138839	0.0	0.0	0.0	-0.029253757592285087	0.0	0.0	0.0	-0.032726781377911476	0.0626754623132
330	700.0	nan	nan	1	1	5.0	5.0	5.0	1.07	-6.01947603561e-19	-2.95669423384e-17	-1.68347798267e-20	0.969062283054	5.89612355394e-18	-8.62914815015e-21	-5.74930230394e-19	0.965388568863	506434968.785	6503.04771423	-6841964.8321	5883.66406797	-5887.49964759	10982300.9624	-6172966.10127	10940671.7515	-8597.26582356	541339656.3006927	6295.511343535186	-6598502.251079671	6289.180014533365	-5699.607698611329	10591509.807598451	-6598421.42345425	10591514.33976818	-8291.343098365383	541777959.124	0.06765864847381486	0.0	0.0	0.0	-0.031426393559435085	0.0	0.0	0.0	-0.03522459665555542	0.0673584673055
340	750.0	nan	nan	1	1	5.0	5.0	5.0	1.075	-5.65748939185e-19	-6.00163871288e-18	2.49927658999e-19	0.966973053866	1.75475580518e-17	4.57662489313e-20	2.41146309616e-19	0.962986163692	510269016.487	191123.867931	-6792923.91515	171937.252601	-9228.20376581	11169757.1758	-6085032.10253	11123702.3066	-9086.28414985	547980090.3354617	184623.25970016816	-6534824.280339125	184644.15468723138	-8914.329114751175	10745358.156466	-6534742.133071538	10745356.935326366	-8741.047452051309	548421785.533	0.07232066157962608	0.0	0.0	0.0	-0.03358464961926986	0.0	0.0	0.0	-0.0377162352083106	0.0720202496128
350	800.0	nan	nan	1	1	5.0	5.0	5.0	1.08	3.64235747848e-19	-9.80919077713e-18	1.47648430618e-19	0.964902628203	4.35833259123e-17	9.15854374219e-21	4.66483543366e-19	0.960595277547	513515057.674	362392.670617	-6746923.86546	323704.514158	5084.87549919	11335761.8225	-6000927.43185	11285148.147	4153.00342463	554024851.8148932	349313.36529852636	-6474385.647505436	349240.6752404334	4901.354571333154	10877860.060472202	-6474324.134217021	10877849.903557288	3985.245172858078	554454429.179	0.0769610411361284	0.0	0.0	0.0	-0.03572808615082366	0.0	0.0	0.0	-0.04020210591277879	0.076660955277
360	850.0	nan	nan	1	1	5.0	5.0	5.0	1.085	-7.63719315958e-20	-3.23640701234e-18	-4.56656637688e-19	0.962851184256	-4.58035977904e-17	-2.22319678875e-19	-3.18583649841e-19	0.95821544037	516239195.941	527334.199674	-6693257.92509	467910.005821	2782.00656429	11490508.6365	-5911082.527	11435200.5076	2053.14711603	559536783.681253	507216.10545049736	-6406910.449213131	507154.16761822323	2675.8714601650136	10998927.678254036	-6406851.961721321	10998941.221897	1965.3104450307758	559969339.477	0.08157998699242285	0.0	0.0	0.0	-0.03785641260840598	0.0	0.0	0.0	-0.0426826407305697	0.0812807844944
370	900.0	nan	nan	1	1	5.0	5.0	5.0	1.09	-2.6714625063e-19	-1.27784449214e-17	9.28559868428e-20	0.96081852694	3.26310046158e-17	4.67456307766e-19	-1.17025542597e-18	0.955846668924	518508040.813	675807.809486	-6646720.02816	595782.247242	-10050.8273897	11638215.9459	-5828565.75798	11578014.7448	-8257.57187752	564580528.4621097	648647.0945847402	-6346576.49882764	648721.0024145843	-9646.88465121449	11112673.242982578	-6346468.090749039	11112694.348687286	-7884.687694564502	565025347.94	0.08617769624105241	0.0	0.0	0.0	-0.03996972557546333	0.0	0.0	0.0	-0.04515776694910276	0.0858798795419
380	950.0	nan	nan	1	1	5.0	5.0	5.0	1.095	-7.65487828108e-19	1.21330984598e-17	9.40206571452e-20	0.958804051196	-1.58977165416e-17	-9.75940773915e-20	2.00210795462e-18	0.953489392329	520386543.919	798585.260957	-6614460.61229	699238.161511	-1506.73922259	11781666.7199	-5759592.9478	11716362.1081	-2043.91410588	569220237.1497107	764876.477963233	-6300143.696055524	764855.5036068965	-1443.1388182681515	11221805.928738793	-6300080.0115669845	11221807.140600288	-1946.7880034711616	569659744.157	0.09075436326846412	0.0	0.0	0.0	-0.04206855115340411	0.0	0.0	0.0	-0.04762697898624172	0.0904583619373
390	1000.0	nan	nan	1	1	5.0	5.0	5.0	1.1	1.3415529503e-18	-9.87948789431e-18	-5.07690372761e-20	0.956807453426	-3.61785903571e-17	4.80188271754e-19	1.0941812794e-18	0.951143575649	521909827.577	914016.846457	-6590706.91928	794990.863225	767.182917907	11916052.2787	-5698739.56851	11845519.6268	-547.72052643	573488675.0004779	873605.6544386899	-6262024.531002872	873557.5241129701	733.2636566490954	11321791.819273274	-6261929.61242031	11321796.710695304	-520.4053851347848	573928230.587	0.09531017980432493	0.0	0.0	0.0	-0.04415310586418839	0.0	0.0	0.0	-0.05009025448927791	0.0950164244001
400	1050.0	nan	nan	1	1	5.0	5.0	5.0	1.105	7.94093388051e-22	2.49795310101e-17	-3.98581941242e-19	0.954828486479	-5.78854242871e-17	-2.13558181826e-19	-5.1002633081e-19	0.948809210673	523121935.124	1028419.67267	-6554361.98946	888643.301808	-1218.24295404	12024251.643	-5627822.61896	11948460.4244	-2081.91479206	577429106.4474211	980910.0985568941	-6212162.074888999	980896.5620832709	-1161.9641746174393	11396471.56438493	-6212067.145187403	11396481.226455681	-1973.2190768809091	577870642.932	0.09984533496971612	0.0	0.0	0.0	-0.04622354994052402	0.0	0.0	0.0	-0.05254754307816513	0.0995542301215
410	1100.0	nan	nan	1	1	5.0	5.0	5.0	1.11	-6.56735084253e-19	3.82753013041e-20	3.39077876698e-19	0.952866979333	-1.21381872749e-17	1.69962454822e-19	1.80110306577e-18	0.946486213932	524060995.868	1136602.85138	-6505182.05352	975677.082156	-1131.88244944	12114870.5498	-5546832.92513	12033757.857	-2003.83213391	581079117.1450044	1081861.0114994673	-6150411.861939915	1081831.2791601536	-1077.3679567696422	11454167.2965229	-6150331.363140077	11454179.823239854	-1894.550040927369	581519779.514	0.10436001532424286	0.0	0.0	0.0	-0.0482799660429825	0.0	0.0	0.0	-0.05499887375103703	0.104071944303
420	1150.0	nan	nan	1	1	5.0	5.0	5.0	1.115	-4.09461020659e-19	-2.10724062525e-17	1.39919254975e-19	0.950922652585	-1.87267602633e-17	1.09373129314e-19	-8.7155058061e-19	0.944174594125	524755979.019	1242676.28649	-6439394.84985	1059799.44137	-1707.16398888	12197227.6802	-5452759.17195	12110690.0726	-2461.3508248	584466861.3992238	1180404.4370553559	-6073303.651041649	1180391.7972847852	-1621.6161595448384	11503793.311334291	-6073217.203076511	11503810.32688542	-2321.4185958950006	584906541.694	0.10885440491208208	0.0	0.0	0.0	-0.05032255246262256	0.0	0.0	0.0	-0.057444178534436646	0.108569731994
430	1200.0	nan	nan	1	1	5.0	5.0	5.0	1.12	9.94719428181e-19	1.75433758266e-18	1.97041039355e-19	0.948995041764	-1.20529327471e-16	-2.2128735747e-19	1.58640668342e-18	0.941874545266	525232985.644	1342970.43089	-6366612.50042	1137914.44986	-3457.76593117	12263541.9791	-5353983.60449	12171538.1569	-4203.8606283	587617863.0224901	1273079.0399770627	-5989994.885786991	1273070.9525207905	-3277.8155280783235	11538090.897097487	-5989906.365972738	11538102.221328523	-3955.1808222059967	588056873.862	0.11332868530700327	0.0	0.0	0.0	-0.05235170508132668	0.0	0.0	0.0	-0.059883192398042885	0.113047747669
440	1250.0	nan	nan	1	1	5.0	5.0	5.0	1.125	1.42609577199e-18	2.30427901762e-17	-2.16152220227e-19	0.947083366182	1.17676897699e-16	-8.29562892717e-20	2.63787235599e-18	0.939586576576	525512384.092	1443999.23167	-6302411.65479	1215629.58931	-4624.45507491	12314267.3261	-5263606.09323	12216825.5728	-5043.87786057	590551724.8222072	1366084.7276820715	-5915153.716330932	1366080.367358674	-4374.931310993968	11557604.949926121	-5915049.295198859	11557636.92232482	-4733.951780029175	590989017.33	0.11778303565638346	0.0	0.0	0.0	-0.05436815779946475	0.0	0.0	0.0	-0.0623153126170117	0.117506128189
450	1300.0	nan	nan	1	1	5.0	5.0	5.0	1.13	-4.90036684127e-19	6.99413633394e-18	-3.18113811253e-19	0.94518714523	-2.94883734151e-17	9.43382945004e-20	2.07567408958e-18	0.937310924312	525617477.05	1549799.17324	-6243568.40205	1296451.88735	-3437.26964555	12356019.6735	-5178788.69127	12253081.3682	-2609.41421705	593291753.7786354	1463232.3784548305	-5845701.350901416	1463372.5998847156	-3245.274823791907	11568640.919098077	-5845567.849716428	11568663.671635201	-2443.1311121156245	593724615.657	0.12221763272424911	0.0	0.0	0.0	-0.05637233381476443	0.0	0.0	0.0	-0.06474022221173166	0.121945012405
460	1350.0	nan	nan	1	1	5.0	5.0	5.0	1.135	-3.78977760725e-19	1.49014271246e-18	1.01760420701e-18	0.943306422625	5.70047217802e-17	1.3488999685e-19	-7.06240189553e-19	0.935047263397	525567325.771	1649589.89991	-6195137.58185	1371134.86309	696.156934605	12396690.5154	-5103645.79764	12288175.2365	2018.44219021	595856940.9044806	1554341.933953983	-5786318.068348972	1554511.068376945	655.960560942823	11578628.136870028	-5786209.72675691	11578651.192583645	1885.2444131906168	596283377.092	0.126632650933366	0.0	0.0	0.0	-0.05836410467252322	0.0	0.0	0.0	-0.06715820188331141	0.126364578692
470	1400.0	nan	nan	1	1	5.0	5.0	5.0	1.14	5.07907094081e-19	-9.87116314862e-18	3.57236145505e-19	0.94144114287	7.98833298397e-17	-2.48710049138e-19	-5.66281229909e-19	0.932795260329	525363331.52	1743470.07174	-6152639.8345	1439813.17767	-18487.7065496	12429405.1377	-5034240.91315	12315282.2384	-19149.3211592	598246618.7303197	1639544.9002530538	-5732756.133804074	1639557.4518920213	-17385.687016995274	11581166.858351644	-5732637.63089863	11581190.016639898	-17842.485711258803	598689501.474	0.131028262406404	0.0	0.0	0.0	-0.060343447050389284	0.0	0.0	0.0	-0.06956954452124497	0.130765041369
480	1450.0	nan	nan	1	1	5.0	5.0	5.0	1.145	-2.98900059985e-19	-7.97820333019e-18	5.1700773518e-19	0.939591320248	1.29797550399e-17	-3.73647408858e-19	-1.13358154633e-18	0.930554914917	525053134.567	1835916.45879	-6114612.52347	1506663.01188	-2393.45104161	12464541.6073	-4969251.74124	12344687.794	-2588.27449269	600512776.7773501	1723079.9196511866	-5683612.471912228	1723197.7667896964	-2246.348088836346	11585954.770477572	-5683423.191252133	11585975.794466993	-2405.8350600173444	600938355.653	0.13540463700620298	0.0	0.0	0.0	-0.06231026394971095	0.0	0.0	0.0	-0.07197418807272893	0.135146464237
490	1500.0	nan	nan	1	1	5.0	5.0	5.0	1.15	-6.20052932809e-19	1.17610524726e-18	4.76773670186e-19	0.937756517313	-1.21264628169e-17	-2.15464005958e-20	-1.04848120491e-18	0.928326176122	524619682.767	1925705.80556	-6077815.24685	1570397.20829	927.206890992	12507709.7072	-4906106.46263	12381949.4085	1823.4030761	602634364.1016157	1803812.9598355882	-5635851.779025581	1803926.4520410905	868.5167804921133	11598180.454957547	-5635679.41776018	11598199.863444824	1690.8097816308043	603054919.476	0.13976194237515863	0.0	0.0	0.0	-0.06426494009707748	0.0	0.0	0.0	-0.07437212506149152	0.139509077997
500	1550.0	nan	nan	1	1	5.0	5.0	5.0	1.155	-2.65531594074e-19	2.10219283828e-17	1.04375634925e-18	0.93593627746	3.16594148119e-17	-5.54488943096e-19	7.26813825748e-19	0.926109251444	524073425.246	2008854.57764	-6043048.60421	1627918.28301	-3073.11599863	12560556.1654	-4845341.91015	12428666.9976	-2865.96764462	604621566.6526172	1878037.639594744	-5590206.127922358	1878123.2843354475	-2872.9941831067704	11619317.110409258	-5590052.987913526	11619310.173712706	-2651.203215248061	605045398.686	0.14410034397375687	0.0	0.0	0.0	-0.06620788445882107	0.0	0.0	0.0	-0.07676306917435084	0.143853019231
510	1600.0	nan	nan	1	1	5.0	5.0	5.0	1.16	1.43089011082e-18	3.64961085983e-17	1.66971369728e-19	0.934130236035	-3.56361253114e-17	-1.38384007758e-19	3.4225425025e-19	0.923904278804	523431778.788	2083950.65985	-6003068.26094	1678205.03211	-7271.60926212	12610241.6311	-4781132.17815	12472178.8543	-7615.87849919	606492839.989562	1944475.4513437855	-5539975.740003809	1944511.9254431147	-6784.933047779121	11637454.327554299	-5539828.781137337	11637437.5239292	-7028.369542098547	606919803.464	0.14842000511827322	0.0	0.0	0.0	-0.06813941146437306	0.0	0.0	0.0	-0.07914680707468523	0.148178419242
520	1650.0	nan	nan	1	1	5.0	5.0	5.0	1.165	1.06522334051e-18	-4.81972864295e-17	6.46921413465e-20	0.932338060024	-7.46444740743e-17	-8.93090363761e-20	1.31500541572e-18	0.921711391056	522711805.017	2147546.2785	-5964298.67879	1718837.77356	1319.75984158	12648398.4755	-4718599.23945	12504242.7365	1365.1851657	608266558.3233275	1999961.5730118668	-5491108.752154793	2000168.2127792558	1229.062672682331	11644911.717206243	-5490915.054795781	11644920.169115111	1256.8753872681775	608683793.508	0.15272108701766393	0.0	0.0	0.0	-0.07005980471784222	0.0	0.0	0.0	-0.08152312931309162	0.152485399241
530	1700.0	nan	nan	1	1	5.0	5.0	5.0	1.17	-1.25380728528e-18	1.48984095697e-17	-1.11808349038e-18	0.930559277666	-1.61386027856e-16	9.02090088826e-20	-1.76926653836e-18	0.91953067092	521905702.451	2203385.99997	-5926341.63839	1752616.94399	-1631.13296355	12677498.9816	-4657485.70395	12527261.2398	-1620.06196988	609932505.351586	2048040.3285798605	-5443231.16769702	2048220.6623711376	-1516.1329384303863	11644039.74588263	-5443036.760680206	11644049.76073873	-1487.9958574995776	610350483.226	0.1570037488096647	0.0	0.0	0.0	-0.07196949975320815	0.0	0.0	0.0	-0.08389187940923443	0.156774144261
540	1750.0	nan	nan	1	1	5.0	5.0	5.0	1.175	1.85691459606e-18	-9.13180926479e-18	-7.99387343971e-19	0.928793723347	4.70463208554e-17	9.14372066561e-19	4.48616442134e-19	0.917362068747	521026775.415	2262730.09617	-5885031.36631	1788606.30478	-8599.33999857	12697934.8208	-4594561.16387	12541653.2029	-9123.97770577	611504970.4343989	2099201.4026169353	-5392518.49698233	2099204.2964626984	-7977.861176254264	11635256.31938545	-5392423.424752992	11635261.332858887	-8360.400392439878	611927212.822	0.16126814759612232	0.0	0.0	0.0	-0.07386860643029045	0.0	0.0	0.0	-0.08625304414540487	0.161044788631
550	1800.0	nan	nan	1	1	5.0	5.0	5.0	1.18	1.21794073392e-18	-6.41491932274e-17	8.75832067461e-19	0.927041392448	5.20339420164e-17	-1.58501040255e-19	-5.76644148623e-20	0.915205396135	520087023.114	2329652.45132	-5837693.33868	1830249.06822	-5789.95292616	12710671.2626	-4527683.19714	12548401.1178	-6838.78825021	612996958.5423977	2157200.718816083	-5336544.608413015	2157210.3558292296	-5361.353624719904	11619497.678354582	-5336522.362108572	11619509.981402136	-6251.6984787331585	613414073.009	0.16551443847757333	0.0	0.0	0.0	-0.07575706236568996	0.0	0.0	0.0	-0.088606762247456	0.165297466919
560	1850.0	nan	nan	1	1	5.0	5.0	5.0	1.185	1.69406589451e-21	-1.55459133183e-17	-1.06366162351e-18	0.925302073215	-7.44356407482e-17	-1.26631425615e-19	-1.3603216784e-18	0.913060558217	519087853.25	2394654.39353	-5792522.98388	1869862.8018	-5134.37020397	12714331.7359	-4463184.03786	12546122.6823	-6641.13938109	614409254.1605657	2213221.650193871	-5282820.811914421	2213230.385268168	-4745.360886414958	11595558.01347995	-5282769.68669928	11595556.511819832	-6056.764804366223	614822867.405	0.16974277458709455	0.0	0.0	0.0	-0.07763502914282563	0.0	0.0	0.0	-0.09095307176207419	0.16953234522
570	1900.0	nan	nan	1	1	5.0	5.0	5.0	1.19	-1.77536782256e-18	-7.53885792836e-17	-9.45500527373e-19	0.923575537742	1.24974457116e-16	-2.31875269311e-19	-2.23485672666e-18	0.910927558831	518036603.845	2460668.1772	-5748655.58733	1909760.59112	-1362.26538069	12713811.6252	-4400433.43877	12539729.1636	-2942.35533188	615749665.869851	2269981.146311225	-5230544.570694883	2269983.3122707214	-1256.6979810961911	11567949.64645182	-5230451.669812635	11567975.334899228	-2677.168682733395	616156684.099	0.17395330712343798	0.0	0.0	0.0	-0.07950268762344775	0.0	0.0	0.0	-0.0932919031814015	0.173749555504
580	1950.0	nan	nan	1	1	5.0	5.0	5.0	1.195	-3.14593330566e-19	-2.54217880877e-17	1.03094497593e-18	0.921861695488	2.69537265822e-17	8.53491573477e-19	2.96220656545e-18	0.908806225588	516936521.723	2516018.37453	-5702110.36258	1940906.91116	383.273422073	12721402.4513	-4336397.88194	12541249.89	-2327.16629832	617021295.1158563	2316725.664326772	-5176091.483280808	2316688.5017750436	352.91450267631797	11547854.863645267	-5175973.692735178	11547862.995366955	-2112.4855344718144	617424407.355	0.17814618538347404	0.0	0.0	0.0	-0.08136007157111184	0.0	0.0	0.0	-0.09562338069980546	0.177949252878
590	2000.0	nan	nan	1	1	5.0	5.0	5.0	1.2	1.36194956985e-18	-7.34841315808e-17	-4.85879274369e-19	0.92016062267	9.93474091225e-17	-1.01749832789e-19	-2.82062964052e-18	0.90669630111	515797751.152	2570917.43228	-5652407.19844	1971523.03098	7489.07359233	12739109.0539	-4270735.67311	12552741.8178	7471.9962034	618235524.0186564	2362898.349694213	-5119040.3240311425	2363068.8025500583	6883.114723900262	11537033.806966718	-5118906.588703323	11537069.43404738	6766.93106554114	618628642.793	0.1823215567939546	0.0	0.0	0.0	-0.08320703431939135	0.0	0.0	0.0	-0.09794772384655441	0.182131570451
600	2050.0	nan	nan	1	1	5.0	5.0	5.0	1.205	1.21430113923e-18	-2.16071752097e-17	-3.0704944338e-19	0.918471967009	-8.31349338142e-17	8.95737341721e-20	-7.52228122888e-19	0.904597782442	514610852.728	2627186.51193	-5600296.60566	2002612.88644	3852.43031276	12758290.4911	-4203945.81076	12565586.2604	4600.31068102	619380483.1909927	2410173.683325722	-5060088.078109746	2410324.871060043	3534.208977738936	11527616.866904823	-5059827.1951982165	11527634.289705228	4156.561495172244	619774406.807	0.18647956694261839	0.0	0.0	0.0	-0.08504389519663312	0.0	0.0	0.0	-0.10026487336523306	0.186296682571
610	2100.0	nan	nan	1	1	5.0	5.0	5.0	1.21	-2.85010704883e-18	-3.60510986637e-17	6.97637511182e-19	0.916795295697	-2.08209195234e-16	2.54109884176e-21	-6.10406352505e-19	0.902510918055	513384358.527	2679558.12381	-5546924.23748	2030238.97558	-861.26523471	12770534.5477	-4137221.15963	12571548.9824	-2792.65054229	620465719.8228133	2453721.9459864893	-5000281.882470904	2453704.8440857893	-788.6768303146134	11512014.549768457	-5000159.943012752	11512004.669373713	-2517.438369958559	620862632.684	0.1906203596086497	0.0	0.0	0.0	-0.0868710642553764	0.0	0.0	0.0	-0.10257449128040871	0.190444689274
620	2150.0	nan	nan	1	1	5.0	5.0	5.0	1.215	1.94031425414e-18	-7.31412949954e-18	-7.22836741363e-19	0.915130183976	-2.02259344645e-16	-8.95737341721e-20	2.84599761555e-19	0.900435947474	512127138.611	2732318.3855	-5488987.60124	2058066.95859	-1135.70600803	12778373.4851	-4067782.6091	12573190.4102	-1981.5106844	621501363.5557288	2497481.0510059516	-4936658.573408794	2497605.232407426	-1038.0943339648716	11492550.4668999	-4936532.840381735	11492549.684841348	-1782.1212979665934	621895294.154	0.19474407679251185	0.0	0.0	0.0	-0.08868894625771004	0.0	0.0	0.0	-0.10487624685267233	0.194575689698
630	2200.0	nan	nan	1	1	5.0	5.0	5.0	1.22	-2.74350001149e-18	-2.14060048848e-17	2.25204884851e-19	0.913476581547	-3.00072949154e-16	1.37388744045e-18	2.64788289576e-18	0.898372639928	510839254.715	2789297.26039	-5431520.05102	2088550.80402	1421.63527373	12784171.9579	-3999471.47512	12572796.225	1155.31548601	622487059.6337568	2544945.3024427667	-4873759.990705462	2545019.4692172958	1297.0951726921871	11471371.77391271	-4873586.388785852	11471376.373456173	1036.6767202305946	622875712.174	0.19885085874516517	0.0	0.0	0.0	-0.09049753945655808	0.0	0.0	0.0	-0.10717033024248014	0.198689845183
640	2250.0	nan	nan	1	1	5.0	5.0	5.0	1.225	1.12906844891e-19	-4.57143681633e-18	-3.70471035305e-19	0.911834468123	-2.62293281238e-17	1.05677948082e-18	-9.94410476222e-19	0.896320767746	509523539.551	2837178.27285	-5367174.74411	2111979.66089	-226.587936126	12787440.3568	-3926889.07798	12569893.0719	-551.359540217	623425825.2103778	2583967.6816016934	-4805002.762253514	2584105.6609045886	-206.36556736465616	11448050.26219895	-4804732.017104894	11448063.651760468	-493.60869359525833	623813002.377	0.20294084399669038	0.0	0.0	0.0	-0.0922968096327922	0.0	0.0	0.0	-0.1094569303572969	0.202787305808
650	2300.0	nan	nan	1	1	5.0	5.0	5.0	1.23	-7.40783251933e-19	3.03484493463e-17	5.0239641684e-19	0.910203631311	-4.54083775111e-18	-1.33238282603e-18	1.95640788014e-18	0.894280366314	508189597.793	2873828.65884	-5301643.25967	2126729.77966	6505.02142071	12799800.4072	-3854361.34509	12575862.7763	5573.96712063	624329004.3007388	2612654.9928942393	-4735510.741364748	2612763.211837129	5913.844808187642	11432982.067411557	-4735220.065987038	11432967.853314972	4978.754676413374	624707766.582	0.20701416938432612	0.0	0.0	0.0	-0.09408693383273484	0.0	0.0	0.0	-0.11173594412125104	0.206868179596
660	2350.0	nan	nan	1	1	5.0	5.0	5.0	1.235	5.93187760874e-19	5.76995667296e-17	-8.22468991784e-19	0.908583764605	1.7928246422e-17	-9.10560418298e-20	-5.51028019413e-19	0.89225145017	506827312.036	2908132.46601	-5235041.00931	2139634.38615	2438.13661837	12820232.8041	-3781943.5675	12589788.293	3264.25899725	625183885.8761803	2639125.024592359	-4665392.19366636	2639291.348593579	2212.604631364751	11425204.490063189	-4665119.892998445	11425210.414834648	2909.0600086593304	625563334.429	0.2110709700799406	0.0	0.0	0.0	-0.09586819440001475	0.0	0.0	0.0	-0.1140072913175874	0.210932613548
670	2400.0	nan	nan	1	1	5.0	5.0	5.0	1.24	-9.17548440113e-19	-4.12255170593e-17	-1.61148018215e-19	0.906974663482	-5.95072938577e-17	5.70900206449e-19	2.10058876963e-18	0.890234075883	505452116.568	2942565.71184	-5167162.8591	2152413.05669	4244.76743226	12849329.1601	-3709363.16365	12612157.3357	3388.08421794	626009105.7906651	2665632.476529663	-4594468.830978032	2665791.9291339736	3845.2802862540375	11425194.818678362	-4594095.14969747	11425191.30766374	3012.571455656684	626385945.662	0.2151113796169455	0.0	0.0	0.0	-0.09764076367613726	0.0	0.0	0.0	-0.11627084422601436	0.214980702656
680	2450.0	nan	nan	1	1	5.0	5.0	5.0	1.245	2.23227592315e-18	-3.77643286786e-17	-3.63483013491e-19	0.905376070294	-6.16764658263e-17	-6.0478152434e-19	2.95156571405e-18	0.888228219392	504052024.055	2977408.65764	-5098089.79216	2165182.68761	3482.79251013	12880553.3351	-3637223.77137	12636599.8286	4300.65775548	626789604.041367	2692430.667582042	-4522818.056537569	2692408.590142299	3149.442498944492	11427103.400919689	-4522894.341592984	11427107.537012601	3815.3687644705606	627164806.529	0.219135529916671	0.0	0.0	0.0	-0.09940487431188495	0.0	0.0	0.0	-0.11852656518997148	0.219012591551
690	2500.0	nan	nan	1	1	5.0	5.0	5.0	1.25	4.1679050263e-18	6.63526435605e-17	5.27172130547e-19	0.903787872476	6.75636889169e-17	6.37180534572e-19	-3.75275300303e-19	0.886233849364	502647727.49	3009179.5061	-5031690.82365	2175717.69815	9555.4019746	12910864.3692	-3567222.73919	12660088.5262	8297.56645178	627550789.4654466	2716375.1492990423	-4453868.8574036965	2716362.3437552312	8625.625826825135	11428225.37224771	-4453642.827266764	11428214.830914376	7344.702627219936	627919921.388	0.22314355131420976	0.0	0.0	0.0	-0.10116060046630658	0.0	0.0	0.0	-0.12077442486856524	0.223028378519
700	2550.0	nan	nan	1	1	5.0	5.0	5.0	1.255	1.51388610476e-18	-4.98764763079e-17	4.4257471494e-19	0.902210098672	3.32319083174e-16	1.21686870785e-18	1.97469849785e-18	0.884250636306	501215852.44	3032387.98915	-4965821.08171	2179926.45362	2863.89924086	12941540.3831	-3498937.52945	12683853.9136	4003.02880194	628263361.166911	2732534.5444762763	-4385707.445531258	2732491.2294387463	2580.706570387112	11429692.910977848	-4385843.428662215	11429628.761231778	3535.389804116528	628635844.408	0.22713557258374711	0.0	0.0	0.0	-0.1029078606854285	0.0	0.0	0.0	-0.12301473129714526	0.227028235835
