inc	time	elem	node	ip	grain	1_pos	2_pos	3_pos	1_f	2_f	3_f	4_f	5_f	6_f	7_f	8_f	9_f	1_p	2_p	3_p	4_p	5_p	6_p	7_p	8_p	9_p	1_Cauchy	2_Cauchy	3_Cauchy	4_Cauchy	5_Cauchy	6_Cauchy	7_Cauchy	8_Cauchy	9_Cauchy	Mises(Cauchy)	1_ln(V)	2_ln(V)	3_ln(V)	4_ln(V)	5_ln(V)	6_ln(V)	7_ln(V)	8_ln(V)	9_ln(V)	Mises(ln(V))
0	0.0	nan	nan	1	1	5.0	5.0	5.0	1.0	0.0	0.0	0.0	1.0	0.0	0.0	0.0	1.0	1.22771707041e-05	-9.53864977345e-08	-4.74703084231e-08	-9.53864977345e-08	1.24536497151e-05	-1.99867709039e-07	-4.74703084231e-08	-1.99867709039e-07	9.42749333835e-06	1.22771707041e-05	-9.53864977345e-08	-4.74703084231e-08	-9.53864977345e-08	1.24536497151e-05	-1.99867709039e-07	-4.74703084231e-08	-1.99867709039e-07	9.42749333835e-06	2.96793051117e-06	0.0	0.0	0.0	0.0	0.0	0.0	0.0	0.0	0.0	0.0
10	2.5	nan	nan	1	1	5.0	5.0	5.0	1.00025	-3.61581325262e-22	1.11473599383e-19	2.13287228477e-21	0.999928164422	-4.40300614491e-20	-6.25193446725e-22	-4.67512142457e-22	0.999926311896	53630427.5989	1389413.24536	-387271.19459	1388966.19437	-0.473876690726	274555.752135	-387145.87089	274555.243669	-0.14174141011	53638232.948124476	1389168.344046693	-387202.2158847335	1389168.3439088613	-0.4737931640831678	274506.8497106258	-387202.21593251417	274506.8499028009	-0.14171616387664035	53698466.1939	0.0002499687552074404	0.0	0.0	0.0	-7.183815829842925e-05	0.0	0.0	0.0	-7.369081910148626e-05	0.000215158154737
20	5.0	nan	nan	1	1	5.0	5.0	5.0	1.0005	-1.22913869147e-21	2.1319453255e-19	2.73380607509e-21	0.999856302289	1.67403519899e-20	1.06509843624e-21	8.37727165363e-22	0.99985259653	107304033.35	2779812.40683	-774768.070581	2778023.94095	-147.674037448	549145.04315	-774266.732802	549143.008323	-153.725653085	107335276.50222617	2778832.8048303663	-774492.1728933617	2778832.8036009683	-147.62199732398923	548949.4906313353	-774492.1719830016	548949.4910958243	-153.67091082879807	107455866.324	0.0004998750416509929	0.0	0.0	0.0	-0.00014370803650501002	0.0	0.0	0.0	-0.0001474143349589373	0.000430296138906
30	7.5	nan	nan	1	1	5.0	5.0	5.0	1.00075	5.20839442573e-21	2.19012300593e-19	-6.47031014897e-21	0.999782699936	3.48364064748e-19	2.6455303941e-21	-1.75641463318e-21	0.999776096913	158644556.802	4164849.68416	-1112874.8094	4160824.15678	-1296.18047269	735427.270364	-1111791.78363	735422.489725	-1886.48934501	158714574.45023352	4162660.4203873556	-1112282.477869515	4162660.533193057	-1295.499132145475	735035.8366133791	-1112282.472044304	735035.9130328167	-1885.4852544226899	158896622.34	0.0007497188905459742	0.0	0.0	0.0	-0.00021732367707972167	0.0	0.0	0.0	-0.00022392815703869225	0.000646907776361
40	10.0	nan	nan	1	1	5.0	5.0	5.0	1.001	1.21957441563e-21	1.11577710403e-18	-5.15612695077e-21	0.99968869391	7.05178813429e-19	1.75982675321e-21	1.14502476293e-20	0.999664132508	180993045.563	5074076.17784	-1209763.67251	5067429.1797	3580.80179471	656067.696155	-1208149.1302	656051.781964	3443.72141845	181110236.38696852	5070710.257406144	-1208931.465120092	5070710.2792534325	3578.4264472560076	655616.3812433137	-1208931.392256559	655616.5858768336	3441.35245128861	181335205.449	0.0009995003330834232	0.0	0.0	0.0	-0.00031135455579930324	0.0	0.0	0.0	-0.00033592390811843555	0.000882207092942
50	12.5	nan	nan	1	1	5.0	5.0	5.0	1.00125	7.42342900978e-21	6.6902595418e-19	1.22422730658e-22	0.999583130463	6.76737965826e-19	1.5815693312e-21	-1.65134201587e-20	0.99953626835	189205609.246	5556813.83171	-1345459.90017	5547562.77807	-3987.72732917	954199.835972	-1343157.26606	954155.142195	-3463.41263266	189372334.1396022	5552451.33352081	-1344340.5895904638	5552451.199811889	-3984.5966766451274	953406.0211795559	-1344340.8343123754	953406.0618395851	-3460.5313618019486	189641579.573	0.0012492194004318981	0.0	0.0	0.0	-0.0004169564512618142	0.0	0.0	0.0	-0.0004638392067750102	0.00112673665988
60	15.0	nan	nan	1	1	5.0	5.0	5.0	1.0015	-7.77653173376e-22	9.08255893112e-19	-2.44363628609e-20	0.999475129249	5.92949946448e-19	-6.86394472297e-21	-6.12030935228e-21	0.99940547774	194627830.873	5831409.67123	-1471525.54196	5819619.28023	-2533.05123627	1211415.01629	-1468448.39704	1211330.89191	-2576.20139994	194845879.18724504	5826139.427322791	-1470093.1685259733	5826139.201702228	-2530.761944555431	1210235.832757376	-1470093.5507474332	1210236.12930325	-2573.693742178884	195137439.923	0.0014988761237359487	0.0	0.0	0.0	-0.0005250085438710857	0.0	0.0	0.0	-0.0005946990584364798	0.00137307626712
70	17.5	nan	nan	1	1	5.0	5.0	5.0	1.00175	-2.67407846499e-20	-1.43800551845e-18	-1.19498647192e-20	0.999365834116	2.26928315657e-18	-2.04106816147e-20	-1.0241323164e-20	0.999273787796	198899052.002	6022362.04621	-1626236.1606	6008028.61295	-4608.25295484	1413377.75719	-1622216.60401	1413247.76259	-4817.10622624	199169906.65328965	6016210.369285194	-1624425.3741201793	6016210.162728741	-4603.545751395826	1411803.9849448577	-1624425.689011526	1411804.1689329844	-4811.742459870964	199481846.757	0.001748470534116803	0.0	0.0	0.0	-0.0006343670522380708	0.0	0.0	0.0	-0.0007264760238165085	0.00162013439019
80	20.0	nan	nan	1	1	5.0	5.0	5.0	1.002	2.7690904981e-20	4.05818530831e-19	-9.27724416009e-21	0.999255764478	-2.22592317605e-18	1.54682774547e-20	-3.61602004778e-20	0.9991417674	202550491.546	6181506.6939	-1778704.91073	6164576.70317	1046.80651171	1590039.88468	-1773631.4382	1589858.56011	1141.25563146	202875463.42680335	6174467.486470158	-1776476.718604938	6174467.146141997	1045.6144579697475	1588048.0341328934	-1776477.051360079	1588048.1043840896	1139.8259750873426	203197971.766	0.001998002662673058	0.0	0.0	0.0	-0.0007445126027401665	0.0	0.0	0.0	-0.000858601092447711	0.00186753498722
90	22.5	nan	nan	1	1	5.0	5.0	5.0	1.00225	4.31273359821e-20	2.00671948654e-19	2.25857530355e-20	0.999145089687	-2.44842400747e-18	-3.08662445574e-21	4.81088244261e-21	0.999009663084	205813479.765	6330406.28902	-1914406.72439	6310794.73811	1491.58811617	1747964.93964	-1908217.77748	1747728.25222	1247.1661547	206193783.6991971	6322456.212393063	-1911743.348291093	6322455.879399454	1489.7148967780668	1745533.1220002826	-1911743.798850948	1745533.3577860813	1245.4310623157771	206531687.081	0.00224747254047937	0.0	0.0	0.0	-0.0008552759572316191	0.0	0.0	0.0	-0.0009908276236071764	0.00211513122509
100	25.0	nan	nan	1	1	5.0	5.0	5.0	1.0025	3.98341231684e-20	-5.12114134676e-19	-5.76710323072e-21	0.999033972836	4.2806836582e-18	-1.03509245952e-20	1.20280332871e-20	0.998877579157	208819859.305	6473212.09745	-2032564.07966	6450831.55008	-7.64962823033	1886603.56924	-2025219.74301	1886308.50519	-166.893826789	209256654.05241412	6464325.117137679	-2029455.8507867318	6464324.947436487	-7.639126165125258	1883718.5454687923	-2029455.9557392406	1883718.8192201562	-166.6386101311898	209610943.155	0.002496880198587146	0.0	0.0	0.0	-0.0009664940689604447	0.0	0.0	0.0	-0.0011230512290243391	0.00236283139955
110	27.5	nan	nan	1	1	5.0	5.0	5.0	1.00275	1.60340689937e-20	2.85289216596e-19	-3.90263813003e-20	0.99892253427	2.42677172776e-18	3.7415033467e-20	3.73149446129e-20	0.998745556832	211645296.851	6610041.05552	-2138792.87893	6584810.39762	-3.89302774134	2008724.76605	-2130251.61125	2008369.52573	-204.183431428	212139700.57422704	6600192.860803322	-2135227.9637325257	6600192.524346962	-3.8872275814101855	2005376.646876526	-2135227.882131908	2005377.2880137286	-203.84310084950363	212508179.757	0.0027462256680252286	0.0	0.0	0.0	-0.0010780466134914122	0.0	0.0	0.0	-0.0012552306404589996	0.00261058125717
120	30.0	nan	nan	1	1	5.0	5.0	5.0	1.003	-6.39286536412e-20	-2.09267595989e-19	4.27197427353e-20	0.998810853647	1.85342058516e-18	1.3048774163e-20	1.74096703524e-20	0.998613605214	214337163.941	6740629.97725	-2234764.92126	6712476.63762	-34.2052756384	2116900.47244	-2224991.55838	2116482.96219	-177.007227027	214890268.39387035	6729798.729404671	-2230733.347647204	6729798.415373286	-34.15031255344562	2113081.529335777	-2230733.2259280393	2113082.070641099	-176.68790141965425	215272077.105	0.002995508979798371	0.0	0.0	0.0	-0.0011898539485367548	0.0	0.0	0.0	-0.0013873567204347082	0.0028583515814
130	32.5	nan	nan	1	1	5.0	5.0	5.0	1.00325	-1.72425798687e-20	-1.17507995689e-18	3.25987743504e-20	0.99869899767	-1.52657670972e-18	-1.13108676961e-20	-2.47012674521e-20	0.998481717354	216925323.582	6865917.9837	-2322103.97162	6834772.154	-57.1841900422	2212945.51498	-2311067.2697	2212464.52335	-134.067525917	217538196.04896465	6854082.471051161	-2317596.7802913487	6854082.226249725	-57.085615575370774	2208650.1996290097	-2317596.6572123202	2208650.6630747416	-133.80730156974772	217932539.505	0.0032447301648890294	0.0	0.0	0.0	-0.0013018493682764086	0.0	0.0	0.0	-0.0015194364050657627	0.00310612343878
140	35.0	nan	nan	1	1	5.0	5.0	5.0	1.0035	-2.59900148464e-21	1.01343687108e-19	1.34383762315e-20	0.998587027874	9.58499670699e-19	4.95547361368e-20	-5.19386706622e-20	0.998349871196	219429657.204	6985957.35053	-2401387.76456	6951755.00158	-66.6651589141	2299429.11333	-2389063.33246	2298883.42687	-103.405543219	220103342.7680554	6973098.289643304	-2396398.265736036	6973098.046312829	-66.54244826837171	2294651.459747323	-2396398.1544672004	2294651.8691214696	-103.19069168860732	220509445.609	0.003493889254255838	0.0	0.0	0.0	-0.0014139713124403958	0.0	0.0	0.0	-0.0016514917661165727	0.00335388521479
150	37.5	nan	nan	1	1	5.0	5.0	5.0	1.00375	-1.5128306223e-20	1.89373075077e-18	-4.35659485019e-20	0.998474987862	5.64334046747e-18	-2.02576532014e-20	-2.08284078241e-20	0.998218050684	221863973.244	7100938.51454	-2473099.65528	7063620.68231	-59.3352954297	2379395.65899	-2459469.55076	2378783.74239	-86.0316470757	222599496.285024	7087038.221905764	-2467623.3351445836	7087037.984763062	-59.219144871796146	2374126.8327501714	-2467623.1797464034	2374127.204375331	-85.84114248355473	223016643.538	0.003742986278834297	0.0	0.0	0.0	-0.0015261761525857812	0.0	0.0	0.0	-0.0017835388763071845	0.00360162890897
160	40.0	nan	nan	1	1	5.0	5.0	5.0	1.004	8.27511484798e-21	8.20626033379e-19	-2.03800759321e-20	0.998362899078	2.32369427009e-18	-2.62795280608e-21	3.50393707477e-21	0.998086254603	224238366.343	7210766.53594	-2539071.29029	7170280.3885	-53.5930468628	2453715.53043	-2524115.52068	2453035.97492	-74.7859013112	225036732.1562054	7195809.329392172	-2533102.412711705	7195809.056170185	-53.48187944842056	2447947.3081397847	-2533102.241253988	2447947.671816127	-74.61009376644296	225464245.098	0.003992021269537457	0.0	0.0	0.0	-0.0016384424360435556	0.0	0.0	0.0	-0.0019155789473945372	0.00384934818462
170	42.5	nan	nan	1	1	5.0	5.0	5.0	1.00425	4.63332812412e-20	-1.08844643621e-18	-7.73496590798e-21	0.998250780057	1.48988463211e-18	7.75581085942e-20	4.51806050576e-21	0.997954478752	226560025.158	7316506.35607	-2600176.85551	7272798.50704	-59.8180409204	2523235.74643	-2583876.51444	2522487.17604	-55.5507534651	227422219.89173162	7300476.078111805	-2593709.8397871726	7300475.801690228	-59.68698112543375	2516960.0943681085	-2593709.6909759287	2516960.47126999	-55.41259071078122	227859540.906	0.004240994257254614	0.0	0.0	0.0	-0.0017507516146192772	0.0	0.0	0.0	-0.0020476161838996173	0.00409703872588
180	45.0	nan	nan	1	1	5.0	5.0	5.0	1.0045	-5.88828519046e-21	1.48069630986e-18	2.61149191189e-20	0.998138652525	-7.81178451711e-18	-3.61395209624e-20	3.65216784054e-20	0.99782271218	228834440.326	7418862.74632	-2656882.00536	7371879.94875	-52.1309579726	2588757.9876	-2639220.58897	2587938.97593	-47.218285368	229761431.80223623	7401743.148120046	-2649912.0041906955	7401742.891874264	-52.01066176486065	2581966.701361388	-2649911.877337245	2581967.1070669596	-47.094414039290605	230208082.987	0.004489905272852001	0.0	0.0	0.0	-0.0018630819348340302	0.0	0.0	0.0	-0.002179661557291016	0.00434469768339
190	47.5	nan	nan	1	1	5.0	5.0	5.0	1.00475	-2.93905543446e-20	-1.85845976945e-18	7.8096603173e-20	0.99802652653	4.27938581182e-19	-3.80056404244e-20	-4.92834208959e-20	0.997690953368	231066006.602	7518137.31128	-2709914.52713	7467828.06155	-44.7845793381	2651123.95475	-2690875.434	2650232.94158	-37.5547493303	232058745.3888728	7499912.633106541	-2702436.473203262	7499912.411296726	-44.676017268561985	2643808.1343794274	-2702436.3574489276	2643808.5254719662	-37.45111637882293	232514311.578	0.00473875434717347	0.0	0.0	0.0	-0.0019754233345284362	0.0	0.0	0.0	-0.002311716591006597	0.00459232247092
200	50.0	nan	nan	1	1	5.0	5.0	5.0	1.005	2.37814426109e-21	-3.30122736668e-18	1.71722695166e-20	0.997914409971	-1.74979966982e-18	-1.22985213474e-20	-6.72613643291e-20	0.997559201094	233258140.211	7614294.47994	-2759838.43323	7560610.95784	-40.9491088884	2711072.18518	-2739405.07901	2710107.5359	-30.8690589866	234317559.82616165	7594950.163901923	-2751847.1186732315	7594949.99331416	-40.845076596784985	2703222.07687039	-2751847.00053073	2703222.4361957875	-30.779675362739003	234781655.255	0.004987541511038968	0.0	0.0	0.0	-0.0020877679005094642	0.0	0.0	0.0	-0.002443782511559798	0.00483991107359
210	100.0	nan	nan	1	1	5.0	5.0	5.0	1.01	-5.64931271149e-20	2.89430496332e-19	-1.34244795972e-19	0.995677786351	-2.13380834303e-18	-6.13437142269e-20	9.6429407089e-20	0.994925887596	270862771.919	9100413.43561	-3424844.98099	8971365.10347	-4245.09139606	3583581.50657	-3373726.29622	3580880.11081	-4649.7048176	273425974.9168288	9056262.827835733	-3405655.5958427186	9056262.078292023	-4224.496357546706	3563502.721656247	-3405652.224227969	3563507.4898430887	-4623.652550399192	274012995.865	0.009950330853168092	0.0	0.0	0.0	-0.004331581417155417	0.0	0.0	0.0	-0.005087029425817348	0.00978281854354
220	150.0	nan	nan	1	1	5.0	5.0	5.0	1.015	4.76902710361e-20	2.39162730507e-19	1.22356556209e-20	0.993454081855	-9.17376386546e-18	7.02110903935e-20	-1.25162352847e-19	0.992301403718	300718867.555	10187025.1648	-3860545.67995	9970788.93795	9712.06265297	4181786.76047	-3774211.51325	4176918.07893	8236.68604392	305048766.36463535	10114344.247898586	-3828554.6863292838	10114353.282630363	9642.770430048897	4147133.7542195674	-3828554.475071457	4147117.20665497	8168.431503621361	305698848.949	0.014888612493750559	0.0	0.0	0.0	-0.006567436624053506	0.0	0.0	0.0	-0.007728383452440688	0.0147062975695
230	200.0	nan	nan	1	1	5.0	5.0	5.0	1.02	3.1523356836e-19	6.64728957693e-18	-3.32195734001e-21	0.991244213511	-5.47908555887e-18	5.10704618913e-19	4.34501432162e-20	0.989688593852	325001891.418	11045953.0641	-4194316.46897	10734561.2223	6928.70714219	4679915.68121	-4069674.90741	4672548.19946	5534.0494533	331288727.1700587	10942195.167641884	-4148397.451939122	10942210.546987226	6863.623751551239	4628680.365644665	-4148398.688356416	4628657.5754946675	5473.46315444158	331998840.978	0.01980262729617973	0.0	0.0	0.0	-0.0087943436178355	0.0	0.0	0.0	-0.010364936999899614	0.0196091557107
240	250.0	nan	nan	1	1	5.0	5.0	5.0	1.025	-2.130089339e-19	5.0974178068e-19	1.99529198638e-19	0.989049047091	1.19986716841e-17	3.30905332246e-19	-5.92724539731e-19	0.987088640082	345003102.788	11732333.9913	-4449986.43632	11320836.7115	-10477.0095082	5129650.36549	-4285396.28734	5119490.67119	-10244.2130959	353385738.00867045	11595898.32049577	-4389519.604254939	11595902.192877986	-10355.172044202274	5059948.196361801	-4389519.738875627	5059955.957601233	-10105.013769840767	354156346.791	0.024692612590371414	0.0	0.0	0.0	-0.011011355979390697	0.0	0.0	0.0	-0.012995436000567429	0.0244908098489
250	300.0	nan	nan	1	1	5.0	5.0	5.0	1.03	-9.79249496365e-20	-5.27550648396e-18	-3.79378116141e-19	0.986868906333	-6.79567254393e-17	-8.41143421293e-20	1.02742449524e-19	0.984502652853	361650157.793	12283884.8681	-4646798.76517	11769509.8833	-11494.9365892	5538906.80615	-4441531.05918	5525617.1085	-11762.8117783	372230797.2470451	12113834.10611292	-4571483.692377302	12113845.25255842	-11335.807555757317	5449132.492610969	-4571474.9780432265	5449123.767033621	-11572.160736561364	373036597.667	0.02955880224154443	0.0	0.0	0.0	-0.013218068701363604	0.0	0.0	0.0	-0.015618686286983461	0.0293508626495
260	350.0	nan	nan	1	1	5.0	5.0	5.0	1.035	5.47097257143e-20	1.19066941631e-17	-1.20066920273e-19	0.9847039252	4.6180395103e-17	-1.03496838243e-20	2.58397988472e-19	0.981931296399	375609556.163	12731290.522	-4796064.06977	12112607.7489	-11607.2165471	5918991.88341	-4550140.59042	5902343.78326	-11243.4130619	388463180.5512616	12527112.471597672	-4705859.507302179	12527109.743889563	-11421.06583118533	5807667.250267811	-4705849.616197984	5807684.954731357	-11031.94650491918	389295225.996	0.03440142671733232	0.0	0.0	0.0	-0.015414266547638306	0.0	0.0	0.0	-0.018233936008999693	0.0341891316086
270	400.0	nan	nan	1	1	5.0	5.0	5.0	1.04	4.05057111077e-19	-5.05365002623e-18	4.54221417965e-20	0.982553742971	3.80692340699e-17	-5.30189685422e-20	2.86336840841e-19	0.979375460127	387384789.946	13084650.846	-4912861.13232	12361890.9485	-11553.9821008	6277630.7148	-4626461.54259	6257341.22477	-11072.7892619	402565944.57113534	12846344.998882536	-4807782.748492875	12846338.925857088	-11343.553750474091	6143362.0530144805	-4807767.132969766	6143378.611718869	-10835.95968972983	403417799.769	0.03922071315328133	0.0	0.0	0.0	-0.017600236509786933	0.0	0.0	0.0	-0.02084019605498675	0.0390054995364
280	450.0	nan	nan	1	1	5.0	5.0	5.0	1.045	2.58738786884e-19	1.70981342814e-17	2.8112229426e-19	0.980417929272	-2.43515884286e-17	-1.1145497748e-18	5.14493106118e-19	0.9768359492	397382275.04	13362924.4825	-5012087.60523	12537073.7162	-10901.3281389	6620122.711	-4685144.73167	6595955.04294	-10841.7733522	414930742.36024356	13090721.685186524	-4892052.601609625	13090712.975470116	-10679.268063822527	6461576.7085811645	-4892041.501804113	6461595.4260766795	-10582.12260263515	415797422.275	0.04401688541677426	0.0	0.0	0.0	-0.019776339784259835	0.0	0.0	0.0	-0.023436553832554628	0.0437998965371
290	500.0	nan	nan	1	1	5.0	5.0	5.0	1.05	-8.1710224397e-19	2.55866087878e-17	-7.070872225e-19	0.978296139721	2.4805756907e-17	-3.4122854629e-19	-5.14810743473e-19	0.97431327616	405906355.143	13581101.3157	-5104170.41013	12653650.0201	-11142.5262761	6946268.08461	-4736237.64191	6918006.16159	-11035.0095017	425850234.5459499	13275383.310392773	-4968960.296317457	13275376.846523061	-10891.70192628995	6762260.572551124	-4968948.835408527	6762278.065962035	-10742.690717106494	426728952.53	0.04879016416943205	0.0	0.0	0.0	-0.02194285343168054	0.0	0.0	0.0	-0.02602238828629448	0.0485723295452
300	550.0	nan	nan	1	1	5.0	5.0	5.0	1.055	-1.7810191205e-19	7.86323845993e-18	3.94002669371e-19	0.976188249318	-5.69164847699e-17	3.12568392427e-19	-1.12845964398e-18	0.971807638758	413203203.672	13753547.4031	-5193726.58345	12726104.8607	-11178.8674876	7254010.65489	-4784151.61902	7221460.36609	-10937.2925347	435561812.1273784	13414730.758347094	-5043047.372930262	13414720.034091407	-10903.47770900174	7043558.953011128	-5043024.1831488665	7043560.737743699	-10619.98229938583	436449840.766	0.05354076692802976	0.0	0.0	0.0	-0.02409983276810147	0.0	0.0	0.0	-0.028597396619329852	0.0533228504546
310	600.0	nan	nan	1	1	5.0	5.0	5.0	1.06	6.70499369646e-19	3.26980691111e-17	7.6026500972e-19	0.974094242297	-6.40836011135e-17	3.00087891344e-19	-2.05696657285e-19	0.969319045387	419475917.541	13893153.8648	-5286148.69136	12767185.6748	-9585.02010762	7546877.60354	-4833920.30539	7509912.09805	-9974.76692496	444262146.31070024	13521604.668175833	-5119558.7769192485	13521580.317371828	-9328.68475315242	7309042.126773437	-5119549.705156878	7309072.041580305	-9660.41792238437	445156924.823	0.058268908123975824	0.0	0.0	0.0	-0.026247222015222067	0.0	0.0	0.0	-0.031161469077616813	0.0580515449968
320	650.0	nan	nan	1	1	5.0	5.0	5.0	1.065	9.68853490426e-19	2.61565428473e-17	1.09505478212e-18	0.972014030682	1.82600424624e-16	-8.28795269109e-19	1.16085865421e-18	0.966847491304	424879279.287	14005585.2482	-5380923.31117	12782748.4698	-7727.11014301	7826031.97868	-4884994.18298	7784428.03426	-7805.89806335	452100558.12019926	13601715.253843902	-5197980.679135167	13601717.003485616	-7504.288470472778	7559959.6327693155	-5197967.291427662	7559953.522802789	-7540.510237781005	453000278.308	0.06297479916138839	0.0	0.0	0.0	-0.02838503976785509	0.0	0.0	0.0	-0.03371450919956095	0.0627585244585
330	700.0	nan	nan	1	1	5.0	5.0	5.0	1.07	-2.5388489105e-19	-2.99856843256e-17	-3.7682378241e-19	0.96994727181	9.69199979841e-17	2.75550405654e-20	4.7317378016e-19	0.96439314907	429534763.675	14082647.1001	-5475787.06359	12765806.3687	-11314.6485956	8090356.02125	-4935313.9245	8044067.28819	-11487.4919081	459193863.9639982	13647289.430344852	-5276119.797528131	13647277.12119463	-10964.862151923886	7795351.988136429	-5276094.189622355	7795389.155091349	-11068.615849450922	460101817.869	0.06765864847381486	0.0	0.0	0.0	-0.03051356792097299	0.0	0.0	0.0	-0.036256236526566364	0.0674439119058
340	750.0	nan	nan	1	1	5.0	5.0	5.0	1.075	6.18757567969e-19	2.05612086339e-17	8.98172561445e-19	0.967893897832	-4.8700688698e-18	-1.12974342829e-18	3.32089854883e-19	0.961955962718	433557266.552	14130446.8523	-5569334.13785	12722541.1167	-11807.9947458	8337436.0673	-4983682.21938	8286389.48462	-11985.2776944	465654202.44333106	13664452.669880837	-5352627.962414624	13664411.125811163	-11418.590439262958	8013021.363789495	-5352632.162187661	8013120.75267868	-11518.923256616696	466565373.019	0.07232066157962608	0.0	0.0	0.0	-0.032632807390825504	0.0	0.0	0.0	-0.038786606164636306	0.0721078279521
350	800.0	nan	nan	1	1	5.0	5.0	5.0	1.08	-6.19862681268e-19	4.60193496552e-18	-3.87702861826e-19	0.965853861365	5.96702947605e-18	6.04530061433e-19	-3.81164826264e-20	0.959535771142	437030972.326	14158268.613	-5662090.36571	12661851.8894	-11304.1631341	8577166.95989	-5030524.02145	8521082.43069	-11404.1568379	471562896.18831414	13662344.197337845	-5428022.265332195	13662325.844537683	-10908.210023584674	8222590.991077647	-5428009.974383041	8222612.826760542	-10932.714463256258	472475466.42	0.0769610411361284	0.0	0.0	0.0	-0.034742738444779105	0.0	0.0	0.0	-0.04130568320585334	0.0767504248315
360	850.0	nan	nan	1	1	5.0	5.0	5.0	1.085	1.64106016086e-19	-6.73050378111e-17	1.62373569011e-18	0.963827167264	-5.18198081169e-17	-4.82729370596e-19	-1.01591014111e-18	0.957132342399	440026870.731	14188552.5831	-5751392.62158	12603965.3204	-9887.86062573	8817854.05951	-5073561.77302	8756622.36301	-10062.5752683	476988647.43514544	13662694.707667544	-5499764.763580816	13662684.645848226	-9521.395522911429	8432066.151235644	-5499735.422455364	8432083.351380197	-9622.329848222545	477903075.83	0.08157998699242285	0.0	0.0	0.0	-0.036843287515978734	0.0	0.0	0.0	-0.04381360827201812	0.0813718638926
370	900.0	nan	nan	1	1	5.0	5.0	5.0	1.09	4.31232414381e-19	-2.3031586842e-18	2.54004005058e-19	0.961813561326	7.4089416031e-17	2.62856822846e-18	1.53633247786e-18	0.954745672847	442606126.342	14211318.8691	-5842722.46719	12540025.5513	-10902.5597734	9047439.75798	-5117697.31905	8980971.03773	-11240.4871858	481990885.7557471	13655895.585763132	-5573113.186373424	13655884.234644497	-10476.453259155598	8629950.524137711	-5573089.293239302	8629966.28811627	-10721.800959779584	482909399.718	0.08617769624105241	0.0	0.0	0.0	-0.038934650294122505	0.0	0.0	0.0	-0.0463102851234933	0.0859723010312
380	950.0	nan	nan	1	1	5.0	5.0	5.0	1.095	1.58847132623e-18	-9.63013595302e-18	1.27658453063e-18	0.959812736637	1.41181757582e-16	3.89950146114e-18	-1.32835941953e-18	0.952375830618	444820837.098	14225011.3966	-5940462.54788	12468784.8017	-11089.7973625	9260238.05799	-5166714.76771	9188534.49419	-11518.7623015	486620330.1199688	13640495.243703036	-5652227.507847277	13640467.510431258	-10634.109454066862	8810925.388169395	-5652227.225463451	8810970.871668845	-10959.864591710564	487541571.058	0.09075436326846412	0.0	0.0	0.0	-0.041017079551227235	0.0	0.0	0.0	-0.048795542034992444	0.0905518803923
390	1000.0	nan	nan	1	1	5.0	5.0	5.0	1.1	3.82964771277e-19	-5.62195851038e-17	-1.10662207581e-18	0.957824468386	-3.775215258e-17	1.92554411713e-18	2.76820955075e-19	0.950022821145	446717906.616	14237592.8747	-6044903.15535	12397434.912	2357.05809362	9460790.50543	-5220723.58758	9383613.09211	3089.33135494	490923018.9928599	13624163.50601726	-5737341.951729115	13624227.022531748	2255.5038020309735	8979430.913675448	-5737341.94887591	8979318.355934141	2932.1479484418833	491833669.771	0.09531017980432493	0.0	0.0	0.0	-0.0430907449539106	0.0	0.0	0.0	-0.051269272418185345	0.0951107425867
400	1050.0	nan	nan	1	1	5.0	5.0	5.0	1.105	-9.73902600885e-19	-2.03617737338e-17	-3.97840787414e-20	0.955848519635	6.39502993034e-17	-6.11954834612e-19	4.99881787778e-19	0.947686470457	448321865.638	14246568.4657	-6155680.36926	12323575.7993	-8905.27337174	9657807.47122	-5279276.75348	9575357.67295	-9392.57047476	494921326.75267345	13604522.743358053	-5828069.355090816	13604512.633455908	-8503.942153742784	9143810.007008344	-5828015.217166788	9143827.97170207	-8892.689169314372	495846452.974	0.09984533496971612	0.0	0.0	0.0	-0.045155830750266975	0.0	0.0	0.0	-0.05373155879550612	0.0996490993105
410	1100.0	nan	nan	1	1	5.0	5.0	5.0	1.11	-8.98344615012e-19	-1.76658878928e-17	-1.0365565692e-18	0.953884810307	-1.05170363588e-16	-3.07234731837e-18	5.80032280412e-19	0.94536671523	449676589.762	14260386.0211	-6274249.55672	12254727.7705	-9810.61388513	9849939.53418	-5343611.9269	9762002.33177	-10455.2418028	498659432.1406217	13589641.35994357	-5925743.881283657	13589623.587720605	-9349.166566918097	9302820.743425192	-5925686.4816069715	9302841.483210707	-9874.50125791162	499589651.667	0.10436001532424286	0.0	0.0	0.0	-0.04721235873698105	0.0	0.0	0.0	-0.056182368319154234	0.104167069435
420	1150.0	nan	nan	1	1	5.0	5.0	5.0	1.115	1.28666951666e-18	7.03008452802e-17	-1.34392364994e-18	0.951933120422	-2.99224182436e-17	1.54694685948e-18	1.01572485266e-18	0.943063575758	450816079.802	14278702.4191	-6395976.68359	12190430.4664	14323.9198094	10040883.4211	-5409674.85376	9947450.20559	17062.2418855	502171416.89764094	13579159.949967608	-6025950.600220454	13579120.209272314	13622.162048994336	9459988.750953328	-6025925.4449427165	9460104.529901596	16075.140954598599	503082310.768	0.10885440491208208	0.0	0.0	0.0	-0.04926049831609785	0.0	0.0	0.0	-0.05862158000191215	0.108664783211
430	1200.0	nan	nan	1	1	5.0	5.0	5.0	1.12	1.48434583072e-18	-7.38319759176e-17	9.76734867303e-19	0.949993039225	7.01156933078e-17	-1.72761634015e-18	1.06141169225e-18	0.940776844615	451735478.635	14294546.9184	-6512363.44925	12124713.2482	-9280.51446196	10234240.276	-5470231.1958	10135010.5495	-10212.2333586	505448786.3103359	13566435.433711251	-6120687.1866010465	13566394.240677461	-8807.799292870899	9618717.35354752	-6120665.410449398	9618770.502112854	-9598.034008952798	506389050.482	0.11332868530700327	0.0	0.0	0.0	-0.05130062154597327	0.0	0.0	0.0	-0.061049314582204806	0.113142518323
440	1250.0	nan	nan	1	1	5.0	5.0	5.0	1.125	-2.35183991761e-19	2.87367565787e-17	-6.68891330535e-19	0.948064304792	-2.0701834632e-16	7.42477317828e-21	8.28927618007e-19	0.938506826867	452481152.571	14299368.7734	-6629610.95984	12050393.1569	-9091.20215336	10424083.2778	-5530579.72903	10319053.0319	-10140.8252228	508540168.3703042	13543375.132636376	-6215809.9298450705	13543346.34739667	-8610.559187665534	9773442.324169945	-6215777.012159611	9773494.791222211	-9507.864412940573	509485088.166	0.11778303565638346	0.0	0.0	0.0	-0.053332946968533614	0.0	0.0	0.0	-0.06346514874974479	0.117600307419
450	1300.0	nan	nan	1	1	5.0	5.0	5.0	1.13	3.10675803185e-19	-2.57339271734e-17	-3.28701723094e-19	0.94614659082	1.76816327794e-16	-5.75982404133e-20	2.14352275215e-19	0.936253480615	453064763.226	14300276.5192	-6748325.84862	11973577.2995	-4746.69888549	10602449.6943	-5591220.76146	10491592.7589	-5760.13414974	511456158.6298641	13516758.25608787	-6311886.377315039	13516742.74347667	-4486.625224585001	9916749.619508263	-6311822.337155368	9916753.907029115	-5387.604731429192	512401311.968	0.12221763272424911	0.0	0.0	0.0	-0.05535776335159091	0.0	0.0	0.0	-0.06586902654480124	0.122038335817
460	1350.0	nan	nan	1	1	5.0	5.0	5.0	1.135	-1.99330675291e-19	-1.49945897059e-16	-1.00505753148e-18	0.94424004857	-1.72279089933e-16	-4.0541114438e-19	2.2771157298e-18	0.934016315233	453493656.545	14301917.1304	-6878145.3216	11898167.0326	-8080.09288083	10771307.3689	-5660120.8855	10654686.0987	-8980.51442846	514202682.10100335	13490993.507176463	-6417901.824967824	13490970.186573185	-7621.948833767166	10050557.234238805	-6417839.143580618	10050561.730149303	-8379.593225307977	515155563.472	0.126632650933366	0.0	0.0	0.0	-0.05737485642313066	0.0	0.0	0.0	-0.06826137277630964	0.126456808155
470	1400.0	nan	nan	1	1	5.0	5.0	5.0	1.14	-2.18455091053e-19	-2.76794774808e-17	-5.82546909474e-19	0.942344741466	-4.04994510049e-17	-1.66434033202e-18	-3.86617600862e-19	0.931795042499	453789213.937	14306245.1796	-7014528.45073	11825770.4651	-7584.54576401	10935140.5012	-5733376.31859	10812728.5687	-8614.60999684	516801733.8711497	13467916.552964032	-6529558.516607166	13467880.004689556	-7140.100575620499	10179107.589545192	-6529504.737841698	10179115.780900763	-8019.013746570795	517759371.323	0.131028262406404	0.0	0.0	0.0	-0.059384103769589684	0.0	0.0	0.0	-0.0706423999623808	0.130855878725
480	1450.0	nan	nan	1	1	5.0	5.0	5.0	1.145	2.3377050553e-18	-1.25756077086e-16	1.42513293376e-19	0.940460680999	-1.03059398665e-16	5.688885032e-19	8.60850172206e-19	0.92958938286	453964639.904	14312513.7551	-7151498.16695	11755706.5433	-2671.32929482	11094990.0826	-5806060.7745	10966926.0584	-4832.99480931	519266407.68763214	13446810.219292624	-6641266.406621724	13446737.851345137	-2509.7518629736105	10303405.412015641	-6641249.243175077	10303582.99874272	-4488.17930469198	520225420.418	0.13540463700620298	0.0	0.0	0.0	-0.06138543760194271	0.0	0.0	0.0	-0.07301231414162328	0.135235714586
490	1500.0	nan	nan	1	1	5.0	5.0	5.0	1.15	-8.22389582445e-19	-8.97217167837e-18	1.24037387214e-18	0.938587957739	-4.05810838052e-17	1.40361300294e-18	-8.28345282856e-19	0.927398903473	454021383.71	14316239.0264	-7287871.96961	11684429.3847	-6981.83541848	11247518.3744	-5877165.39522	11113297.0594	-6011.77171665	521596600.28667575	13423461.52728638	-6751929.769949346	13423505.724660035	-6546.439952350055	10420388.07306704	-6751905.525725859	10420258.787455695	-5569.672545435909	522563314.371	0.13976194237515863	0.0	0.0	0.0	-0.06337870572862916	0.0	0.0	0.0	-0.07537148939230685	0.139596516381
500	1550.0	nan	nan	1	1	5.0	5.0	5.0	1.155	-2.2396080521e-19	1.5117809301e-17	-3.49115217123e-18	0.936726467684	8.05818441623e-17	9.93066721317e-19	8.97960803208e-19	0.925223503778	453977644.823	14309165.2499	-7418723.83089	11605040.6361	-8863.31777075	11388342.725	-5942825.69697	11248328.8194	-7719.81363963	523811488.15257555	13390156.661242466	-6857004.405782298	13390204.727011874	-8294.0696690559	10526057.853068186	-6856990.443604133	10525902.97466773	-7135.296763353265	524783662.198	0.14410034397375687	0.0	0.0	0.0	-0.06536396285793766	0.0	0.0	0.0	-0.07771994495055537	0.143938417934
510	1600.0	nan	nan	1	1	5.0	5.0	5.0	1.16	3.32264555428e-18	4.17178466881e-17	5.89429052171e-19	0.934876247836	1.16328910938e-16	-1.53260023894e-20	2.26740132068e-19	0.923062943503	453843784.518	14293688.1965	-7548745.60945	11519630.1311	7352.24397061	11523259.737	-6006791.59002	11377720.2373	9379.06146898	525921529.3694876	13349192.580757858	-6960856.405919685	13349134.003792131	6866.423788958852	10625839.113846762	-6960767.399254315	10625905.398922468	8648.628988918954	526881373.83	0.14842000511827322	0.0	0.0	0.0	-0.06734111370879459	0.0	0.0	0.0	-0.08005785232663253	0.148261561049
520	1650.0	nan	nan	1	1	5.0	5.0	5.0	1.165	1.60790676191e-18	-1.45385065939e-16	-1.29670156313e-18	0.933037315602	-2.79829774922e-16	-1.83430278684e-18	6.51527155116e-19	0.9209167626	453616086.994	14273748.5901	-7678098.519	11431649.3858	3677.01351122	11653570.0694	-6069393.81281	11502390.7375	2235.42559314	527921144.27946794	13304291.12609595	-7063643.002667142	13304222.662705163	3427.2747568037216	10720969.322431864	-7063597.210527852	10721160.881588526	2056.531094240645	528888794.759	0.15272108701766393	0.0	0.0	0.0	-0.06931008364840974	0.0	0.0	0.0	-0.08238562400979287	0.152566179501
530	1700.0	nan	nan	1	1	5.0	5.0	5.0	1.17	9.72684991024e-19	4.8461203367e-17	-2.12287632406e-19	0.931209591254	-1.80763395449e-16	5.97740562966e-19	-2.90791704748e-18	0.918784857158	453303603.474	14252475.8836	-7805280.68381	11343570.8868	-2959.12503417	11780066.3053	-6129351.71119	11623036.3685	-3902.9824935	529819455.71747375	13258384.946609344	-7163994.158016383	13258320.70841165	-2752.7300609818617	10812209.017321374	-7163961.995086844	10812345.285168016	-3582.311119223697	530795674.07	0.1570037488096647	0.0	0.0	0.0	-0.07127090217183871	0.0	0.0	0.0	-0.0847032894109753	0.156852398865
540	1750.0	nan	nan	1	1	5.0	5.0	5.0	1.175	-5.71747239397e-19	1.47671757112e-17	6.12934216457e-19	0.929392867842	3.27033597583e-17	-2.83438399975e-19	1.72815897064e-18	0.916667153992	452910430.74	14231965.4625	-7929464.73371	11257132.5307	-13784.6852731	11902701.6848	-6186049.95225	11739562.5306	-12669.6109251	531620007.7373395	13213423.192013487	-7261171.091299258	13213466.67439967	-12798.153604441455	10899544.456589244	-7261099.988590458	10899394.620837852	-11601.818745248704	532607883.201	0.16126814759612232	0.0	0.0	0.0	-0.07322373629872816	0.0	0.0	0.0	-0.08701084536213442	0.16112037345
550	1800.0	nan	nan	1	1	5.0	5.0	5.0	1.18	-2.07100217348e-18	1.03201366019e-16	-3.57342024623e-20	0.927587121364	-1.28831540755e-16	-3.53776545311e-18	3.91488040309e-19	0.914563608945	452475565.518	14219692.096	-8057177.20126	11177969.3597	4831.99083226	12021403.9814	-6244736.91091	11852654.8366	3923.90534134	533367445.5590063	13176324.100556465	-7361158.984412827	13176324.68638322	4477.444154691865	10982936.543719085	-7361147.492123761	10982967.881773023	3584.9392828140367	534342412.511	0.16551443847757333	0.0	0.0	0.0	-0.07516855752206594	0.0	0.0	0.0	-0.0893082575887107	0.165370185484
560	1850.0	nan	nan	1	1	5.0	5.0	5.0	1.185	-5.48771470702e-19	-5.92718716379e-17	2.89261751487e-18	0.92579200214	-1.40784287372e-16	2.16311038905e-19	-1.70486556459e-18	0.912474132668	451974257.755	14213123.5398	-8185139.49399	11104093.475	17775.1753704	12133492.2627	-6302703.14824	11959223.1786	17208.7481474	535031946.02806896	13144698.189887254	-7460953.104219316	13144652.906376967	16438.98435568578	11059972.383962795	-7460928.300186537	11060227.460065624	15686.191176625183	535998430.37	0.16974277458709455	0.0	0.0	0.0	-0.07710568928596778	0.0	0.0	0.0	-0.09159554168839171	0.16960204106
570	1900.0	nan	nan	1	1	5.0	5.0	5.0	1.19	1.0032046469e-18	-4.46534924841e-17	-4.45856967611e-19	0.924007482234	-7.2650015886e-17	2.38807704589e-18	1.88126017585e-18	0.910398481192	451410989.835	14207088.4732	-8309682.76117	11031421.6535	20525.6070586	12237866.2147	-6357208.83319	12057901.4156	19420.3749103	536617850.73751354	13113740.912419127	-7557218.771839375	13113676.697246991	18945.999635628494	11129694.711951671	-7557174.76440458	11129950.75732462	17661.808043272802	537585280.928	0.17395330712343798	0.0	0.0	0.0	-0.07903510971739508	0.0	0.0	0.0	-0.09387288389792971	0.17381610154
580	1950.0	nan	nan	1	1	5.0	5.0	5.0	1.195	-1.52395123845e-18	3.4890531177e-17	-3.31507519732e-19	0.922233571437	1.67248084803e-16	3.70447212504e-18	2.37751560382e-19	0.908336367508	450781678.665	14194678.9559	-8431244.13641	10954607.6716	8397.54551391	12338441.3322	-6408675.72494	12152602.4157	9299.36682222	538119371.6437538	13077085.600242537	-7650376.91349759	13077032.354782198	7736.379375577096	11195705.543476285	-7650338.77238865	11195788.404201139	8438.097639662225	539099620.66	0.17814618538347404	0.0	0.0	0.0	-0.08095675623191984	0.0	0.0	0.0	-0.09614052018270133	0.178012532575
590	2000.0	nan	nan	1	1	5.0	5.0	5.0	1.2	-3.13064700794e-19	-4.98770851128e-17	-2.20493264082e-18	0.920470391924	9.63562975577e-17	1.06310575814e-18	4.08841627816e-18	0.906287489425	450106382.066	14176029.0289	-8549527.78249	10873869.1541	-9561.21505546	12438982.7342	-6456914.00815	12247275.2219	-12760.8860463	539559523.5033648	13034889.769446552	-7740179.9644160485	13034917.728768902	-8791.558204050036	11261436.582984123	-7740146.739418516	11261396.415603142	-11552.866663122368	540560238.622	0.1823215567939546	0.0	0.0	0.0	-0.08287044403652753	0.0	0.0	0.0	-0.09839870602749021	0.182191468384
600	2050.0	nan	nan	1	1	5.0	5.0	5.0	1.205	-2.60720711632e-19	1.19451570689e-16	-2.71347004653e-18	0.918717760423	-1.32954844203e-16	-5.95940617953e-19	3.58527870749e-18	0.904251964813	449404280.989	14158318.2732	-8665326.21099	10794567.1477	7208.06658718	12542229.9366	-6502559.69468	12344792.3614	8503.30926317	540960596.0359203	12993769.632480433	-7827368.092348788	12993724.637688728	6615.189383520177	11329365.799078038	-7827314.329209394	11329409.680559585	7681.018577407594	541946503.001	0.18647956694261839	0.0	0.0	0.0	-0.08477631976683814	0.0	0.0	0.0	-0.10064723528748559	0.186352976062
610	2100.0	nan	nan	1	1	5.0	5.0	5.0	1.21	-2.96802991696e-18	-1.04767639126e-16	-9.80758273802e-19	0.916975391003	2.08067820142e-17	1.59970113023e-18	-2.53008741345e-18	0.902229596696	448652888.731	14140990.7114	-8785883.78022	10716442.3278	6806.34472865	12645774.154	-6551089.36963	12442483.0614	7912.62627041	542295147.3144395	12953209.721530542	-7918490.557795868	12953164.499349512	6234.641723946964	11397310.246683074	-7918424.385546788	11397369.23955233	7131.446076110039	543284398.466	0.1906203596086497	0.0	0.0	0.0	-0.08667464350562225	0.0	0.0	0.0	-0.10288624951820437	0.190497281709
620	2150.0	nan	nan	1	1	5.0	5.0	5.0	1.215	-3.22292065963e-18	3.27433158906e-17	1.26631425615e-18	0.915243301616	1.47077371593e-16	-2.00670046138e-18	-4.05734075691e-18	0.900220208211	447863210.518	14125139.3501	-8911934.8754	10640240.5182	5896.96518592	12748592.8866	-6603006.1868	12539384.4353	7077.20874516	543575747.9858778	12914205.867291093	-8014181.377152465	12914158.97220197	5391.424503200169	11464349.451061534	-8014130.079570209	11464396.069510173	6364.278388550926	544569102.728	0.19474407679251185	0.0	0.0	0.0	-0.08856534564719594	0.0	0.0	0.0	-0.10511586979606567	0.194624502432
630	2200.0	nan	nan	1	1	5.0	5.0	5.0	1.22	-2.20229889775e-18	-1.6022325676e-16	-1.3517587047e-18	0.913521437732	1.1329849175e-16	-3.44774173268e-18	6.07857312729e-18	0.898223627043	447039717.216	14110394.0148	-9040753.77761	10565661.6298	5483.34452731	12854457.1944	-6656200.99118	12639214.006	6960.08492077	544807266.7055581	12876411.157785028	-8111964.98515865	12876370.961656261	5003.814817601678	11533873.085055904	-8111911.602018639	11533888.85397457	6245.050640671638	545804668.012	0.19885085874516517	0.0	0.0	0.0	-0.09044843575251857	0.0	0.0	0.0	-0.10733621379470656	0.198734777046
640	2250.0	nan	nan	1	1	5.0	5.0	5.0	1.225	9.2209462476e-19	6.51592270774e-17	1.45784958134e-18	0.911809717953	-3.18992607936e-18	7.52032908264e-19	-1.80439193589e-18	0.896239698492	446184020.655	14095844.7993	-9165398.54608	10491989.6229	4988.39275657	12967854.5116	-6705582.41696	12746435.6701	6561.64123122	545991170.1385709	12838989.502944825	-8205613.3527474245	12838948.564046297	4543.602965985295	11609882.494676854	-8205557.84342518	11609900.371242901	5874.517145341675	546993190.74	0.20294084399669038	0.0	0.0	0.0	-0.09232395327209418	0.0	0.0	0.0	-0.1095473811460788	0.202828245801
650	2300.0	nan	nan	1	1	5.0	5.0	5.0	1.23	1.56044644708e-18	-1.30460676281e-17	9.31206846388e-19	0.910108096743	6.53930611104e-18	-1.48098416871e-18	2.30991178672e-18	0.894268246758	445299678.726	14083178.7181	-9284029.44244	10420460.6323	5189.84450762	13088817.0313	-6749893.23907	12861043.1609	6763.41553409	547131341.6248846	12803472.377233688	-8293510.895716512	12803424.027637195	4718.255169910722	11692363.465038411	-8293466.894660655	11692389.491682097	6041.822763704209	548137832.646	0.20701416938432612	0.0	0.0	0.0	-0.09419189889626235	0.0	0.0	0.0	-0.1117494965132983	0.206905045049
660	2350.0	nan	nan	1	1	5.0	5.0	5.0	1.235	-1.74519889125e-18	-4.57820116851e-17	-2.74650433147e-19	0.908416453292	-1.02635564554e-16	-4.99405331745e-19	-3.68967551824e-18	0.892309184917	444391146.175	14071698.6786	-9401124.27135	10350531.1574	10470.5721363	13212260.3343	-6792420.23851	12978039.6593	11879.0105577	548232834.7242727	12769215.190725895	-8379687.9129355475	12769158.625605712	9501.410727458535	11776742.337434594	-8379617.447487185	11776785.798817584	10588.350745596277	549239579.747	0.2110709700799406	0.0	0.0	0.0	-0.09605235652814706	0.0	0.0	0.0	-0.11394258659880628	0.210965299992
670	2400.0	nan	nan	1	1	5.0	5.0	5.0	1.24	2.39249749908e-18	-1.84522329146e-16	-3.48374063294e-18	0.90673467492	1.0599759714e-16	2.49064744184e-18	-2.40504417461e-19	0.890362374021	443457791.881	14056236.1246	-9516018.60718	10278415.5555	11937.257833	13335925.0561	-6832809.47632	13095314.4006	12075.5504813	549294521.1661824	12731528.897429455	-8463565.766749246	12731487.53787251	10812.250285902897	11860998.11612175	-8463544.621901942	11861167.686303897	10740.018476957324	550305240.41	0.2151113796169455	0.0	0.0	0.0	-0.09790540207030511	0.0	0.0	0.0	-0.11612673730248517	0.215009153694
680	2450.0	nan	nan	1	1	5.0	5.0	5.0	1.245	-1.0763935875e-18	2.60733681824e-17	-3.77956688977e-18	0.905062571151	1.61493819416e-16	-7.0907245597e-19	-3.47415857272e-18	0.888427790575	442498972.022	14040042.6184	-9631570.62368	10206468.1376	13854.7433249	13460033.1896	-6873088.23357	13212825.2508	14355.3020865	550315222.275473	12693370.001497628	-8547697.751241932	12693305.831028288	12525.843979154997	11945330.613422515	-8547737.54997099	11945496.479742736	12739.851905513164	551328914.133	0.219135529916671	0.0	0.0	0.0	-0.09975119827885874	0.0	0.0	0.0	-0.11830190584936782	0.219036728136
690	2500.0	nan	nan	1	1	5.0	5.0	5.0	1.25	-4.04339118306e-19	-1.67975633166e-17	1.33619447429e-19	0.90339995333	-2.13893077478e-16	2.65168958094e-18	4.53744961932e-18	0.88650538853	441515538.501	14023752.6249	-9747476.60656	10135199.2336	11643.9674543	13582017.182	-6912949.71434	13328179.9262	11972.9790097	551295628.813738	12655311.795141269	-8631815.018922742	12655253.433684919	10507.746578826573	12027467.685324239	-8631811.629243912	12027613.231590834	10602.594313242324	552316223.506	0.22314355131420976	0.0	0.0	0.0	-0.10158990742202842	0.0	0.0	0.0	-0.12046807505431141	0.223048153352
700	2550.0	nan	nan	1	1	5.0	5.0	5.0	1.255	1.35919671277e-18	1.97614718888e-16	8.58891408516e-19	0.901746766651	-5.25581296793e-17	-5.1236228886e-18	2.58498573634e-18	0.884595052943	440513899.697	14010429.0085	-9863088.30794	10066763.305	14244.4005344	13698982.5186	-6952090.76298	13438583.4694	15054.9748094	552243377.3308908	12620111.785440195	-8715345.370747954	12620040.752783857	12830.865275548646	12104866.158536267	-8715380.11649513	12105013.024148233	13303.065015265622	553266279.465	0.22713557258374711	0.0	0.0	0.0	-0.1034215448428434	0.0	0.0	0.0	-0.12262530598611218	0.227043541835
