inc	time	elem	node	ip	grain	1_pos	2_pos	3_pos	1_f	2_f	3_f	4_f	5_f	6_f	7_f	8_f	9_f	1_p	2_p	3_p	4_p	5_p	6_p	7_p	8_p	9_p	1_Cauchy	2_Cauchy	3_Cauchy	4_Cauchy	5_Cauchy	6_Cauchy	7_Cauchy	8_Cauchy	9_Cauchy	Mises(Cauchy)	1_ln(V)	2_ln(V)	3_ln(V)	4_ln(V)	5_ln(V)	6_ln(V)	7_ln(V)	8_ln(V)	9_ln(V)	Mises(ln(V))
0	0.0	nan	nan	1	1	5.0	5.0	5.0	1.0	0.0	0.0	0.0	1.0	0.0	0.0	0.0	1.0	3.24231623429e-06	-8.71950862191e-07	6.25811269668e-07	-8.71950862191e-07	5.73157126207e-06	-6.85773212204e-07	6.25811269668e-07	-6.85773212204e-07	4.8263303047e-06	3.24231623429e-06	-8.71950862191e-07	6.25811269668e-07	-8.71950862191e-07	5.73157126207e-06	-6.85773212204e-07	6.25811269668e-07	-6.85773212204e-07	4.8263303047e-06	3.10308637157e-06	0.0	0.0	0.0	0.0	0.0	0.0	0.0	0.0	0.0	0.0
10	2.5	nan	nan	1	1	5.0	5.0	5.0	1.00025	-1.3763768405e-21	-7.73681090849e-20	-1.67348977677e-21	0.999924575606	3.38568611321e-20	5.21925117127e-22	-2.26313707538e-21	0.999929158798	55303718.1874	284692.368311	-1379453.32261	284599.745651	3.09279533802	872897.862401	-1379010.84751	872901.863395	18.4636398905	55311808.10643898	284641.3773450581	-1379212.5717460527	284641.37737082446	3.0922413905338995	872745.5187797507	-1379212.5714894335	872745.5188134748	18.460417500019368	55386187.1066	0.0002499687552074404	0.0	0.0	0.0	-7.542723856262887e-05	0.0	0.0	0.0	-7.084371135642212e-05	0.000215419074873
20	5.0	nan	nan	1	1	5.0	5.0	5.0	1.0005	-7.38155299127e-22	7.1132181855e-20	-1.87976794203e-21	0.999849121511	-1.59791244909e-19	2.15883800119e-21	2.29429528884e-21	0.999858290812	110651348.252	569592.527706	-2759787.23904	569221.977055	-254.277987507	1745942.14495	-2758017.14324	1745958.15556	-246.29117075	110683730.58109818	569388.5613598024	-2758824.2822616133	569388.5609573391	-254.1869326748044	1745332.9433422212	-2758824.2822419344	1745332.9424676902	-246.20523378030336	110832703.234	0.0004998750416509929	0.0	0.0	0.0	-0.00015088987230398352	0.0	0.0	0.0	-0.0001417192296954878	0.000430818931531
30	7.5	nan	nan	1	1	5.0	5.0	5.0	1.00075	-1.89724213247e-21	-6.14697558728e-20	-7.34432986371e-22	0.999768379727	-3.87797342977e-19	2.85129157147e-21	-2.24304886495e-21	0.999785079161	161720822.725	816453.267871	-3906686.07029	815652.489721	-2112.05851414	2648077.56853	-3902919.33777	2648121.73364	-1131.84919639	161793061.92472336	816016.765838829	-3904662.650630411	816016.8341642013	-2110.9293401017976	2646706.0295540304	-3904662.735835843	2646705.963058073	-1131.2629691184814	162007010.45	0.0007497188905459742	0.0	0.0	0.0	-0.00023164710111819127	0.0	0.0	0.0	-0.00021494393779317346	0.000648747952707
40	10.0	nan	nan	1	1	5.0	5.0	5.0	1.001	1.46431647937e-21	-1.23706153077e-19	-7.55546771506e-21	0.999654076183	7.18052690592e-19	-1.49430177658e-21	-1.91060626924e-20	0.999688674757	182136188.71	786893.588426	-3464895.64188	785835.50553	2893.5693577	3644722.21383	-3460356.34829	3644848.22764	2617.63352374	182255956.63815805	786352.2922635275	-3462632.0145556694	786352.2501211597	2891.5789005248416	3642341.1052352414	-3462631.7868695515	3642340.973307985	2615.9234154476167	182466036.336	0.0009995003330834232	0.0	0.0	0.0	-0.0003459836624453407	0.0	0.0	0.0	-0.00031137371476386386	0.000885678120616
50	12.5	nan	nan	1	1	5.0	5.0	5.0	1.00125	-1.29950074232e-21	1.41143430582e-19	8.66388973588e-21	0.999528438787	9.27649969754e-20	5.9238539568e-21	-3.68454679165e-20	0.999582913819	191638722.646	649279.751256	-2628785.09545	648163.311591	2272.4678006	4699236.75137	-2624408.26795	4699492.86664	1449.43426959	191809135.6091642	648739.7451827812	-2626741.886019472	648739.6848261034	2270.577788765896	4695584.294247012	-2626741.998749908	4695584.297669344	1448.3077044045526	192036815.835	0.0012492194004318981	0.0	0.0	0.0	-0.0004716724329550376	0.0	0.0	0.0	-0.0004171731856345446	0.00112953315047
60	15.0	nan	nan	1	1	5.0	5.0	5.0	1.0015	5.41472428977e-21	6.59026219453e-19	-2.65276822446e-21	0.99939955713	6.55989380931e-19	-4.37743980163e-21	-1.93450661906e-20	0.999475597259	198568372.62	593503.582857	-2090669.83379	592258.840146	4231.6676425	5646863.79258	-2086443.71183	5647293.52699	4407.05893544	198791920.2446048	592925.5926717074	-2088792.7267006536	592925.6032116328	4227.546585044864	5641793.758141127	-2088792.623338399	5641793.846236004	4403.10205930529	199063168.941	0.0014988761237359487	0.0	0.0	0.0	-0.0006006232080124022	0.0	0.0	0.0	-0.0005245402882062038	0.00137500707318
70	17.5	nan	nan	1	1	5.0	5.0	5.0	1.00175	-2.48906918123e-20	3.88443395269e-19	-7.11375326796e-22	0.999269384163	2.56703612385e-19	2.51570439696e-20	-3.48139640308e-20	0.999367074796	204161435.486	568447.993538	-1797132.92421	567040.187105	-1407.73879829	6425919.24658	-1792857.67575	6426547.67631	-1612.7832819	204440103.41918722	567814.3313816088	-1795305.1140460987	567814.1624475934	-1406.1695592167666	6419383.63624585	-1795304.81735542	6419383.854632354	-1611.1429682453368	204769711.652	0.001748470534116803	0.0	0.0	0.0	-0.0007308828668228861	0.0	0.0	0.0	-0.0006331255857123044	0.00162129919446
80	20.0	nan	nan	1	1	5.0	5.0	5.0	1.002	8.83428894207e-22	-4.17794193246e-19	-2.2562178388e-20	0.999138613996	1.87536320526e-19	1.13141764185e-20	-3.59864925491e-20	0.999257719372	208955823.136	547683.137227	-1643627.47324	546118.997726	-3082.24393493	7034911.13389	-1639128.92393	7035749.92207	-3144.04218525	209291322.8279773	546995.9818332839	-1641760.969601767	546995.8469698748	-3078.3767708698456	7026922.287609543	-1641760.711074461	7026922.457466532	-3140.4718104095514	209669444.687	0.001998002662673058	0.0	0.0	0.0	-0.0008617572101068467	0.0	0.0	0.0	-0.0007425562546684307	0.00186804107599
90	22.5	nan	nan	1	1	5.0	5.0	5.0	1.00225	1.14928474308e-20	5.79326798747e-20	-1.07880895489e-20	0.999007612011	-1.32140510533e-18	1.53226936669e-20	2.64495136767e-20	0.999147733867	213240593.386	529917.435342	-1565945.35568	528203.225569	907.935423469	7511078.94028	-1561097.85169	7512133.33056	1148.85838522	213634494.44928792	529178.7989656169	-1563981.9653484547	529178.9300954224	906.669878902131	7501661.510918669	-1563981.5338909964	7501662.388160056	1147.417940674682	214047334.483	0.00224747254047937	0.0	0.0	0.0	-0.0009928807319817283	0.0	0.0	0.0	-0.000852629518262303	0.00211503572378
100	25.0	nan	nan	1	1	5.0	5.0	5.0	1.0025	-2.93533312171e-20	-1.25024937467e-19	1.97150227196e-20	0.998876536652	9.22320445067e-19	-1.87637650152e-20	5.80860701795e-20	0.999037218068	217172559.198	514528.04341	-1528148.46591	512668.489347	225.352745981	7892092.46296	-1522869.62969	7893362.86816	506.607397697	217626345.7390185	513739.55023901816	-1526052.0854404927	513739.72072783863	225.00740211968846	7881265.747577315	-1526051.6971861476	7881266.61257716	505.91241165478544	218071521.87	0.002496880198587146	0.0	0.0	0.0	-0.0011240949060122678	0.0	0.0	0.0	-0.0009632457042220331	0.00236219316348
110	27.5	nan	nan	1	1	5.0	5.0	5.0	1.00275	1.33573125315e-20	3.15677143964e-19	-5.4362309857e-21	0.998745465825	8.75335552298e-19	-7.64645758244e-21	1.53208738696e-19	0.998926308683	220853431.238	498302.94649	-1512313.57078	496312.837298	-210.386077316	8205646.34821	-1506546.48775	8207132.16213	-99.8762171736	221368528.91061264	497470.50122609176	-1510060.5365159696	497470.3904586954	-210.03461462670396	8193421.633218191	-1510060.2144110384	8193421.650589263	-99.72742227827963	221840199.053	0.0027462256680252286	0.0	0.0	0.0	-0.0012553217617702545	0.0	0.0	0.0	-0.0010742681364432744	0.00260944162431
120	30.0	nan	nan	1	1	5.0	5.0	5.0	1.003	-9.39511739738e-21	-1.21126642036e-18	-1.70481924247e-20	0.998614390657	-1.75851856707e-18	6.1674586472e-21	-1.01102150369e-20	0.998815133203	224345424.044	482514.031568	-1507485.31376	480404.329002	-46.2388099613	8469949.53883	-1501194.7416	8471653.18612	161.15861482	224923214.52978098	481641.500132232	-1505061.812315118	481641.586466948	-46.15519619548796	8456332.865580805	-1505060.9940216711	8456333.872619847	160.89952895541043	225416163.824	0.002995508979798371	0.0	0.0	0.0	-0.0013865701872979616	0.0	0.0	0.0	-0.0011855693066384016	0.00285674386586
130	32.5	nan	nan	1	1	5.0	5.0	5.0	1.00325	4.39729213633e-21	6.49652143463e-19	-4.25501707097e-21	0.998483324744	5.46065762919e-19	8.03854119279e-21	2.78209791323e-20	0.998703751213	227688137.777	470337.200003	-1509685.75998	468102.571542	-42.9784630791	8699009.11768	-1502843.92036	8700930.4605	132.369221048	228329963.72763282	469422.04370091326	-1507080.9280114125	469422.097367574	-42.8948379451688	8683999.731193459	-1507080.2597549951	8684000.667694127	132.14082942652303	228841129.353	0.0032447301648890294	0.0	0.0	0.0	-0.0015178265721780273	0.0	0.0	0.0	-0.0012970896441770305	0.00310407612461
140	35.0	nan	nan	1	1	5.0	5.0	5.0	1.0035	1.4933918779e-20	6.25833477724e-19	-2.71646113162e-21	0.998352275932	1.5795427387e-19	4.87043944671e-21	9.35586767731e-20	0.998592210773	230910247.363	460821.108755	-1517935.70251	458457.168934	-18.3481728168	8901948.67684	-1510511.45919	8904088.84474	88.023472263	231617420.19884118	459861.2479549312	-1515137.9867361546	459861.2142718282	-18.309954750166803	8885541.445499454	-1515137.4672791376	8885542.1990243	87.86123570949488	232144336.857	0.003493889254255838	0.0	0.0	0.0	-0.0016490830583350835	0.0	0.0	0.0	-0.0014087810932560058	0.00335142045437
150	37.5	nan	nan	1	1	5.0	5.0	5.0	1.00375	-4.21862112402e-20	4.87427756475e-19	-1.81913560313e-20	0.998221225592	-2.44393986137e-18	-8.70359440528e-21	1.35384650857e-20	0.998480567739	234030637.258	452345.185049	-1531102.30339	449853.52731	-11.6104419884	9084370.41456	-1523063.86145	9086731.265	64.2023739952	234804436.20305446	451341.01003556966	-1528100.2660845255	451340.92310116626	-11.584667610524551	9066558.659708036	-1528099.7201010252	9066559.350294905	64.0764921900413	235345139.756	0.003742986278834297	0.0	0.0	0.0	-0.0017803583057404758	0.0	0.0	0.0	-0.001520587768823272	0.00359876608134
160	40.0	nan	nan	1	1	5.0	5.0	5.0	1.004	1.72020480187e-20	-7.14023338732e-20	-1.4816459132e-20	0.998090164091	-1.36551761342e-18	-3.45430623802e-21	1.71833950958e-19	0.99836885906	237063112.657	444988.83842	-1548207.70174	442369.472659	1.05459131558	9250943.44624	-1539523.77514	9253527.2431	39.1101285025	237904786.87585628	443940.1033994751	-1544990.2213695627	443940.07120625203	1.052105889530801	9231718.16470132	-1544989.7350539172	9231718.835235937	39.02884995660581	238457761.863	0.003992021269537457	0.0	0.0	0.0	-0.0019116619709558128	0.0	0.0	0.0	-0.0016324726987709827	0.00384610495186
170	42.5	nan	nan	1	1	5.0	5.0	5.0	1.00425	4.46677530779e-23	9.7795009902e-19	4.53791284047e-20	0.997959087633	-2.75477572401e-18	2.01749351402e-20	-3.60530805884e-20	0.99825711016	240018584.206	439644.317624	-1568699.14932	436890.256148	-1.38745211405	9404807.47671	-1559337.42735	9407616.67909	49.9537857859	240929356.22952998	438548.0777318733	-1565254.9408174544	438548.07537049375	-1.3839925439304983	9384158.445383543	-1565254.4729353313	9384159.069654286	49.844108124754264	241493389.898	0.004240994257254614	0.0	0.0	0.0	-0.0020429978666762793	0.0	0.0	0.0	-0.0017444104395791188	0.00409343053224
180	45.0	nan	nan	1	1	5.0	5.0	5.0	1.0045	6.00533124713e-22	-1.67134758578e-18	-5.54872754901e-21	0.997828012422	-2.14605723354e-18	3.30144326082e-20	-1.21452447799e-19	0.998145319539	242904873.277	435999.865081	-1591986.16693	433103.924162	-7.63394562352	9548844.16199	-1581914.55508	9551881.16373	45.6638911543	243885938.53466466	434853.16880849504	-1588304.0992525083	434853.1818332079	-7.613868055421582	9526758.863024073	-1588303.728708531	9526759.35199773	45.558276205412646	244460128.851	0.004489905272852001	0.0	0.0	0.0	-0.0021743497640646877	0.0	0.0	0.0	-0.0018564025103696247	0.00434073747274
190	47.5	nan	nan	1	1	5.0	5.0	5.0	1.00475	2.20526351307e-20	1.83951785041e-18	-6.39576049626e-21	0.997696944176	4.35073013965e-19	-1.21463201147e-20	-1.73200866921e-19	0.99803349459	245728478.537	433382.578969	-1617504.49495	430340.382964	-4.92418242278	9684843.85056	-1606691.47818	9688111.16443	36.0645888734	246781007.49568272	432183.6351431115	-1613573.8215999792	432183.6602180527	-4.9105597752587045	9661308.857154194	-1613573.4208775721	9661309.207847556	35.976948858296865	247364613.23	0.00473875434717347	0.0	0.0	0.0	-0.002305711935963544	0.0	0.0	0.0	-0.00196844152042769	0.00458802143155
200	50.0	nan	nan	1	1	5.0	5.0	5.0	1.005	-2.46599084214e-20	-2.59721374054e-18	-4.3529552555e-20	0.997565880683	-1.15573427032e-18	-3.23460706733e-20	-2.72893501526e-19	0.997921647697	248494614.072	431705.773521	-1644560.34016	428512.309828	3.12613317397	9813777.96126	-1632977.17433	9817278.26804	31.5006304062	249619753.30887747	430452.61578834115	-1640371.3074068094	430452.5370440828	3.1170586185540916	9788780.254390664	-1640371.0033617697	9788780.622352017	31.42039183465011	250212113.234	0.004987541511038968	0.0	0.0	0.0	-0.002437086601552892	0.0	0.0	0.0	-0.0020805150743349334	0.00483527937279
210	100.0	nan	nan	1	1	5.0	5.0	5.0	1.01	-1.18452263718e-19	-2.05465212149e-18	7.57697441099e-21	0.994944546956	-1.65009876341e-18	5.65791538986e-21	1.82801952291e-19	0.995687445493	294916430.766	408729.74273	-2202044.35214	402639.065565	-624.384903746	11648935.1999	-2170843.84006	11657634.684	-652.095283149	297698784.8260325	406435.6896593052	-2191320.0484210495	406437.7160365683	-620.8804558040446	11592203.045997333	-2191324.4085939387	11592204.572491001	-648.9194761479314	298400709.323	0.009950330853168092	0.0	0.0	0.0	-0.005068275079125671	0.0	0.0	0.0	-0.004321880392104673	0.0097731109912
220	150.0	nan	nan	1	1	5.0	5.0	5.0	1.015	-1.00902799842e-19	6.65068846206e-18	-1.72847660799e-20	0.992330800644	-1.09440792688e-18	-3.2035050763e-20	-9.93510090125e-20	0.99346220634	330541653.49	391573.564985	-2697492.51391	382823.469245	-557.120429719	12914801.6831	-2640248.29869	12929526.0836	-809.906583697	335288280.51496005	388325.55588932894	-2678167.492934239	388320.87087569124	-552.4992489629004	12822279.160002453	-2678162.654701854	12822278.756207362	-804.1043575044752	336056376.977	0.014888612493750559	0.0	0.0	0.0	-0.007698758894361534	0.0	0.0	0.0	-0.006559258639858748	0.0146931502047
230	200.0	nan	nan	1	1	5.0	5.0	5.0	1.02	-4.96771588675e-20	-4.76300522875e-18	-8.41738991334e-21	0.989727989096	-5.08922292847e-18	1.907544667e-19	6.28101400169e-19	0.991248659611	358779720.748	372813.918795	-3118474.59232	361755.55039	7156.13524788	13903185.0742	-3030585.43234	13924542.2688	7661.72782535	365703757.2678935	368730.7300867561	-3089058.8781658923	368737.01700397796	7077.758746451942	13772040.148734996	-3089072.2502862066	13772035.80138269	7589.456851524501	366513186.993	0.01980262729617973	0.0	0.0	0.0	-0.01032513209541939	0.0	0.0	0.0	-0.008789858254926779	0.0195934750007
240	250.0	nan	nan	1	1	5.0	5.0	5.0	1.025	-3.52180417601e-20	-1.21837450744e-17	-1.41269213734e-19	0.987138196984	5.7451994881e-18	1.06646742015e-19	7.20987165513e-20	0.98904766057	381518062.222	355639.336059	-3504954.92012	342508.087111	6640.03859985	14690717.4616	-3382036.73033	14719125.693	7330.62312987	390768840.6888686	350807.3672721285	-3464021.7805356025	350812.97946267854	6549.822316090141	14519149.723310795	-3464041.9501533546	14519141.189860523	7245.011352641977	391616752.474	0.024692612590371414	0.0	0.0	0.0	-0.012945232142449276	0.0	0.0	0.0	-0.011012757853216603	0.0244731839255
250	300.0	nan	nan	1	1	5.0	5.0	5.0	1.03	2.79917919288e-19	-5.04640392406e-18	-1.46351411418e-19	0.984562797954	2.05189761005e-18	-2.50139417236e-21	-7.91542363042e-19	0.986859803546	400081564.302	341441.681591	-3872106.47765	326401.577872	-6124.89313371	15331328.251	-3709965.91946	15367082.834	-7443.94382269	411765217.3092076	335910.71097692894	-3818270.084084303	335933.5411443263	-6025.6767645220525	15118166.90681438	-3818308.713377935	15118153.40282217	-7340.4458709594865	412657061.939	0.02955880224154443	0.0	0.0	0.0	-0.015557596290209951	0.0	0.0	0.0	-0.013227292650891335	0.0293317031656
260	350.0	nan	nan	1	1	5.0	5.0	5.0	1.035	-1.25069708618e-19	-1.18099553904e-18	2.06490750673e-19	0.982002701884	-1.09542866776e-17	-1.9468522897e-19	-1.55096364854e-19	0.984685630535	415412194.887	321289.776036	-4228192.32015	304858.849804	6930.40131988	15846496.476	-4022684.23989	15889778.8923	6323.70061913	429604635.2290988	315252.8022714707	-4160080.1742417105	315274.2663272945	6800.180397627114	15591224.530359121	-4160118.1110965726	15591212.970033493	6221.831832982814	430506706.208	0.03440142671733232	0.0	0.0	0.0	-0.018161219222087688	0.0	0.0	0.0	-0.015432845568683405	0.0341686356025
270	400.0	nan	nan	1	1	5.0	5.0	5.0	1.04	1.94936691877e-19	5.78791509493e-18	-1.44736754862e-19	0.979458133554	4.39965125544e-18	1.57045202377e-19	-1.15159092263e-18	0.982525521486	428176648.223	298360.175633	-4576768.85399	281029.763238	-8901.9984185	16266341.2672	-4323876.74054	16317269.5596	-10139.9220289	444931609.84602267	291987.10668462544	-4493034.599360003	292026.7265649854	-8711.848880013245	15968740.49140842	-4493074.171439353	15968727.453630542	-9954.407129593706	445867987.803	0.03922071315328133	0.0	0.0	0.0	-0.0207557851817855	0.0	0.0	0.0	-0.017628959508917113	0.0389838789277
280	450.0	nan	nan	1	1	5.0	5.0	5.0	1.045	-7.91446410091e-20	-7.8431015751e-18	-9.60852999542e-21	0.976929866753	2.89955590585e-18	-3.73223892384e-21	-1.25616971311e-18	0.980379461536	438911716.109	274561.575001	-4917632.63551	256729.735078	-4061.63309783	16611325.1584	-4613595.04815	16669958.494	-6197.53165929	458268052.78853077	267996.5866192371	-4816997.32076783	268051.70941915055	-3964.516179345854	16271388.026144745	-4817058.058540066	16271366.360934107	-6070.704261762688	459214881.054	0.04401688541677426	0.0	0.0	0.0	-0.023340413801537084	0.0	0.0	0.0	-0.01981557661330133	0.0437772478806
290	500.0	nan	nan	1	1	5.0	5.0	5.0	1.05	-2.63612535053e-19	-1.85481289556e-17	-9.03678275602e-20	0.97441862543	6.2834624563e-18	2.90135254214e-19	-2.15702233974e-19	0.978246966092	447985402.101	254805.874692	-5233263.67019	236498.288185	6222.19647475	16901952.8529	-4875697.26149	16968341.9522	5439.74202428	469969610.44608885	248068.5041946823	-5114906.989874892	248104.08519609005	6057.6741967289745	16519694.446562316	-5114964.755300009	16519678.801888658	5316.715582590884	470917680.326	0.04879016416943205	0.0	0.0	0.0	-0.02591426744112691	0.0	0.0	0.0	-0.021993119259061562	0.0485487171549
300	550.0	nan	nan	1	1	5.0	5.0	5.0	1.055	3.80317793317e-19	1.7772842346e-17	-3.50036365453e-19	0.971924519445	-3.64196374051e-18	5.92923063078e-19	-2.55827442e-18	0.976127957791	455687410.931	225710.800935	-5534395.91542	207997.847506	-7258.35742548	17141761.3333	-5120702.29326	17215873.0466	-8369.50353732	480316759.2718164	219176.06747617383	-5397407.721133464	219239.87727789796	-7048.214929295034	16717465.896575475	-5397470.001792142	16717442.57205254	-8162.340335739585	481287290.715	0.05354076692802976	0.0	0.0	0.0	-0.028477132428970715	0.0	0.0	0.0	-0.024161596868404033	0.0532983572848
310	600.0	nan	nan	1	1	5.0	5.0	5.0	1.06	-6.91020066282e-19	-2.24122535563e-17	-1.4685433723e-19	0.969447852868	-5.40706128858e-18	2.02732041969e-19	2.08806525516e-18	0.974022338198	462265551.501	176843.698077	-5827084.15248	161790.274834	-8680.56934651	17327419.5141	-5354508.56095	17409150.9189	-9515.41431069	489551246.1329769	171283.21485910108	-5670494.9979412	171340.11046248168	-8407.626851538856	16861785.9483144	-5670563.878124271	16861756.28411769	-9259.70997503811	490528880.359	0.058268908123975824	0.0	0.0	0.0	-0.031028593401530948	0.0	0.0	0.0	-0.026321041107727164	0.0580261709888
320	650.0	nan	nan	1	1	5.0	5.0	5.0	1.065	-1.03237434403e-18	5.77268835422e-18	2.0336731668e-19	0.966988831898	-3.40687173123e-17	5.44059849933e-19	4.50131837017e-19	0.971929787237	467894183.32	104724.305551	-6111579.55085	95132.7928115	-10818.1037515	17471174.3909	-5577554.52105	17560413.2989	-11523.9329637	497841728.194774	101172.61818683925	-5934476.344418919	101221.76267551848	-10451.211632271652	16964889.39877965	-5934545.632000413	16964858.16301251	-11189.988938004664	498824886.262	0.06297479916138839	0.0	0.0	0.0	-0.03356833282200895	0.0	0.0	0.0	-0.028471712483677192	0.0627322641852
330	700.0	nan	nan	1	1	5.0	5.0	5.0	1.07	-4.93423161555e-19	-6.61405676864e-18	3.65177079385e-19	0.964547536724	-3.86439856292e-17	-1.01630718781e-18	3.18858273804e-18	0.969850204775	472727022.708	41455.5604117	-6385496.97248	37413.714504	5448.11824648	17576182.9037	-5787906.2704	17672788.4019	5397.2244636	505338201.883074	39947.93650886183	-6187102.193176292	39994.70794986994	5249.985276804978	17030098.08943896	-6187186.276335134	17030078.040252272	5229.534906949528	506306548.803	0.06765864847381486	0.0	0.0	0.0	-0.03609616146001195	0.0	0.0	0.0	-0.03061364747696105	0.0674167184926
340	750.0	nan	nan	1	1	5.0	5.0	5.0	1.075	1.14232980849e-18	-3.04836569805e-18	5.35483641342e-20	0.962123677873	-1.46988009617e-18	4.21557709937e-19	1.51423682934e-18	0.967783547582	476856567.82	-10722.1746887	-6653207.85053	-9576.82347247	2925.45019727	17645558.4533	-5989726.38614	17749365.0519	1987.27038833	512128129.75433683	-10306.143366880533	-6432676.693203168	-10285.190610596464	2811.9397436704985	17060668.349938124	-6432767.37467938	17060671.57148321	1921.3991501986548	513098564.265	0.07232066157962608	0.0	0.0	0.0	-0.03861227330243345	0.0	0.0	0.0	-0.032746824579361906	0.0720797339033
350	800.0	nan	nan	1	1	5.0	5.0	5.0	1.08	-5.47342102604e-19	-9.89464184313e-18	1.66706671931e-19	0.959717380849	-4.32783278768e-17	6.93481755785e-19	1.08056919524e-18	0.965729601551	480398207.856	-51211.2184368	-6903802.03291	-45475.3239556	-6329.59796052	17680303.3228	-6173324.59184	17791048.1889	-5384.27795136	518325380.1255051	-49100.48814153949	-6660720.559292705	-49065.57557908788	-6068.716173679975	17057783.417794056	-6660705.147057371	17057769.318703085	-5194.698613403503	519300532.974	0.0769610411361284	0.0	0.0	0.0	-0.04111643281191319	0.0	0.0	0.0	-0.034871399531972117	0.0767214081095
360	850.0	nan	nan	1	1	5.0	5.0	5.0	1.085	-9.34065582585e-19	2.152067197e-17	2.8507952631e-19	0.957328800597	-7.48994177566e-18	3.3563680535e-20	1.9774480462e-18	0.963688002463	483426166.617	-88265.5752942	-7136794.45745	-77864.1136162	-8002.87036594	17692501.6188	-6338807.71251	17810006.7448	-6916.12155993	524001556.67303	-84416.07702067337	-6870879.409552531	-84399.47930286382	-7653.843743111716	17033283.752370056	-6870842.619153839	17033264.623230137	-6658.428725025117	524973500.242	0.08157998699242285	0.0	0.0	0.0	-0.043608372245778494	0.0	0.0	0.0	-0.03698768565450179	0.0813418735634
370	900.0	nan	nan	1	1	5.0	5.0	5.0	1.09	-2.31081175923e-19	2.21253476152e-17	-4.25422297758e-19	0.954957769254	1.62982109244e-17	2.52415818282e-19	2.74641830469e-18	0.961658687894	486012817.647	-129177.276938	-7360179.45532	-113158.791872	-7686.50806936	17681193.2024	-6493504.88095	17805250.9328	-6478.54512127	529227736.5150965	-123236.3048738295	-7070949.557449891	-123220.55944766897	-7332.999071542637	16986382.73817206	-7070889.419815515	16986372.404821068	-6223.960439585674	530193193.275	0.08617769624105241	0.0	0.0	0.0	-0.0460881601556093	0.0	0.0	0.0	-0.03909568555979615	0.0859412870086
380	950.0	nan	nan	1	1	5.0	5.0	5.0	1.095	4.02817105979e-19	-7.04366129157e-18	-5.87893804954e-19	0.952604196892	1.46102727838e-17	-1.87141341784e-19	-1.12655712857e-18	0.959641465451	488209067.741	-174325.782872	-7570370.64276	-151630.327563	-7273.10675344	17646640.1815	-6634677.79927	17777009.1378	-8910.37295615	534052983.60902303	-165896.98749499966	-7257558.299898031	-165868.75212156793	-6921.446043418205	16917470.2214933	-7257688.781529211	16917476.08440417	-8542.190898531368	535011731.001	0.09075436326846412	0.0	0.0	0.0	-0.048555784901798515	0.0	0.0	0.0	-0.04119553776738904	0.0905198161294
390	1000.0	nan	nan	1	1	5.0	5.0	5.0	1.1	-6.44274435505e-19	-2.59491719765e-17	-8.47032947254e-20	0.950267825092	1.04005719755e-17	6.25904408462e-19	2.17255348292e-18	0.957636417818	490066129.067	-214491.469707	-7753905.66581	-185280.776034	-4971.15337428	17594060.9325	-6750360.11683	17730469.4905	-3401.07551028	538527653.1216956	-203618.24337515997	-7417914.154942492	-203602.7702549412	-4719.150458533685	16831676.73932216	-7417887.864161606	16831657.95266428	-3253.700426222365	539473300.553	0.09531017980432493	0.0	0.0	0.0	-0.05101141297037644	0.0	0.0	0.0	-0.043287095158666605	0.0950776036544
400	1050.0	nan	nan	1	1	5.0	5.0	5.0	1.105	-1.15651761036e-18	-9.00962476215e-18	-9.42535912057e-19	0.947948209052	2.73889162286e-17	-2.58821504945e-19	-1.95883648242e-18	0.955643669632	491611408.517	-251698.868876	-7918042.21579	-215997.639269	9431.53358708	17526076.9638	-6847715.00531	17668371.7498	8449.04451743	542676924.4562304	-238354.30404300205	-7559114.512415598	-238434.1220272025	8931.492756585536	16731613.587331105	-7559012.777682328	16731630.423302885	8066.046288612535	543599531.445	0.09984533496971612	0.0	0.0	0.0	-0.0534554100211743	0.0	0.0	0.0	-0.045370165922478715	0.0996148486101
410	1100.0	nan	nan	1	1	5.0	5.0	5.0	1.11	3.30342849429e-19	-3.12041643813e-18	8.12622233772e-20	0.945645001768	-1.85185754467e-17	-1.8168327323e-18	3.59395748648e-18	0.95366319057	492875150.05	-288112.715055	-8082442.8444	-245428.225859	-4745.49457371	17457001.8174	-6944007.64304	17605015.2468	-2386.46848415	546529703.82953	-272172.61515453417	-7700014.303873415	-272145.6246607665	-4482.945739072412	16631007.02157861	-7699934.638935737	16631001.65031697	-2273.5504373444933	547454355.866	0.10436001532424286	0.0	0.0	0.0	-0.05588804276050514	0.0	0.0	0.0	-0.047444719587555355	0.104131762011
420	1150.0	nan	nan	1	1	5.0	5.0	5.0	1.115	1.10945434223e-18	1.94560291611e-17	-4.90908532493e-19	0.943358036526	4.96253442739e-17	7.91446410091e-20	-2.40534195963e-18	0.95169491708	493883715.885	-322882.185686	-8252438.84499	-273172.169859	-19899.5529976	17390396.6575	-7043857.89274	17544078.0211	-19343.4966097	550111094.352937	-304278.6405556513	-7845685.47398306	-304272.1119861583	-18752.997849385887	16533243.687759388	-7845782.821363641	16533238.582738087	-18390.07755372807	551042319.485	0.10885440491208208	0.0	0.0	0.0	-0.058309390225805204	0.0	0.0	0.0	-0.049510760802834515	0.10862849636
430	1200.0	nan	nan	1	1	5.0	5.0	5.0	1.12	-1.76288732147e-20	-1.56118230695e-17	1.96935160237e-19	0.941087154973	3.56799394141e-17	1.06673211795e-19	-4.00068219367e-18	0.949738992654	494699791.871	-349501.146054	-8418606.35459	-293647.627163	-48.5752142359	17323295.5445	-7138763.48125	17482510.7655	459.753176549	553487239.8906349	-328568.793220809	-7987159.081789685	-328543.1231822011	-45.66594330780871	16435489.617511462	-7987095.528229892	16435446.720402515	436.1911704604515	554391548.337	0.11332868530700327	0.0	0.0	0.0	-0.060719524160706896	0.0	0.0	0.0	-0.0515680767114918	0.113105133328
440	1250.0	nan	nan	1	1	5.0	5.0	5.0	1.125	9.13207396259e-20	2.74682196883e-18	4.11922710162e-19	0.938832138417	-7.80423070376e-18	-8.55556216286e-19	2.00769969556e-18	0.947795008659	495298207.95	-361174.74953	-8569197.19978	-301312.577144	-8427.11935037	17254351.7118	-7219490.07548	17419013.3048	-8036.8114625	556627157.2713133	-338727.4873484275	-8113339.824971949	-338621.7849645219	-7903.3680146543375	16336468.35680405	-8113423.737782961	16336409.49845428	-7609.27552305203	557531066.161	0.11778303565638346	0.0	0.0	0.0	-0.06311858208355195	0.0	0.0	0.0	-0.05361703570117351	0.11756195449
450	1300.0	nan	nan	1	1	5.0	5.0	5.0	1.13	-5.80058750192e-19	2.07106967142e-17	1.76659309062e-19	0.936593102483	-4.57726281482e-17	-1.58358103445e-18	-2.96243155857e-19	0.945862804432	495731839.235	-354482.460825	-8710841.65555	-293810.971762	791.401963127	17181500.2668	-7291299.95248	17351508.3154	2252.24716183	559587121.0572534	-331656.2310047354	-8230585.308875031	-331656.8007353508	740.4411256040916	16234229.626967968	-8230493.234950369	16234190.647231719	2128.0736276847288	560473322.226	0.12221763272424911	0.0	0.0	0.0	-0.06550634668112407	0.0	0.0	0.0	-0.055657747475178695	0.121999032994
460	1350.0	nan	nan	1	1	5.0	5.0	5.0	1.135	-8.64503001791e-20	2.57201554434e-17	-7.6624717991e-19	0.934369796517	2.8376688994e-17	-1.17419942313e-18	-8.32162225074e-18	0.943942252155	496007385.906	-343155.92277	-8841995.06231	-282495.88279	6345.32932288	17099435.6873	-7353485.88203	17274601.1563	7536.68743774	562372306.2461061	-320295.03856982646	-8337495.549081194	-320293.3376071729	5922.606504368752	16123789.70243599	-8337369.4262067005	16123775.451615721	7106.6651275143095	563244226.579	0.126632650933366	0.0	0.0	0.0	-0.06788299136360913	0.0	0.0	0.0	-0.05769028827243424	0.12641657083
470	1400.0	nan	nan	1	1	5.0	5.0	5.0	1.14	1.84542009427e-18	-1.52234055236e-17	-3.6687114528e-20	0.932161793202	-1.75121679565e-17	-4.03293562011e-19	-4.9675901553e-18	0.94203337277	496123699.801	-326218.81654	-8961019.20057	-266651.209008	-24191.2073838	17007923.7883	-7404987.92425	17188025.5468	-21279.1800239	564979105.6783202	-303765.0946193187	-8432595.302360086	-303658.8690558643	-22526.120589351794	16004980.575311577	-8432702.28106344	16004969.49231858	-20024.364359826453	565868813.015	0.131028262406404	0.0	0.0	0.0	-0.07024888150668739	0.0	0.0	0.0	-0.05971457746431362	0.130814789501
480	1450.0	nan	nan	1	1	5.0	5.0	5.0	1.145	1.33725326548e-19	-1.81607040265e-17	-3.06255349992e-19	0.929968698802	-4.16278841791e-17	-8.07804733885e-19	-1.1659408519e-18	0.94013666601	496138122.938	-303936.91724	-9075429.97975	-246768.350873	-3143.36643175	16910326.3318	-7451618.9175	17095170.823	-1695.76302448	567470483.835741	-282349.46991180617	-8523017.742980223	-282247.52138780657	-2920.1054409674334	15881011.884517599	-8522976.963416517	15880967.878983898	-1592.5436456214175	568330970.363	0.13540463700620298	0.0	0.0	0.0	-0.07260435060340284	0.0	0.0	0.0	-0.061730024913757994	0.135193741486
490	1500.0	nan	nan	1	1	5.0	5.0	5.0	1.15	-6.10498996734e-19	-3.78705254344e-17	-8.67202919311e-19	0.927790144874	-1.86060051287e-18	9.46294620761e-19	1.14574441006e-19	0.938251966323	496031847.9	-271204.433931	-9182650.36342	-218728.299799	5396.73981676	16810954.697	-7491867.97868	17000470.9923	6339.08246962	569823456.9084493	-251350.3312685943	-8606378.720028393	-251267.16448315812	5001.659895642204	15755956.836163016	-8606387.126928577	15755915.025798894	5941.263394757351	570666000.424	0.13976194237515863	0.0	0.0	0.0	-0.0749497087579854	0.0	0.0	0.0	-0.0637367452345908	0.139553685044
500	1550.0	nan	nan	1	1	5.0	5.0	5.0	1.155	-9.61382395134e-20	4.49241923026e-17	-7.98593250583e-19	0.92562600841	7.14541112436e-18	2.39657384514e-19	3.43749792797e-19	0.936379034607	495797073.939	-234635.417402	-9281074.41209	-187973.969724	-11726.8971528	16718229.5449	-7524467.80485	16912433.9426	-10211.7495561	572027264.4597636	-216950.12385605258	-8681219.184142116	-216875.4947192189	-10842.99982465235	15637695.444076784	-8681375.83130124	15637684.537062112	-9551.742849361219	572875820.503	0.14410034397375687	0.0	0.0	0.0	-0.07728500452380054	0.0	0.0	0.0	-0.06573493297207138	0.14389480736
510	1600.0	nan	nan	1	1	5.0	5.0	5.0	1.16	9.21148330139e-21	-4.0187901699e-17	-1.00754569076e-18	0.923476628126	-2.12037095942e-17	1.86569594545e-18	-4.58921789078e-18	0.93451752147	495482909.494	-205750.577015	-9368388.72692	-163716.049186	-3803.62289679	16621559.768	-7547469.69698	16820270.9514	-1879.70303979	574136717.657047	-189799.74479546535	-8745426.719426826	-189704.61605511393	-3508.7466853440264	15516289.636436481	-8745568.001256354	15516277.914173482	-1754.7099792658425	574967665.953	0.14842000511827322	0.0	0.0	0.0	-0.07960978759379173	0.0	0.0	0.0	-0.06772490269567681	0.148217151525
520	1650.0	nan	nan	1	1	5.0	5.0	5.0	1.165	-6.51368336439e-19	-3.77783047223e-17	1.39125161587e-19	0.921342179315	-2.50941451558e-17	-5.29130894238e-19	-3.86647379364e-18	0.932666838416	495079792.665	-172215.789228	-9454272.6798	-136150.157146	1808.3260656	16517995.5866	-7568921.2316	16721050.4614	3782.49376627	576139579.3977755	-158496.8026039713	-8808079.887512766	-158442.12475485928	1664.2719041486632	15389002.373415137	-8808186.396368755	15389024.700881902	3523.963016056082	576955038.1	0.15272108701766393	0.0	0.0	0.0	-0.08192378152621752	0.0	0.0	0.0	-0.06970722827616035	0.152520901265
530	1700.0	nan	nan	1	1	5.0	5.0	5.0	1.17	1.63371479702e-18	3.53424497242e-19	3.91540979868e-19	0.919222602587	-4.61064914783e-17	3.46574118281e-18	-3.72133999209e-18	0.930826768278	494590410.631	-134323.388613	-9541555.83144	-105399.128609	2578.17349337	16407043.0599	-7591211.15769	16614136.9442	4170.70662596	578037658.5318451	-123338.00333893878	-8871818.318388056	-123182.0597465998	2367.3224314619288	15255405.694925826	-8871999.595410096	15255381.055053405	3877.95786122118	578842192.356	0.1570037488096647	0.0	0.0	0.0	-0.08422696333846058	0.0	0.0	0.0	-0.07168208961126078	0.15680620951
540	1750.0	nan	nan	1	1	5.0	5.0	5.0	1.175	4.85349878777e-19	-6.30554619342e-17	2.18163923477e-19	0.91711800334	-5.47414100404e-17	6.8186152254e-20	-2.84186171249e-18	0.928996986196	494023919.987	-90902.4042893	-9621649.15732	-70876.3137625	8129.77947108	16292962.4092	-7607326.86071	16503983.7982	8635.94998392	579840376.2127156	-83276.64080817196	-8928662.997429052	-83188.17525617064	7447.775778383835	15119484.009750234	-8928788.850959398	15119471.71707954	8013.957462833895	580629726.818	0.16126814759612232	0.0	0.0	0.0	-0.08651913088262567	0.0	0.0	0.0	-0.07364978431134306	0.161073199501
550	1800.0	nan	nan	1	1	5.0	5.0	5.0	1.18	-2.27142472718e-18	3.80279676835e-17	-1.34784117732e-19	0.915028281736	-5.39554693445e-18	-1.68967191109e-18	4.16226696325e-18	0.927177250288	493375509.357	-42558.3492746	-9687478.4157	-32878.0789956	-6382.52513425	16178616.7431	-7611950.22621	16393399.9797	-5609.74171617	581540952.2916193	-38899.140028657996	-8972102.430928838	-38753.341027280425	-5833.749268132465	14983899.873736626	-8972193.997054476	14983879.12655108	-5195.487941109817	582332677.138	0.16551443847757333	0.0	0.0	0.0	-0.08880030518319662	0.0	0.0	0.0	-0.07561052318513008	0.165322046879
560	1850.0	nan	nan	1	1	5.0	5.0	5.0	1.185	-3.62530101425e-19	-4.27342944966e-17	-4.07052270715e-19	0.91295323842	-5.09685929445e-17	-1.52455342594e-18	-9.37875907358e-18	0.925367705229	492679752.147	8015.30949131	-9736227.52432	6160.61670756	10773.5729356	16065177.138	-7602953.12262	16283618.9524	11313.7331004	583178953.1597171	7309.498933287758	-8999612.918991579	7292.246102415033	9824.87575381019	14849732.64602614	-8999521.948385254	14849719.214419775	10457.769019679148	583943818.344	0.16974277458709455	0.0	0.0	0.0	-0.09107061720156791	0.0	0.0	0.0	-0.07756410129303683	0.169552838153
570	1900.0	nan	nan	1	1	5.0	5.0	5.0	1.19	3.10119937813e-19	-4.0233535599e-17	-5.15578367082e-19	0.91089263822	1.4880118952e-17	-9.59794208358e-19	2.52440964572e-18	0.923568116189	491913020.876	56023.8535089	-9772845.05121	42950.8524269	8050.35607844	15954519.9155	-7584734.23062	16176493.3626	8342.02926767	584725716.4401851	50974.982429167474	-9015853.777233066	51054.69237694	7324.857787261026	14718704.521595914	-9015799.478350531	14718667.376086324	7695.867036528921	585481991.921	0.17395330712343798	0.0	0.0	0.0	-0.09333023913909944	0.0	0.0	0.0	-0.07951072333088557	0.173765798869
580	1950.0	nan	nan	1	1	5.0	5.0	5.0	1.195	-4.40563011691e-19	-2.47490321693e-17	9.85734592367e-20	0.908846339423	-2.87454394936e-17	-1.70306561957e-18	-6.39425171882e-18	0.921778468769	491095313.075	104174.107572	-9804864.97572	79373.5636476	1336.86034453	15842913.9552	-7563225.98765	16068290.8892	2302.50376807	586203986.412782	94572.59891557104	-9027827.448457194	94745.55791353215	1213.6447349158964	14587359.828256806	-9027968.921837548	14587310.272590956	2120.029879965906	586954909.875	0.17814618538347404	0.0	0.0	0.0	-0.09557924263318135	0.0	0.0	0.0	-0.08145035678041658	0.177961044465
590	2000.0	nan	nan	1	1	5.0	5.0	5.0	1.2	-1.34688826525e-18	-4.32467494297e-17	8.83984759578e-19	0.90681403301	8.32039934692e-17	1.35377040795e-18	4.24072338999e-19	0.919998866522	490232241.667	152387.749902	-9832210.13578	115329.088824	4563.31897029	15731334.0281	-7538166.59173	15960029.2583	5260.81883066	587619698.5899491	138032.55221941398	-9035489.24941811	138239.8762328772	4133.446188854915	14456596.99365515	-9035666.78007703	14456566.052300263	4834.525638806825	588356695.328	0.1823215567939546	0.0	0.0	0.0	-0.09781788515972578	0.0	0.0	0.0	-0.08338284098111386	0.182138716633
600	2050.0	nan	nan	1	1	5.0	5.0	5.0	1.205	-2.45427796467e-19	-1.65349301634e-17	-1.48188414122e-18	0.904795404665	3.44845906371e-17	-2.21160302528e-18	-1.30428515498e-18	0.918229349674	489323744.572	199501.945484	-9856500.89867	150050.423894	10727.955167	15619154.1997	-7510995.11042	15851034.6205	11194.5221888	588972115.9007871	180305.4765603233	-9040351.833578644	180607.45392594644	9695.690256108142	14325839.43935508	-9040572.283231214	14325816.9452421	10267.580781046825	589692607.394	0.18647956694261839	0.0	0.0	0.0	-0.10004643303375126	0.0	0.0	0.0	-0.08530808331933674	0.186298979809
610	2100.0	nan	nan	1	1	5.0	5.0	5.0	1.21	1.58066935869e-18	6.45662510748e-17	-6.7317943483e-19	0.902790480452	-3.48279830878e-17	9.70699757553e-19	9.61575624525e-18	0.916469614433	488367628.09	251364.269416	-9875917.34598	187694.485491	7557.15360783	15502769.9076	-7480219.29236	15737634.9456	7681.3439411	590257925.4924356	226673.1622756326	-9040763.431489127	226854.01582733763	6814.826586408859	14191782.935938718	-9040850.514611162	14191752.424267134	7031.773451977764	590970242.259	0.1906203596086497	0.0	0.0	0.0	-0.10226477856488629	0.0	0.0	0.0	-0.08722636617123895	0.19044197777
620	2150.0	nan	nan	1	1	5.0	5.0	5.0	1.215	-4.81347648101e-18	-2.30766714941e-17	-2.2594603868e-19	0.900798976743	-2.37767706948e-17	-2.21710873944e-19	4.74804318583e-18	0.914719763214	487374525.322	304345.225666	-9892696.81541	225726.980832	8730.86110655	15390527.63	-7447752.99699	15628339.4844	9463.12520738	591489280.8180422	273843.320917608	-9038795.01070605	273947.6164974694	7855.8419789761165	14062072.956433991	-9038769.64227777	14062045.41395565	8646.302470011438	592189460.299	0.19474407679251185	0.0	0.0	0.0	-0.10447315753985159	0.0	0.0	0.0	-0.08913753032823739	0.194567841151
630	2200.0	nan	nan	1	1	5.0	5.0	5.0	1.22	5.25160427298e-19	5.10570284781e-18	-1.60655680315e-18	0.898820584758	-8.40531969384e-18	-2.73178713401e-18	7.78398132236e-18	0.912979790101	486336440.107	357403.97366	-9908995.24512	263535.539955	-3109.17598982	15281834.7588	-7415421.25988	15522536.0692	-2744.83522443	592655934.3802419	320876.84738134523	-9036427.722986763	321147.8490899619	-2791.4143744701173	13936145.07389449	-9036529.145606248	13936113.765725518	-2503.130186613392	593356658.756	0.19885085874516517	0.0	0.0	0.0	-0.1066718364432341	0.0	0.0	0.0	-0.09104153433753355	0.198676746493
640	2250.0	nan	nan	1	1	5.0	5.0	5.0	1.225	-1.10071931496e-18	3.46754112782e-19	-2.16697497687e-18	0.896855343974	3.80189944282e-17	1.53365903012e-18	2.53168883511e-18	0.911249596772	485280008.622	412493.137622	-9923510.33402	302164.862612	6579.00759202	15174131.3796	-7382033.17508	15417675.5884	7654.78590169	593789688.1217847	369524.5442402943	-9032476.437694227	369729.59187259496	5893.68539804094	13811643.212467013	-9032672.063253634	13811646.850399354	6967.461207308479	594471205.044	0.20294084399669038	0.0	0.0	0.0	-0.10886069640086318	0.0	0.0	0.0	-0.09293843815922961	0.202768761845
650	2300.0	nan	nan	1	1	5.0	5.0	5.0	1.23	2.21710873944e-19	-2.72797548575e-18	7.8350547621e-20	0.894903160496	6.97643069836e-17	4.01303034585e-18	4.09249262422e-18	0.909528947647	484193016.219	472258.20188	-9942161.0703	343776.101418	18297.9649451	15065598.7916	-7352004.00571	15311856.8314	19008.5389506	594875322.5324212	422141.32779315516	-9032326.77852168	422360.3240024308	16356.15260272466	13686904.732043987	-9032608.087387713	13686935.553590095	17269.015676779458	595536676.871	0.20701416938432612	0.0	0.0	0.0	-0.11103976712451308	0.0	0.0	0.0	-0.09482845344140284	0.206844054073
660	2350.0	nan	nan	1	1	5.0	5.0	5.0	1.235	4.90961472052e-19	-1.25530282783e-17	-1.12602442426e-18	0.892963960718	-1.61458058744e-16	1.30930117822e-18	2.25952656125e-18	0.907817593728	483064886.062	535053.091195	-9964966.58526	387029.274943	4503.68443264	14958015.835	-7325036.63952	15206831.3802	4825.70941676	595899393.0968381	477233.94256938423	-9035973.68921105	477431.7419950953	4017.0052528348733	13563541.470152933	-9036021.896532211	13563543.904310927	4375.828353114732	596564016.519	0.2110709700799406	0.0	0.0	0.0	-0.11320905645865921	0.0	0.0	0.0	-0.09671180852629144	0.210902786246
670	2400.0	nan	nan	1	1	5.0	5.0	5.0	1.24	-1.02723920678e-18	-3.84595309701e-18	-5.51947844255e-19	0.891037703565	-2.26184001999e-17	3.09855240017e-18	4.60693279078e-19	0.906115532252	481924477.231	598837.639129	-9986491.41355	430458.048543	9557.67661052	14846841.1586	-7297575.3588	15098070.3948	9823.61416919	596896907.337965	532971.3074694686	-9038475.112197215	533152.1639870849	8506.424891541717	13437432.502537794	-9038553.484067077	13437429.10062673	8891.059782976203	597547624.786	0.2151113796169455	0.0	0.0	0.0	-0.11536853639652382	0.0	0.0	0.0	-0.09858846202707698	0.214945024719
680	2450.0	nan	nan	1	1	5.0	5.0	5.0	1.245	7.68470641396e-19	-1.9073276148e-17	4.39398341388e-19	0.889124246822	4.08152354755e-17	-1.56182287562e-18	5.48293691181e-18	0.904422601737	480762202.295	657394.205031	-10009076.5031	469671.614733	14916.8231364	14732269.8884	-7271269.50914	14985730.8698	14513.1007428	597855811.5045884	583828.2600483136	-9041952.130680602	584064.0196472206	13247.55045074145	13308768.203132713	-9042247.315416032	13308747.038399996	13110.776218315466	598492676.492	0.219135529916671	0.0	0.0	0.0	-0.11751829302905513	0.0	0.0	0.0	-0.10045854802703232	0.218970929608
690	2500.0	nan	nan	1	1	5.0	5.0	5.0	1.25	-4.76456032831e-21	9.34277340821e-18	-4.72697324127e-19	0.88722332322	2.46748109073e-17	-1.25043238838e-18	7.74293992909e-19	0.902738833433	479575878.948	707346.299859	-10034246.5441	502201.593051	8504.52740085	14615874.9641	-7246701.68249	14871452.7968	8455.1367537	598773065.601217	626844.6852288848	-9047775.26152735	627022.3349860498	7536.6447844134755	13178981.73465918	-9047848.260092586	13178963.61253965	7623.908463554624	599406314.788	0.22314355131420976	0.0	0.0	0.0	-0.11965855472073399	0.0	0.0	0.0	-0.10232198840204211	0.222980645885
700	2550.0	nan	nan	1	1	5.0	5.0	5.0	1.255	-1.44863809804e-18	9.32456219985e-18	5.15737185759e-19	0.885334682932	6.95578162329e-18	-1.60131578678e-18	6.46921413465e-19	0.901064310167	478376194.583	754946.473613	-10062916.3192	532716.464584	6777.59293004	14500023.8096	-7225078.86302	14757610.7792	6928.34497148	599661674.927111	667600.490001595	-9056755.789510466	667779.1475224941	5993.437308835732	13050210.338634174	-9056894.848740885	13050181.081443343	6235.600738570577	600287539.131	0.22713557258374711	0.0	0.0	0.0	-0.12178953265899956	0.0	0.0	0.0	-0.10417864748701278	0.226974293584
