inc	time	elem	node	ip	grain	1_pos	2_pos	3_pos	1_f	2_f	3_f	4_f	5_f	6_f	7_f	8_f	9_f	1_p	2_p	3_p	4_p	5_p	6_p	7_p	8_p	9_p	1_Cauchy	2_Cauchy	3_Cauchy	4_Cauchy	5_Cauchy	6_Cauchy	7_Cauchy	8_Cauchy	9_Cauchy	Mises(Cauchy)	1_ln(V)	2_ln(V)	3_ln(V)	4_ln(V)	5_ln(V)	6_ln(V)	7_ln(V)	8_ln(V)	9_ln(V)	Mises(ln(V))
0	0.0	nan	nan	1	1	5.0	5.0	5.0	1.0	0.0	0.0	0.0	1.0	0.0	0.0	0.0	1.0	8.05726631982e-06	7.37647622837e-07	-2.29679411652e-08	7.37647622837e-07	8.84484578493e-06	-5.91210594381e-07	-2.29679411651e-08	-5.91210594381e-07	1.04478016447e-05	8.05726631982e-06	7.37647622837e-07	-2.29679411652e-08	7.37647622837e-07	8.84484578493e-06	-5.91210594381e-07	-2.29679411651e-08	-5.91210594381e-07	1.04478016447e-05	2.67109500898e-06	0.0	0.0	0.0	0.0	0.0	0.0	0.0	0.0	0.0	0.0
10	2.5	nan	nan	1	1	5.0	5.0	5.0	1.00025	-1.04730759072e-21	-1.38438627527e-19	-6.76026280306e-23	0.999932919134	8.5706897453e-21	-9.70838620499e-22	-4.63101589582e-22	0.999924825798	55885468.707	558760.375096	-932339.787117	558583.247621	16.3193820949	471829.067729	-932036.69072	471825.2487	17.9696856071	55893419.54734189	558662.7169399541	-932169.2911502023	558662.7174066571	16.316529851193703	471742.7848585515	-932169.2918252989	471742.78475692595	17.96639951016091	55931057.4469	0.0002499687552074404	0.0	0.0	0.0	-6.708311602129492e-05	0.0	0.0	0.0	-7.517702772147768e-05	0.000214116884286
20	5.0	nan	nan	1	1	5.0	5.0	5.0	1.0005	3.86289468653e-21	-9.33546992039e-20	1.44122004571e-21	0.999865812889	-3.37971522628e-20	7.2631627661e-22	-8.2750372998e-22	0.999849622861	111815428.042	1117842.01763	-1865276.795	1117133.4518	-284.451903475	943581.78373	-1864064.26516	943566.505143	-293.057294714	111847253.51488177	1117451.4150888014	-1864594.8272817142	1117451.4159754107	-284.3525087174282	943236.7988367171	-1864594.824562755	943236.7989153885	-292.9501494285717	111922821.668	0.0004998750416509929	0.0	0.0	0.0	-0.0001341961148954101	0.0	0.0	0.0	-0.00015038844677539272	0.000428213609093
30	7.5	nan	nan	1	1	5.0	5.0	5.0	1.00075	1.22133217443e-21	-2.91241987946e-19	1.13140213221e-21	0.999794620072	-4.98072330188e-20	4.07993912445e-22	-2.19127899084e-21	0.999772513094	164586489.099	1604830.7275	-2802549.81787	1603298.70377	-3884.80178707	1490739.98787	-2799812.3317	1490707.13049	-1477.61869889	164657756.28764254	1603992.8938758026	-2801024.7550219432	1603992.9441769582	-3882.773649457244	1489928.772255877	-2801024.6715141563	1489928.8773469406	-1476.814623484488	164775527.542	0.0007497188905459742	0.0	0.0	0.0	-0.00020540102134552213	0.0	0.0	0.0	-0.00022751278507087132	0.000644243695095
40	10.0	nan	nan	1	1	5.0	5.0	5.0	1.001	5.05820944576e-21	-2.45186776716e-19	-1.89203671072e-21	0.999692123155	4.1934748334e-20	1.51219601967e-21	4.39232905266e-22	0.999671011024	188055573.755	1380879.28933	-3903798.82181	1379074.68386	5280.8538235	2336691.24343	-3898616.12167	2336641.83342	4918.65440346	188175397.17388692	1379953.77912118	-3901099.9812413673	1379953.3892353366	5277.314423522969	2335075.802314309	-3901100.203919191	2335075.740070714	4915.25395567745	188350175.033	0.0009995003330834232	0.0	0.0	0.0	-0.0003079242488060039	0.0	0.0	0.0	-0.00032904310474575244	0.000878740602555
50	12.5	nan	nan	1	1	5.0	5.0	5.0	1.00125	4.74687934271e-21	-5.25442289091e-19	-2.54502794967e-21	0.999577664371	-2.45888846261e-19	3.15378118172e-21	-1.1563364578e-20	0.999554049385	197337029.814	599115.199857	-4595543.91501	598114.315035	-3410.81353818	2963329.70011	-4587759.67647	2963259.55013	-4009.50153587	197508486.517003	598634.2020965775	-4591745.914588184	598633.9879446989	-3408.075177221249	2960880.6477977727	-4591745.7613372905	2960880.506487803	-4006.187871849781	197741484.164	0.0012492194004318981	0.0	0.0	0.0	-0.0004224248378097552	0.0	0.0	0.0	-0.0004460500805475027	0.00112238745781
60	15.0	nan	nan	1	1	5.0	5.0	5.0	1.0015	1.76442794536e-21	-1.56680415727e-20	5.49971709771e-21	0.999459881864	4.3097859918e-19	1.61238180902e-21	4.47380634299e-21	0.999434020318	203297407.628	-96833.0276824	-4879060.17131	-96635.7467436	-1813.56668413	3295386.88804	-4868994.96302	3295301.44574	-2974.21051489	203522461.1622254	-96742.7501198153	-4874385.286391285	-96742.72408576541	-1811.875893459226	3292229.404032155	-4874385.019574772	3292229.231748313	-2971.360766907202	203779756.088	0.0014988761237359487	0.0	0.0	0.0	-0.0005402640523443491	0.0	0.0	0.0	-0.0005661399089596573	0.00136813363812
70	17.5	nan	nan	1	1	5.0	5.0	5.0	1.00175	1.67895950857e-20	-3.95601195905e-20	2.965442496e-22	0.99934054612	-1.02217892939e-18	-3.04474843723e-21	-3.41222342436e-21	0.999313019567	207935412.34	-560078.051444	-4982531.67092	-558730.442056	-3491.25852387	3454814.5888	-4970411.16654	3454719.49688	-6315.2541452	208215666.7298476	-559483.9816445477	-4977109.6471104985	-559483.4963691905	-3487.555377057226	3451055.0367900818	-4977110.263788969	3451055.106687626	-6308.381844008583	208486898.508	0.001748470534116803	0.0	0.0	0.0	-0.0006596714153515292	0.0	0.0	0.0	-0.0006872165121850145	0.00161468798284
80	20.0	nan	nan	1	1	5.0	5.0	5.0	1.002	3.65779266871e-21	-1.12057681954e-18	-1.74038800881e-21	0.999220570831	-1.03743668937e-18	9.97228266979e-21	3.32076826788e-20	0.999191460779	211902194.065	-862015.073459	-5021368.14137	-859623.70964	2053.1545272	3529744.236	-5007293.92375	3529641.55838	3711.02913472	212239089.2770212	-860990.6291826277	-5015254.486105491	-860990.3925721681	2050.7144974735343	3525446.674295053	-5015254.829277844	3525446.8276804322	3706.5108536126445	212506888.583	0.001998002662673058	0.0	0.0	0.0	-0.0007797330818433414	0.0	0.0	0.0	-0.0008088662651324961	0.0018616108787
90	22.5	nan	nan	1	1	5.0	5.0	5.0	1.00225	-6.87676602246e-21	1.93019907602e-19	2.68420108773e-22	0.999100380982	-7.17442696589e-19	3.33601941043e-21	-4.29448909583e-21	0.999069360181	215461508.945	-1067380.37743	-5046598.3003	-1064025.66258	-434.78967893	3570882.82664	-5030583.61268	3570772.28775	-2075.76844028	215856401.3114507	-1065976.2029636924	-5039802.847662087	-1065975.781716907	-434.2176986141965	3566074.4857180514	-5039803.538211786	3566074.8177782083	-2072.9733325096117	216130251.497	0.00224747254047937	0.0	0.0	0.0	-0.0009000239180439049	0.0	0.0	0.0	-0.0009310731330967721	0.00210875690655
100	25.0	nan	nan	1	1	5.0	5.0	5.0	1.0025	1.37971658222e-20	4.27181504126e-19	-8.39133372404e-21	0.998980149564	5.3020043877e-19	-1.14341176073e-20	-1.9952045508e-20	0.998946904632	218764065.934	-1213209.62502	-5072910.30926	-1208949.2911	-669.239486915	3600554.49339	-5054931.52536	3600435.52837	-1069.11842569	219218258.06185067	-1211459.9474676745	-5065425.636653792	-1211459.279423009	-668.2743171016069	3595242.1637920095	-5065426.439576559	3595243.0199257317	-1067.5410271345895	219493009.057	0.002496880198587146	0.0	0.0	0.0	-0.0010203708373069385	0.0	0.0	0.0	-0.001053650262532301	0.00235600551428
110	27.5	nan	nan	1	1	5.0	5.0	5.0	1.00275	-1.79012224314e-20	-3.96472423885e-19	5.29395592034e-21	0.998859992808	-2.16182308922e-18	-2.75037553674e-21	-1.46701774106e-20	0.998824105654	221882825.573	-1317193.52463	-5102847.88843	-1312082.86257	-188.790101838	3626626.43317	-5082870.00558	3626497.24841	-95.7218585114	222397578.33653358	-1315127.6275364023	-5094661.491933332	-1315126.8037932508	-188.49400189870946	3620808.309138801	-5094661.911399198	3620809.4204748184	-95.56829385411345	222672701.981	0.0027462256680252286	0.0	0.0	0.0	-0.001140657494478692	0.0	0.0	0.0	-0.0011765862522151386	0.00260331433865
120	30.0	nan	nan	1	1	5.0	5.0	5.0	1.003	-1.0256212415e-20	-5.97797431633e-19	-4.46677530779e-22	0.998739970141	-4.53137397772e-19	-1.9403589219e-20	-2.10605353835e-21	0.998700988864	224862533.485	-1393101.59808	-5135401.73937	-1387184.03863	-201.07016777	3652724.29967	-5113390.96049	3652582.6133	-32.371445322	225439072.31587654	-1390741.3822417315	-5126501.159059034	-1390740.7248037583	-200.7295113561205	3646393.467607966	-5126501.496960818	3646394.347242179	-32.31533975061654	225715223.145	0.002995508979798371	0.0	0.0	0.0	-0.0012608243640925385	0.0	0.0	0.0	-0.001299855582341251	0.00285065503942
130	32.5	nan	nan	1	1	5.0	5.0	5.0	1.00325	3.30102967052e-20	8.2733819046e-19	-2.34919293965e-22	0.998620110761	-4.76511784804e-18	4.45105887615e-21	-2.62292768386e-20	0.998577581816	227731181.898	-1450675.31274	-5170345.04176	-1443980.0566	-177.338761086	3680393.39411	-5146265.56161	3680237.38146	-21.4625611668	228370698.56043565	-1448035.603267111	-5160717.073185313	-1448035.0538064612	-177.0160680592334	3673539.9420376956	-5160717.3487940775	3673540.667596461	-21.4225946147079	228647972.655	0.0032447301648890294	0.0	0.0	0.0	-0.001380842162875998	0.0	0.0	0.0	-0.0014234307810831255	0.00309800867108
140	35.0	nan	nan	1	1	5.0	5.0	5.0	1.0035	-5.64116498246e-20	-3.53423670061e-19	-5.38494578772e-21	0.998500407099	-3.36818019264e-18	8.13532132446e-22	2.12999317925e-19	0.998453932685	230508869.073	-1494265.23466	-5207164.58325	-1486820.089	-153.716085449	3709683.5526	-5180980.73739	3709511.52885	-14.4573039879	231212527.81072155	-1491359.2890964374	-5196796.151112415	-1491358.8035026223	-153.41714884378496	3702296.883415243	-5196796.3647040045	3702297.522714938	-14.428516809600074	231491004.939	0.003493889254255838	0.0	0.0	0.0	-0.001500718415784624	0.0	0.0	0.0	-0.0015472637103685124	0.00334536148038
150	37.5	nan	nan	1	1	5.0	5.0	5.0	1.00375	-4.30100831303e-20	2.51509931434e-18	5.58595067657e-21	0.998380852973	1.8192646433e-18	1.17583724074e-20	-3.77228480524e-20	0.998330075196	233209568.763	-1528084.98796	-5245333.29881	-1519910.72126	-138.739670815	3740583.74307	-5217010.35249	3740394.02215	-7.56674377253	233978508.23983666	-1524922.5837154684	-5234211.744247399	-1524922.1766691552	-138.4525461279979	3732652.6729502105	-5234211.898860389	3732653.197506693	-7.550700186940227	234258279.808	0.003742986278834297	0.0	0.0	0.0	-0.0016204592622063544	0.0	0.0	0.0	-0.0016713206826501777	0.00359270417587
160	40.0	nan	nan	1	1	5.0	5.0	5.0	1.004	-5.70787709886e-20	1.74784297408e-18	-1.96868985788e-21	0.998261442238	1.31489498711e-18	-2.88512325852e-20	-9.3245175321e-20	0.998206035978	235843382.006	-1554481.43095	-5284595.70191	-1545596.18612	-123.995433451	3772475.06411	-5254098.97416	3772266.14574	-0.584931125017	236678716.54838273	-1551070.8431267883	-5272708.443958941	-1551070.5389377873	-123.72338303788499	3763989.1956102005	-5272708.486646136	3763989.6589795807	-0.5836153711622424	236959846.729	0.003992021269537457	0.0	0.0	0.0	-0.0017400708074782353	0.0	0.0	0.0	-0.0017955751025584214	0.00384002986309
170	42.5	nan	nan	1	1	5.0	5.0	5.0	1.00425	2.71273881887e-20	3.08556773251e-18	-4.41383574858e-21	0.998142163461	-4.114346736e-19	8.3752037021e-21	-1.01929330982e-21	0.998081841289	238417547.364	-1575196.45947	-5324058.19305	-1565615.95945	-120.087167309	3805995.14673	-5291357.5781	3805765.53781	6.47725643382	239320367.08521724	-1571544.6782083306	-5311394.407158296	-1571544.503635072	-119.80876897671132	3796942.2202037703	-5311394.450496089	3796942.623567317	6.461849654692212	239602916.37	0.004240994257254614	0.0	0.0	0.0	-0.0018595644577612937	0.0	0.0	0.0	-0.0019200007333241857	0.00408733350875
180	45.0	nan	nan	1	1	5.0	5.0	5.0	1.0045	-4.13904634909e-20	2.99589597743e-18	-1.82227888945e-20	0.998023012509	3.75973771612e-18	2.08089690797e-20	7.5535031611e-20	0.997957507117	240937931.157	-1591183.17486	-5363570.44258	-1580923.14053	-104.823159782	3840740.28791	-5328636.59485	3840488.49497	3.54218235505	241909304.03121322	-1587296.9704507685	-5350119.620889894	-1587296.8395468064	-104.56714637499977	3831108.4366415692	-5350119.692259865	3831108.730554085	3.5332992306908215	242193306.828	0.004489905272852001	0.0	0.0	0.0	-0.001978944310266556	0.0	0.0	0.0	-0.0020445816162214052	0.0043346111472
190	47.5	nan	nan	1	1	5.0	5.0	5.0	1.00475	-4.23996238382e-20	1.14525513273e-18	-2.60396456832e-20	0.997903980202	2.20611137319e-18	2.01997505585e-20	6.66234012817e-20	0.997833052206	243409380.81	-1602913.33792	-5403480.92123	-1591991.50703	-94.8421352654	3876517.96688	-5366282.1574	3876242.6835	9.95492565442	244450354.4638614	-1598800.0104777222	-5389231.6627902035	-1598799.8773995992	-94.59875544663113	3866295.3886638796	-5389231.800205263	3866295.6358176474	9.928674001001431	244735859.975	0.00473875434717347	0.0	0.0	0.0	-0.0020982195218102935	0.0	0.0	0.0	-0.002169299022644359	0.00458185952888
200	50.0	nan	nan	1	1	5.0	5.0	5.0	1.005	-1.71218114992e-20	2.70280644766e-18	2.15149677325e-20	0.997785061435	4.82932360718e-18	-4.59002521906e-21	-2.79593250898e-20	0.997708488908	245835549.084	-1611381.39211	-5443354.11858	-1599813.07531	-80.4887929245	3913233.06952	-5403861.45788	3912932.98313	8.00840788544	246947150.59191865	-1607047.1356002765	-5428296.09717384	-1607046.9950320614	-80.27229602536035	3902407.8419039994	-5428296.250030871	3902408.066224987	7.986254122384781	247234193.425	0.004987541511038968	0.0	0.0	0.0	-0.0022173951695787356	0.0	0.0	0.0	-0.0022941406213737746	0.00482907621977
210	100.0	nan	nan	1	1	5.0	5.0	5.0	1.01	1.70584494643e-19	-1.870058496e-18	3.34214054696e-20	0.995420583745	7.1397432828e-18	-3.22625254314e-20	2.81293520647e-19	0.995208956227	287087912.507	-1588750.93479	-6147616.36273	-1565814.64853	-1507.51300897	4629781.97787	-6057588.14588	4628796.5115	2639.11920698	289797086.31926656	-1580593.4197763156	-6114750.863489639	-1580590.8333007796	-1499.7726138364637	4605030.905731017	-6114752.026542911	4605029.742139867	2625.010328810885	290112580.638	0.009950330853168092	0.0	0.0	0.0	-0.0045899339036960425	0.0	0.0	0.0	-0.004802557613480288	0.00976515603961
220	150.0	nan	nan	1	1	5.0	5.0	5.0	1.015	2.45313645542e-19	-5.9979858833e-18	2.68668262957e-20	0.99307359695	5.31617068287e-18	3.78517848304e-21	-1.81187295735e-19	0.992711418043	319318861.234	-1485380.07847	-6667340.03875	-1453303.34179	8261.77860083	5226022.7218	-6520933.71286	5224109.75931	7932.64801005	323906840.10821474	-1474173.2815200952	-6614623.468114893	-1474184.4291275626	8199.445682429816	5184702.196020112	-6614626.600273976	5184695.243008618	7869.927045360211	324235807.491	0.014888612493750559	0.0	0.0	0.0	-0.006950501923079496	0.0	0.0	0.0	-0.007315273444952797	0.0146825105903
230	200.0	nan	nan	1	1	5.0	5.0	5.0	1.02	-6.95228761239e-20	1.89204495668e-18	1.7344323084e-20	0.990741612308	2.81565828504e-18	-9.2842751953e-20	-1.66016803301e-19	0.99022303669	345197531.539	-1358042.10374	-7029445.70053	-1319103.33815	8662.52617026	5720267.83342	-6824238.05782	5717263.69108	5619.42061853	351863526.97444606	-1344559.5364520808	-6956014.91476438	-1344576.1067175707	8576.52508704452	5660512.942395497	-6956018.663379418	5660503.01171264	5560.7191946702105	352206861.715	0.01980262729617973	0.0	0.0	0.0	-0.0093015129499533	0.0	0.0	0.0	-0.009825071641530691	0.0195796131928
240	250.0	nan	nan	1	1	5.0	5.0	5.0	1.025	-2.46473352761e-19	-8.89938971064e-18	-9.3239798647e-20	0.988425015908	-2.74270062414e-17	-9.05928206868e-21	-2.09495070658e-19	0.987745909063	366263968.533	-1212432.0618	-7261375.06724	-1169191.81901	8623.49507798	6131701.19661	-6997456.98469	6127475.15326	5926.22643506	375150240.1009489	-1197535.2540003443	-7167228.919004123	-1197558.6716391605	8517.540647389122	6052201.646669582	-7167228.811550425	6052188.609352739	5849.390933895534	375500479.373	0.024692612590371414	0.0	0.0	0.0	-0.011642495689782864	0.0	0.0	0.0	-0.012329791371701919	0.0244557235483
250	300.0	nan	nan	1	1	5.0	5.0	5.0	1.03	1.36327636755e-19	5.42090374254e-18	-5.94246552058e-20	0.986124423661	7.17208604475e-18	5.06763930474e-20	4.61537003303e-19	0.985280932776	383583142.748	-1053861.67529	-7390972.05644	-1008957.40742	-7573.03231283	6479610.25822	-7070069.26156	6474063.91144	-7874.99273925	394791432.603233	-1038451.7156503707	-7276669.001899392	-1038439.1176769524	-7462.296601468019	6379401.620020393	-7276656.50888384	6379397.727140036	-7753.204195374085	395158774.487	0.02955880224154443	0.0	0.0	0.0	-0.013972742015273255	0.0	0.0	0.0	-0.014828467534854917	0.0293104354938
260	350.0	nan	nan	1	1	5.0	5.0	5.0	1.035	-6.15764828513e-19	-1.86026651802e-17	-5.29130894238e-20	0.983840334769	-2.71275536248e-19	4.46148135187e-20	-9.57643538765e-20	0.982828846897	397955566.308	-889774.376117	-7442144.90955	-845847.37847	6636.16384167	6777103.85467	-7067016.1029	6770120.86328	6668.58450561	411558963.95261496	-874705.0824432626	-7308582.418677257	-874761.1548062181	6523.7732126730425	6655476.705140642	-7308589.379787503	6655461.526897797	6548.9049282852275	411911189.748	0.03440142671733232	0.0	0.0	0.0	-0.01629165650930912	0.0	0.0	0.0	-0.017320287018818072	0.0341434309268
270	400.0	nan	nan	1	1	5.0	5.0	5.0	1.04	-4.70012295859e-19	-3.41949847785e-18	2.06543690232e-19	0.981573173162	2.43893376431e-17	5.57188860616e-21	-5.93220848099e-19	0.980389750815	409959494.835	-712120.511894	-7423644.0371	-672170.096485	6838.93265332	7037097.27504	-6998147.34865	7028596.33106	7882.01739479	426009718.2761541	-698427.6007244262	-7272121.388003973	-698486.0627572008	6707.431178847059	6893464.361644408	-7272130.09581179	6893447.934685309	7721.138970405562	426357605.285	0.03922071315328133	0.0	0.0	0.0	-0.01859871566346231	0.0	0.0	0.0	-0.019805081467891172	0.0389546348628
280	450.0	nan	nan	1	1	5.0	5.0	5.0	1.045	-7.4167081673e-20	7.1210771251e-18	-8.52988647665e-20	0.979323543901	7.73524979637e-17	-2.19619761355e-19	2.64409937164e-19	0.977963528213	420053658.826	-515777.018086	-7343994.27017	-483425.394889	6733.00823823	7270933.34525	-6872891.98984	7260819.34223	7792.1778395	438587164.5957229	-504688.06887521537	-7176122.494806249	-504754.97304443567	6588.251911811453	7104731.6239092825	-7176136.06514312	7104715.339741757	7614.0613160190205	438929559.337	0.04401688541677426	0.0	0.0	0.0	-0.020893206983062917	0.0	0.0	0.0	-0.02228290185843807	0.0437439853388
290	500.0	nan	nan	1	1	5.0	5.0	5.0	1.05	2.53370384709e-19	-1.60889838602e-17	6.64920863595e-20	0.977091501417	6.45280154781e-17	4.85720455691e-21	9.85003364706e-19	0.975550317036	428579032.313	-300757.538427	-7217797.86502	-279845.552284	-8422.35484303	7482203.26311	-6706007.81807	7470403.34613	-7204.2224838	449620402.06892365	-293614.5331315468	-7035260.459037858	-293584.75391591276	-8222.323530236486	7292979.070327006	-7035243.686947213	7292980.924934287	-7022.028397888523	449970738.8	0.04879016416943205	0.0	0.0	0.0	-0.023174975831408595	0.0	0.0	0.0	-0.024753539484476526	0.0485115097126
300	550.0	nan	nan	1	1	5.0	5.0	5.0	1.055	-3.82953190749e-19	4.65352622032e-18	1.86876643988e-20	0.974877593753	-7.12378531443e-18	1.1032604138e-19	3.49824607216e-19	0.973149859853	435825975.409	-81446.7515282	-7061993.68747	-75211.6780593	403.07574123	7674976.9411	-6514053.28221	7661377.23655	6334.67395902	459391862.0254741	-79330.75421771761	-6866331.652314565	-79278.50743016729	392.60378049044255	7462331.380295958	-6866279.74351298	7462333.648893625	6159.163295357538	459724253.93	0.05354076692802976	0.0	0.0	0.0	-0.0254433607344243	0.0	0.0	0.0	-0.027217190307333154	0.0532572093206
310	600.0	nan	nan	1	1	5.0	5.0	5.0	1.06	-6.13413981212e-19	2.78789644932e-17	3.50354002808e-19	0.972681716847	7.49201303591e-18	2.02983504876e-19	-1.11937389213e-18	0.970762060661	441988348.666	145569.398525	-6875741.01623	133589.59379	-8714.2241025	7844048.52889	-6296854.65627	7828575.74977	-9641.21746504	468087747.59504616	141465.7894195939	-6668726.281342433	141478.05535605203	-8468.569660454366	7607880.002062076	-6668683.737665998	7607887.782005944	-9350.939795650276	468424588.634	0.058268908123975824	0.0	0.0	0.0	-0.027698365575159867	0.0	0.0	0.0	-0.029673886382639895	0.0579812420536
320	650.0	nan	nan	1	1	5.0	5.0	5.0	1.065	-2.16324273795e-19	2.01319482181e-17	9.69323329014e-20	0.970503834455	2.30046273715e-17	1.1765817033e-20	1.16052778197e-18	0.968387125857	447257327.401	377490.169779	-6671798.7689	343938.509529	4603.44908447	7991457.13987	-6066559.44526	7974025.90815	3029.15836233	475895065.40866023	366021.86685265217	-6454997.4565764265	365960.77797091147	4463.594452924075	7731773.289185299	-6454999.230049681	7731771.799358909	2930.7253113737456	476211442.697	0.06297479916138839	0.0	0.0	0.0	-0.029939925371088794	0.0	0.0	0.0	-0.03212334824761867	0.0626836342473
330	700.0	nan	nan	1	1	5.0	5.0	5.0	1.07	4.87315259912e-19	1.14034656025e-17	-9.86528685755e-20	0.968343844963	-4.32013636839e-17	3.10119937813e-19	-1.08387460896e-18	0.966024851969	451750035.575	610811.962451	-6461234.64671	552817.99113	-867.694873929	8118268.42798	-5833341.46992	8098836.36926	1904.32496174	482925679.7625813	590929.2086974111	-6235943.032436716	590968.4186557574	-839.4502347078881	7835199.030372726	-6235905.19713568	7835208.314933009	1837.9245803593544	483237632.176	0.06765864847381486	0.0	0.0	0.0	-0.03216804303967743	0.0	0.0	0.0	-0.03456571842456086	0.0673645775258
340	750.0	nan	nan	1	1	5.0	5.0	5.0	1.075	-2.68205041814e-20	9.38360304325e-18	1.41878018665e-19	0.966201949937	9.3581543354e-17	2.37486862586e-19	1.06145305128e-18	0.963674959428	455592947.79	837842.609957	-6251546.77817	753087.925102	1457.74828764	8220428.5083	-5604116.31767	8198938.93739	3770.76932897	489303710.45744205	808766.9672782812	-6018816.617131886	808811.2817386173	1407.1600651951358	7914401.581137025	-6018782.6026994875	7914411.251575097	3630.3925895311863	489606178.41	0.07232066157962608	0.0	0.0	0.0	-0.03438240871338028	0.0	0.0	0.0	-0.037001220245814294	0.0720241891923
350	800.0	nan	nan	1	1	5.0	5.0	5.0	1.08	2.3726186946e-19	6.06646452661e-17	2.77985625377e-19	0.964078078388	3.11889244057e-17	5.39189410487e-20	6.54809407787e-19	0.961337281769	458870550.731	1063177.79999	-6043092.25764	949101.588957	-5570.06008694	8306976.02586	-5379065.87897	8283377.67596	-1557.29076431	495110564.9739514	1024015.0960005907	-5803944.638454045	1024058.3606369789	-5364.8840435817	7978238.112466793	-5803885.958962283	7978255.176262251	-1495.6629812500596	495411977.865	0.0769610411361284	0.0	0.0	0.0	-0.036582993473019375	0.0	0.0	0.0	-0.03942996200453524	0.0766626356002
360	850.0	nan	nan	1	1	5.0	5.0	5.0	1.085	2.7511365429e-19	-1.11688308587e-17	7.66564817265e-20	0.961971571705	2.00871812033e-17	-5.67776772456e-20	-5.37634310935e-19	0.959012342966	461667795.274	1288490.71264	-5835130.96519	1142433.08744	-3208.65335142	8378039.14366	-5157527.40354	8352281.09793	181.328601433	500429779.443886	1238304.2331186517	-5590602.724406979	1238352.6506060236	-3083.6768854411152	8026947.251253133	-5590557.382278545	8026961.26429382	173.72980644851796	500722558.41	0.08157998699242285	0.0	0.0	0.0	-0.03877037999528037	0.0	0.0	0.0	-0.0418513335183338	0.0812800289694
370	900.0	nan	nan	1	1	5.0	5.0	5.0	1.09	-4.05119976804e-19	-6.15408479105e-17	-6.50997759524e-19	0.959882538401	2.31501780721e-17	3.28489964857e-20	7.52128861215e-19	0.956699755651	464040286.614	1504519.47918	-5626216.76827	1324964.29916	-341.978814219	8434636.09321	-4938127.63621	8406666.17009	1788.55104863	505314699.5440874	1442765.185223547	-5377394.163747562	1442814.2470604149	-327.9420001313807	8061609.562709505	-5377353.11950936	8061607.338319704	1709.4513714275054	505598862.185	0.08617769624105241	0.0	0.0	0.0	-0.040944357838632046	0.0	0.0	0.0	-0.04426567170622178	0.0858765522269
380	950.0	nan	nan	1	1	5.0	5.0	5.0	1.095	1.29032234624e-18	-1.36469051552e-17	-4.96573065328e-20	0.957811290767	-4.393015778e-17	-5.06261004662e-19	-4.03083458136e-19	0.954398973405	466040945.546	1707377.20854	-5410073.86122	1493489.02818	5367.85744667	8481435.06181	-4715377.32391	8451214.32301	6676.69429891	509816819.1189931	1633749.2345691202	-5158330.007384757	1633774.527780607	5136.376982724127	8086773.324598169	-5158299.267900581	8086768.912186577	6366.011525106173	510089545.81	0.09075436326846412	0.0	0.0	0.0	-0.04310450291278922	0.0	0.0	0.0	-0.04667348384339286	0.0904523776999
390	1000.0	nan	nan	1	1	5.0	5.0	5.0	1.1	1.12650088029e-18	-3.9251242078e-18	-3.58771392721e-19	0.955757803294	1.21964030057e-17	2.12525860422e-19	1.43325584737e-19	0.952109722699	467710168.653	1906735.06653	-5193771.60127	1656732.88191	3631.57951636	8524473.3224	-4495465.90126	8491933.9903	5409.17080703	513974957.82434905	1820583.776955367	-4940174.728719092	1820612.9996238274	3467.495232172365	8108247.90074771	-4940146.808557285	8108246.147615909	5145.0566131326295	514243348.003	0.09531017980432493	0.0	0.0	0.0	-0.04525074186243454	0.0	0.0	0.0	-0.04907499589618771	0.095007691596
400	1050.0	nan	nan	1	1	5.0	5.0	5.0	1.105	4.9247024949e-20	-2.07521483891e-17	2.48657109578e-19	0.953721890709	8.90560462877e-17	-4.82676431037e-19	-1.46536534439e-18	0.949831949677	469090247.892	2095527.24277	-4982740.75959	1808694.66903	1519.24162082	8569794.12482	-4283016.49147	8534851.14215	3622.17574968	517830801.28865504	1996568.7037934726	-4728073.9801257495	1996626.052149264	1447.4974181780206	8131793.840290016	-4728040.865648229	8131803.936572817	3437.047147304052	518096140.353	0.09984533496971612	0.0	0.0	0.0	-0.047383169206780464	0.0	0.0	0.0	-0.05147020511217186	0.0995426530296
410	1100.0	nan	nan	1	1	5.0	5.0	5.0	1.11	1.75088327642e-18	-5.82629230489e-17	-2.06411341334e-19	0.951703047332	9.01062920757e-17	1.79570984818e-19	-9.3571311957e-19	0.947565925197	470222323.753	2273575.07845	-4760992.35452	1949363.93862	8285.61161929	8608757.10562	-4064294.42776	8571328.80303	8771.89305837	521425598.7331948	2161607.7382854433	-4506849.393194277	2161633.3540509567	7877.567960015222	8149219.50059129	-4506862.07007037	8149214.355678915	8303.647215427138	521680361.951	0.10436001532424286	0.0	0.0	0.0	-0.04950221792094407	0.0	0.0	0.0	-0.05385876640166855	0.10405740854
420	1150.0	nan	nan	1	1	5.0	5.0	5.0	1.115	-6.80365979992e-19	5.16087380944e-17	2.8576774058e-19	0.94970094843	1.30046513565e-16	-1.44524996625e-19	1.98611855338e-19	0.945311637772	471129754.039	2441173.75448	-4541612.93532	2079325.43671	4693.00337326	8637529.08889	-3850427.90265	8597611.23981	5944.7401649	524781669.1783116	2316054.7424719688	-4288924.281290557	2316117.511336945	4452.469923179965	8156949.69326654	-4288911.8432459375	8156952.469831	5613.983578590979	525034667.821	0.10885440491208208	0.0	0.0	0.0	-0.05160813507099309	0.0	0.0	0.0	-0.05624063043225049	0.108552145633
430	1200.0	nan	nan	1	1	5.0	5.0	5.0	1.12	-2.57807712387e-18	-2.36901615759e-17	-2.10858264307e-19	0.947715169374	4.9303810898e-17	-2.0604076442e-19	1.93590207276e-18	0.943069309854	471838621.231	2598584.443	-4335223.09791	2198863.243	11483.6327708	8657028.0378	-3650393.96491	8614586.98817	11354.6282074	527924773.33181953	2460227.1084499536	-4084280.84084058	2460236.036041081	10872.20572043097	8155920.227139437	-4084306.20085565	8155917.539446331	10697.371137533712	528167529.215	0.11332868530700327	0.0	0.0	0.0	-0.053701276119370873	0.0	0.0	0.0	-0.0586154997346694	0.113026998129
440	1250.0	nan	nan	1	1	5.0	5.0	5.0	1.125	1.05024144526e-18	-6.87195712525e-17	-5.87046772006e-19	0.945745576417	-2.13204131981e-17	3.33201585626e-19	7.56312740753e-19	0.940838721483	472362246.658	2755224.24768	-4143641.30824	2316231.90717	6920.50356728	8671499.56951	-3465328.24751	8626500.32181	7307.79761795	530866937.0166172	2603090.3748302544	-3894532.3248454044	2603110.106023691	6538.377498722122	8150183.103731057	-3894528.416545373	8150175.062912614	6868.464697930874	531109870.331	0.11778303565638346	0.0	0.0	0.0	-0.055781692807983244	0.0	0.0	0.0	-0.06098354464583993	0.117482163622
450	1300.0	nan	nan	1	1	5.0	5.0	5.0	1.13	-5.8349982154e-19	1.09481655411e-17	-5.48453833347e-20	0.94379196278	-3.51986890424e-17	3.24095981443e-19	1.13801523442e-18	0.938619763295	472710192.479	2907536.23406	-3959622.52991	2428321.75202	-13541.3000023	8672479.70016	-3289043.75473	8624928.07495	-14112.2845297	533616189.9142454	2741302.725253465	-3712778.7400436252	2741197.08399637	-12767.098880809544	8131835.297680719	-3712818.180746623	8131812.274600753	-13232.52142837656	533874882.131	0.12221763272424911	0.0	0.0	0.0	-0.05784951553454408	0.0	0.0	0.0	-0.06334481970137092	0.121917822961
460	1350.0	nan	nan	1	1	5.0	5.0	5.0	1.135	8.30820207248e-19	4.13533131553e-17	1.36054667153e-20	0.941854244493	-7.65249103783e-17	4.45856967611e-19	1.99513399488e-18	0.936412531629	472936701.709	3052046.8311	-3776259.98487	2532843.08618	967.714680525	8664681.76651	-3115467.76801	8614652.49281	2181.93380153	536231227.91386044	2871627.5724590593	-3532501.263023436	2871821.013906283	910.5090166212875	8105373.943141368	-3532420.090741849	8105404.338304473	2041.0893160481517	536471447.786	0.126632650933366	0.0	0.0	0.0	-0.05990474621525008	0.0	0.0	0.0	-0.06569916068154294	0.126334038286
470	1400.0	nan	nan	1	1	5.0	5.0	5.0	1.14	-5.92261318588e-20	-1.00873947782e-16	-1.86029611041e-19	0.93993202312	1.95604934698e-16	4.43845264361e-19	6.85888237762e-19	0.9342167506	472998191.224	3185864.58006	-3599428.65578	2626698.0092	-21482.2233987	8649211.73263	-2949742.13233	8596608.55038	-21161.1768974	538660815.0745758	2991402.2103429087	-3359172.238031786	2991341.8631243277	-20170.967391443774	8071889.933546529	-3359231.664605303	8071879.131339342	-19748.70035100659	538918491.842	0.131028262406404	0.0	0.0	0.0	-0.06194772216278967	0.0	0.0	0.0	-0.06804680065312604	0.130731115153
480	1450.0	nan	nan	1	1	5.0	5.0	5.0	1.145	-3.59380197652e-19	-3.22816961693e-17	-1.16731728043e-19	0.938025211739	9.20793535831e-17	4.61103560662e-19	-2.81685107949e-18	0.932032702179	472972388.83	3314650.43503	-3426724.87209	2715464.46907	12661.2235407	8627430.23016	-2789427.8708	8572307.55352	11325.7592474	540991107.2572523	3105997.4643220333	-3190503.5990494494	3105978.6248281873	11864.215845214867	8032698.342392793	-3190578.790807026	8032691.846849533	10545.018053567315	541213735.763	0.13540463700620298	0.0	0.0	0.0	-0.06397845215055672	0.0	0.0	0.0	-0.0703873767372285	0.135109045241
490	1500.0	nan	nan	1	1	5.0	5.0	5.0	1.15	1.86222840432e-18	6.9234143768e-17	-1.67236067524e-19	0.936133462127	1.91162743198e-16	-1.72688842121e-19	2.08529089138e-18	0.929860012718	472816292.197	3439884.10306	-3255754.02661	2800286.98243	3760.51791852	8605737.49101	-2632449.04551	8548098.17644	4475.38127691	543171646.3875701	3216832.1327582533	-3024238.073371702	3216971.4024372934	3516.6751302327157	7993785.389510411	-3024159.0775922225	7993814.926346895	4157.137897969166	543398062.641	0.13976194237515863	0.0	0.0	0.0	-0.06599722492668887	0.0	0.0	0.0	-0.07272122812384282	0.139468152393
500	1550.0	nan	nan	1	1	5.0	5.0	5.0	1.155	-5.60444643507e-19	-6.9007033059e-17	-1.95664610816e-19	0.934256684674	4.83964169271e-17	-2.87461806474e-19	-1.54471016311e-19	0.927698729186	472561682.728	3555873.55082	-3091595.81253	2876407.10087	7623.36628362	8577915.13097	-2483109.96741	8517733.1417	8184.77319013	545237011.4736152	3318618.752102539	-2865065.2171986513	3318770.16013283	7114.7204593748775	7949385.290993847	-2864987.8042910453	7949413.421332818	7585.050051711424	545456349.359	0.14410034397375687	0.0	0.0	0.0	-0.06800405551878054	0.0	0.0	0.0	-0.07504824417832849	0.143808515099
510	1600.0	nan	nan	1	1	5.0	5.0	5.0	1.16	6.24594154371e-19	-5.92091911999e-17	-6.14257705437e-19	0.932394604238	1.19412807352e-16	-4.27275182331e-19	-8.1225496558e-19	0.925548802587	472212955.32	3661207.65891	-2942541.78588	2942940.42187	9275.4482071	8545561.15366	-2347734.64611	8482829.38566	9855.84068899	547190845.5078548	3410099.4893391	-2720601.279560091	3410219.985665192	8639.280844245674	7901014.259429968	-2720507.541269072	7901024.703089909	9112.466276018446	547405222.88	0.14842000511827322	0.0	0.0	0.0	-0.06999915879781143	0.0	0.0	0.0	-0.07736841730857469	0.148130309629
520	1650.0	nan	nan	1	1	5.0	5.0	5.0	1.165	-3.25856221787e-19	-7.12381707816e-17	1.94552880072e-19	0.930546935194	-2.36300532766e-16	4.39557160066e-19	2.5936744415e-19	0.923410119457	471762644.902	3758181.3189	-2800005.03604	3001975.34361	-21211.7987156	8518206.19488	-2219255.31676	8452904.23021	-21918.0338499	549023124.3799654	3493471.257818899	-2582822.755388365	3493608.280076427	-19717.73122465669	7857491.865922451	-2582702.341889596	7857518.163061299	-20217.962415152404	549263292.716	0.15272108701766393	0.0	0.0	0.0	-0.0719827633401165	0.0	0.0	0.0	-0.07968181005983163	0.152433739526
530	1700.0	nan	nan	1	1	5.0	5.0	5.0	1.17	2.86586980259e-18	-4.75655586695e-17	-4.28916308666e-19	0.928713741202	1.17595632994e-16	1.30093672786e-18	-1.87386187245e-19	0.921282644127	471252216.558	3842252.50018	-2657422.83112	3049998.98117	-20424.136673	8492800.01783	-2092439.53321	8424873.75461	-20916.1198719	550780612.7944072	3564570.022907803	-2445642.2515296983	3564715.9819021807	-18948.068958230422	7815975.054539338	-2445559.0612480543	7816001.793494478	-19249.231209178502	551016927.217	0.1570037488096647	0.0	0.0	0.0	-0.07395472414079798	0.0	0.0	0.0	-0.08198840150448129	0.15671885947
540	1750.0	nan	nan	1	1	5.0	5.0	5.0	1.175	-4.21941521741e-19	-6.09320562146e-17	-4.34104385468e-21	0.92689481158	1.07580615692e-16	-3.41248398625e-19	1.12513106919e-18	0.919166289678	470685367.009	3917428.46839	-2519461.5197	3090453.2559	894.019748434	8468928.54609	-1970825.51408	8398372.33676	1739.41538967	552466765.4697561	3627180.1007775026	-2313339.7049686466	3627418.3006201303	827.7804348928433	7776069.811356043	-2313255.6764787366	7776123.869170657	1597.1105940273621	552679940.166	0.16126814759612232	0.0	0.0	0.0	-0.07591519172093589	0.0	0.0	0.0	-0.08428822666446822	0.160985835887
550	1800.0	nan	nan	1	1	5.0	5.0	5.0	1.18	2.04055530949e-18	7.09390093325e-18	-4.71691472502e-19	0.925089767606	1.44746687647e-16	-5.36065976494e-19	-1.83791591175e-18	0.917060957129	470036150.15	3986608.08752	-2382696.73493	3125560.94928	-2684.0028768	8446654.81421	-1851634.38078	8373396.24021	-2550.19981165	554050280.4135971	3684031.4745036676	-2182744.4123099633	3684222.8408298795	-2480.291731394106	7737824.259439198	-2182594.993102609	7737870.043958656	-2336.190883023359	554264391.028	0.16551443847757333	0.0	0.0	0.0	-0.07786450011783509	0.0	0.0	0.0	-0.08658133442137309	0.165234896547
560	1850.0	nan	nan	1	1	5.0	5.0	5.0	1.185	-1.77114589271e-18	4.94124081319e-17	2.19699170694e-19	0.923298317805	-3.53120624172e-17	-3.29284058245e-19	5.40536060524e-18	0.914966836857	469330294.478	4052008.89491	-2247793.1847	3157109.53364	1017.48109409	8428359.09004	-1735587.61115	8352331.95214	496.250079567	555560283.0720549	3737202.9796179454	-2054451.7944452742	3737164.8215236603	938.4316459209875	7703403.308909327	-2054466.8773603828	7703428.266780517	453.5656898506903	555768877.029	0.16974277458709455	0.0	0.0	0.0	-0.0798028921428296	0.0	0.0	0.0	-0.08886745823557192	0.169466128155
570	1900.0	nan	nan	1	1	5.0	5.0	5.0	1.19	-1.09477684944e-18	-1.00187692276e-16	1.16043513774e-19	0.921520596046	-9.46446160249e-17	7.23577895192e-19	1.20990715581e-18	0.912883493127	468568797.61	4112994.08651	-2111859.3094	3185131.42807	-5343.32572574	8411956.92321	-1619901.66166	8333190.33073	-6321.76771749	556997139.5070623	3786132.160030456	-1925807.948499549	3786229.692284512	-4918.68865994694	7670877.237440667	-1925609.636043979	7670947.062703726	-5764.830291828944	557209496.849	0.17395330712343798	0.0	0.0	0.0	-0.08173015155664695	0.0	0.0	0.0	-0.09114701537214831	0.173679711189
580	1950.0	nan	nan	1	1	5.0	5.0	5.0	1.195	6.09122568194e-19	-1.52569797921e-16	-8.04681299892e-20	0.91975655361	-2.17977801222e-16	2.80367905541e-19	2.73409000484e-18	0.910810839364	467761175.375	4172199.44503	-1977523.27584	3211251.28651	8782.73701504	8398598.40945	-1507237.21082	8316945.68514	9249.3697883	558371303.8486873	3833266.072202205	-1799205.6557535965	3833303.536568365	8069.261372661343	7641278.331991782	-1799204.4892142245	7641309.13184723	8415.333785741142	558568053.373	0.17814618538347404	0.0	0.0	0.0	-0.08364625959725197	0.0	0.0	0.0	-0.09342004393671059	0.177875754401
590	2000.0	nan	nan	1	1	5.0	5.0	5.0	1.2	1.17711109889e-19	4.54782577293e-17	-1.22830365264e-18	0.918005842452	-6.16411022008e-18	-3.88470485435e-19	5.75941375975e-18	0.908748804959	466894378.219	4231465.15718	-1846278.62402	3236949.44352	4069.93778884	8383331.82488	-1398293.02295	8298763.15025	4329.04241626	559666544.6987134	3880303.275310232	-1675986.6319664675	3880133.0556383627	3732.1807803491993	7610093.020112726	-1676134.605895108	7610063.331916767	3929.752056095445	559865777.511	0.1823215567939546	0.0	0.0	0.0	-0.08555152405510119	0.0	0.0	0.0	-0.09568656517351191	0.18205446217
600	2050.0	nan	nan	1	1	5.0	5.0	5.0	1.205	-2.84302638279e-18	-2.1012769839e-17	6.19604600917e-19	0.916268327322	-1.26490156401e-16	-7.6423547666e-19	-2.27020711732e-18	0.906697482449	466001216.661	4289468.61152	-1726735.81832	3261839.65184	18417.0391232	8364852.50342	-1299142.22731	8277555.72741	19274.7948099	560921344.2542132	3926033.8290544515	-1563925.915704593	3926246.148800905	16856.614461406665	7576150.0238484135	-1563765.4548233813	7576221.380992744	17457.41925503081	561105412.196	0.18647956694261839	0.0	0.0	0.0	-0.08744602344708095	0.0	0.0	0.0	-0.09794642094256178	0.186215902175
610	2100.0	nan	nan	1	1	5.0	5.0	5.0	1.21	1.87750146715e-19	-6.17145028996e-17	-1.16054101686e-18	0.914543745939	7.78119140759e-17	-1.1763170055e-19	1.21984655805e-18	0.904656674772	465047138.244	4350805.24754	-1621107.34456	3288469.67012	12461.0965422	8342595.68694	-1211999.72401	8252441.49389	12745.7343553	562093677.2803477	3974664.551118228	-1464947.020794959	3974711.0722629856	11383.795843850106	7538958.316543048	-1464921.1353153335	7538992.163459319	11517.945208439363	562281753.407	0.1906203596086497	0.0	0.0	0.0	-0.08932997638607701	0.0	0.0	0.0	-0.10019977215209341	0.190360297051
620	2150.0	nan	nan	1	1	5.0	5.0	5.0	1.215	1.38172249521e-19	-1.94325239968e-17	4.09222792642e-19	0.912831700262	1.41243974799e-16	5.29077954679e-19	-4.00346152053e-18	0.902626682582	464063400.516	4417344.41441	-1526500.18229	3318873.81374	8193.67739817	8316556.16599	-1133923.54441	8223621.40172	8198.65041052	563220478.1254511	4027882.7175286575	-1376353.1114173206	4028022.23604409	7471.269724280116	7498536.906930199	-1376210.5784041185	7498573.670513971	7392.228401187508	563411018.939	0.19474407679251185	0.0	0.0	0.0	-0.09120375244176489	0.0	0.0	0.0	-0.1024462301139275	0.194487721902
630	2200.0	nan	nan	1	1	5.0	5.0	5.0	1.22	1.02128350637e-18	3.08621748288e-17	-1.7745340245e-19	0.911131720115	-3.41268502423e-16	2.8312076262e-19	3.53935363988e-18	0.900607639651	463034810.017	4483610.86359	-1448690.0228	3348416.97731	-8080.1930617	8289113.70132	-1069305.29067	8193372.47531	-9736.07169047	564282846.6101807	4080679.2103376337	-1303270.2211385851	4080587.9444030873	-7354.044952956784	7457050.767618633	-1303121.5370015947	7457053.1965789925	-8758.762817000274	564487462.897	0.19885085874516517	0.0	0.0	0.0	-0.09306780368341726	0.0	0.0	0.0	-0.10468558830476415	0.198598340086
640	2250.0	nan	nan	1	1	5.0	5.0	5.0	1.225	8.66011779229e-19	1.56104995805e-17	-8.7191454008e-19	0.909443725857	-6.12735560761e-17	-7.52800531872e-19	6.95347875247e-19	0.898599613243	461989717.713	4551965.55143	-1381855.99307	3379191.23673	5377.38331934	8260218.10333	-1013822.09161	8161699.97956	5668.39550146	565314664.365242	4135201.2523740665	-1240368.8942551948	4134954.2783649545	4885.046247690134	7414461.164199735	-1240565.4789932296	7414439.2341403505	5088.013147250509	565504966.336	0.20294084399669038	0.0	0.0	0.0	-0.09492215665234602	0.0	0.0	0.0	-0.10691771274568047	0.202692205468
650	2300.0	nan	nan	1	1	5.0	5.0	5.0	1.23	2.66127164115e-19	-3.05413611e-17	4.8249114258e-19	0.907767523653	-6.56134352605e-17	1.90582413132e-20	1.34658386279e-18	0.896602367372	460914221.777	4620983.63284	-1317456.41122	3410528.52219	692.419852139	8229277.72243	-960313.538785	8128092.45272	145.292178522	566298728.0482702	4190148.720534004	-1179930.7041072662	4190319.744620475	627.8624613363888	7370245.70576067	-1179881.873561698	7370274.144471536	130.12552145539544	566492394.531	0.20701416938432612	0.0	0.0	0.0	-0.09676696438159492	0.0	0.0	0.0	-0.10914280687615074	0.206769529427
660	2350.0	nan	nan	1	1	5.0	5.0	5.0	1.235	-2.26341761885e-18	-1.256939719e-16	3.68459332056e-19	0.906103084525	-1.14609010538e-16	-5.86570315974e-19	-1.57406514868e-18	0.894615786484	459806323.874	4690376.32162	-1244665.28783	3441287.62045	6047.82068967	8194255.78061	-901625.450675	8090411.65866	6257.20512055	567232065.7739707	4245258.826687048	-1112264.3341626285	4245284.556819516	5473.8814978858745	7322593.904477306	-1112274.5390533474	7322630.2433651015	5591.596516089304	567419227.861	0.2110709700799406	0.0	0.0	0.0	-0.09860219958267295	0.0	0.0	0.0	-0.11136094172280984	0.210830419089
670	2400.0	nan	nan	1	1	5.0	5.0	5.0	1.24	3.68603592354e-18	-5.20247636204e-17	9.94734317432e-19	0.904450344565	-1.55308718661e-16	-9.32795033164e-19	2.91871671756e-18	0.892639717343	458680247.103	4755735.70166	-1164329.78618	3468972.33811	11147.1719771	8155084.00766	-838089.318066	8048692.56839	11499.3008821	568131805.2525617	4296549.495423633	-1038172.6754360789	4296748.179738093	10070.865821430287	7271466.798436345	-1038076.5255164849	7271557.580768254	10253.332092088764	568312803.63	0.2151113796169455	0.0	0.0	0.0	-0.10042787386823279	0.0	0.0	0.0	-0.11357223153781924	0.214875008045
680	2450.0	nan	nan	1	1	5.0	5.0	5.0	1.245	-2.79866303218e-18	8.19031096809e-17	-1.48442524006e-19	0.902809107956	1.84106290385e-16	1.60904496243e-18	2.6377267722e-18	0.890674039984	457522467.497	4818319.4523	-1082946.35476	3494134.60911	-1600.91868837	8112916.11757	-774597.062942	8003942.55325	-2351.87735033	568980915.3741274	4345176.72293961	-963477.685216814	4345351.429861448	-1443.7138693028348	7217913.987112345	-963299.0229528773	7217982.372988235	-2092.422524393615	569172222.351	0.219135529916671	0.0	0.0	0.0	-0.1022441455251793	0.0	0.0	0.0	-0.11577675460282646	0.218903462039
690	2500.0	nan	nan	1	1	5.0	5.0	5.0	1.25	-1.28054176268e-18	-2.8432778457e-17	1.2441855204e-18	0.901179258168	1.67552368155e-16	4.73914933989e-19	-3.85852624232e-18	0.888718800185	456352068.875	4878476.14895	-1008363.46681	3517313.82983	2842.91036342	8069407.4817	-716635.595621	7957964.35805	2982.9658244	569802655.6473265	4391468.840703696	-895150.1780987668	4391729.319695861	2559.109012056197	7163420.514674724	-894793.5012607527	7163538.663877421	2648.055464981751	569987988.474	0.22314355131420976	0.0	0.0	0.0	-0.10405108648119152	0.0	0.0	0.0	-0.11797440375796532	0.222915853102
700	2550.0	nan	nan	1	1	5.0	5.0	5.0	1.255	-7.34463592053e-19	-8.03917911448e-17	-2.28434197963e-18	0.899560593187	7.58444418279e-17	-1.22396260878e-18	8.45921216511e-19	0.886773973074	455170599.229	4935261.1926	-938569.067958	3537649.26955	14970.2382701	8027725.85232	-663111.653854	7913757.21415	15591.8528564	570598783.9753851	4434590.050378176	-831365.6743456927	4434773.192196177	13451.541284972003	7110798.708928917	-831272.2833370826	7110924.353020862	13810.950847188862	570771567.308	0.22713557258374711	0.0	0.0	0.0	-0.10584886467302035	0.0	0.0	0.0	-0.12016515093319538	0.226912310064
