inc	time	elem	node	ip	grain	1_pos	2_pos	3_pos	1_f	2_f	3_f	4_f	5_f	6_f	7_f	8_f	9_f	1_p	2_p	3_p	4_p	5_p	6_p	7_p	8_p	9_p	1_Cauchy	2_Cauchy	3_Cauchy	4_Cauchy	5_Cauchy	6_Cauchy	7_Cauchy	8_Cauchy	9_Cauchy	Mises(Cauchy)	1_ln(V)	2_ln(V)	3_ln(V)	4_ln(V)	5_ln(V)	6_ln(V)	7_ln(V)	8_ln(V)	9_ln(V)	Mises(ln(V))
0	0.0	nan	nan	1	1	5.0	5.0	5.0	1.0	0.0	0.0	0.0	1.0	0.0	0.0	0.0	1.0	3.56785749597e-06	7.3132432545e-07	1.74115820137e-06	7.3132432545e-07	-2.58347840008e-07	5.11854169787e-07	1.74115820137e-06	5.11854169787e-07	3.30737747326e-06	3.56785749597e-06	7.3132432545e-07	1.74115820137e-06	7.3132432545e-07	-2.58347840008e-07	5.11854169787e-07	1.74115820137e-06	5.11854169787e-07	3.30737747326e-06	5.01960482403e-06	0.0	0.0	0.0	0.0	0.0	0.0	0.0	0.0	0.0	0.0
10	2.5	nan	nan	1	1	5.0	5.0	5.0	1.00025	-2.59533733302e-21	-4.33685560659e-20	-5.59587684392e-22	0.999925096962	3.69977370038e-20	4.88333829439e-22	-6.25981853247e-22	0.999935097797	56511407.6421	-387227.875759	1054604.14791	-387102.095385	0.977864577817	585792.735157	1054272.13374	585798.594083	0.638812842442	56519309.0629633	-387156.22027735465	1054419.5419963296	-387156.2199715272	0.9776836265950313	585690.1935509297	1054419.5419922573	585690.193621582	0.6387010197939694	56561880.9459	0.0002499687552074404	0.0	0.0	0.0	-7.49058433728126e-05	0.0	0.0	0.0	-6.490430923914968e-05	0.00021332738648
20	5.0	nan	nan	1	1	5.0	5.0	5.0	1.0005	-1.27597650118e-20	2.57117060519e-19	-8.1642726459e-22	0.999850167147	-5.08445255849e-20	1.38534658027e-21	6.18666474704e-21	0.999870171949	113067710.433	-774714.82273	2109985.73549	-774211.638436	-67.807815714	1171499.38302	2108657.47217	1171522.82173	-70.372736126	113099337.69595616	-774428.2014045775	2109247.3043963723	-774428.20066211	-67.7827288492032	1171089.393721951	2109247.3051479687	1171089.3933069531	-70.34810780002366	113184522.575	0.0004998750416509929	0.0	0.0	0.0	-0.00014984407906391953	0.0	0.0	0.0	-0.00012983647939095153	0.000426633290257
30	7.5	nan	nan	1	1	5.0	5.0	5.0	1.00075	-2.75489918071e-21	1.13129563271e-19	-2.80652042082e-21	0.999769834241	2.30571232e-20	4.94421361759e-21	4.56660566796e-21	0.999804638429	166516417.814	-1168190.8009	3189052.68691	-1167046.53288	-4861.77681993	1726421.98952	3186040.22037	1726482.11171	-1227.31191943	166587297.77134407	-1167543.4075284945	3187396.319385666	-1167543.3019647244	-4859.082498005418	1725525.3002528471	3187396.4013272943	1725525.3218822747	-1226.6744637950032	166720850.165	0.0007497188905459742	0.0	0.0	0.0	-0.0002301922512032632	0.0	0.0	0.0	-0.00019538065655767188	0.000641984916192
40	10.0	nan	nan	1	1	5.0	5.0	5.0	1.001	-2.1517035684e-21	-1.44406968292e-19	-4.34869527534e-21	0.999640902064	2.00223073925e-19	1.64965663537e-21	1.84894253951e-20	0.999723844814	186920376.615	-1633218.02227	3676146.91649	-1631000.72765	5454.90555058	2577599.68524	3671460.17229	2577813.54433	4401.96602997	187039175.28696886	-1632037.1313517336	3673793.6937806793	-1632037.3226105599	5450.961405746399	2575949.678792315	3673793.596823768	2575949.6678836374	4399.1481865424375	187216981.673	0.0009995003330834232	0.0	0.0	0.0	-0.00035916242710356	0.0	0.0	0.0	-0.0002761933238650672	0.000879424391847
50	12.5	nan	nan	1	1	5.0	5.0	5.0	1.00125	2.04727201607e-21	-8.87768490495e-20	7.87889533457e-23	0.999493527695	3.3069481478e-19	-1.14357719685e-22	9.12238043978e-21	0.999637454105	195022613.651	-1961536.21383	3832590.79123	-1958095.11184	-999.106467666	2914966.45318	3826418.08932	2915386.22815	-1883.58515927	195192203.3871555	-1959797.8713099773	3829745.693817002	-1959797.8519846818	-998.2210446783794	2912802.547882858	3829745.504649125	2912802.569583337	-1882.186892782468	195400959.65	0.0012492194004318981	0.0	0.0	0.0	-0.0005066006054201065	0.0	0.0	0.0	-0.00036261163065177493	0.00112562436902
60	15.0	nan	nan	1	1	5.0	5.0	5.0	1.0015	-4.13218075001e-21	1.04768214844e-19	-2.94409089644e-21	0.999343038396	-8.53008861891e-19	1.29944904353e-22	-4.74481656106e-20	0.999549557614	200705130.614	-2241539.0467	3876779.92207	-2236711.46377	-5382.86538334	3057908.68778	3869229.65849	3058540.67681	-4667.22974783	200927579.15769744	-2239190.400305563	3873518.214616581	-2239190.4896238227	-5377.225308770287	3055335.9331332827	3873518.061582282	3055335.9900375777	-4663.302999765543	201151607.237	0.0014988761237359487	0.0	0.0	0.0	-0.0006571774978356899	0.0	0.0	0.0	-0.00045054386564630255	0.00137368142612
70	17.5	nan	nan	1	1	5.0	5.0	5.0	1.00175	2.67501938294e-20	1.13166166013e-19	7.242431552e-21	0.999191015616	7.40352601027e-19	4.99049695781e-21	-2.10196933407e-21	0.999461083148	205244371.028	-2507759.02483	3860899.52789	-2501353.09346	-2409.30969928	3145038.3735	3852077.33858	3145888.59371	-1803.70755779	205521303.8452617	-2504727.9532356933	3857275.2324930136	-2504728.127599395	-2406.3976211580302	3142086.0697640227	3857274.882485052	3142086.2293437137	-1802.0143852658289	205749717.068	0.001748470534116803	0.0	0.0	0.0	-0.0008093117884552036	0.0	0.0	0.0	-0.000539062119880373	0.00162262413914
80	20.0	nan	nan	1	1	5.0	5.0	5.0	1.002	1.64716475378e-20	-9.08425465137e-19	-5.8735251864e-21	0.999038211578	1.08029922416e-18	7.60535704575e-21	8.23255640546e-20	0.999372202355	209122458.659	-2732338.78874	3794334.09912	-2724262.39544	2824.16544022	3242579.02885	3784382.78454	3243662.82163	2611.91989782	209455279.38188565	-2728598.026117543	3790406.146710656	-2728598.0893946076	2820.2989604986947	3239222.2616871363	3790405.671905151	3239222.020696745	2609.2159985882395	209683789.981	0.001998002662673058	0.0	0.0	0.0	-0.0009622512372615041	0.0	0.0	0.0	-0.0006279947924583087	0.00187205728529
90	22.5	nan	nan	1	1	5.0	5.0	5.0	1.00225	1.78824040725e-20	1.46112356221e-19	-2.70229566363e-21	0.998885041316	-1.41406835909e-18	2.26603026882e-20	2.88317938408e-20	0.999282933849	212578627.691	-2901679.43783	3696689.21261	-2891937.55238	460.265880027	3363984.1998	3685744.89143	3365323.64769	690.065701947	212968621.22593382	-2897242.8306343695	3692507.3274681894	-2897243.0572706414	459.5621431191174	3360178.6876962394	3692506.703257868	3360178.1381908073	689.2850641005723	213202596.677	0.00224747254047937	0.0	0.0	0.0	-0.0011155807128343765	0.0	0.0	0.0	-0.0007173233658998496	0.00212177864934
100	25.0	nan	nan	1	1	5.0	5.0	5.0	1.0025	2.6618672112e-20	-7.97532391448e-19	2.35853749563e-21	0.998731750366	-5.39078154694e-19	-6.83447641364e-21	3.94680957474e-20	0.999193351284	215759089.861	-3019603.56923	3589431.46978	-3008253.70201	213.49700845	3496855.21464	3577591.77537	3498471.31578	331.625874006	216207477.21156934	-3014505.0323793306	3585026.9782602903	-3014505.4103767425	213.13652326042484	3492564.320868046	3585026.673703184	3492564.2208532766	331.21894511988734	216443915.371	0.002496880198587146	0.0	0.0	0.0	-0.0012690545431893086	0.0	0.0	0.0	-0.0008069742321385148	0.00237164906494
110	27.5	nan	nan	1	1	5.0	5.0	5.0	1.00275	7.69939714164e-21	3.48726524953e-19	-1.04994293645e-20	0.998578452208	1.43851857722e-18	-1.89160696454e-20	-8.49042996143e-20	0.99910348476	218741668.616	-3099955.07183	3484408.67421	-3087059.82657	-373.586674134	3632023.77386	3471736.90784	3633933.13088	22.8442719068	219249623.64301872	-3094227.596696592	3479799.5302692987	-3094228.4998618113	-372.89643561869525	3627219.3660149397	3479798.866158146	3627219.0782046188	22.81405371275761	219488027.305	0.0027462256680252286	0.0	0.0	0.0	-0.0014225591496377866	0.0	0.0	0.0	-0.0008969173501374351	0.00262160074968
120	30.0	nan	nan	1	1	5.0	5.0	5.0	1.003	3.81350941902e-20	9.50337052414e-19	-1.37624759353e-21	0.998425242581	-1.71428725516e-18	-1.17087415707e-20	2.24807010977e-21	0.999013348663	221581522.658	-3151996.48487	3386327.519	-3137621.02982	-284.353356375	3763889.16437	3372867.26087	3766106.08617	17.0699413206	222150194.94962186	-3145672.4604732874	3381524.00224336	-3145673.497913301	-283.78284255253413	3758550.075173889	3381523.470699985	3758549.939808838	17.045727552525765	222389609.358	0.002995508979798371	0.0	0.0	0.0	-0.0015759986527299967	0.0	0.0	0.0	-0.0009871383978296137	0.00287158177737
130	32.5	nan	nan	1	1	5.0	5.0	5.0	1.00325	2.43451661984e-20	-1.55084122581e-18	-1.01919766706e-20	0.998272123274	3.24749971115e-19	-1.98184202962e-20	1.57768158232e-20	0.998922997985	224308663.682	-3185051.06014	3297878.4445	-3169248.4961	-244.767872743	3890526.71569	3283654.35853	3893063.26885	26.2815656654	224939172.18877557	-3178156.057791957	3292884.7594905263	-3178156.9265818004	-244.23799895905555	3884635.635934923	3292884.372085334	3884635.5608249297	26.241769820071706	225179445.564	0.0032447301648890294	0.0	0.0	0.0	-0.001729371226780816	0.0	0.0	0.0	-0.0010775823984239294	0.00312157009021
140	35.0	nan	nan	1	1	5.0	5.0	5.0	1.0035	1.16768951171e-20	9.91654724011e-19	1.12889474098e-21	0.998119108696	-6.87850310175e-19	3.27989520586e-20	2.35800241317e-20	0.998832460372	226944912.708	-3205453.08086	3219096.62026	-3188265.89021	-213.007001573	4012787.05635	3204123.49948	4015654.99443	32.5375409221	227638352.6061268	-3198006.92473802	3213914.1015707487	-3198007.7731529893	-212.51219371003387	4006326.7519948487	3213913.8360271067	4006326.7674161415	32.485157774334525	227879533.971	0.003493889254255838	0.0	0.0	0.0	-0.0018826624012245753	0.0	0.0	0.0	-0.0011682217333660635	0.00337154801349
150	37.5	nan	nan	1	1	5.0	5.0	5.0	1.00375	4.13615121695e-20	1.41915407229e-18	3.32098023291e-20	0.997966208639	-4.46230646453e-19	-1.06158291864e-21	5.61560510153e-20	0.998741755876	229505548.919	-3218199.0357	3149582.9044	-3199655.91815	-181.185433597	4129887.05483	3133867.59371	4133096.62663	27.9804873628	230262993.62049192	-3210215.1104639005	3144210.7627337333	-3210215.8476733393	-180.73593655233142	4122842.840088666	3144210.399865291	4122842.9617402484	27.932761950716568	230505205.034	0.003742986278834297	0.0	0.0	0.0	-0.002035862323062969	0.0	0.0	0.0	-0.001259036377772841	0.00362150307562
160	40.0	nan	nan	1	1	5.0	5.0	5.0	1.004	-3.50567415406e-20	-4.14543714651e-18	9.14714415937e-21	0.997813410629	3.28639932702e-18	-5.24694104227e-20	-7.54537611159e-20	0.998650918189	232001409.458	-3225290.88704	3088725.28741	-3205417.5328	-149.002368059	4240940.8387	3072268.92959	4244500.61436	18.7713745543	232823911.44773576	-3216780.823048149	3083161.2165192235	-3216781.525393068	-148.60921912094312	4233301.151361571	3083160.877675551	4233301.323162174	18.73755955004415	233067216.027	0.003992021269537457	0.0	0.0	0.0	-0.0021889834480839283	0.0	0.0	0.0	-0.0013499926411481577	0.00387142917955
170	42.5	nan	nan	1	1	5.0	5.0	5.0	1.00425	-8.80053997307e-20	1.51940753535e-18	-3.90307756973e-21	0.997660702101	-5.39557299064e-19	-1.02808210383e-21	9.26123821524e-20	0.998559975898	234440552.659	-3228822.92123	3035869.57405	-3207637.98674	-128.627502582	4346707.12965	3018668.20444	4350625.32281	22.3051550109	235329144.53197628	-3219795.080134029	3030110.0617916035	-3219795.7854405213	-128.26785800495026	4338460.756613796	3030109.7575469776	4338460.904060311	22.262838695730334	235573648.538	0.004240994257254614	0.0	0.0	0.0	-0.0023420383309554604	0.0	0.0	0.0	-0.0014410619331613635	0.00412132230878
180	45.0	nan	nan	1	1	5.0	5.0	5.0	1.0045	-5.76718594878e-20	2.23978341439e-18	5.43946345244e-20	0.997508078846	5.39817488726e-18	1.03847356027e-20	1.37670150889e-19	0.998468945136	236829103.308	-3230363.75258	2990163.85992	-3207879.17782	-110.59840949	4447510.3506	2972210.50526	4451794.5946	20.8721539806	237784798.63763013	-3220823.494989288	2984204.80519243	-3220824.187978964	-110.27177837457472	4438646.970925092	2984204.502867889	4438647.076107849	20.830558163889783	238030615.77	0.004489905272852001	0.0	0.0	0.0	-0.0024950311571812194	0.0	0.0	0.0	-0.0015322281262032569	0.00437117877018
190	47.5	nan	nan	1	1	5.0	5.0	5.0	1.00475	-6.25216194192e-20	-1.33620357328e-18	2.09085926447e-20	0.997355535768	-2.8725676908e-18	-3.83310325978e-20	4.65334589495e-20	0.998377840173	239171857.705	-3230663.36133	2950311.17175	-3206887.93486	-102.271153165	4543439.67008	2931599.86787	4548096.88533	28.9890963728	240195651.8743842	-3220614.6092437343	2944149.1424854	-3220615.2738583353	-101.95304590690851	4533950.2275842205	2944148.8143911026	4533950.348549954	28.928549654232256	240442841.35	0.00473875434717347	0.0	0.0	0.0	-0.002647967004204087	0.0	0.0	0.0	-0.0016234769528374988	0.00462099602787
200	50.0	nan	nan	1	1	5.0	5.0	5.0	1.005	5.09030405353e-20	-7.5879262823e-19	-1.01719563148e-20	0.997203077731	1.5991136252e-18	-1.37137239779e-20	4.25576153352e-20	0.998286663209	241472549.393	-3229959.78718	2915508.25551	-3204901.97951	-94.8523037951	4635283.46984	2896032.52105	4640320.48732	30.3495614345	242565419.8852509	-3219406.262697543	2909139.8774202256	-3219406.9110757927	-94.54238473223235	4625158.567043572	2909139.5532771023	4625158.770426883	30.283268539699236	242814039.56	0.004987541511038968	0.0	0.0	0.0	-0.0028008409646533014	0.0	0.0	0.0	-0.0017148062311501933	0.00487077083307
210	100.0	nan	nan	1	1	5.0	5.0	5.0	1.01	1.52045722755e-19	8.73353834346e-19	9.77458650339e-20	0.994167092546	6.37630438107e-18	-5.46973180051e-21	3.01474246051e-19	0.996457031662	280860894.712	-3197345.72275	2694563.60537	-3147227.40634	-3299.88895161	5953580.47471	2658428.92264	5967293.19962	-4725.70260073	283513220.4227405	-3176944.6487078913	2683537.584169873	-3176948.42597836	-3278.83358735782	5929218.717429528	2683533.9462102074	5929218.120803777	-4706.365259070182	283794573.653	0.009950330853168092	0.0	0.0	0.0	-0.005849985300060896	0.0	0.0	0.0	-0.0035492595143433907	0.0098565519075
220	150.0	nan	nan	1	1	5.0	5.0	5.0	1.015	-2.39134606367e-19	-1.76635089213e-17	4.19628724748e-20	0.991152943522	-6.19310124618e-21	-1.79615652571e-19	-5.30239316259e-20	0.994627077927	312027140.735	-3190874.47328	2746427.17407	-3115911.24872	9033.93109453	6853822.83334	2691292.05447	6877855.34926	4667.64730738	316512902.11742574	-3160700.892478046	2729991.973538918	-3160706.1800764515	8948.504340164485	6812808.109289072	2729982.5797183267	6812816.901065664	4639.715119616407	316808598.834	0.014888612493750559	0.0	0.0	0.0	-0.008886424045555171	0.0	0.0	0.0	-0.005387408130405778	0.0148219993191
230	200.0	nan	nan	1	1	5.0	5.0	5.0	1.02	2.67225659969e-19	-1.07910673991e-19	-6.85774086837e-21	0.988159744911	1.70900957402e-17	6.65632238921e-20	5.78758422269e-19	0.992801706704	337295364.201	-3190037.33627	2844099.44362	-3090456.61461	7930.95184196	7565154.28988	2768252.44884	7600703.67996	3921.31926319	343811737.6569243	-3150163.384550747	2821742.9441166725	-3150162.651477229	7831.818710432647	7505687.182109313	2821733.666465537	7505698.493619002	3890.495104647815	344129545.673	0.01980262729617973	0.0	0.0	0.0	-0.011910909171310432	0.0	0.0	0.0	-0.007224326011831207	0.0197662375563
240	250.0	nan	nan	1	1	5.0	5.0	5.0	1.025	-3.5585309952e-20	5.52503047882e-18	-5.91591302292e-20	0.985188462925	-1.97148225419e-17	6.50858793181e-20	-1.68624076591e-19	0.990982139327	358049352.899	-3172712.09869	2957880.27549	-3049460.91473	-3776.45399764	8146634.84899	2859728.03722	8194525.91183	3100.93177085	366739550.7161112	-3123496.1296808487	2929121.648023471	-3123474.227056884	-3717.872620846131	8067427.43864641	2929136.3524295273	8067410.207418045	3070.7822944374593	367080907.997	0.024692612590371414	0.0	0.0	0.0	-0.014922323193074943	0.0	0.0	0.0	-0.009058767693473097	0.0246886392735
250	300.0	nan	nan	1	1	5.0	5.0	5.0	1.03	6.59818813576e-19	-1.82639891065e-17	1.14735327635e-19	0.982240369219	2.55308799756e-18	-4.88698305896e-21	4.37571926596e-19	0.989168582146	375277772.217	-3134186.94112	3092135.17492	-2988845.42637	8025.58061127	8628808.48983	2969546.788	8689676.4315	3718.48338706	386246670.3799139	-3076219.7645151485	3056352.680501449	-3076205.6260238886	7877.146501438745	8528955.063585762	3056342.9126816015	8528959.787021937	3675.4527291113604	386596263.118	0.02955880224154443	0.0	0.0	0.0	-0.017919225408128136	0.0	0.0	0.0	-0.010890504710674527	0.0295887082706
260	350.0	nan	nan	1	1	5.0	5.0	5.0	1.035	-1.3356650787e-19	2.62679872369e-17	5.19312260367e-20	0.979315949144	-2.6039695314e-17	-2.34030901987e-19	1.82593502776e-19	0.987361393111	389691219.384	-3073526.22292	3228624.83363	-2908152.50918	9269.70991655	9032183.98592	3080002.36905	9106400.48551	4821.51907613	403015408.59466434	-3007602.4586997903	3185329.8074305085	-3007587.067513221	9070.884812546647	8911064.728508674	3185312.7591567817	8911078.18956706	4756.863749023538	403375314.203	0.03440142671733232	0.0	0.0	0.0	-0.020900962118223343	0.0	0.0	0.0	-0.012719153465026247	0.034466232365
270	400.0	nan	nan	1	1	5.0	5.0	5.0	1.04	3.52041451258e-19	2.21272402045e-17	2.04644483546e-21	0.976416061041	-1.38001122396e-17	7.57250763568e-20	-1.15563749019e-19	0.985560287433	401830887.321	-3001310.31115	3359412.07687	-2817787.53377	-4289.3655119	9375455.429	3183583.51977	9463236.48074	4916.29560564	417566074.0457372	-2928157.0452673896	3308224.894030774	-2928128.5115134264	-4184.817476798923	9232602.114115102	3308248.603311375	9232581.672467165	4841.386271417434	417941897.523	0.03922071315328133	0.0	0.0	0.0	-0.02386649135548178	0.0	0.0	0.0	-0.014544979797734512	0.0393210028383
280	450.0	nan	nan	1	1	5.0	5.0	5.0	1.045	-3.95524681698e-20	-3.65051877327e-17	-1.34830439846e-19	0.973541551328	-2.24064434397e-17	2.8044731488e-20	-1.65598249911e-19	0.983764870626	412133945.4	-2923415.77257	3485417.77575	-2723488.5811	10186.9870159	9667884.44166	3281158.31163	9769430.48119	5380.77051591	430321043.31646985	-2843694.808202245	3425973.9715496246	-2843673.666681289	9909.189914122704	9502998.661315281	3425952.8575758236	9503020.062736407	5289.001468532003	430697171.05	0.04401688541677426	0.0	0.0	0.0	-0.026814772668834884	0.0	0.0	0.0	-0.016368363099462303	0.044152839341
290	500.0	nan	nan	1	1	5.0	5.0	5.0	1.05	-7.91221416964e-19	1.15269405069e-17	2.03933108219e-19	0.970692458247	2.55102964132e-17	8.40911810721e-21	9.10163371604e-20	0.981975107511	420897043.611	-2834921.89096	3607859.43175	-2620776.46827	-13795.0866278	9913516.43571	3374115.70144	10028747.2522	-10406.1585715	441564083.5824761	-2749484.777960984	3539799.4209947144	-2749462.789184382	-13379.338885751218	9726504.151001932	3539792.759828877	9726507.10408268	-10209.852901144664	441965315.629	0.04879016416943205	0.0	0.0	0.0	-0.029745587690450055	0.0	0.0	0.0	-0.018189319715758993	0.0489618057747
300	550.0	nan	nan	1	1	5.0	5.0	5.0	1.055	-5.15525427523e-19	4.76392240662e-17	2.27233131713e-19	0.9678690037	2.36222665913e-17	1.17459646983e-22	-4.04663373106e-19	0.980191047889	428406800.063	-2734328.90535	3727276.12008	-2508472.17188	-14026.0429432	10121526.5213	3462975.60595	10250384.4462	-12348.0597777	451574117.94070077	-2644158.971376252	3650249.293540075	-2644124.9490645914	-13563.50628068388	9912357.937444534	3650245.8748952383	9912357.632047927	-12092.87829182149	451980621.058	0.05354076692802976	0.0	0.0	0.0	-0.03265852761924985	0.0	0.0	0.0	-0.02000777949167214	0.0537478650513
310	600.0	nan	nan	1	1	5.0	5.0	5.0	1.06	4.94561362078e-19	4.55566082769e-18	1.34893305573e-19	0.965071351433	3.5549761038e-17	2.11711914699e-19	2.59579202386e-18	0.97841241261	434851640.403	-2627475.22701	3847926.16635	-2392144.59512	-13396.8169522	10298552.4473	3551737.30384	10440919.2367	-9639.44347841	460531918.26504964	-2533441.095200434	3761503.2499599704	-2533413.3226150842	-12917.361222927022	10067250.9881206	3761486.0833802805	10067251.47929391	-9422.945348828847	460940002.851	0.058268908123975824	0.0	0.0	0.0	-0.035553241067718976	0.0	0.0	0.0	-0.021824008048193993	0.0585110867732
320	650.0	nan	nan	1	1	5.0	5.0	5.0	1.065	-2.89883791308e-19	-2.76223532149e-17	2.3472407934e-19	0.962299522817	6.99241579826e-18	7.33245982192e-20	-6.40658001867e-19	0.976639063323	440400175.817	-2509614.05742	3966912.05768	-2267567.20145	-15189.1054142	10444039.9952	3637777.72923	10599666.7436	-13220.8412237	468600904.0901359	-2412810.640934491	3870728.360392181	-2412769.338053458	-14603.215606519818	10190808.674022771	3870720.372973878	10190805.48807963	-12900.282216678717	469013502.475	0.06297479916138839	0.0	0.0	0.0	-0.03842952249749045	0.0	0.0	0.0	-0.023638128847749955	0.0632515631349
330	700.0	nan	nan	1	1	5.0	5.0	5.0	1.07	-1.64092781196e-19	5.45873029836e-17	-4.03204226505e-19	0.959553100898	-1.27189739441e-17	3.59826875183e-19	5.12987637403e-19	0.974871325407	445186242.926	-2386862.26761	4078638.00744	-2140471.51842	-9648.26996276	10556791.3847	3716009.04963	10725313.6776	-3521.60314883	475910652.3570247	-2288212.13784723	3972485.9607449016	-2288195.5875087986	-9249.502469248426	10282036.672471333	3972468.419847339	10282031.465467542	-3429.948684468533	476316274.557	0.06765864847381486	0.0	0.0	0.0	-0.04128762280619835	0.0	0.0	0.0	-0.025449790635155293	0.0679694512868
340	750.0	nan	nan	1	1	5.0	5.0	5.0	1.075	-7.69211795225e-20	-3.12457219352e-18	8.66190450241e-20	0.956831911004	1.70479012571e-17	-9.7881109064e-19	1.37500909736e-18	0.973109091047	449307072.595	-2266814.81451	4184111.86243	-2017588.60989	-4946.80456929	10647122.33	3787498.60964	10828260.3071	-11082.2963054	482554171.3466875	-2166935.817505775	4067796.0638312795	-2166882.871753883	-4728.841515760276	10351138.719305381	4067759.8117824504	10351152.176408876	-10774.215119367449	482960842.111	0.07232066157962608	0.0	0.0	0.0	-0.04412754454008927	0.0	0.0	0.0	-0.027259084841446422	0.0726649167043
350	800.0	nan	nan	1	1	5.0	5.0	5.0	1.08	5.49062638278e-19	4.93687329956e-17	-5.48387658898e-20	0.95413556165	4.53691426803e-17	-8.74381192667e-19	5.03657040094e-19	0.971352571538	452853006.942	-2153573.37397	4292352.20254	-1902563.42174	-14197.3846143	10718523.7851	3860529.80364	10911929.9418	-9937.10078534	488618919.2482615	-2052858.5384658996	4165446.030188886	-2052826.1238882244	-13533.424299178352	10401623.688687483	4165430.882568646	10401618.455595696	-9643.303965920451	489028679.385	0.0769610411361284	0.0	0.0	0.0	-0.04694951946322008	0.0	0.0	0.0	-0.029065775115254284	0.0773381336216
360	850.0	nan	nan	1	1	5.0	5.0	5.0	1.085	1.94292152743e-18	1.8475429706e-17	-5.53416917022e-19	0.951464460988	2.67288393347e-17	3.66093595504e-20	4.38723362008e-18	0.969601209747	455920543.87	-2040969.58818	4404319.63807	-1789754.35558	7261.10979208	10779939.8854	3935863.09035	10985456.4672	1761.50491698	494200797.80004966	-1940053.2327585015	4266350.388116013	-1940026.7048416953	6902.082033520937	10442248.63164044	4266328.213183922	10442277.266622132	1706.3242007383703	494593967.906	0.08157998699242285	0.0	0.0	0.0	-0.04975294345530431	0.0	0.0	0.0	-0.0308704159915042	0.0819891342322
370	900.0	nan	nan	1	1	5.0	5.0	5.0	1.09	7.22942620482e-19	1.2472480739e-17	3.70044210109e-19	0.948818269736	4.88700489653e-17	-4.05335043763e-20	-4.13233956869e-18	0.967854851216	458538283.662	-1922149.9517	4523012.87903	-1673150.67488	-12705.3833495	10830843.6141	4016142.43142	11048136.5745	-8421.87109124	499323873.9366975	-1822009.0754775747	4373390.808739483	-1821972.3552607615	-12043.45360763128	10472557.38147667	4373366.125774526	10472546.68557539	-8143.274098020468	499730699.695	0.08617769624105241	0.0	0.0	0.0	-0.05253799530011736	0.0	0.0	0.0	-0.03267315003965809	0.0866181644006
380	950.0	nan	nan	1	1	5.0	5.0	5.0	1.095	-8.76811449306e-20	1.35809292296e-17	-2.92418272705e-19	0.946196824977	-5.58824957693e-17	-5.51551624741e-19	3.53589933364e-19	0.966113706381	460794502.227	-1801843.91655	4641375.10295	-1557057.72495	24764.6054813	10868272.9167	4095048.07708	11097018.112	10413.5409705	504077785.7406574	-1703235.9106643482	4479721.990462487	-1703315.0492679465	23409.333617501346	10489744.979315314	4479703.549455828	10489720.877622195	10050.850760689631	504456696.226	0.09075436326846412	0.0	0.0	0.0	-0.055304671342399664	0.0	0.0	0.0	-0.034473743227773176	0.0912252984091
390	1000.0	nan	nan	1	1	5.0	5.0	5.0	1.1	-1.23714455902e-18	1.74366496753e-17	-1.06934600868e-19	0.943599416276	-2.65002198482e-19	-6.04040370511e-19	-2.30747987572e-18	0.96437775758	462685072.933	-1684871.08246	4750851.80844	-1445256.41514	-13926.7167777	10891334.0982	4165079.61543	11131161.5569	-10409.996941	508452795.898055	-1588279.0452344946	4577107.737662723	-1588217.792308038	-13128.31151131215	10493025.584544638	4577079.528800886	10493022.780194676	-10029.291476330474	508858278.868	0.09531017980432493	0.0	0.0	0.0	-0.05805355006262811	0.0	0.0	0.0	-0.03627219642097085	0.0958109048981
400	1050.0	nan	nan	1	1	5.0	5.0	5.0	1.105	1.04379605392e-18	-1.26734922453e-17	-1.88468139487e-19	0.941026260664	-1.36477323359e-17	6.28767694152e-19	-3.14668107694e-18	0.962646903066	464287123.938	-1569710.41133	4854697.11889	-1336733.62613	-9672.00785662	10897171.0128	4229263.40932	11147529.7639	-5705.70471223	512528332.7711753	-1475673.3792203811	4668723.118012639	-1475625.3650727244	-9092.584475840744	10479721.593842512	4668700.061383515	10479711.925154446	-5487.130266250827	512927052.406	0.09984533496971612	0.0	0.0	0.0	-0.06078423259805825	0.0	0.0	0.0	-0.03806859790436858	0.100374975763
410	1100.0	nan	nan	1	1	5.0	5.0	5.0	1.11	1.98364528335e-19	6.34953632014e-17	2.90307307782e-19	0.938477091979	2.73379420505e-17	-1.74229879603e-19	2.25299845186e-18	0.960921046632	465624628.366	-1465976.59981	4955162.84982	-1239534.33938	22545.5726843	10889915.4624	4289641.16645	11150302.6022	9162.51565174	516326674.0094056	-1374410.1496137287	4756760.408610385	-1374507.7124001505	21137.35234939801	10453888.256475782	4756741.850059504	10453842.89879817	8795.652739657817	516700277.526	0.10436001532424286	0.0	0.0	0.0	-0.06349683243941735	0.0	0.0	0.0	-0.03986303089788366	0.10491770847
420	1150.0	nan	nan	1	1	5.0	5.0	5.0	1.115	-1.17601260303e-18	6.67271644721e-17	2.95786552159e-19	0.93595117619	-7.55500581741e-17	-3.20367051242e-20	1.21389251201e-18	0.959200321561	466697884.26	-1374270.65294	5050721.6818	-1153521.47845	-13562.2737797	10875652.4158	4344949.59567	11145809.1008	-9759.81950015	519844342.6083043	-1284955.504990511	4839777.272093885	-1284881.7937116039	-12680.848795056063	10421428.599174608	4839742.24526151	10421432.438368153	-9352.198670295893	520240940.277	0.10885440491208208	0.0	0.0	0.0	-0.06619196605520981	0.0	0.0	0.0	-0.04165534003014768	0.10943944173
430	1200.0	nan	nan	1	1	5.0	5.0	5.0	1.12	5.31380825504e-19	-7.05839966485e-17	-1.20814691547e-19	0.93344825454	-6.40595665536e-17	3.90538436966e-19	1.92683286452e-18	0.957485042283	467562941.651	-1293975.05296	5147183.00087	-1078380.03153	-13309.5369251	10852008.2811	4400278.45584	11131461.4403	-9412.06066117	523139889.3216743	-1206634.900488407	4923357.117620179	-1206561.8552857814	-12411.175722768867	10380107.37177911	4923318.294311963	10380115.00807669	-9002.776050474926	523533066.713	0.11332868530700327	0.0	0.0	0.0	-0.06886974920252478	0.0	0.0	0.0	-0.0434451796859083	0.113940260193
440	1250.0	nan	nan	1	1	5.0	5.0	5.0	1.125	7.48485957797e-19	-1.09399069698e-17	4.77925105598e-19	0.93096788737	-1.25281056573e-16	7.54683194946e-19	2.40819407838e-18	0.955775272291	468232263.804	-1224429.09074	5245358.17317	-1013172.17631	787.922822885	10823111.932	4456303.59397	11111553.9369	-4550.37055092	526224234.009717	-1138741.9674315841	5008272.209630226	-1138656.5890766222	732.7829698756942	10333915.992240887	5008230.159537287	10333953.094564702	-4344.697467993796	526605500.746	0.11778303565638346	0.0	0.0	0.0	-0.07153049492079212	0.0	0.0	0.0	-0.045232464389526654	0.11842039288
450	1300.0	nan	nan	1	1	5.0	5.0	5.0	1.13	6.43215644321e-21	-1.00999361598e-16	-6.11041627215e-19	0.92850981743	-1.04331298045e-17	1.21825175383e-18	-3.92810867545e-18	0.954070905529	468721162.081	-1147149.287	5340580.386	-942497.519515	-1215.03149078	10793725.1088	4509066.99172	11090910.9529	-7155.55248065	529111754.2167372	-1064047.0789894916	5090067.163559818	-1063930.0211696597	-1127.0117353477763	10287418.55338754	5090020.547136005	10287459.127162235	-6819.9034723575	529492275.057	0.12221763272424911	0.0	0.0	0.0	-0.07417432481501121	0.0	0.0	0.0	-0.04701728584189751	0.122880034916
460	1350.0	nan	nan	1	1	5.0	5.0	5.0	1.135	2.99611435312e-19	-6.99510777485e-17	-3.01980480586e-19	0.926073892075	-4.73283828269e-17	4.56286060774e-19	-6.14231235657e-19	0.952371931105	469057844.605	-1060379.59913	5425010.37886	-865277.892406	15828.2527914	10761330.5414	4552066.04636	11066912.2076	6121.36956135	531831645.7501251	-980977.2032387839	5161299.619925286	-981077.6449906912	14643.015735311134	10238220.271366516	5161267.005432143	10238209.594760068	5823.808653626408	532194777.873	0.126632650933366	0.0	0.0	0.0	-0.07680125046233804	0.0	0.0	0.0	-0.04879963655404494	0.127319309971
470	1400.0	nan	nan	1	1	5.0	5.0	5.0	1.14	1.90360066984e-18	3.38786709122e-18	1.00876330062e-19	0.923659242504	-1.07236356356e-16	-6.31436592398e-19	1.41527376803e-18	0.950678765603	469244905.831	-967213.363267	5497578.21336	-783645.094444	6028.78585875	10721967.3578	4584578.42085	11035606.0462	7771.78043086	534384672.0980321	-892449.4850344822	5221013.126214968	-892429.3511382496	5562.771400148896	10182580.42748404	5221001.668190705	10182573.26357458	7380.807706377538	534747867.392	0.131028262406404	0.0	0.0	0.0	-0.07941206052725835	0.0	0.0	0.0	-0.05057905940567062	0.131738538026
480	1450.0	nan	nan	1	1	5.0	5.0	5.0	1.145	8.94228564284e-19	-7.58138692325e-17	3.01477554774e-19	0.921265423411	-1.25703858363e-17	-1.3147804226e-18	-6.85719327481e-18	0.948991650982	469298128.447	-872360.666758	5558283.5152	-701880.757443	-668.51939469	10670223.4988	4606758.14265	10991351.0199	732.884436497	536786591.47677964	-802838.5122409728	5269269.810616167	-802816.2836654439	-615.2422234164771	10115404.58506658	5269243.261919941	10115403.22322068	694.776692362494	537151743.062	0.13540463700620298	0.0	0.0	0.0	-0.0820070937886114	0.0	0.0	0.0	-0.05235527811164704	0.136137901152
490	1500.0	nan	nan	1	1	5.0	5.0	5.0	1.15	1.367455284e-18	2.33795387123e-17	-3.8680288932e-19	0.918892071403	8.28743917736e-17	-5.32916072721e-19	-6.97932318353e-18	0.947310724159	469235665.192	-780894.345932	5610250.85892	-623979.680575	2956.8277799	10614310.1161	4621410.0727	10942558.9901	4865.95883621	539056213.0974293	-716806.5813704728	5309088.150372079	-716825.5710547331	2714.1618115859865	10044525.544194486	5309058.960683729	10044506.45852332	4604.750312803929	539413044.667	0.13976194237515863	0.0	0.0	0.0	-0.08458660486925315	0.0	0.0	0.0	-0.05412812540150562	0.14051757344
500	1550.0	nan	nan	1	1	5.0	5.0	5.0	1.155	-2.5812799672e-18	-2.07900001739e-17	3.35147114427e-19	0.916538895187	-2.37756457292e-17	2.16516179697e-19	1.07936151154e-18	0.945635854061	469048351.081	-700736.731474	5656394.47391	-556007.680695	-10923.62383	10557747.5679	4631018.90664	10892958.0973	-11540.2359469	541181302.3591406	-641577.2690969921	5343266.127100171	-641513.7374787249	-10001.400569872134	9973288.676777652	5343203.610820155	9973323.781319441	-10901.388175494421	541547597.226	0.14410034397375687	0.0	0.0	0.0	-0.08715077377363702	0.0	0.0	0.0	-0.05589771631794813	0.144877770076
510	1600.0	nan	nan	1	1	5.0	5.0	5.0	1.16	1.7374233935e-18	9.92982547418e-17	-4.64147585316e-19	0.914205664374	9.17452818034e-17	-3.51928954694e-19	-4.11593492278e-18	0.943967186988	468772771.776	-624822.581321	5701371.32458	-492393.039752	-10846.9265366	10504285.042	4639549.53142	10846270.3361	-5497.6145849	543202265.0129764	-570613.2201797117	5376224.925466702	-570572.845894127	-9905.851461091346	9905230.838682067	5376194.962346288	9905252.19228932	-5184.0883323147245	543561336.683	0.14842000511827322	0.0	0.0	0.0	-0.08969971711375135	0.0	0.0	0.0	-0.05766387298737337	0.149218603427
520	1650.0	nan	nan	1	1	5.0	5.0	5.0	1.165	1.71735930056e-19	6.50257664486e-17	-7.04029962956e-19	0.911892336929	-5.3926220238e-17	9.64796996702e-19	1.66840427037e-18	0.942304333418	468394770.555	-545839.952407	5745605.81484	-427212.242336	-11697.4752682	10457486.5513	4647267.3432	10806291.902	-10464.4475853	545101382.1617055	-497219.56205947325	5408369.261496707	-497174.6023078415	-10655.529160898473	9843687.617846288	5408326.5042683035	9843727.457664859	-9850.240076112126	545459331.841	0.15272108701766393	0.0	0.0	0.0	-0.09223334748938442	0.0	0.0	0.0	-0.05942698501315394	0.153540249424
530	1700.0	nan	nan	1	1	5.0	5.0	5.0	1.17	-1.83012056166e-19	-1.58093935045e-17	-1.13423005593e-18	0.909598707043	1.05324847839e-16	1.26401138532e-18	3.48706672618e-18	0.940647310749	467935972.852	-467051.242443	5793442.57215	-363066.968395	-7326.22202072	10417228.3655	4657732.94713	10772853.6016	-6423.21400749	546902338.7250918	-424377.01308822096	5443785.5724028	-424336.20334604254	-6656.828921193229	9788507.743762583	5443746.986188612	9788543.565306198	-6035.5478296305855	547253140.098	0.1570037488096647	0.0	0.0	0.0	-0.09475175800350548	0.0	0.0	0.0	-0.06118701225748486	0.157842844193
540	1750.0	nan	nan	1	1	5.0	5.0	5.0	1.175	-9.43356475225e-19	1.18134414604e-16	4.7248556589e-21	0.907324385105	3.46584904716e-17	6.6591348033e-19	-5.96820820842e-18	0.938996164614	467393562.066	-388274.071486	5851755.48585	-299763.921824	-12941.616887	10378623.9156	4676365.07056	10740955.373	-8901.64279615	548600658.5996445	-351914.129938748	5488905.088988237	-351846.2774928773	-11729.698636220402	9735075.528152736	5488858.139640624	9735118.161080992	-8349.677727015682	548952429.213	0.16126814759612232	0.0	0.0	0.0	-0.0972552466053941	0.0	0.0	0.0	-0.0629438843253464	0.162126596755
550	1800.0	nan	nan	1	1	5.0	5.0	5.0	1.18	5.73944231104e-19	8.22836392325e-17	-1.10733675986e-18	0.905069211416	-1.34372578833e-17	-2.98111922297e-18	-1.93956731005e-18	0.937350876651	466783099.163	-312188.27222	5915548.32553	-239408.709095	-3457.54294556	10341733.373	4699083.17449	10710610.5755	-4463.38428256	550213373.1755368	-282248.9837904488	5538997.994657337	-282199.3204873124	-3125.959780156236	9683437.149369521	5538971.759913055	9683448.16162647	-4179.270497003356	550556411.885	0.16551443847757333	0.0	0.0	0.0	-0.09974386150364177	0.0	0.0	0.0	-0.06469759869533422	0.166391631938
560	1850.0	nan	nan	1	1	5.0	5.0	5.0	1.185	-1.07334956285e-19	3.04385524761e-17	4.8909535259e-19	0.902832611106	-3.93495243696e-17	-9.88090402752e-19	4.86047192033e-19	0.935711756458	466106754.494	-238491.526721	5978191.09139	-181740.440324	13599.8866202	10306698.5595	4720539.94182	10682041.6925	10461.4232453	551742035.3212535	-215086.18540845517	5587843.122739476	-215130.63150822718	12265.206128468462	9633719.261131894	5587819.292905281	9633715.84560197	9778.341147292535	552068245.097	0.16974277458709455	0.0	0.0	0.0	-0.10221811250904636	0.0	0.0	0.0	-0.06644780243379021	0.170638166804
570	1900.0	nan	nan	1	1	5.0	5.0	5.0	1.19	-2.04187879847e-19	5.65775657119e-18	6.90795073155e-19	0.900614136953	-4.35081318858e-17	8.53650392155e-19	-6.31867553498e-18	0.934078815764	465352139.716	-164623.324926	6034249.31412	-124498.87846	-9119.54694098	10275351.4585	4736477.52003	10657159.5599	-2716.69074365	553171036.3202755	-148101.9868715187	5630377.688844353	-147993.6756290847	-8204.323548527602	9587623.345557738	5630321.545016845	9587623.782580474	-2534.8629389152106	553511582.467	0.17395330712343798	0.0	0.0	0.0	-0.10467837397715193	0.0	0.0	0.0	-0.06819445912722921	0.174866444565
580	1950.0	nan	nan	1	1	5.0	5.0	5.0	1.195	3.8614114483e-18	-8.62563296342e-17	-5.08352117251e-20	0.89841380962	5.8083292507e-17	7.31942345546e-19	1.42066863999e-18	0.932452088606	464560754.518	-87239.0476235	6080968.21961	-65627.9086614	9678.65128241	10247609.5088	4744943.07415	10635850.0385	10662.6549692	554548549.1826551	-78291.83721575925	5664067.359510001	-78340.37029630633	8686.011726547973	9545050.793822592	5664062.82092048	9545040.466961307	9931.641441901218	554872378.196	0.17814618538347404	0.0	0.0	0.0	-0.10712450432697665	0.0	0.0	0.0	-0.06993750829513065	0.179076493991
590	2000.0	nan	nan	1	1	5.0	5.0	5.0	1.2	-1.41613320869e-19	-1.72310853669e-17	-7.64367825558e-19	0.896231213183	-7.67574771706e-17	8.45524169817e-19	-1.63479344054e-18	0.930831499051	463706708.53	-12193.702438	6123318.43803	-9124.04959747	12387.4845074	10227964.1306	4749796.98608	10622821.0927	12387.9181895	555843130.3837711	-10916.496389189508	5693581.399494368	-10936.956909922483	11089.981126219222	9510161.347645797	5693560.12510503	9510154.007044744	11518.528931003391	556163284.33	0.1823215567939546	0.0	0.0	0.0	-0.10955684886903574	0.0	0.0	0.0	-0.07167700728967381	0.183268568347
600	2050.0	nan	nan	1	1	5.0	5.0	5.0	1.205	1.34837057291e-18	-5.48942994874e-17	-8.63814787522e-19	0.894066015112	-5.34401358229e-17	-8.84434745831e-19	4.48956413366e-18	0.929217204416	462804099.305	58986.6147922	6164655.35712	43743.3411763	12311.2456061	10217598.9485	4753776.20119	10619304.0958	11402.1693239	557070765.8058518	52680.414560510515	5722056.845304024	52653.24271021331	10995.062601411562	9484014.69650845	5722053.354417935	9484004.872658908	10583.537481261306	557390250.018	0.18647956694261839	0.0	0.0	0.0	-0.11197566412767954	0.0	0.0	0.0	-0.07341276295810646	0.187442818209
610	2100.0	nan	nan	1	1	5.0	5.0	5.0	1.21	3.13772767399e-19	-1.68338639723e-16	9.04737066786e-19	0.891917827935	1.10810676575e-16	-9.67152807087e-19	9.63817614857e-19	0.927609372856	461858268.385	128312.961991	6203881.20007	94557.9605748	13815.2526247	10215406.5742	4756033.90904	10624177.7089	12508.1420557	558237169.2952127	114319.42511964991	5748483.083226417	114289.97131562069	12308.590756788435	9465541.003494076	5748505.7390839225	9465527.638085585	11589.977417519387	558554706.396	0.1906203596086497	0.0	0.0	0.0	-0.11438127179464477	0.0	0.0	0.0	-0.07514456923611357	0.191599415094
620	2150.0	nan	nan	1	1	5.0	5.0	5.0	1.215	-1.28500192054e-18	7.58457653169e-17	-1.81053292476e-20	0.889786368228	-4.60393045603e-17	-2.20757961878e-18	4.15311503695e-18	0.926007964224	460863496.166	199419.163348	6233592.54715	146092.430508	-4605.56621667	10221977.844	4750902.52278	10638091.4152	-1564.55805107	559334799.6253113	177245.77431455645	5766023.2035340555	177307.55641261328	-4093.473949673545	9455247.674386818	5766013.435052749	9455243.51050324	-1447.2036722820394	559666469.756	0.19474407679251185	0.0	0.0	0.0	-0.1167738807680075	0.0	0.0	0.0	-0.07687244369907716	0.1957385426
630	2200.0	nan	nan	1	1	5.0	5.0	5.0	1.22	-1.50443639344e-18	7.83150781164e-17	1.01882181687e-18	0.887671581953	-1.46122513999e-17	1.03867415157e-19	-5.43314725637e-18	0.924412913913	459835607.121	274444.1943	6256434.72302	199735.932465	-12352.8053833	10230848.5864	4740599.60557	10654369.6267	-5487.17626344	560382129.4057515	243348.242151583	5777164.986537563	243409.69994550222	-10953.168396707828	9447121.699910758	5777167.449606279	9447174.2297325	-5066.835024661473	560718430.974	0.19885085874516517	0.0	0.0	0.0	-0.11915344454071834	0.0	0.0	0.0	-0.07859643063081191	0.199860288239
640	2250.0	nan	nan	1	1	5.0	5.0	5.0	1.225	2.59509719215e-19	-1.30536882776e-16	-3.27378234114e-19	0.885573434145	7.90342223235e-17	-1.04648273655e-18	6.02326783154e-18	0.922824003474	458778487.801	350259.435349	6273828.10138	253284.668519	-9128.42373301	10241220.2142	4726208.20978	10672049.3361	-4062.80675742	561383421.727291	309838.13662873494	5783249.734226524	309931.3016305477	-8074.968193147713	9440413.910750868	5783215.663226063	9440453.408521116	-3745.117928062822	561716986.239	0.20294084399669038	0.0	0.0	0.0	-0.12151989561555979	0.0	0.0	0.0	-0.0803167414538636	0.203964774289
650	2300.0	nan	nan	1	1	5.0	5.0	5.0	1.23	-3.01739605592e-18	-4.79144833042e-17	2.34522247271e-19	0.883491818568	2.09182859607e-17	-4.95307809863e-18	3.47440010946e-18	0.921241091537	457689960.332	428602.75374	6290776.10859	307851.573054	3197.13185206	10254295.4277	4711613.24304	10692440.0478	1301.87141233	562335566.6536149	378247.91638906044	5788907.167351694	378238.3355163667	2821.5135131783995	9436222.696989184	5788870.0485273255	9436227.68146915	1198.0100101665664	562660749.603	0.20701416938432612	0.0	0.0	0.0	-0.12387324751653549	0.0	0.0	0.0	-0.08203350549875094	0.208052132906
660	2350.0	nan	nan	1	1	5.0	5.0	5.0	1.235	-1.70417735032e-18	-2.11819646702e-17	9.33589126552e-20	0.881426570938	1.00088642361e-16	2.64062521307e-19	2.96355652421e-18	0.919664133631	456585767.97	509173.176085	6306203.40922	363399.771804	13070.1978837	10268986.8918	4695985.57366	10714461.2821	14901.8831533	563257498.7060428	448300.58872762905	5793151.40554682	448300.54034911713	11507.631747418849	9433535.83533253	5793104.5462485505	9433527.778499784	13689.514868584361	563571713.282	0.2110709700799406	0.0	0.0	0.0	-0.12621358074091626	0.0	0.0	0.0	-0.08374674773432512	0.212122494415
670	2400.0	nan	nan	1	1	5.0	5.0	5.0	1.24	4.85561637014e-19	8.6426900894e-17	2.15437536178e-19	0.879377310412	2.58669303713e-19	4.6721807975e-19	-8.765540307e-18	0.918093118254	455436436.826	591340.814639	6317524.40638	419427.712293	-3352.95026507	10287845.0226	4677434.10001	10740743.8115	2248.85354046	564112580.4516605	519432.8813269605	5793619.742922038	519511.4618924008	-2945.22646503697	9434686.469096074	5793562.408923623	9434653.194043564	2062.3588343862593	564439586.768	0.2151113796169455	0.0	0.0	0.0	-0.12854122378274882	0.0	0.0	0.0	-0.08545645749939451	0.216176077214
680	2450.0	nan	nan	1	1	5.0	5.0	5.0	1.245	-3.00431998479e-19	7.65785017558e-17	-4.46068725848e-19	0.877343822558	2.3685224962e-17	6.41151001512e-19	5.87738956743e-18	0.916528211291	454269272.706	672323.556337	6324878.06127	473863.948472	-10173.9325466	10308162.5229	4656101.83107	10768526.2441	-6379.40439039	564933985.2227296	589200.5440748543	5790458.8962324355	589302.1275003128	-8916.074017244026	9437176.623220285	5790376.59175243	9437154.867035104	-5840.378035300862	565267682.517	0.219135529916671	0.0	0.0	0.0	-0.1308563194733172	0.0	0.0	0.0	-0.08716243062565579	0.220212973275
690	2500.0	nan	nan	1	1	5.0	5.0	5.0	1.25	-1.43873840047e-18	1.7070493214e-16	6.43189174542e-19	0.875325908045	1.71119144486e-16	1.79324815868e-18	-2.78617591365e-18	0.914969501944	453099600.909	756344.69573	6331882.95471	529626.613052	16416.741968	10326778.7173	4634740.4456	10794448.3086	14962.8237871	565740511.0176255	661307.0220356203	5786994.669313028	661292.1973788077	14353.914033743862	9438110.877229152	5786940.493585676	9438083.59571807	13675.202481342067	566052542.409	0.22314355131420976	0.0	0.0	0.0	-0.1331589956357465	0.0	0.0	0.0	-0.08886454547085629	0.224233289103
700	2550.0	nan	nan	1	1	5.0	5.0	5.0	1.255	4.5108739606e-18	-1.15383939806e-16	-6.898289262e-19	0.873323106131	-1.93208202034e-16	3.31076062324e-18	-3.94424862356e-18	0.913416981071	451893122.944	841790.382327	6338093.5728	585792.474678	12411.4885728	10344276.8813	4612974.69776	10819176.2551	12270.5325609	566489285.6540661	734329.7995627616	5782823.937363801	734344.3475305787	10827.072994993685	9438032.316312756	5782784.929874182	9438030.770652777	11195.532000646492	566804026.86	0.22713557258374711	0.0	0.0	0.0	-0.13544968150069567	0.0	0.0	0.0	-0.0905627873475573	0.228237277922
