inc	time	elem	node	ip	grain	1_pos	2_pos	3_pos	1_f	2_f	3_f	4_f	5_f	6_f	7_f	8_f	9_f	1_p	2_p	3_p	4_p	5_p	6_p	7_p	8_p	9_p	1_Cauchy	2_Cauchy	3_Cauchy	4_Cauchy	5_Cauchy	6_Cauchy	7_Cauchy	8_Cauchy	9_Cauchy	Mises(Cauchy)	1_ln(V)	2_ln(V)	3_ln(V)	4_ln(V)	5_ln(V)	6_ln(V)	7_ln(V)	8_ln(V)	9_ln(V)	Mises(ln(V))
0	0.0	nan	nan	1	1	5.0	5.0	5.0	1.0	0.0	0.0	0.0	1.0	0.0	0.0	0.0	1.0	1.19526518912e-05	-9.31375453523e-08	-7.50356546148e-08	-9.31375453523e-08	1.20486386492e-05	-2.53958591e-07	-7.50356546148e-08	-2.53958591e-07	9.2969194927e-06	1.19526518912e-05	-9.31375453523e-08	-7.50356546148e-08	-9.31375453523e-08	1.20486386492e-05	-2.53958591e-07	-7.50356546148e-08	-2.53958591e-07	9.2969194927e-06	2.74835276602e-06	0.0	0.0	0.0	0.0	0.0	0.0	0.0	0.0	0.0	0.0
10	2.5	nan	nan	1	1	5.0	5.0	5.0	1.00025	1.95654064263e-22	7.35911959456e-20	-5.42527084258e-22	0.999928277702	-1.80152424934e-20	-8.68074354086e-22	1.53850424056e-21	0.999926453892	55092658.6346	1383015.53765	-353635.579062	1382570.70183	17.7054984817	303669.259024	-353521.190356	303668.70516	16.5180006665	55100662.72939399	1382771.567649508	-353572.55129982287	1382771.5675575049	17.70237515419159	303615.13665913785	-353572.55141189054	303615.13666989235	16.515056696268243	55158579.6277	0.0002499687552074404	0.0	0.0	0.0	-7.172487016656948e-05	0.0	0.0	0.0	-7.354881264720179e-05	0.000215072975772
20	5.0	nan	nan	1	1	5.0	5.0	5.0	1.0005	-4.29818555919e-21	-1.94743855396e-19	-1.32715959405e-21	0.999856528428	2.43391129165e-19	2.35539679424e-21	8.91287110026e-23	0.999852880026	110229601.365	2766995.78719	-707468.165251	2765216.19409	-218.818277954	607335.356001	-707010.577129	607333.139876	-232.188489871	110261640.13812092	2766019.9174779933	-707216.0733488136	2766019.917710295	-218.74110467788668	607118.9443903023	-707216.0732134839	607118.9443867814	-232.10575422160633	110377705.356	0.0004998750416509929	0.0	0.0	0.0	-0.00014348186503095587	0.0	0.0	0.0	-0.0001471307972053369	0.000430126074436
30	7.5	nan	nan	1	1	5.0	5.0	5.0	1.00075	4.63215973151e-21	4.74494942695e-19	6.4313292626e-23	0.999782587393	1.73548386175e-19	3.11640295779e-22	-6.05527227662e-21	0.999776003235	162347809.331	4153221.98263	-1025549.25683	4149207.20427	-441.562120958	832597.157175	-1024551.097	832591.771132	-1918.61396863	162419494.9084641	4151039.2199362195	-1025003.5200139757	4151039.309770419	-441.33005406423763	832154.0980839212	-1025003.4932308611	832154.1951332269	-1917.5929954573837	162595812.318	0.0007497188905459742	0.0	0.0	0.0	-0.0002174362445476705	0.0	0.0	0.0	-0.0002240218560227076	0.000646976466538
40	10.0	nan	nan	1	1	5.0	5.0	5.0	1.001	3.80534101047e-21	6.12080669462e-19	-2.24227984548e-21	0.999687540188	-4.88538556641e-19	8.4144947812e-22	2.72969602142e-21	0.999664915005	184917591.001	5165428.14984	-1170807.40407	5158655.67338	2698.09980681	622294.580972	-1169245.73832	622280.580762	2770.69277389	185037391.62952557	5161997.589894642	-1170003.3453290171	5161997.757757546	2696.307894725014	621867.2165775169	-1170003.2453456612	621867.300241352	2768.789984639027	185264758.119	0.0009995003330834232	0.0	0.0	0.0	-0.000312508637738053	0.0	0.0	0.0	-0.00033514114852165684	0.000882313581756
50	12.5	nan	nan	1	1	5.0	5.0	5.0	1.00125	1.2175323135e-20	-5.29175872184e-20	-9.92451298941e-21	0.999581315461	-3.04258535993e-19	-5.29023360758e-21	7.77880648045e-21	0.999539116434	193971621.797	5661738.90353	-1387242.15284	5652303.02159	-1862.60627989	784406.666173	-1384871.82056	784373.640303	-1203.80089608	194142345.74950767	5657277.911741162	-1386090.599712492	5657277.891128529	-1861.1386969685684	783755.5282676094	-1386090.7142761638	783755.6173901825	-1202.801617991499	194410560.918	0.0012492194004318981	0.0	0.0	0.0	-0.00041877221184369843	0.0	0.0	0.0	-0.0004609898054746914	0.0011263307065
60	15.0	nan	nan	1	1	5.0	5.0	5.0	1.0015	-1.26113830271e-20	-1.88194807993e-19	8.20852680867e-21	0.999472214685	-7.82955401103e-20	2.58491873471e-20	5.94660142364e-21	0.999410775888	200176990.095	5901052.57755	-1555720.43188	5889104.34025	-120.298572618	955283.977938	-1552475.15398	955225.255148	-187.137430995	200400777.3310549	5895688.137773358	-1554210.6359105094	5895688.045912265	-120.18921340800412	954356.8936945497	-1554210.7386922499	954356.8933960876	-186.9558178122795	200685798.265	0.0014988761237359487	0.0	0.0	0.0	-0.0005279246426946804	0.0	0.0	0.0	-0.0005893977727469623	0.00137215063631
70	17.5	nan	nan	1	1	5.0	5.0	5.0	1.00175	-1.19991336645e-20	-1.26956274951e-18	9.94560609503e-21	0.999361068308	-2.90686570092e-19	-5.62482816536e-23	-1.38114346878e-20	0.999282122907	205140955.353	6051045.7958	-1698164.76303	6036615.38466	-4733.72250964	1102540.55103	-1693981.53049	1102453.72738	-4155.04970578	205419576.21791726	6044814.398399977	-1696281.9745511909	6044814.269162378	-4728.847698386799	1101318.1427619143	-1696282.2831523188	1101318.4149857012	-4150.442920923057	205720481.381	0.001748470534116803	0.0	0.0	0.0	-0.0006391358958399347	0.0	0.0	0.0	-0.0007181348901456843	0.00161871331787
80	20.0	nan	nan	1	1	5.0	5.0	5.0	1.002	-1.13558456419e-20	7.79734566593e-19	-9.27848493101e-21	0.999248556259	-9.01791890215e-19	-9.22595896211e-21	8.57786295217e-22	0.999153589834	209417794.333	6183221.7969	-1814885.82318	6166242.83329	-2740.34558433	1231800.61067	-1809730.42397	1231683.67785	-2735.84530017	209752815.27939472	6176107.557048944	-1812625.382585348	6176107.422477791	-2737.1926203248145	1230266.4028045174	-1812625.581954491	1230266.5374994387	-2732.4378043935676	210062422.167	0.001998002662673058	0.0	0.0	0.0	-0.0007517262163657082	0.0	0.0	0.0	-0.0008467685733380798	0.00186564051218
90	22.5	nan	nan	1	1	5.0	5.0	5.0	1.00225	-2.77601813573e-21	4.71003516727e-19	2.51462906216e-21	0.999135122405	-6.78994100946e-19	-4.72452478666e-20	-3.50435066508e-20	0.99902521591	213262311.511	6317940.28228	-1906706.99769	6298304.662	-2056.68042102	1344138.47921	-1900572.39336	1343990.88547	-2013.83953763	213655184.64194173	6309907.626977965	-1904073.3283404647	6309907.437261381	-2054.0655490600943	1342281.8665691928	-1904073.6394145435	1342282.1299215604	-2011.0578897566957	213974608.103	0.00224747254047937	0.0	0.0	0.0	-0.0008652518174133145	0.0	0.0	0.0	-0.0009752595009843914	0.00211277366037
100	25.0	nan	nan	1	1	5.0	5.0	5.0	1.0025	-4.10550417525e-21	3.624522172e-19	-6.34207647451e-20	0.9990211352	3.16841772907e-18	9.72847118424e-21	2.27937889595e-20	0.998896917218	216819914.968	6453928.79257	-1985013.42697	6431532.21628	-1311.089623	1442749.21545	-1977879.16436	1442570.04633	-1309.18837089	217272029.34054017	6444943.513272823	-1982003.382142265	6444943.291332144	-1309.2642997240641	1440561.4520048364	-1982003.4515477656	1440561.6735715435	-1307.2031371224161	217601300.025	0.002496880198587146	0.0	0.0	0.0	-0.0009793442010197068	0.0	0.0	0.0	-0.001103691625589739	0.00236002428516
110	27.5	nan	nan	1	1	5.0	5.0	5.0	1.00275	-7.75750657968e-21	2.20321985997e-19	-1.91194526786e-20	0.998906821	-8.88158712949e-19	-3.58086487174e-20	9.88480832001e-21	0.998768635287	220171377.25	6586840.06964	-2051656.00576	6561594.73075	-31.9292417223	1530395.54334	-2043510.14528	1530184.41084	-132.877361312	220684069.95409307	6576874.466956946	-2048268.5490058193	6576874.108967502	-31.88093416759976	1527868.7314839673	-2048268.6781797402	1527869.30834639	-132.65796960413545	221022284.471	0.0027462256680252286	0.0	0.0	0.0	-0.001093776955984748	0.0	0.0	0.0	-0.001232123465459509	0.00260734099279
120	30.0	nan	nan	1	1	5.0	5.0	5.0	1.003	-3.76131432237e-20	-2.73119632026e-19	4.18139799646e-20	0.998792267535	3.7210322809e-18	1.47188518198e-20	-3.82984623612e-21	0.9986403696	223363503.462	6713323.87997	-2111474.8757	6685160.10647	21.9812922108	1608308.3863	-2102297.1692	1608064.27674	-62.5715976869	223938066.01481682	6702356.875687251	-2107704.941191596	6702356.481872555	21.94538318420091	1605436.8308032013	-2107704.951624583	1605437.3145785942	-62.45987917768139	224285734.685	0.002995508979798371	0.0	0.0	0.0	-0.001208462361592177	0.0	0.0	0.0	-0.0013605555360689985	0.00285469614804
130	32.5	nan	nan	1	1	5.0	5.0	5.0	1.00325	3.62238933849e-20	1.24249807195e-18	5.71168212968e-21	0.998677555997	-1.52253593243e-18	-8.35617854801e-21	-4.75976268075e-20	0.998512108446	226429347.737	6832115.90274	-2166433.28022	6800977.24958	-17.1138554506	1678753.99518	-2156202.15838	1678476.30965	-35.5473189095	227067035.51152736	6820131.071925445	-2162274.6680497346	6820130.685697005	-17.083834492954836	1675531.51569772	-2162274.6210247516	1675531.9429437318	-35.479083476455784	227423485.202	0.0032447301648890294	0.0	0.0	0.0	-0.0013233192037582588	0.0	0.0	0.0	-0.0014889995638400237	0.00310206820474
140	35.0	nan	nan	1	1	5.0	5.0	5.0	1.0035	2.53489498717e-20	-2.76884803078e-18	3.60774824165e-20	0.998562759381	-1.93989983666e-18	-4.01381120435e-20	-1.26757157068e-20	0.998383826233	229392517.774	6943329.75927	-2216766.20303	6909168.02017	-21.5065493227	1742721.92565	-2205464.31046	1742410.10031	-34.9787365014	230094557.33483118	6930313.455048278	-2212214.0659064683	6930313.039761999	-21.46623209761815	1739143.240102151	-2212213.977846578	1739143.6934517694	-34.906907544090586	230459023.568	0.003493889254255838	0.0	0.0	0.0	-0.001438274439983047	0.0	0.0	0.0	-0.0016174811846880863	0.00334944312215
150	37.5	nan	nan	1	1	5.0	5.0	5.0	1.00375	1.74663322244e-20	1.97572347802e-18	1.72872476217e-20	0.998447908093	-7.43032356019e-19	2.5542510135e-20	1.31687153518e-20	0.998255524208	232268702.576	7046828.22598	-2263736.39679	7009604.45254	-17.2483032987	1801369.70899	-2251344.72	1801022.9838	-34.716849936	233036291.52134678	7032769.842674005	-2258784.9419925036	7032769.411182082	-17.213893029091242	1797429.5856168498	-2258784.841290863	1797429.9529161449	-34.64091401280098	233408019.11	0.003742986278834297	0.0	0.0	0.0	-0.0015532976494205437	0.0	0.0	0.0	-0.0017459991618067163	0.00359681088649
160	40.0	nan	nan	1	1	5.0	5.0	5.0	1.004	-8.27180612553e-22	2.30537449427e-18	1.46584676351e-20	0.998333013814	-2.55281006488e-18	8.8470275235e-20	5.73947539826e-20	0.998127213779	235069524.294	7143588.78507	-2307823.9894	7103267.11256	-8.26087911476	1855654.94446	-2294324.48924	1855272.68504	-30.7928345794	235903833.70500964	7128478.388083972	-2302467.653285683	7128478.048000156	-8.243405381794657	1851348.0685282245	-2302467.5121139	1851348.3400599419	-30.721366056376947	236282162.033	0.003992021269537457	0.0	0.0	0.0	-0.0016683771535026357	0.0	0.0	0.0	-0.0018745420776862406	0.00384416382442
170	42.5	nan	nan	1	1	5.0	5.0	5.0	1.00425	-2.62547126424e-21	9.90363908665e-19	3.80147394111e-20	0.998218086409	4.72019036025e-19	-2.82250568615e-20	1.25102795843e-20	0.997998902337	237803985.443	7235181.07913	-2348251.87518	7191723.49586	-3.34084378898	1906524.03961	-2333634.72685	1906105.60365	-26.4753865077	238706162.36722937	7219007.631239312	-2342488.151982616	7219007.340457123	-3.333375701816799	1901844.5259046706	-2342488.0326355295	1901844.7151777393	-26.410403359602803	239090556.17	0.004240994257254614	0.0	0.0	0.0	-0.001783503087533641	0.0	0.0	0.0	-0.0020031025340032063	0.00409149624663
180	45.0	nan	nan	1	1	5.0	5.0	5.0	1.0045	-8.3288815878e-21	-7.51490691372e-19	7.04104409211e-20	0.998103140401	-4.57434683773e-18	-1.55195626527e-20	-8.71186621141e-21	0.997870587854	240478475.342	7321974.26845	-2385348.72943	7275346.1245	-12.1606204812	1954019.08942	-2369606.11016	1953563.96951	-7.23153808275	241449641.95083058	7304727.766023217	-2379175.7093501813	7304727.436959466	-12.131976817225075	1948962.3029943858	-2379175.7081333552	1948962.4584276397	-7.212823657793152	241839591.877	0.004489905272852001	0.0	0.0	0.0	-0.0018986609154260418	0.0	0.0	0.0	-0.0021316825677252463	0.00433880430439
190	47.5	nan	nan	1	1	5.0	5.0	5.0	1.00475	1.98903850095e-20	-2.02009727179e-18	-2.46929956459e-20	0.997988194819	1.19502783096e-19	-6.67964888249e-20	1.6977054892e-20	0.997742261277	243098228.127	7404749.52073	-2419420.64541	7354916.461	-15.7374131469	1998798.73282	-2402546.19571	1998306.32561	3.45344853259	244139483.45693487	7386419.846450057	-2412836.885201146	7386419.553495767	-15.698456845112286	1993359.5746531	-2412836.949579217	1993359.7296505503	3.4440509616984496	244534565.566	0.00473875434717347	0.0	0.0	0.0	-0.0020138315793114436	0.0	0.0	0.0	-0.0022602912577651645	0.00458608519686
200	50.0	nan	nan	1	1	5.0	5.0	5.0	1.005	-4.86092686967e-20	9.59065048648e-19	1.75585628627e-20	0.997873263279	-1.19114256362e-18	-4.54949336904e-21	5.62482816536e-23	0.997613916444	245666883.586	7484173.90967	-2451172.96632	7431101.33626	-9.48172689879	2041449.91729	-2433158.58728	2040919.50293	12.1011279603	246779301.92445183	7464750.732574626	-2444176.19520724	7464750.533419518	-9.457119605729908	2035622.68355101	-2444176.3125563674	2035622.8407437308	12.066585794688763	247179173.866	0.004987541511038968	0.0	0.0	0.0	-0.002129001437080568	0.0	0.0	0.0	-0.002388934789792931	0.00483333681602
210	100.0	nan	nan	1	1	5.0	5.0	5.0	1.01	-4.31126535263e-21	7.30688339737e-19	5.40281288895e-20	0.995582397923	5.6408092948e-19	5.05572790392e-21	4.35163176652e-20	0.995043879242	289121775.957	8747747.14266	-2820411.7955	8622875.7953	2341.33443284	2619804.30561	-2778647.84189	2618390.86805	340.818104506	291851117.60471654	8704275.223932559	-2804877.7600561795	8704276.69965353	2329.699174239325	2605375.159836269	-2804878.5858528344	2605378.777833372	338.9409741792375	292314137.972	0.009950330853168092	0.0	0.0	0.0	-0.00442738851341192	0.0	0.0	0.0	-0.004968443055206193	0.00977049264231
220	150.0	nan	nan	1	1	5.0	5.0	5.0	1.015	1.05587950831e-19	-7.82043848068e-19	7.48631541585e-20	0.993307209157	1.46656773413e-17	-7.55315160934e-20	-1.1164953036e-19	0.992476526942	322852557.792	9717818.41606	-2991193.82359	9510131.00502	-2449.42848346	3005998.12835	-2924817.30468	3003485.45021	-777.392507081	327491777.1171056	9646782.645348368	-2966845.4649188262	9646786.523082208	-2431.523534769202	2981529.26243542	-2966845.3717799564	2981530.4295827113	-771.064521431453	328000258.139	0.014888612493750559	0.0	0.0	0.0	-0.00671528800301076	0.0	0.0	0.0	-0.007551917136739644	0.0146894204944
230	200.0	nan	nan	1	1	5.0	5.0	5.0	1.02	1.29476926922e-19	-2.53353510224e-18	-2.98188684658e-19	0.99104608308	-3.06353817572e-17	1.21813925727e-19	3.02020185255e-20	0.989918679985	349765417.599	10524012.8783	-3115746.10714	10225282.8566	7898.79293625	3314470.25128	-3023853.17916	3310691.76067	7577.54671308	356519671.95785934	10422734.607618662	-3082251.2679958865	10422741.375452029	7822.778577629822	3278839.0913275997	-3082246.24058984	3278831.182375671	7496.086703331453	357053873.426	0.01980262729617973	0.0	0.0	0.0	-0.008994244138965568	0.0	0.0	0.0	-0.010132480656586501	0.0195883529735
240	250.0	nan	nan	1	1	5.0	5.0	5.0	1.025	7.78343869188e-20	-6.14015176081e-18	-3.17392509759e-19	0.988798168128	-1.81784520137e-18	4.46796644787e-19	1.42314770029e-19	0.987373749642	371529930.439	11223604.0599	-3220863.00836	10827203.1604	-4003.38708452	3577833.59426	-3102626.62215	3572680.58386	-4668.43732978	380543734.8295337	11089881.236345218	-3177903.7171547273	11089885.338573629	-3955.689016959211	3530113.0936175077	-3177900.4215875776	3530114.137931992	-4606.170552769295	381121281.384	0.024692612590371414	0.0	0.0	0.0	-0.011265044901786246	0.0	0.0	0.0	-0.01270663884396932	0.0244664638196
250	300.0	nan	nan	1	1	5.0	5.0	5.0	1.03	-1.13270804361e-19	-2.44518576081e-17	-4.60110943926e-20	0.986564398636	2.61528966352e-17	3.83282408633e-20	-1.42963279629e-19	0.984842746255	389358598.324	11821917.6731	-3323072.20752	11323392.1659	6338.19078484	3810410.79283	-3177369.41475	3803746.67764	6064.3209495	400735152.0238948	11654236.189004395	-3270221.083471024	11654247.01177946	6248.290206383071	3749808.891663457	-3270208.031713653	3749794.526587408	5967.872194023204	401329660.814	0.02955880224154443	0.0	0.0	0.0	-0.013526675735257466	0.0	0.0	0.0	-0.015273299027303438	0.0293232043481
260	350.0	nan	nan	1	1	5.0	5.0	5.0	1.035	-4.59647722783e-20	-2.22921535488e-17	-6.87552525154e-21	0.984344738495	2.9555825031e-18	2.38386835093e-19	5.59200563865e-19	0.982326669091	404100177.585	12317091.18	-3414458.10005	11714272.1187	-5915.04737891	4017644.53334	-3240681.4793	4009404.82043	-5709.42923873	417913001.2408122	12114677.899784643	-3351461.337036852	12114685.639918424	-5817.842273816788	3943518.978677553	-3351453.422202232	3943516.148376303	-5604.090250769553	418541153.709	0.03440142671733232	0.0	0.0	0.0	-0.015779099287028805	0.0	0.0	0.0	-0.017831369030236674	0.0341583305368
270	400.0	nan	nan	1	1	5.0	5.0	5.0	1.04	-2.56591426014e-19	1.57993945452e-17	-9.34131757034e-19	0.982138934654	-1.43002918124e-17	-3.18643206845e-19	3.72429798996e-19	0.979826675645	416404016.002	12721608.8549	-3499092.75779	12013838.1368	-6177.6762551	4207942.65993	-3296630.74358	4198036.62687	-6144.26534717	432705805.96618325	12484163.281819541	-3425698.898996465	12484167.572741048	-6062.371509023653	4119680.5957973376	-3425690.454596457	4119681.3477500975	-6015.388699851558	433351157.026	0.03922071315328133	0.0	0.0	0.0	-0.018022499317489452	0.0	0.0	0.0	-0.020379584546108408	0.0389716042227
280	450.0	nan	nan	1	1	5.0	5.0	5.0	1.045	-3.25922396236e-19	2.49775920988e-17	4.1134037501e-20	0.979947583423	5.66417019878e-17	-1.13065663569e-19	-2.37513332366e-19	0.977342597726	426744915.973	13064851.1665	-3578310.84285	12251548.6835	-6442.6741358	4381300.29136	-3346627.36203	4369653.80902	-6642.85555417	445572810.3678782	12792085.343650116	-3494289.858124707	12792084.390318453	-6308.1650403948815	4278424.610340605	-3494279.845264967	4278424.892471556	-6486.877135982969	446232324.741	0.04401688541677426	0.0	0.0	0.0	-0.020256195051024405	0.0	0.0	0.0	-0.022918025432834898	0.0437629891937
290	500.0	nan	nan	1	1	5.0	5.0	5.0	1.05	-1.04619156898e-18	1.34661695001e-17	8.46106504968e-19	0.977771250785	-4.38881518941e-18	2.04082000729e-20	5.39454108283e-19	0.97487420486	435489085.134	13348989.812	-3638852.97311	12430740.5344	6640.23118217	4539600.76118	-3378490.50725	4526117.8832	6642.66995985	456868727.51881117	13040988.844608858	-3544360.971262387	13041007.924045533	6487.0212646696655	4421718.569543598	-3544352.1127670673	4421686.858367036	6470.176268360518	457525583.065	0.04879016416943205	0.0	0.0	0.0	-0.022479531207860958	0.0	0.0	0.0	-0.025446836964580787	0.048532478747
300	550.0	nan	nan	1	1	5.0	5.0	5.0	1.055	-5.9408773338e-19	2.32526822936e-17	-5.80204333979e-19	0.975610060975	3.52631594994e-17	-3.45695321598e-20	-1.20861013661e-18	0.972421347864	442905517.957	13586996.542	-3692993.32183	12564547.5757	-6099.62811327	4679811.62936	-3403922.32525	4664513.10204	-6308.23733202	466853195.92713356	13243919.147132961	-3587978.1724801534	13243906.326006873	-5945.609930054026	4546734.996298866	-3587970.68855883	4546732.178314565	-6128.854260396121	467530091.331	0.05354076692802976	0.0	0.0	0.0	-0.02469230009104553	0.0	0.0	0.0	-0.02796608299258547	0.0532801756205
310	600.0	nan	nan	1	1	5.0	5.0	5.0	1.06	-3.455629727e-20	-5.02359359149e-18	6.29689586945e-19	0.973464256271	1.22475140821e-17	-7.98328552787e-20	9.4232415382e-21	0.969983962298	449234357.104	13786616.6362	-3736861.2815	12661107.518	-9296.25682504	4800788.73136	-3419518.04456	4783632.00463	-9075.32458873	475760519.78497463	13408718.71614187	-3621438.3927234453	13408714.179050699	-9041.441868534617	4652503.616650824	-3621432.0133073363	4652510.306495116	-8795.009077474082	476445401.927	0.058268908123975824	0.0	0.0	0.0	-0.02689417156609421	0.0	0.0	0.0	-0.030475741334793506	0.0580061119229
320	650.0	nan	nan	1	1	5.0	5.0	5.0	1.065	4.87613044933e-19	2.42576736506e-17	6.51103638643e-19	0.971333992958	9.95222684865e-18	3.18418213719e-19	1.15196480827e-19	0.967561837835	454654456.345	13951266.6577	-3777694.66367	12724261.0989	-4371.42585076	4910339.17557	-3432071.35732	4891277.16066	-4157.61900005	483764654.1383345	13538959.875226865	-3651814.0673674755	13538958.39746104	-4242.235536248108	4746716.522470793	-3651816.8687917073	4746723.494116539	-4019.078539393353	484447880.279	0.06297479916138839	0.0	0.0	0.0	-0.02908490180335779	0.0	0.0	0.0	-0.03297594104574656	0.0627103983481
330	700.0	nan	nan	1	1	5.0	5.0	5.0	1.07	-6.57906372e-19	-3.21069559192e-17	1.07810088829e-18	0.969218916218	2.17357918688e-18	-1.31374810119e-18	1.3293123316e-19	0.965155194583	459299262.828	14079179.7407	-3811790.1505	12753098.8009	4196.74706138	5024710.34832	-3438274.74302	5003618.3994	4246.62096007	490994598.3399974	13633156.596003493	-3675558.3715832033	13633164.975670997	4063.7956852141656	4845129.310994668	-3675543.296188255	4845105.64123766	4094.8485106606886	491670858.905	0.06765864847381486	0.0	0.0	0.0	-0.03126477287777152	0.0	0.0	0.0	-0.03546636717177553	0.0673931508858
340	750.0	nan	nan	1	1	5.0	5.0	5.0	1.075	7.28567448647e-19	-3.1627905848e-17	8.22005770641e-19	0.967118778362	1.45716004358e-17	-1.37920786615e-18	7.12725285555e-19	0.962764051538	463276495.438	14176318.4337	-3847342.93867	12753661.4939	2095.4493928	5141123.91631	-3445628.44815	5117924.71289	1962.19558606	497554415.57605416	13697305.108676359	-3700604.045700219	13697307.447149502	2024.644819260189	4945039.802123759	-3700571.183069949	4944991.6523491	1887.3568174140892	498232617.574	0.07232066157962608	0.0	0.0	0.0	-0.033433959260262304	0.0	0.0	0.0	-0.03794691118407158	0.072054522824
350	800.0	nan	nan	1	1	5.0	5.0	5.0	1.08	7.64553114015e-19	-1.71537803755e-17	-8.8718760291e-19	0.965033525513	6.8718194824e-19	-4.01493616999e-19	5.15419548404e-19	0.960388324755	466688770.62	14258902.0917	-3880941.83757	12741035.5761	922.538490936	5256114.20228	-3451090.31733	5230760.49011	861.314924388	503544756.79944414	13747238.259391082	-3723668.2140202587	13747238.126207864	889.4342886145834	5043112.265899157	-3723634.558903566	5043060.838268105	826.410479836784	504223474.934	0.0769610411361284	0.0	0.0	0.0	-0.035592436782372616	0.0	0.0	0.0	-0.04041757135720284	0.0766946412529
360	850.0	nan	nan	1	1	5.0	5.0	5.0	1.085	-9.50397436599e-19	2.64752323763e-17	-9.06828179375e-19	0.962962622854	4.50080220946e-17	4.71241486249e-19	-1.7454702065e-18	0.958028310128	469611533.287	14328892.535	-3911392.07445	12717208.3603	-5370.04364694	5372444.6303	-3453627.87444	5344901.44727	-5472.28552745	509038910.87816626	13784929.346248448	-3743623.655076732	13784912.495284805	-5166.182388381975	5142008.374706121	-3743585.596116535	5141994.654039607	-5237.566870811991	509722812.054	0.08157998699242285	0.0	0.0	0.0	-0.037740681172986526	0.0	0.0	0.0	-0.04287795016607005	0.0813136472158
370	900.0	nan	nan	1	1	5.0	5.0	5.0	1.09	6.13000390906e-19	-2.92339525111e-17	1.11186309217e-18	0.960906003573	-1.43498895619e-17	-5.79648468608e-19	2.72691669457e-19	0.955683875014	472108000.13	14390847.6801	-3938511.18914	12686459.4785	-4951.34901248	5486401.51012	-3453152.34862	5456631.03305	-5070.95036939	514098331.9158484	13814832.38937881	-3760318.911656305	13814821.299403794	-4753.163832267948	5238177.160021926	-3760283.371152362	5238221.181126758	-4841.522508979195	514780838.437	0.08617769624105241	0.0	0.0	0.0	-0.03987868585393111	0.0	0.0	0.0	-0.04532809528720918	0.0859116868722
380	950.0	nan	nan	1	1	5.0	5.0	5.0	1.095	-4.39563777511e-19	-3.94744881991e-17	2.4855123046e-19	0.958863336823	1.22526306905e-16	1.26102030022e-19	1.13174189665e-18	0.953355110222	474235084.234	14451900.4552	-3965058.57065	12655178.472	3341.24275156	5595988.33323	-3452169.50075	5563910.58959	2330.33094084	518778857.2484028	13843826.36226207	-3776406.831223491	13843849.27273598	3200.657562661934	5329739.319737816	-3776423.567479438	5329805.054789189	2219.457172496954	519453221.938	0.09075436326846412	0.0	0.0	0.0	-0.04200672017334002	0.0	0.0	0.0	-0.047767821207033254	0.0904889080417
390	1000.0	nan	nan	1	1	5.0	5.0	5.0	1.1	-7.95416877031e-20	-2.19990073572e-17	5.13566663832e-19	0.956834280666	-1.2327995447e-17	-3.03820130268e-19	3.02920157762e-18	0.951042010099	476030499.843	14513123.5512	-3990200.32396	12624236.3591	-6302.45485923	5710741.1109	-3449873.30516	5676216.07556	-6657.12637819	523116419.2315963	13872939.93620289	-3791100.4165097047	13872945.792094769	-6024.449347811099	5425790.999542085	-3791112.903045448	5425834.376958925	-6324.954271986765	523799636.993	0.09531017980432493	0.0	0.0	0.0	-0.04412506797232509	0.0	0.0	0.0	-0.05019704275521451	0.0950454967281
400	1050.0	nan	nan	1	1	5.0	5.0	5.0	1.105	4.51289889874e-19	4.04596669261e-17	3.43154222756e-19	0.954818875934	5.96113465613e-17	5.00172955354e-19	8.27974705941e-20	0.948744364782	477533430.607	14572963.6675	-4009369.55882	12592333.9459	-5345.92264394	5828173.02267	-3442388.64829	5791047.2143	-5650.21561059	527149228.411071	13900691.169910137	-3800080.6566211823	13900679.403823122	-5099.307277994645	5523942.665292229	-3800053.3649140983	5523897.589608309	-5355.274621744106	527831762.903	0.09984533496971612	0.0	0.0	0.0	-0.046233615196747006	0.0	0.0	0.0	-0.052615889913652215	0.0995815893351
410	1100.0	nan	nan	1	1	5.0	5.0	5.0	1.11	-5.15896004437e-20	-4.30499201486e-17	2.99399677075e-19	0.952816967239	-1.39293112338e-17	-3.39977849204e-19	1.96712814088e-18	0.946462015639	478775583.354	14620781.2588	-4021373.00467	12550373.0919	-7721.34683153	5947839.42477	-3428881.13767	5908134.74034	-7844.37502564	530908065.0455144	13916961.051030649	-3802260.7566107973	13916946.739728205	-7349.653976337696	5623759.94595939	-3802242.0385741526	5623726.913776517	-7416.959154371289	531592427.461	0.10436001532424286	0.0	0.0	0.0	-0.048332453334070144	0.0	0.0	0.0	-0.0550244405284314	0.104097366222
420	1150.0	nan	nan	1	1	5.0	5.0	5.0	1.115	2.12175466715e-18	8.15926721058e-17	3.82832422379e-19	0.950828298548	2.25712839922e-17	-3.01173152308e-19	-1.42322710962e-18	0.944194962371	479786559.706	14654512.5325	-4016722.17357	12496809.8099	-6220.72912288	6061481.70948	-3401418.76843	6019264.48659	-7686.65630037	534421965.78184193	13919858.812062064	-3788740.213953238	13919876.514884053	-5908.874205575369	5717442.85924501	-3788753.2860143185	5717509.307796693	-7250.375449832276	535103999.89	0.10885440491208208	0.0	0.0	0.0	-0.050421781057219985	0.0	0.0	0.0	-0.05742260622521336	0.108592980541
430	1200.0	nan	nan	1	1	5.0	5.0	5.0	1.12	1.17455014771e-18	6.90095212183e-17	6.99543335314e-19	0.948852640767	-1.54806917814e-17	-2.47034512089e-18	-8.17916189692e-20	0.941943121288	480589517.071	14670082.512	-4011027.71506	12428350.176	-4531.71185566	6170529.7442	-3373307.22537	6125565.25433	-4500.03740293	537713380.8137584	13905603.91717967	-3774321.313680892	13905609.576762639	-4295.557988855879	5806382.699075309	-3774265.4973666617	5806353.449333	-4234.472631158521	538390417.76	0.11332868530700327	0.0	0.0	0.0	-0.05250177086224063	0.0	0.0	0.0	-0.05981038702706932	0.113068606933
440	1250.0	nan	nan	1	1	5.0	5.0	5.0	1.125	8.06684731335e-19	-1.23510373902e-17	-7.00919763853e-19	0.946889826882	-7.26722769706e-17	4.32780896488e-20	4.56974275044e-19	0.939706405349	481208956.225	14678304.5465	-4012066.92423	12354404.8122	-2864.49165898	6273700.09674	-3351200.87093	6226084.0358	-2962.54936931	540806700.7501185	13884530.045600155	-3766311.1474858955	13884498.240912326	-2709.5854550837216	5889409.886867739	-3766247.205322528	5889389.376520972	-2781.080905511312	541479275.534	0.11778303565638346	0.0	0.0	0.0	-0.0545725316537328	0.0	0.0	0.0	-0.06218778723984605	0.117524400109
450	1300.0	nan	nan	1	1	5.0	5.0	5.0	1.13	-9.0436483551e-19	-1.5389937495e-16	1.81805034216e-18	0.944939548239	-1.68204226182e-16	-1.1602233795e-18	-1.57696358955e-18	0.93748483971	481659058.587	14683521.5955	-4021339.70009	12278800.9106	-19.0138541279	6372387.14224	-3336224.99208	6322213.28328	-851.623962198	543715173.8875967	13860775.500852037	-3766069.1690031798	13860780.261920828	-17.948471133037582	5967874.524205262	-3766058.4169606683	5967967.45372749	-797.5637441289679	544382581.615	0.12221763272424911	0.0	0.0	0.0	-0.056634323652029896	0.0	0.0	0.0	-0.06455469224432285	0.121960518122
460	1350.0	nan	nan	1	1	5.0	5.0	5.0	1.135	9.86407090205e-19	6.20906914073e-18	1.02935678915e-18	0.943001594033	1.19613784116e-16	4.22616501121e-19	-2.60568510399e-19	0.935278312195	481953453.476	14697144.0079	-4038623.89117	12210940.3159	-3437.55103791	6469687.60305	-3327950.77073	6416764.51975	-3988.15298802	546451730.9169431	13845104.06023544	-3773332.895158417	13845091.10500506	-3238.265326014391	6044703.768370684	-3773319.697069756	6044764.374507851	-3726.177348062135	547120362.033	0.126632650933366	0.0	0.0	0.0	-0.058687305965166595	0.0	0.0	0.0	-0.06691113388382472	0.126377137887
470	1400.0	nan	nan	1	1	5.0	5.0	5.0	1.14	-6.07178693755e-19	7.51784092336e-18	-2.57339197288e-18	0.94107559027	1.49111097699e-16	-4.48292187334e-19	-2.85709507065e-18	0.93308694003	482107999.0	14705737.566	-4061439.74456	12139617.3394	-9733.29942362	6564759.65344	-3324243.32813	6509032.17476	-10499.7028117	549032075.6148595	13824831.579276092	-3785738.8709597094	13824784.734635614	-9150.253405399146	6119127.04892984	-3785699.9221704733	6119126.848026753	-9786.956244031135	549704756.573	0.131028262406404	0.0	0.0	0.0	-0.06073181289931872	0.0	0.0	0.0	-0.0692568991641912	0.130774402458
480	1450.0	nan	nan	1	1	5.0	5.0	5.0	1.145	6.92846481074e-20	-6.71771771951e-17	1.38034606667e-18	0.939161381889	-1.35364864696e-16	7.40253856341e-19	-1.30167788169e-18	0.930910674487	482144701.163	14706476.4356	-4079659.59628	12062667.1269	-3040.75266603	6659046.83181	-3316871.32009	6600569.04698	-3864.18273619	551479231.512562	13797332.628406554	-3793833.0410271953	13797331.75764114	-2852.775520884399	6192504.86371568	-3793852.0162454145	6192526.610758616	-3593.4527857403073	552143295.138	0.13540463700620298	0.0	0.0	0.0	-0.06276794884460538	0.0	0.0	0.0	-0.07159195207937362	0.135152444553
490	1500.0	nan	nan	1	1	5.0	5.0	5.0	1.15	9.28877505783e-19	-4.61013034015e-17	-9.72605581685e-19	0.937258710038	1.12670575638e-16	2.11265898913e-18	1.45054392217e-18	0.928749417817	482064511.577	14699991.7258	-4087814.77607	11980593.698	-4553.18212011	6753097.74632	-3301376.49167	6691830.46136	-5803.56708174	553792565.7411581	13763240.391300386	-3792572.431004218	13763227.874653455	-4263.032335892233	6265355.389021026	-3792599.7742885957	6265396.131881967	-5384.404558772946	554455358.296	0.13976194237515863	0.0	0.0	0.0	-0.06479593022391403	0.0	0.0	0.0	-0.07391630979612475	0.139511449165
500	1550.0	nan	nan	1	1	5.0	5.0	5.0	1.155	-5.85624021353e-19	1.16327058053e-16	-5.9080548071e-19	0.935367222831	-2.20620424903e-16	-1.81010940828e-18	9.87375718702e-19	0.926603291495	481883622.526	14693094.1518	-4096860.12186	11899051.3643	-3817.85956788	6846251.939	-3286746.2972	6782157.70763	-4695.74872985	555988976.0149043	13728953.646816095	-3792163.071350539	13728919.337218093	-3567.336906439064	6337073.516791406	-3792190.9415014596	6337121.904445291	-4346.510350857135	556648193.037	0.14410034397375687	0.0	0.0	0.0	-0.06681607510929702	0.0	0.0	0.0	-0.07622975377732015	0.143851547831
510	1600.0	nan	nan	1	1	5.0	5.0	5.0	1.16	3.44179926716e-19	-7.20982798e-17	-1.14942370942e-18	0.933487093965	-1.07161102772e-16	1.44249710917e-18	-1.3160774418e-19	0.924471880755	481611749.925	14683701.658	-4110192.99781	11816371.1533	6042.17823128	6942247.61781	-3275668.57412	6875264.00327	6106.81739145	558078189.5161686	13692534.90753878	-3795735.2047023876	13692479.514695562	5634.324251220849	6411118.333548583	-3795752.8809971525	6411175.775423758	5639.604216582112	558725298.882	0.14842000511827322	0.0	0.0	0.0	-0.06882814152174893	0.0	0.0	0.0	-0.07853264424218426	0.148172901739
520	1650.0	nan	nan	1	1	5.0	5.0	5.0	1.165	-6.32865960497e-19	1.62292571485e-17	1.76632839282e-18	0.931618633437	7.55092814786e-18	-4.35798451362e-19	-3.93446804e-19	0.922354508765	481238176.662	14662778.784	-4124052.43686	11725439.6765	4799.92388011	7030969.51689	-3265082.09087	6961099.81337	5516.21288119	560046427.4963316	13645595.14789424	-3799794.300174625	13645614.417369435	4466.944429398533	6478151.843122915	-3799776.5953600155	6478195.656950121	5082.494605828688	560691069.796	0.15272108701766393	0.0	0.0	0.0	-0.07083173962947154	0.0	0.0	0.0	-0.08082562958150796	0.15247572701
530	1700.0	nan	nan	1	1	5.0	5.0	5.0	1.17	1.13114632661e-18	5.31145244466e-18	-1.09018434268e-18	0.929761729478	1.26540025466e-16	-2.81410814857e-18	1.84833177003e-18	0.920251116466	480791709.973	14633973.5523	-4130983.98228	11629144.463	2355.31425138	7115775.62336	-3249218.97955	7043070.74365	1754.20689923	561925773.1618452	13591583.296147656	-3797484.2677086154	13591573.768917602	2187.543234367575	6541309.79402633	-3797527.805457188	6541386.885172714	1612.5874926426673	562569340.657	0.1570037488096647	0.0	0.0	0.0	-0.07282693052327374	0.0	0.0	0.0	-0.08310869350342241	0.15676014287
540	1750.0	nan	nan	1	1	5.0	5.0	5.0	1.175	3.46118838072e-19	6.61622729056e-17	1.71778281703e-18	0.927916197588	-1.51447849843e-16	1.25424403665e-18	-4.90887356669e-18	0.918161595382	480263190.943	14601440.0148	-4134744.09323	11530948.2333	2048.15190175	7203494.03081	-3230914.23737	7127808.15229	1364.28784994	563704397.7969034	13534390.375186753	-3792294.123458003	13534341.903481625	1898.4762706864922	6606882.424993161	-3792255.1610378474	6606919.4514204785	1251.2940775473178	564344316.194	0.16126814759612232	0.0	0.0	0.0	-0.07481385459689367	0.0	0.0	0.0	-0.08538187402519253	0.161026311142
550	1800.0	nan	nan	1	1	5.0	5.0	5.0	1.18	-1.20741899653e-18	-1.54451163976e-18	2.36862175788e-18	0.926081701192	2.96837931805e-16	1.84917880297e-19	7.14684049246e-19	0.91608599581	479660292.582	14565258.5656	-4136635.21227	11430994.0827	-4623.78592558	7294325.11685	-3211421.81151	7215587.86228	-5523.02507657	565390127.7076384	13474105.61762693	-3785436.0546521144	13474059.254421476	-4277.396081499873	6675038.980903068	-3785400.243073761	6675033.780673745	-5054.12181223564	566032315.046	0.16551443847757333	0.0	0.0	0.0	-0.07679281799907375	0.0	0.0	0.0	-0.0876450368259889	0.165274382723
560	1850.0	nan	nan	1	1	5.0	5.0	5.0	1.185	6.92859715964e-19	-7.44531108027e-17	2.201068053e-18	0.924257991642	2.99197686187e-16	-9.83325842423e-19	3.89635155737e-20	0.914024427971	479005521.605	14530861.9546	-4144388.71341	11333601.3948	5328.25063607	7386644.03002	-3196732.69478	7304990.91579	3421.90623079	567008412.6383871	13415758.25341572	-3783980.742739272	13415810.562703708	4919.358718739121	6744280.205335202	-3784036.4028019197	6744403.2209398495	3124.3274162174193	567638391.58	0.16974277458709455	0.0	0.0	0.0	-0.07876403457902793	0.0	0.0	0.0	-0.0898979814398362	0.169504454982
570	1900.0	nan	nan	1	1	5.0	5.0	5.0	1.19	-4.19426892679e-19	-3.25858604067e-17	-2.95778611225e-18	0.922444717835	7.43310586489e-17	-4.25737288136e-18	-1.01463959169e-18	0.911976865321	478285855.36	14504264.2498	-4160487.21832	11243202.2024	8743.18862027	7475660.10568	-3188503.11958	7390957.47236	7487.32432992	568543066.559587	13364875.597456062	-3790154.2270121947	13364904.24390793	8056.363716389194	6810237.181954537	-3790204.7928562495	6810357.661922893	6820.863151099067	569166810.283	0.17395330712343798	0.0	0.0	0.0	-0.08072783132924159	0.0	0.0	0.0	-0.09214065620214001	0.17371671203
580	1950.0	nan	nan	1	1	5.0	5.0	5.0	1.195	4.53824371271e-20	2.3776744225e-17	-3.45748261157e-19	0.920641757486	3.6675224303e-16	1.62328570385e-18	-4.20340100075e-19	0.909943209853	477510984.164	14484471.2512	-4182267.7798	11159067.9529	9352.88296365	7564935.22494	-3184637.18083	7477115.71269	8721.79581042	570004662.6896898	13320497.711584592	-3801484.8283981117	13320574.762400687	8601.284365401803	6876170.537028384	-3801500.074864462	6876253.955897	7927.702432120059	570625450.653	0.17814618538347404	0.0	0.0	0.0	-0.08268428963789438	0.0	0.0	0.0	-0.09437308817356889	0.177911288238
590	2000.0	nan	nan	1	1	5.0	5.0	5.0	1.2	-6.55074105583e-19	1.64581678025e-17	1.39591029708e-18	0.918849159465	-4.11090394412e-16	-1.93494088888e-20	5.23095784489e-18	0.907923181059	476690044.508	14467890.3164	-4203256.33014	11078110.942	10853.3629744	7653977.88824	-3180209.22748	7563012.18926	10581.8340699	571403314.0931824	13279290.049191058	-3812065.9657450803	13279214.405839166	9961.711887101552	6941634.370738764	-3812083.1618527635	6941677.764373668	9596.999646149137	572020753.7	0.1823215567939546	0.0	0.0	0.0	-0.08463330560958338	0.0	0.0	0.0	-0.09659550631775506	0.182088330764
600	2050.0	nan	nan	1	1	5.0	5.0	5.0	1.205	-9.06550246689e-19	-1.16903569853e-16	4.83740516177e-18	0.917066884293	-2.66131875736e-16	7.53329927464e-20	3.12258696005e-18	0.905916510271	475815790.742	14447359.3224	-4220167.08515	10995129.4755	-80.5689478651	7750745.32689	-3172713.94552	7656507.91622	-576.168741748	572729647.2242335	13234674.13960006	-3818929.031956248	13234610.42742572	-73.8061362633078	7013832.805889335	-3818930.2963809366	7013834.504782479	-521.3887248468578	573355379.519	0.18647956694261839	0.0	0.0	0.0	-0.08657487122522516	0.0	0.0	0.0	-0.09880812920418021	0.186248011698
610	2100.0	nan	nan	1	1	5.0	5.0	5.0	1.21	-2.62871381224e-19	-9.37541064646e-17	2.17782758651e-18	0.915294920757	3.16350394536e-16	6.55444682497e-19	1.09500184256e-18	0.903923141104	474916878.744	14425223.5196	-4238458.22739	10911726.4959	16291.4150405	7853393.13778	-3166339.06828	7755745.89231	15029.1850044	574017387.4488702	13188811.955502639	-3827026.6334136645	13188667.35648162	14895.048882001385	7091056.013417368	-3827056.3989179702	7090987.11776322	13570.286223101119	574627041.447	0.1906203596086497	0.0	0.0	0.0	-0.08850894787261508	0.0	0.0	0.0	-0.10101094310709753	0.19039040995
620	2150.0	nan	nan	1	1	5.0	5.0	5.0	1.215	2.36981289796e-18	-5.64389699459e-17	-2.24405497507e-18	0.913533023415	-2.8649195375e-17	-1.48945449819e-19	-3.87718743694e-18	0.901942834261	473961878.134	14404380.9628	-4259888.70363	10830260.6758	-2392.42384272	7961665.08183	-3162300.45573	7860610.14607	-4991.94381303	575228172.3439863	13144355.86404444	-3837935.9559975234	13144245.016237468	-2183.1462558198814	7173042.023639532	-3837954.8977941996	7173002.250863688	-4497.479155739794	575854284.758	0.19474407679251185	0.0	0.0	0.0	-0.09043575339055697	0.0	0.0	0.0	-0.10320413757867403	0.194515755217
630	2200.0	nan	nan	1	1	5.0	5.0	5.0	1.22	-2.00381525541e-18	-4.95757796116e-17	2.15236365853e-18	0.911781205126	2.66630036988e-16	3.24572437476e-18	-2.41033813053e-18	0.899975605158	472985717.377	14394472.3723	-4281401.27943	10757819.7796	7556.12086018	8075903.74824	-3158369.08337	7971350.13695	7451.80062954	576403558.615618	13110075.18262248	-3848889.7240684354	13110006.023637393	6881.899523917371	7260067.6555375215	-3848943.2390724053	7260078.514828141	6699.012075004921	577019429.739	0.19885085874516517	0.0	0.0	0.0	-0.0923552243500991	0.0	0.0	0.0	-0.10538762140518325	0.198624088843
640	2250.0	nan	nan	1	1	5.0	5.0	5.0	1.225	-8.06057728431e-19	-1.60219987742e-17	1.61899759956e-18	0.910039142386	-4.55932953914e-17	-1.14968840722e-18	1.60608034711e-18	0.898021403994	471972884.692	14395037.0304	-4300173.48708	10693956.4812	11443.8414648	8188224.26365	-3152413.04389	8080276.07541	10491.2268512	577524334.2950292	13085490.596101357	-3857356.8325150525	13085540.076768158	10402.771424253082	7345029.893434216	-3857414.91438353	7345196.5684691435	9410.877420999477	578137610.275	0.20294084399669038	0.0	0.0	0.0	-0.09426766678531161	0.0	0.0	0.0	-0.1075613757813631	0.202715591719
650	2300.0	nan	nan	1	1	5.0	5.0	5.0	1.23	-7.66035421673e-19	-6.89622461919e-17	-5.97105288255e-19	0.908306726853	-8.88316803708e-17	-1.72492965752e-18	1.49067210805e-18	0.896080077044	470923875.671	14397348.1646	-4317048.25788	10631926.5032	7586.90171553	8295620.81722	-3145087.47688	8184069.15874	6975.11625014	578590578.4160885	13062628.451738402	-3864108.046155405	13062689.795455294	6883.5508509471265	7425252.91190875	-3864144.6663207603	7425357.324261251	6243.294310143094	579207701.505	0.20701416938432612	0.0	0.0	0.0	-0.09617315251988971	0.0	0.0	0.0	-0.10972549829972632	0.206790412052
660	2350.0	nan	nan	1	1	5.0	5.0	5.0	1.235	1.69816871035e-19	-9.05596805227e-17	2.48328884311e-18	0.906583882362	-1.29110426353e-16	2.7046820797e-19	-2.71050543121e-20	0.894151555402	469850410.594	14402190.6168	-4323531.7765	10572278.6143	10191.7385127	8399853.42993	-3130268.38756	8284546.53393	8695.60863424	579616153.7529013	13042188.135413518	-3861568.1512423092	13042158.37350781	9229.330082224085	7502340.252574564	-3861556.9596247855	7502234.721575304	7766.494406300292	580231779.127	0.2110709700799406	0.0	0.0	0.0	-0.09807171874725279	0.0	0.0	0.0	-0.11187999311820629	0.210848653002
670	2400.0	nan	nan	1	1	5.0	5.0	5.0	1.24	-1.73825719155e-18	-4.83369939263e-18	1.97300443195e-18	0.904870382053	-1.95624853207e-16	-2.4389254925e-19	2.68636499222e-18	0.892235835967	468750054.936	14409999.2443	-4321856.86533	10515493.4906	10771.5661337	8501614.51675	-3109834.07889	8382978.50154	10471.7415119	580597679.8869702	13024546.497737633	-3851787.5144443763	13024576.870380249	9735.931389261023	7576931.321101566	-3851866.110785814	7576995.073475216	9332.776273456151	581212743.475	0.2151113796169455	0.0	0.0	0.0	-0.09996356979061215	0.0	0.0	0.0	-0.11402479124949717	0.214890442715
680	2450.0	nan	nan	1	1	5.0	5.0	5.0	1.245	6.02293365057e-19	-3.57726365823e-17	1.87776616494e-19	0.903165861948	9.74218120658e-17	-1.02438047059e-18	2.88848822926e-18	0.890332980169	467617724.099	14418282.1336	-4316087.34267	10459438.2134	-51.4178086575	8602296.16814	-3086577.75026	8479953.50439	-1864.24686897	581528480.3409603	13007436.27704473	-3838427.65485448	13007336.753922837	-46.38651563399673	7650283.436250166	-3838462.0087302555	7650180.085157927	-1657.9314015697207	582154378.138	0.219135529916671	0.0	0.0	0.0	-0.10184906364133771	0.0	0.0	0.0	-0.11615975120565872	0.2189159304
690	2500.0	nan	nan	1	1	5.0	5.0	5.0	1.25	1.2643025529e-18	4.63265612259e-17	-1.499565954e-18	0.901470477583	-2.09627737193e-16	1.22713898233e-19	-6.07322623181e-19	0.888442791059	466477154.898	14420401.7658	-4306950.43677	10399617.9436	9306.6828061	8701275.35589	-3061292.63299	8575588.39908	8998.6821917	582437599.5571815	12984878.180945128	-3822155.506028495	12984834.193448616	8380.220223300717	7721850.529565553	-3822292.0757837608	7721904.874805167	7985.780935013677	583054504.409	0.22314355131420976	0.0	0.0	0.0	-0.10372798498037614	0.0	0.0	0.0	-0.11828502168891741	0.222925188757
700	2550.0	nan	nan	1	1	5.0	5.0	5.0	1.255	1.16473647692e-18	1.9784995582e-17	-8.95313825248e-19	0.899784189497	-2.39793333302e-16	-2.30710599008e-19	1.90582413132e-20	0.886564931148	465312679.671	14416962.5158	-4299339.69709	10336330.3955	4315.0653764	8803108.58845	-3037205.99203	8673791.48155	3604.89298402	583305378.5596862	12957448.609688232	-3807322.6034959815	12957388.392098188	3878.225930104313	7795679.492951142	-3807372.2645972846	7795692.5566091845	3192.3484786589815	583926819.296	0.22713557258374711	0.0	0.0	0.0	-0.10560033385969017	0.0	0.0	0.0	-0.12040091176432653	0.226918413383
