inc	time	elem	node	ip	grain	1_pos	2_pos	3_pos	1_f	2_f	3_f	4_f	5_f	6_f	7_f	8_f	9_f	1_p	2_p	3_p	4_p	5_p	6_p	7_p	8_p	9_p	1_Cauchy	2_Cauchy	3_Cauchy	4_Cauchy	5_Cauchy	6_Cauchy	7_Cauchy	8_Cauchy	9_Cauchy	Mises(Cauchy)	1_ln(V)	2_ln(V)	3_ln(V)	4_ln(V)	5_ln(V)	6_ln(V)	7_ln(V)	8_ln(V)	9_ln(V)	Mises(ln(V))
0	0.0	nan	nan	1	1	5.0	5.0	5.0	1.0	0.0	0.0	0.0	1.0	0.0	0.0	0.0	1.0	6.0079776365e-06	2.21062417104e-07	7.13829239192e-08	2.21062417104e-07	5.98696520461e-06	-7.82718875808e-07	7.13829239192e-08	-7.82718875808e-07	6.65167984678e-06	6.0079776365e-06	2.21062417104e-07	7.13829239192e-08	2.21062417104e-07	5.98696520461e-06	-7.82718875808e-07	7.13829239192e-08	-7.82718875808e-07	6.65167984678e-06	1.55825500627e-06	0.0	0.0	0.0	0.0	0.0	0.0	0.0	0.0	0.0	0.0
10	2.5	nan	nan	1	1	5.0	5.0	5.0	1.00025	3.62582989285e-21	1.54479598309e-20	-1.33739595413e-21	0.999936883275	4.1147479186e-20	-1.36278005918e-22	-1.5692003961e-21	0.999921062998	55372488.4425	-908849.223956	-1038130.24564	-908564.719206	0.156133490496	-359756.524286	-1037788.85092	-359750.83231	-0.234166780905	55380355.1524335	-908693.7980030406	-1037936.2890848393	-908693.7980193754	0.15610678948122012	-359689.3100453591	-1037936.2884669125	-359689.30987650296	-0.23412303092049774	55435376.6002	0.0002499687552074404	0.0	0.0	0.0	-6.311871694500483e-05	0.0	0.0	0.0	-7.89401176895621e-05	0.000214193644791
20	5.0	nan	nan	1	1	5.0	5.0	5.0	1.0005	-5.82653098785e-21	1.6223281389e-19	-2.33513086924e-21	0.9998737424	-2.54981991036e-19	-3.04609260573e-22	2.47887935006e-21	0.999842096937	110789114.505	-1818504.82173	-2077101.90914	-1817366.53932	-205.714201763	-719521.601986	-2075736.06014	-719498.829145	-226.889443315	110820603.15169492	-1817883.0730235472	-2076326.0291426561	-1817883.07393739	-205.64386786158985	-719252.8321118878	-2076326.0289263893	-719252.8317404457	-226.80469110332376	110930849.934	0.0004998750416509929	0.0	0.0	0.0	-0.0001262655711621337	0.0	0.0	0.0	-0.000157915531001391	0.000428366982969
30	7.5	nan	nan	1	1	5.0	5.0	5.0	1.00075	1.57952722906e-21	2.34294876e-19	-2.4425092525e-22	0.999810853709	-3.42338493425e-19	-3.13242958216e-21	-3.55625624852e-21	0.999756798284	163045447.934	-2718262.23169	-3111052.37866	-2715711.31441	-1735.86535215	-1124031.15314	-3107964.83042	-1123970.46568	-5113.77108225	163115963.29219034	-2716885.8141850163	-3109308.952287375	-2716885.8296050197	-1734.9863804933511	-1123401.248748329	-3109308.9909349806	-1123401.332722182	-5110.90533706695	163287685.02	0.0007497188905459742	0.0	0.0	0.0	-0.0001891641814160917	0.0	0.0	0.0	-0.00024323129433354937	0.000644700575663
40	10.0	nan	nan	1	1	5.0	5.0	5.0	1.001	1.79574577884e-20	-8.07105973062e-20	-5.90749129031e-21	0.999741680769	-4.18750931022e-19	-1.1795595535e-21	-7.19574754618e-21	0.99961834396	184478845.471	-3033486.61708	-3750280.33038	-3029673.25602	3381.5066293	-2283536.35971	-3745103.99305	-2283254.56315	2793.37510085	184596964.7643031	-3031613.19440567	-3747501.848379061	-3031613.114560565	3379.4182761959983	-2281844.548934537	-3747501.932151778	-2281844.4692844823	2791.3055642405066	184824847.091	0.0009995003330834232	0.0	0.0	0.0	-0.00025835260115961557	0.0	0.0	0.0	-0.00038172888920253844	0.000882573242429
50	12.5	nan	nan	1	1	5.0	5.0	5.0	1.00125	1.50154606929e-20	-3.47960969296e-19	-6.0937361751e-22	0.9996636055	2.24478578914e-18	-8.56131933992e-23	-7.98942734392e-21	0.999463718367	193045581.988	-2844800.82859	-4130252.08338	-2840293.26488	-3263.68676316	-3032651.42104	-4122883.02005	-3032044.96769	-4069.06080045	193214160.5181838	-2842773.7943789414	-4126483.8402060117	-2842773.572685823	-3261.361255990359	-3029884.575872751	-4126483.3591641216	-3029884.514551345	-4065.3483852568597	193483838.475	0.0012492194004318981	0.0	0.0	0.0	-0.0003364510933217405	0.0	0.0	0.0	-0.0005364254834268199	0.00112968710739
60	15.0	nan	nan	1	1	5.0	5.0	5.0	1.0015	-1.5143919257e-20	3.29510292143e-19	-7.86008990033e-22	0.999582601685	-2.64097035418e-18	2.77601813573e-21	-6.03273160493e-21	0.999306190088	198574976.362	-2506757.30727	-4313367.15195	-2501957.83718	-2087.33691446	-3453256.99329	-4303918.06121	-3452302.02241	-3068.41157499	198795822.34498927	-2504740.6169324187	-4308705.238068557	-2504740.399958416	-2085.657648511724	-3449524.6917849155	-4308704.681520106	-3449524.639808655	-3065.095216791984	199075404.279	0.0014988761237359487	0.0	0.0	0.0	-0.0004174854499241568	0.0	0.0	0.0	-0.0006940507094820772	0.00137903816075
70	17.5	nan	nan	1	1	5.0	5.0	5.0	1.00175	2.24560149263e-20	5.29235739381e-19	4.40159606046e-21	0.999500008692	-2.47205180129e-18	-2.21270813858e-21	7.20681108687e-23	0.999147953671	202894731.112	-2146009.08044	-4379989.34753	-2141188.77813	-4035.1127817	-3723042.89355	-4368611.95175	-3721731.42735	-5843.51934691	203169337.14917073	-2144086.98666691	-4374524.980923292	-2144086.7506991946	-4031.498693939546	-3718398.1171250693	-4374524.61005035	-3718398.0226282654	-5836.229116397702	203451381.376	0.001748470534116803	0.0	0.0	0.0	-0.0005001163453344312	0.0	0.0	0.0	-0.0008524095267960913	0.00162923503055
80	20.0	nan	nan	1	1	5.0	5.0	5.0	1.002	-1.29953176159e-20	7.01499203872e-19	9.73074593092e-22	0.9994163116	1.01289672214e-18	-4.40597753276e-21	4.8365250416e-21	0.998989750792	206607955.976	-1819084.4789	-4392855.14716	-1814393.3151	1460.63831575	-3900164.77423	-4379659.06794	-3898500.19493	1202.135171	206937679.70109227	-1817289.487021457	-4386647.408420758	-1817288.8886020523	1459.1970226464205	-3894653.2781420704	-4386648.525319285	-3894653.327855069	1200.4363803909703	207209540.171	0.001998002662673058	0.0	0.0	0.0	-0.0005838588123889789	0.0	0.0	0.0	-0.0010107598536796664	0.00187976978823
90	22.5	nan	nan	1	1	5.0	5.0	5.0	1.00225	2.14858096159e-20	6.02017913913e-19	5.89521282809e-22	0.999331700669	-8.84845027415e-19	5.02181349881e-21	-8.29000409901e-21	0.998831789789	209943768.313	-1543044.39866	-4383196.61682	-1538551.27467	851.81434827	-4020995.57231	-4368247.84941	-4018984.64385	-282.868572094	210329876.93145117	-1541380.9999116387	-4376281.230368285	-1541380.8318978834	850.8960941212707	-4014651.6318633286	-4376281.515547085	-4014652.1865130183	-282.42228924107746	210597893.948	0.00224747254047937	0.0	0.0	0.0	-0.0006685227425408523	0.0	0.0	0.0	-0.001168893100439514	0.00213046438225
100	25.0	nan	nan	1	1	5.0	5.0	5.0	1.0025	-5.97482896205e-21	1.54460841989e-18	-3.24639956094e-21	0.999246319919	-1.27875960205e-18	-5.61572917862e-21	-2.56239874254e-20	0.998674199316	213033216.571	-1323362.90707	-4363146.59619	-1319067.80836	286.934525121	-4110740.61632	-4346495.69416	-4108387.36651	-478.26164948	213476924.41664106	-1321815.2137089707	-4355548.621599522	-1321815.1767982303	286.59895076176684	-4103582.180988463	-4355548.6215465665	-4103582.544025016	-477.42880561829656	213740754.558	0.002496880198587146	0.0	0.0	0.0	-0.0007539642406183672	0.0	0.0	0.0	-0.0013266803353081348	0.00238120457143
110	27.5	nan	nan	1	1	5.0	5.0	5.0	1.00275	-2.93124891743e-20	1.35256851452e-18	1.12413845246e-21	0.999160346107	9.48079262932e-19	5.62813688781e-21	2.78519984053e-20	0.998516933581	215941025.241	-1153550.23686	-4339803.65875	-1149420.91616	357.890086478	-4180972.26183	-4321483.10629	-4178280.13301	-683.50332339	216443493.41058096	-1152095.307369701	-4331538.9219652815	-1152095.4770646563	357.43869318408986	-4173010.004095467	-4331538.665227303	-4173010.2255625403	-682.2016573462128	216703407.518	0.0027462256680252286	0.0	0.0	0.0	-0.0008400065997780297	0.0	0.0	0.0	-0.001484167250540154	0.00263195023037
120	30.0	nan	nan	1	1	5.0	5.0	5.0	1.003	2.61553475714e-20	-1.78253286102e-19	6.3161443623e-21	0.999073834233	-2.71003559263e-18	-1.04208213569e-20	1.56316456257e-21	0.998360037787	218717454.71	-1028054.13114	-4318649.09982	-1024030.00674	290.204700498	-4239565.9961	-4298670.31709	-4236537.21114	-553.326114226	219279821.73696133	-1026662.8818911132	-4309723.422406749	-1026662.9960054115	289.8119711082239	-4230803.765694442	-4309723.072112748	-4230803.972943347	-552.1825134643369	219536512.025	0.002995508979798371	0.0	0.0	0.0	-0.0009265949235144888	0.0	0.0	0.0	-0.0016413084230537684	0.00288266042407
130	32.5	nan	nan	1	1	5.0	5.0	5.0	1.00325	3.74120349373e-20	1.70039713492e-18	-9.72795419635e-21	0.998986889432	-4.20461282035e-18	2.41296856488e-20	-5.42411278972e-20	0.998203457637	221387617.322	-935211.844113	-4300646.4166	-931237.988657	242.902500777	-4291777.16769	-4279013.08819	-4288411.64379	-456.17672586	222010987.0611892	-933859.9707933074	-4291061.914342314	-933860.1117419957	242.55137882304143	-4282212.431608829	-4291061.67204956	-4282212.631960122	-455.16008174760947	222265142.404	0.0032447301648890294	0.0	0.0	0.0	-0.0010136241113916401	0.0	0.0	0.0	-0.0017981580806582507	0.00313332611873
140	35.0	nan	nan	1	1	5.0	5.0	5.0	1.0035	-2.74176251861e-20	-1.2119982684e-18	-7.63984013754e-21	0.99889958652	-3.49781428388e-18	4.1383846046e-21	4.79136098015e-20	0.998047157692	223970858.17	-866618.154047	-4285686.98699	-862645.474425	207.162065234	-4340736.61005	-4262399.00247	-4337032.54912	-393.717009268	224656308.57288104	-865285.335364955	-4275444.155474844	-865285.5531067512	206.8434595488406	-4330362.209426862	-4275443.838469446	-4330362.393435965	-392.7760219763887	224908513.148	0.003493889254255838	0.0	0.0	0.0	-0.0011010193794475536	0.0	0.0	0.0	-0.001954751590630126	0.00338394021148
150	37.5	nan	nan	1	1	5.0	5.0	5.0	1.00375	2.60862262914e-20	1.17151770359e-18	-8.00917628104e-21	0.99881197111	-4.73751152227e-20	-9.65154338727e-21	5.3141598068e-20	0.997891119128	226480873.474	-816780.825229	-4273493.40627	-812762.828119	182.547012551	-4387887.13792	-4248548.81942	-4383841.95051	-340.979815812	227229459.1929494	-815449.0250542659	-4262591.759636177	-815449.2476682104	182.24936092194235	-4376693.673814843	-4262591.519466555	-4376693.8866777485	-340.1099790981317	227480182.16	0.003742986278834297	0.0	0.0	0.0	-0.0011887351557534794	0.0	0.0	0.0	-0.002111107692549808	0.00363449717234
160	40.0	nan	nan	1	1	5.0	5.0	5.0	1.004	-1.06806749765e-19	-4.68742573618e-19	-6.05144656628e-21	0.998724094337	6.71326219386e-18	3.97956592699e-21	7.78891876344e-20	0.997735310853	228927743.083	-781211.069963	-4263709.20527	-777106.168767	146.796069244	-4433991.09838	-4237104.64022	-4429601.37544	-276.865101709	229740497.25322974	-779864.826671041	-4252147.655279258	-779865.1016550406	146.5430989122582	-4421967.80896827	-4252147.484829664	-4421967.944006391	-276.1143493570004	229990117.376	0.003992021269537457	0.0	0.0	0.0	-0.0012767203236568848	0.0	0.0	0.0	-0.002267257433779032	0.00388499597106
170	42.5	nan	nan	1	1	5.0	5.0	5.0	1.00425	1.68308636435e-20	-2.09063282378e-19	6.73655890863e-21	0.998636007746	3.83665475974e-18	1.35492184336e-21	3.53427392374e-20	0.997579696596	231319027.949	-756888.254033	-4256388.39042	-752657.332553	125.189603622	-4479366.87	-4228116.98157	-4474628.95772	-237.158720923	232196963.36320376	-755513.664684746	-4244164.302648003	-755513.9264651709	124.96224602363986	-4466502.401638725	-4244164.142352359	-4466502.556933758	-236.4776155457319	232445812.643	0.004240994257254614	0.0	0.0	0.0	-0.0013649233381925116	0.0	0.0	0.0	-0.0024232370728192094	0.0041354381541
180	45.0	nan	nan	1	1	5.0	5.0	5.0	1.0045	8.16944252473e-20	2.82580117371e-18	-2.41309264197e-21	0.998547741514	-4.3179522807e-18	1.02653114018e-20	7.97728846843e-20	0.997424258408	233660708.758	-741023.701692	-4251024.5671	-736632.935442	109.990757412	-4524042.70833	-4221080.05902	-4518952.79085	-204.23692726	234604819.4161292	-739609.0753983896	-4238135.522433569	-739609.3152072437	109.78078326796195	-4510325.876629757	-4238135.415454208	-4510326.036506077	-203.61768386668717	234853143.2	0.004489905272852001	0.0	0.0	0.0	-0.001453314035432325	0.0	0.0	0.0	-0.0025790645216059623	0.00438582321827
190	47.5	nan	nan	1	1	5.0	5.0	5.0	1.00475	-2.93879177064e-20	7.69198560336e-19	9.6765656008e-21	0.998459321644	1.62756644624e-17	5.90110648995e-21	2.37055487897e-20	0.997268979564	235957307.901	-731346.522943	-4247692.07686	-726767.830486	93.5973205152	-4568149.67482	-4216065.16838	-4562703.77558	-171.908266959	236968569.17703873	-729882.3736339811	-4234134.364137633	-729882.5980267008	93.40993950235092	-4553569.130881474	-4234134.299105237	-4553569.282736045	-171.35957301983095	237216584.776	0.00473875434717347	0.0	0.0	0.0	-0.0015418664213395186	0.0	0.0	0.0	-0.0027347564759954528	0.0046361513719
200	50.0	nan	nan	1	1	5.0	5.0	5.0	1.005	-6.28545596158e-20	-1.35799812806e-18	6.70719399689e-21	0.998370774608	-1.49707365881e-18	7.60509855181e-21	-1.43246175398e-19	0.997113840359	238212215.911	-726642.11855	-4246581.01913	-721849.18731	81.7876499566	-4612139.86329	-4213258.36918	-4606333.39028	-146.692514048	239291584.35152167	-725119.7951194048	-4232349.201164458	-725119.9735231207	81.61630390786601	-4596682.926363501	-4232349.153832102	-4596683.0698951185	-146.20089475534155	239539520.779	0.004987541511038968	0.0	0.0	0.0	-0.0016305540229780056	0.0	0.0	0.0	-0.0028903326309476043	0.00488642408755
210	100.0	nan	nan	1	1	5.0	5.0	5.0	1.01	3.01681041204e-20	4.53046821495e-19	3.46704481945e-20	0.996591853456	1.42022609836e-18	4.27850900037e-20	-8.05491936892e-20	0.994026084525	276732433.745	-913767.541108	-4431891.07325	-901637.145975	-4735.17183654	-5409680.27192	-4361796.87596	-5395755.03486	-4941.58171634	279347602.7675923	-910157.5419552677	-4403017.091096054	-910157.7718440482	-4716.464708579188	-5374435.946405604	-4403016.605496153	-5374438.156958453	-4909.387075286866	279615934.288	0.009950330853168092	0.0	0.0	0.0	-0.0034139675049874346	0.0	0.0	0.0	-0.005991830693016313	0.00988154693228
220	150.0	nan	nan	1	1	5.0	5.0	5.0	1.015	2.63969877078e-19	4.96540308976e-18	1.71706151554e-20	0.994814863819	-1.28936711807e-17	3.50823841396e-20	8.13813373854e-20	0.990958076368	307131051.32	-1118940.77056	-4698158.70423	-1096691.06295	5613.97972745	-6066895.54866	-4586886.6331	-6043365.53442	10118.4321623	311548869.18229276	-1112463.5101613796	-4652853.4662715765	-1112466.0272412833	5581.481842375185	-6008391.320981724	-4652865.07980192	-6008382.04531995	10020.858196468143	311824949.67	0.014888612493750559	0.0	0.0	0.0	-0.0051986256496332145	0.0	0.0	0.0	-0.00908304991834603	0.0148565472804
230	200.0	nan	nan	1	1	5.0	5.0	5.0	1.02	-4.17342397535e-19	-1.52387546871e-17	2.45358313295e-20	0.993044844058	1.32039267762e-17	-5.5288752143e-20	-5.28652783844e-19	0.987908812982	331730028.359	-1254445.58257	-4909499.58643	-1221284.58496	-9714.37434579	-6607230.42095	-4755032.73716	-6573040.41371	-3969.48575401	338141959.67504656	-1244900.9404526423	-4846946.155007417	-1244890.5060605025	-9640.461034752194	-6523045.683227954	-4846941.64111737	-6523028.424952975	-3918.90932549115	338448441.988	0.01980262729617973	0.0	0.0	0.0	-0.006979455777399449	0.0	0.0	0.0	-0.012164880046304722	0.0198107160917
240	250.0	nan	nan	1	1	5.0	5.0	5.0	1.025	9.12214779523e-20	5.99189783399e-19	9.14034576871e-20	0.991282780177	5.20388058384e-17	1.53312963453e-19	4.16501982033e-19	0.984879749245	351925210.049	-1331556.08988	-5037804.05481	-1287758.14	4946.76392677	-7048342.61862	-4840641.90214	-7002801.93815	9480.28543177	360470400.2494937	-1319023.071673381	-4958152.086837315	-1319026.5400018122	4900.203453028235	-6936902.325506018	-4958178.823523115	-6936889.398036055	9330.394053826807	360772935.623	0.024692612590371414	0.0	0.0	0.0	-0.008755437044428839	0.0	0.0	0.0	-0.015235727247431365	0.024743297668
250	300.0	nan	nan	1	1	5.0	5.0	5.0	1.03	2.83822211779e-19	9.21079508712e-18	1.34698090948e-20	0.989528309232	8.01522793441e-18	1.25638808879e-19	2.83643540767e-19	0.981872367144	368650111.693	-1369989.16959	-5084108.67047	-1316145.8286	-9275.08289379	-7407988.22507	-4846536.92433	-7350651.58789	-4976.57576059	379429513.17977005	-1354643.0441731815	-4988263.387066464	-1354630.1904694783	-9171.186754682562	-7268333.316628348	-4988250.613464358	-7268312.235384859	-4882.757680554978	379750874.665	0.02955880224154443	0.0	0.0	0.0	-0.01052690471561591	0.0	0.0	0.0	-0.01829395143326182	0.0296538434879
260	350.0	nan	nan	1	1	5.0	5.0	5.0	1.035	-1.92984545631e-19	6.23150889639e-18	-1.27729921468e-19	0.98778136364	-2.37433923027e-18	1.16122923113e-19	-3.6387344274e-19	0.978887822795	382631061.577	-1387868.41715	-5059871.96647	-1324540.6288	-10663.2430588	-7698918.33221	-4785534.60752	-7629575.75396	-8964.97383063	395718604.2298575	-1369856.3180765833	-4949238.125914771	-1369845.3197036008	-10524.85285692952	-7530581.878470107	-4949219.406225344	-7530557.235582971	-8768.955138470941	396043042.17	0.03440142671733232	0.0	0.0	0.0	-0.012293897585275066	0.0	0.0	0.0	-0.021338226474423076	0.0345419620324
270	400.0	nan	nan	1	1	5.0	5.0	5.0	1.04	3.34803007292e-19	-1.47690451393e-17	-3.28092918163e-20	0.98604168509	-3.00259415516e-17	-7.20110354064e-20	-1.02359961209e-18	0.97592698762	394412231.86	-1395761.19288	-4967855.30959	-1323349.3743	3349.1269615	-7939865.91201	-4661830.82811	-7858402.80923	7552.34643142	409862110.6036212	-1375182.8641913652	-4844403.663413934	-1375187.4911656028	3299.749291605643	-7742559.538097964	-4844443.625583129	-7742542.877888631	7364.6699510581675	410168866.236	0.03922071315328133	0.0	0.0	0.0	-0.014056648305602243	0.0	0.0	0.0	-0.02436750313367901	0.0394074223744
280	450.0	nan	nan	1	1	5.0	5.0	5.0	1.045	-9.89268307944e-19	-3.73571705288e-17	1.62120782615e-19	0.984309091723	-3.24948639219e-17	1.71299178692e-19	7.06279894222e-20	0.97299022894	404383267.678	-1399166.52242	-4811480.01737	-1317931.48008	5729.90404855	-8140495.86784	-4480005.43932	-8046885.72336	6410.39295347	422234000.2480298	-1376083.0197832284	-4677684.211879089	-1376109.0662388436	5635.371873077411	-7914128.056314009	-4677766.784562552	-7914127.8958701715	6232.135185459649	422534927.159	0.04401688541677426	0.0	0.0	0.0	-0.015815313649815223	0.0	0.0	0.0	-0.02738123904593904	0.0442501848137
290	500.0	nan	nan	1	1	5.0	5.0	5.0	1.05	6.30450593108e-19	4.68767885345e-18	-2.58060498782e-19	0.982582960157	1.19576435257e-16	1.32084200212e-19	6.62128301847e-19	0.970078404337	412868536.882	-1396394.66471	-4608848.3111	-1306763.40201	3962.29438844	-8309949.91327	-4258136.07754	-8204193.28601	5565.66908979	433147411.4343148	-1370919.7882671254	-4467184.473872226	-1370947.733659594	3890.008979072474	-8054523.977673637	-4467283.0568551095	-8054521.552397372	5394.595106274253	433442950.542	0.04879016416943205	0.0	0.0	0.0	-0.01757050098456345	0.0	0.0	0.0	-0.030378381537811347	0.0490701047558
300	550.0	nan	nan	1	1	5.0	5.0	5.0	1.055	8.90979398838e-19	5.22244317853e-17	6.49833089222e-21	0.980863350172	9.3170858106e-17	1.13528884712e-19	1.06099479322e-18	0.967191531704	420124479.022	-1386852.44378	-4381528.29141	-1289431.89405	4754.58023572	-8459312.74105	-4016945.14872	-8341413.54259	5236.42153536	442850351.84881705	-1359143.495700735	-4234134.535146488	-1359181.377134721	4659.584969653858	-8174743.112056483	-4234234.521656848	-8174754.28781785	5060.269337281297	443138732.439	0.05354076692802976	0.0	0.0	0.0	-0.01932212558018179	0.0	0.0	0.0	-0.0333587351954837	0.0538672256231
310	600.0	nan	nan	1	1	5.0	5.0	5.0	1.06	-7.38506850887e-19	1.32182270746e-17	-8.439889226e-20	0.979150149871	1.70322443825e-18	1.86281073947e-19	-1.38584516338e-18	0.964329658902	426349483.023	-1375300.87733	-4142351.9818	-1270439.298	2279.92233403	-8591823.26385	-3768591.69679	-8461773.48353	4148.804447	451534482.5238741	-1345446.1821031105	-3991092.9172896096	-1345485.743134999	2230.430337372797	-8278090.593367507	-3991207.1420573136	-8278087.373389355	3997.309769037595	451817856.911	0.058268908123975824	0.0	0.0	0.0	-0.021070277556953357	0.0	0.0	0.0	-0.03632207301458892	0.0586416184443
320	650.0	nan	nan	1	1	5.0	5.0	5.0	1.065	4.45433451137e-19	-2.59798636859e-17	2.25198267406e-19	0.97744309184	-3.3087364792e-16	-2.97176215588e-19	-6.58898988735e-20	0.961492974428	431706138.673	-1371386.47956	-3898452.18619	-1258687.81032	3882.0119042	-8709043.44284	-3519660.99438	-8566942.30917	4033.74378706	459357305.2205237	-1339257.664398078	-3744993.969720178	-1339307.8968943513	3791.064206536767	-8366221.674079877	-3745098.447378885	-8366236.155174323	3874.959967817263	459633605.1	0.06297479916138839	0.0	0.0	0.0	-0.02281520688384956	0.0	0.0	0.0	-0.03926802086715335	0.0633933303057
330	700.0	nan	nan	1	1	5.0	5.0	5.0	1.07	-3.75328239862e-19	-1.55343791119e-17	1.40640556469e-19	0.97574252172	-1.90917282314e-16	-6.78949846784e-20	-7.73069765602e-19	0.958680944037	436320206.141	-1369570.32341	-3662562.13608	-1248964.99073	659.404964751	-8812716.29119	-3281643.54614	-8658627.77436	3134.57403642	466440228.5368114	-1335138.945684267	-3508051.756656701	-1335183.4444319014	642.8273410794142	-8440939.352721725	-3508181.7071365253	-8440947.47099068	3002.337583985089	466712763.641	0.06765864847381486	0.0	0.0	0.0	-0.024556537086063143	0.0	0.0	0.0	-0.042196955974798195	0.0681225670802
340	750.0	nan	nan	1	1	5.0	5.0	5.0	1.075	9.86171343731e-19	1.28296374751e-17	-6.88876014134e-21	0.974048440276	3.14855381384e-18	1.0966429689e-19	1.14866932071e-18	0.955893410709	440300411.527	-1362897.58789	-3434739.38681	-1234957.79405	2355.37767327	-8913325.83365	-3054300.62735	-8747217.62335	3409.56334933	472888843.5775165	-1326310.7533346864	-3280233.584101361	-1326362.065095489	2292.1478209223537	-8512375.307965206	-3280361.8933639247	-8512399.536614446	3256.1900470651426	473155550.982	0.07232066157962608	0.0	0.0	0.0	-0.026294243233347822	0.0	0.0	0.0	-0.04510886722104113	0.072829456436
350	800.0	nan	nan	1	1	5.0	5.0	5.0	1.08	1.66168011917e-18	-2.88722429728e-18	7.45918389176e-20	0.972360711287	-9.79064737303e-17	-1.59083375406e-20	-1.19611640064e-18	0.953130243411	443727866.074	-1345729.55913	-3211636.45133	-1211658.00914	-295.987836108	-9014241.89122	-2834494.92482	-8835980.71659	2069.13042167	478781157.5442361	-1307319.641462709	-3058265.7448172676	-1307375.687933577	-287.53972828463907	-8583769.554613983	-3058412.294828154	-8583783.468241379	1970.3197376316298	479045741.641	0.0769610411361284	0.0	0.0	0.0	-0.028028441215948854	0.0	0.0	0.0	-0.04800371791781996	0.0775141479406
360	850.0	nan	nan	1	1	5.0	5.0	5.0	1.085	1.58589714017e-18	8.28142789042e-18	-4.12928561786e-21	0.970679386129	-1.0636039194e-16	5.90302554897e-19	-1.79950826155e-18	0.950391207857	446682234.87	-1325724.63862	-2997958.74104	-1186029.93025	6878.82778798	-9102483.4211	-2625926.08109	-8912201.01711	3841.75038421	484195181.9137506	-1285645.3387579394	-2846558.455187535	-1285634.24511316	6670.867104757255	-8642797.777980113	-2846454.7216557064	-8642767.405792698	3647.7376720332495	484451584.252	0.08157998699242285	0.0	0.0	0.0	-0.029759054577835453	0.0	0.0	0.0	-0.05088158140876102	0.0821767883162
370	900.0	nan	nan	1	1	5.0	5.0	5.0	1.09	-8.07328277852e-21	-6.51332337538e-17	-1.70200682839e-20	0.969004358885	-1.6879177588e-16	-5.22381100439e-19	-3.59107558922e-18	0.947676006871	449214050.059	-1306079.03326	-2797771.99396	-1161087.54881	-8832.6443912	-9187373.23044	-2432369.73317	-8985075.94308	-9083.96530372	489178898.97694486	-1264395.886890663	-2648866.6162085123	-1264385.0491054687	-8550.753020453662	-8698395.11343261	-2648768.327305587	-8698319.762069896	-8600.490850493608	489445823.685	0.08617769624105241	0.0	0.0	0.0	-0.03148616876815493	0.0	0.0	0.0	-0.05374260004605837	0.0868175906077
380	950.0	nan	nan	1	1	5.0	5.0	5.0	1.095	-2.9570714282e-19	-1.83185433223e-17	1.22687428454e-20	0.967335785426	-7.90568142804e-17	-7.03302044017e-19	-1.10937493289e-18	0.944984365639	451385244.019	-1285992.51217	-2614868.09575	-1135996.33468	-11086.2614766	-9266473.36269	-2256424.9981	-9052257.83237	-12335.533648	493793626.4667452	-1242795.5723365142	-2468643.7009330257	-1242725.049583047	-10713.870062612814	-8748288.731599335	-2468419.8197119567	-8748189.314675245	-11645.72602621023	494060417.414	0.09075436326846412	0.0	0.0	0.0	-0.03320959930994651	0.0	0.0	0.0	-0.05658689592260695	0.0914366917296
390	1000.0	nan	nan	1	1	5.0	5.0	5.0	1.1	-5.24697206155e-19	2.23319707148e-17	-6.21179552803e-20	0.965673079433	2.09084894953e-16	4.09169853083e-19	9.98572435474e-20	0.942316508795	453230420.57	-1260570.08422	-2441298.81056	-1106567.09846	-12379.1591566	-9333002.79067	-2091140.07673	-9107138.00405	-12954.2639238	498071999.66820604	-1216123.0256931318	-2298254.556663893	-1216048.3111523483	-11942.676315675833	-8786149.445628047	-2298032.6834490905	-8786024.96087577	-12195.228196695309	498336840.284	0.09531017980432493	0.0	0.0	0.0	-0.034929929136981154	0.0	0.0	0.0	-0.059414064242325065	0.0960341959289
400	1050.0	nan	nan	1	1	5.0	5.0	5.0	1.105	-3.32089854883e-19	3.14236385588e-17	3.71781289396e-19	0.964016198897	1.48867416908e-16	-1.49792482766e-19	9.57756035328e-19	0.939672222108	454788557.8	-1226460.847	-2285679.51592	-1070029.05604	-3360.68886638	-9381394.73314	-1943857.24627	-9144536.68516	498.854450934	502052124.4663206	-1181177.1088243034	-2145698.642894241	-1181231.0393741697	-3236.604550858904	-8806854.069937872	-2145871.1821379624	-8806899.486221485	468.30332551673456	502303103.383	0.09984533496971612	0.0	0.0	0.0	-0.03664718067771209	0.0	0.0	0.0	-0.06222416441313543	0.100610261852
410	1100.0	nan	nan	1	1	5.0	5.0	5.0	1.11	-5.0370667093e-19	5.31780519176e-17	7.35198128437e-20	0.962365153515	1.26289886048e-16	7.31333540615e-19	-4.5049050253e-18	0.937051107272	456085525.743	-1180842.06654	-2158188.16245	-1023738.15407	-6337.53941531	-9413910.07636	-1821733.27591	-9166195.60614	-10657.4975278	505758420.77275276	-1135286.723756861	-2020349.191534354	-1135234.8690386019	-6093.045432036985	-8812663.29918148	-2020140.7251248558	-8812575.765953803	-9976.825417125261	506012653.142	0.10436001532424286	0.0	0.0	0.0	-0.03836132287930959	0.0	0.0	0.0	-0.0650174547178182	0.105165115785
420	1150.0	nan	nan	1	1	5.0	5.0	5.0	1.115	-1.0543310262e-18	-6.35334267445e-17	2.24113006443e-19	0.960719670451	3.49625660353e-16	-3.92864468848e-19	-1.51264202512e-18	0.934453220841	457157835.141	-1127756.13446	-2055282.54653	-971675.116098	-7237.04043804	-9439941.06211	-1722357.27866	-9181765.16469	-8127.10751676	509227582.4972019	-1082387.4933258144	-1918668.6699654872	-1082347.785181591	-6945.900642413413	-8812471.644237166	-1918531.775656822	-8812390.797301028	-7586.901662827304	509477836.421	0.10885440491208208	0.0	0.0	0.0	-0.0400726186527091	0.0	0.0	0.0	-0.06779371129451717	0.109698854734
430	1200.0	nan	nan	1	1	5.0	5.0	5.0	1.12	2.32709067368e-18	-7.45850295668e-17	-2.83067823061e-19	0.959079884127	9.08641094579e-17	2.14034637859e-19	-1.48140768519e-18	0.931878100476	458020422.343	-1067386.4787	-1969588.60782	-913975.529882	-5798.40884337	-9459437.68653	-1638559.24458	-9191042.78306	-10081.2579882	512472959.6107397	-1022691.3168252669	-1833592.0563935803	-1022635.0659527108	-5555.609419692616	-8806280.525337301	-1833362.1485083199	-8806182.0478118	-9385.165253406642	512720257.748	0.11332868530700327	0.0	0.0	0.0	-0.04178090816539884	0.0	0.0	0.0	-0.07055326633144605	0.114211700821
440	1250.0	nan	nan	1	1	5.0	5.0	5.0	1.125	-4.71731177172e-19	-1.16733448579e-17	6.41892155341e-20	0.957445785503	-1.00930249003e-16	-5.56977102379e-19	1.59907909041e-18	0.929325477126	458702917.655	-1000245.85294	-1900574.11136	-851232.535983	-5077.14331694	-9474563.26387	-1569819.24775	-9196184.34568	-8148.62472942	515524687.1877428	-956723.394246307	-1764485.5047434797	-956678.8654410071	-4856.227869357845	-8796147.144670367	-1764280.420920046	-8796042.16848624	-7565.151041843492	515767685.58	0.11778303565638346	0.0	0.0	0.0	-0.04348618041495459	0.0	0.0	0.0	-0.07329624940025609	0.118703826993
450	1300.0	nan	nan	1	1	5.0	5.0	5.0	1.13	8.94797664546e-19	1.14527324798e-17	3.15135961048e-19	0.955817245939	-1.97344568318e-16	-2.73432823286e-19	4.27138862966e-18	0.926795146268	459216265.475	-921524.221137	-1840050.25321	-779436.627166	-7442.06227071	-9488722.58186	-1509017.75033	-9200497.3346	-12068.0079745	518392428.16796684	-879922.7786011846	-1703634.311743707	-879877.4698054112	-7106.096575177191	-8785256.455291564	-1703474.8865721922	-8785148.554408386	-11173.321176358406	518635473.05	0.12221763272424911	0.0	0.0	0.0	-0.04518854954093165	0.0	0.0	0.0	-0.07602272352437964	0.123175407891
460	1350.0	nan	nan	1	1	5.0	5.0	5.0	1.135	-1.46541993831e-18	5.97467924236e-18	2.18283037485e-19	0.954194200486	-2.87566229755e-16	-2.17594823216e-18	-1.09704001559e-19	0.924286934373	459586346.894	-840032.790248	-1781888.9353	-706177.24076	-2958.382348	-9505946.32655	-1450895.11212	-9207877.26606	-6404.11071977	521102950.180328	-800743.7607189391	-1645310.9835530152	-800700.5560483154	-2820.0163546953795	-8777336.000183953	-1645100.4875093263	-8777217.21801665	-5913.249416610356	521338662.456	0.126632650933366	0.0	0.0	0.0	-0.04688806379954749	0.0	0.0	0.0	-0.07873272051076279	0.127626587609
470	1400.0	nan	nan	1	1	5.0	5.0	5.0	1.14	-9.03254759128e-19	-1.61598401515e-17	8.90072808887e-19	0.952576848255	-2.0941672011e-17	-1.0591352912e-18	-6.52347718284e-19	0.921800299504	459818069.013	-760546.567245	-1722599.79256	-635478.096361	-2130.68157201	-9526932.36369	-1392707.49294	-9219004.89863	-5684.7114988	523659716.58529395	-723742.5633050859	-1586278.7893513183	-723708.5757653319	-2027.5746534485652	-8773001.599894064	-1586072.5364808508	-8772883.244514424	-5234.841727646311	523892464.712	0.131028262406404	0.0	0.0	0.0	-0.04858449465310702	0.0	0.0	0.0	-0.08142667378365398	0.132057606235
480	1450.0	nan	nan	1	1	5.0	5.0	5.0	1.145	1.35768793533e-18	6.2664318001e-17	-2.27507755677e-19	0.950965589639	-3.30368604525e-16	-9.70302710859e-19	3.44689469973e-19	0.91933454759	459920459.586	-678355.531255	-1659540.11633	-563363.343807	-8316.94817172	-9548748.20783	-1332340.2822	-9231007.92391	-11700.2305725	526070981.5370021	-644433.7887558339	-1524114.0479249246	-644392.0922876417	-7901.052138941757	-8769526.654068364	-1523971.2550060602	-8769403.55956831	-10745.43821148698	526307335.653	0.13540463700620298	0.0	0.0	0.0	-0.05027740043627938	0.0	0.0	0.0	-0.0841051884965661	0.136468719872
490	1500.0	nan	nan	1	1	5.0	5.0	5.0	1.15	3.64224167319e-19	4.22794113342e-17	-4.47167221701e-19	0.949360608887	-2.70627423694e-16	-1.85447275889e-18	-2.35753092023e-18	0.916889270467	459910855.376	-593437.772531	-1593586.84285	-489840.212751	-8726.58591291	-9573595.50368	-1270398.13887	-9246007.02429	-12478.8870456	528354684.04210025	-562808.2499169162	-1459643.1287151955	-562738.1215596235	-8276.17447478269	-8768918.340875465	-1459458.500325187	-8768786.337725643	-11430.015133375171	528589730.729	0.13976194237515863	0.0	0.0	0.0	-0.051966564259697104	0.0	0.0	0.0	-0.08676856596115907	0.140860112473
500	1550.0	nan	nan	1	1	5.0	5.0	5.0	1.155	3.99553382154e-18	-1.85736590581e-17	-2.98724697695e-19	0.947761972594	-2.33820374595e-16	-6.47344929939e-19	5.72263400099e-19	0.914464178667	459803945.124	-509178.029721	-1532986.13889	-417898.94738	7041.95017262	-9603231.06329	-1213917.53393	-9266021.66189	12921.2210099	530526052.7846585	-482082.0642989383	-1400415.678927284	-482175.6780633651	6667.212011814827	-8772757.305640485	-1400629.2997514224	-8772929.289683335	11803.81220292756	530740580.229	0.14410034397375687	0.0	0.0	0.0	-0.053651892015523214	0.0	0.0	0.0	-0.08941698232080209	0.145231944912
510	1600.0	nan	nan	1	1	5.0	5.0	5.0	1.16	-2.84351607371e-18	1.57118523666e-17	-5.45277459795e-20	0.946169783154	2.63741681108e-16	-3.20813728773e-20	5.85090655294e-18	0.912058691917	459595211.294	-424617.135921	-1484059.10727	-346315.235493	-2182.4012825	-9633138.5511	-1166658.21835	-9285711.99546	-5707.87560833	532578504.8561045	-401343.9687033017	-1352147.7034555213	-401309.7738952869	-2062.78437190948	-8776891.772794433	-1351922.462067309	-8776764.26414202	-5200.527969273891	532804652.247	0.14842000511827322	0.0	0.0	0.0	-0.05533325124112053	0.0	0.0	0.0	-0.09205093580636135	0.149584499543
520	1650.0	nan	nan	1	1	5.0	5.0	5.0	1.165	2.08295989642e-18	7.39062319212e-17	-4.69084199211e-19	0.944584124682	3.04422317754e-16	-3.69994579273e-19	-7.73076383047e-19	0.909672604876	459294109.202	-341555.921519	-1443826.45353	-276896.963092	-2343.12003304	-9657767.0719	-1127132.64235	-9300677.04958	-8062.35484184	534521424.42156535	-322292.9292831986	-1312044.0829248151	-322249.6351784197	-2210.9732888047724	-8776273.70656097	-1311744.5519772437	-8776139.60634965	-7326.479535552158	534747408.939	0.15272108701766393	0.0	0.0	0.0	-0.05701052805347292	0.0	0.0	0.0	-0.09467051906728233	0.153917894451
530	1700.0	nan	nan	1	1	5.0	5.0	5.0	1.17	-7.89222948604e-19	-1.85283692652e-17	-2.8844118832e-19	0.943004827998	4.52405458736e-16	6.50468363932e-19	1.08203165056e-18	0.907305746343	458907210.898	-262903.93773	-1411836.89983	-211905.405725	-11584.1429563	-9674967.70061	-1094913.57943	-9308694.63474	-11299.7947884	536361138.807579	-247660.96895974502	-1279630.993559945	-247670.60101700036	-10912.503227977435	-8768993.45305586	-1279712.0646890162	-8768983.655762915	-10241.67000724013	536591464.51	0.1570037488096647	0.0	0.0	0.0	-0.058683876533577976	0.0	0.0	0.0	-0.09727578937240552	0.158232298291
540	1750.0	nan	nan	1	1	5.0	5.0	5.0	1.175	-5.60788750642e-19	-9.14462857905e-17	6.17539958108e-20	0.941431881611	-2.13041571138e-16	1.74065270661e-19	1.01432195434e-18	0.904957909363	458449130.251	-182303.481404	-1388968.3079	-146042.210707	-12733.247436	-9690958.75657	-1069743.13974	-9315435.36379	-13957.1576337	538113479.9087968	-171446.53631067238	-1255641.2318984035	-171419.85234891978	-11974.928575558613	-8760723.56882908	-1255631.5751300263	-8760661.700192327	-12617.409990783628	538344144.691	0.16126814759612232	0.0	0.0	0.0	-0.060353284420068626	0.0	0.0	0.0	-0.09986684535494827	0.162527854139
550	1800.0	nan	nan	1	1	5.0	5.0	5.0	1.18	-1.18986953266e-18	-2.81079942612e-17	-2.17052192734e-21	0.939865211925	-4.87724244477e-16	5.05466911274e-19	-3.30342849429e-19	0.902628873292	457921699.84	-100274.336717	-1365288.03685	-79890.1624419	-10604.6133167	-9709504.28393	-1044471.97283	-9324810.17571	-13841.1469301	539779550.8813756	-94145.28381432987	-1231052.8630723506	-94171.28740087268	-9956.429163517141	-8754865.438741487	-1231181.253474886	-8754851.233617214	-12480.284816541407	540007954.329	0.16551443847757333	0.0	0.0	0.0	-0.06201880556879003	0.0	0.0	0.0	-0.10244380307805089	0.166804727343
560	1850.0	nan	nan	1	1	5.0	5.0	5.0	1.185	-1.91919137002e-18	7.07400492342e-17	-1.262608487e-19	0.93830487969	7.84780790191e-17	-8.26174760928e-19	2.15535474363e-18	0.900318408687	457344491.046	-16212.4460898	-1340853.9582	-12795.4669118	8597.96077365	-9726150.61493	-1018614.84027	-9332389.44024	10208.0049297	541381420.2295686	-15196.167237399013	-1205921.8193224925	-15146.630570246238	8058.996717291785	-8747393.534420608	-1205785.0475711133	-8747387.647299282	9180.75812894801	541588794.591	0.16974277458709455	0.0	0.0	0.0	-0.06368035113480537	0.0	0.0	0.0	-0.10500679079584302	0.171063051348
570	1900.0	nan	nan	1	1	5.0	5.0	5.0	1.19	-8.84249457374e-19	3.75416913624e-18	-1.68638965842e-19	0.936750999084	-1.94348533374e-17	5.75823585455e-19	-4.36910182106e-19	0.898025898149	456693177.365	66878.1194976	-1313881.02033	52693.5616199	-2766.12191155	-9737415.42348	-991399.083695	-9334706.96705	-8293.26741031	542889568.9466757	62581.825907237384	-1178650.1416448404	62638.95843407656	-2588.424453427051	-8735194.352116255	-1178516.010041353	-8735039.36258201	-7439.684915613836	543109210.016	0.17395330712343798	0.0	0.0	0.0	-0.06533777476607437	0.0	0.0	0.0	-0.10755637128621941	0.175303122113
580	1950.0	nan	nan	1	1	5.0	5.0	5.0	1.195	1.80754183966e-18	3.82988329381e-17	3.24387149019e-19	0.935203881834	6.65421142429e-17	-1.63821465955e-18	2.28259497417e-18	0.895751034796	455998015.729	144822.91685	-1287111.36235	113413.660806	1038.24680501	-9744084.70435	-964586.846549	-9332955.94741	-1116.37083804	544338852.534913	135295.09951957775	-1151706.7656280054	135385.37418024894	969.9411382185382	-8719003.348989626	-1151456.978121584	-8718946.083819818	-998.9282083354601	544552015.049	0.17814618538347404	0.0	0.0	0.0	-0.06699071802664802	0.0	0.0	0.0	-0.11009276756916168	0.179525041328
590	2000.0	nan	nan	1	1	5.0	5.0	5.0	1.2	1.55208199673e-18	1.10654690163e-16	5.66717981272e-19	0.93366356739	2.36508539532e-16	1.32465365039e-18	2.94031605772e-18	0.893493337968	455238265.941	218013.032981	-1263652.92101	169650.81087	-11956.1613047	-9752255.42803	-940923.432586	-9332637.37133	-14734.7825233	545703864.3807873	203333.94751139526	-1127862.4738302545	203364.06232399424	-11151.138268784229	-8704291.14640998	-1127905.0810617965	-8704259.426409068	-13151.402566139024	545927837.158	0.1823215567939546	0.0	0.0	0.0	-0.06863911186369455	0.0	0.0	0.0	-0.11261640051789386	0.183729062477
600	2050.0	nan	nan	1	1	5.0	5.0	5.0	1.205	-3.13899822341e-18	1.62614205777e-16	-9.94469619636e-20	0.932130425613	-2.97590679397e-16	-4.95302515907e-19	5.00715585835e-18	0.891252492743	454460485.081	288196.531116	-1244348.26624	223059.482379	11928.2932682	-9767974.82609	-920051.376347	-9339475.0343	11774.8519128	547039499.5814523	268349.5953019289	-1107842.9954431155	268499.35610079893	11106.83969293382	-8696425.899677629	-1107476.8016770121	-8696302.957158422	10483.148140987914	547239600.899	0.18647956694261839	0.0	0.0	0.0	-0.07028253244261551	0.0	0.0	0.0	-0.1151275103509517	0.187915274524
610	2100.0	nan	nan	1	1	5.0	5.0	5.0	1.21	6.43858859966e-18	6.49956703092e-17	5.48453833347e-20	0.930604411481	-1.37327228277e-16	-4.93873147808e-19	3.44078018064e-18	0.889027967579	453617852.56	352450.84471	-1230932.39204	271064.641142	6282.80382973	-9790241.4349	-904360.756257	-9352859.46217	9461.14695163	548289094.5349681	327640.6372638572	-1093159.9775405633	327636.54651915346	5840.536010832284	-8694466.224383993	-1093103.2307982706	-8694480.040035293	8402.205723103347	548492306.73	0.1906203596086497	0.0	0.0	0.0	-0.07192099911323488	0.0	0.0	0.0	-0.11762658436914906	0.192083977026
620	2150.0	nan	nan	1	1	5.0	5.0	5.0	1.215	-1.60213634995e-18	3.35895084224e-17	-2.49768840322e-19	0.92908562269	1.67275507495e-16	-5.51841965136e-19	-6.62287120524e-18	0.886819619448	452744607.859	409770.214708	-1224960.09568	313335.523022	11234.5161244	-9814328.50737	-894038.520345	-9367846.56134	14402.9704586	549493114.0458816	380302.18161342555	-1085150.3725718139	380293.236623538	10426.602125106692	-8694178.915601887	-1085088.5954103814	-8694171.407348704	12759.100328582133	549691435.731	0.19474407679251185	0.0	0.0	0.0	-0.07355437790299149	0.0	0.0	0.0	-0.1201136776146151	0.196235252633
630	2200.0	nan	nan	1	1	5.0	5.0	5.0	1.22	1.02027765475e-18	-7.74525934353e-17	5.15366608845e-19	0.927573967098	4.58006225871e-16	1.44599112008e-18	1.10606621044e-18	0.884627236077	451836855.294	463723.961187	-1221763.19571	352769.956401	11013.2151122	-9838016.39351	-885489.246257	-9382361.86504	11885.9993636	550646387.8123244	429674.3216000674	-1079639.2286842186	429915.13406874944	10204.552984183214	-8693590.106632236	-1079131.6582194478	-8693447.62571312	10503.337496265665	550845552.758	0.19885085874516517	0.0	0.0	0.0	-0.07518273878759812	0.0	0.0	0.0	-0.1225889248776409	0.200369266634
640	2250.0	nan	nan	1	1	5.0	5.0	5.0	1.225	-8.78373166303e-19	-1.46423435688e-16	-6.82893843944e-19	0.926069454255	-6.74053202255e-16	-7.63547262391e-19	-4.23378830773e-18	0.882450534041	450885198.237	515675.998946	-1219905.87732	389912.839226	4314.76760266	-9861584.00448	-878765.871978	-9397000.1375	-1948.08208529	551736923.1152445	477035.23642497323	-1075342.165677252	477126.57465549343	3991.4523609090597	-8692946.970370179	-1075323.7858320088	-8692861.78034287	-1717.2265889192397	551944951.224	0.20294084399669038	0.0	0.0	0.0	-0.07680604255362929	0.0	0.0	0.0	-0.1250525438238483	0.204486189631
650	2300.0	nan	nan	1	1	5.0	5.0	5.0	1.23	-1.96366059975e-18	-9.26879037423e-18	4.30133918528e-20	0.924572206414	-6.87811928994e-17	-8.56191490996e-19	-6.76038171027e-19	0.880289249096	449909083.946	564786.259021	-1216361.2323	424623.479373	-4551.17321156	-9885013.5318	-870377.53835	-9411477.39685	-8562.72460791	552787902.4277414	521619.25277835695	-1069588.25294041	521720.34497605945	-4203.323880424202	-8692232.26868069	-1069403.1103458789	-8692151.63944482	-7529.498154480356	553002587.118	0.20701416938432612	0.0	0.0	0.0	-0.07842412799879683	0.0	0.0	0.0	-0.12750473336277166	0.208586152588
660	2350.0	nan	nan	1	1	5.0	5.0	5.0	1.235	1.89576561507e-18	-2.01631627057e-16	-2.42463181152e-19	0.923082162836	-8.59403863449e-17	1.23793865241e-18	-7.28133344261e-18	0.878143216449	448910467.898	617055.256718	-1216379.4279	461261.482148	-3033.45345062	-9912033.70899	-864779.136994	-9429376.23086	-6934.2488777	553801366.240275	568973.118078176	-1066993.4414702768	569038.2766160388	-2797.0808927611415	-8694717.056653565	-1066840.4989660007	-8694621.003863415	-6082.639926590991	554014484.4	0.2110709700799406	0.0	0.0	0.0	-0.08003703128398075	0.0	0.0	0.0	-0.12994558196459033	0.212669289774
670	2400.0	nan	nan	1	1	5.0	5.0	5.0	1.24	7.56392480964e-18	-1.52121651317e-16	5.0970207601e-19	0.921599088822	-2.82210466899e-16	1.73059419036e-19	-3.27865278058e-18	0.876012399886	447886631.952	668092.474407	-1218738.305	496602.33128	-3525.65613333	-9938768.20903	-860822.105833	-9447025.97789	-7079.89785481	554773630.4443022	615041.8117644768	-1066465.3249934195	615115.2067446295	-3245.6972933644365	-8696987.388180472	-1066255.0983903066	-8696873.854753094	-6195.313247867534	554986914.109	0.2151113796169455	0.0	0.0	0.0	-0.08164497773240499	0.0	0.0	0.0	-0.1323750330249236	0.216735722897
680	2450.0	nan	nan	1	1	5.0	5.0	5.0	1.245	2.57392136847e-19	2.83081527789e-16	4.72988491703e-19	0.920122868487	-1.79003472743e-16	1.09907818862e-18	6.97777801014e-18	0.873896695948	446839793.909	714213.072152	-1226894.48738	527900.191722	-2792.92025614	-9961427.68483	-861037.629051	-9460852.45212	-6631.64469835	555707068.2818159	656445.0018569621	-1071006.3333202025	656516.8811866898	-2567.0190230524217	-8695737.285564767	-1070819.3474319377	-8695625.363993084	-5789.033649853256	555919569.153	0.219135529916671	0.0	0.0	0.0	-0.0832480651531583	0.0	0.0	0.0	-0.13479310716823564	0.22078557223
690	2500.0	nan	nan	1	1	5.0	5.0	5.0	1.25	-2.26644840862e-18	-7.17739257382e-17	5.05837488188e-19	0.918653481812	3.87573689302e-17	-9.99604756878e-19	-2.04719922417e-18	0.8717959209	445775136.237	757353.194963	-1240434.87338	556682.962944	91.9676736832	-9982489.37473	-864898.634784	-9473181.82561	-1518.25213735	556607794.0459945	694982.0955171669	-1080220.0376431837	695090.530626885	84.39376370363026	-8693148.894436251	-1079937.5784937663	-8693026.978910701	-1322.154363889459	556816472.11	0.22314355131420976	0.0	0.0	0.0	-0.08484628778369663	0.0	0.0	0.0	-0.13719991812891522	0.224818968935
700	2550.0	nan	nan	1	1	5.0	5.0	5.0	1.255	-1.02006589651e-18	-5.00553656959e-17	-9.52117972273e-20	0.917190931439	2.92440930836e-16	-1.70370089428e-18	-5.28860902486e-18	0.869709872794	444693206.349	798667.831978	-1256738.24965	583738.784413	11476.1699138	-10004874.8957	-870629.86868	-9486839.63388	12466.5297384	557476214.7157202	731725.2921310432	-1091795.6394433368	731786.5064525447	10514.263184885325	-8691769.178938797	-1091438.8542047094	-8691674.090978565	10830.340216959637	557673426.244	0.22713557258374711	0.0	0.0	0.0	-0.08643961527033706	0.0	0.0	0.0	-0.13959560249730352	0.228836046205
