inc	time	elem	node	ip	grain	1_pos	2_pos	3_pos	1_f	2_f	3_f	4_f	5_f	6_f	7_f	8_f	9_f	1_p	2_p	3_p	4_p	5_p	6_p	7_p	8_p	9_p	1_Cauchy	2_Cauchy	3_Cauchy	4_Cauchy	5_Cauchy	6_Cauchy	7_Cauchy	8_Cauchy	9_Cauchy	Mises(Cauchy)	1_ln(V)	2_ln(V)	3_ln(V)	4_ln(V)	5_ln(V)	6_ln(V)	7_ln(V)	8_ln(V)	9_ln(V)	Mises(ln(V))
0	0.0	nan	nan	1	1	5.0	5.0	5.0	1.0	0.0	0.0	0.0	1.0	0.0	0.0	0.0	1.0	6.13994995618e-06	-1.15162124882e-06	-7.96828793773e-07	-1.15162124882e-06	6.64731530755e-06	1.4905323551e-06	-7.96828793773e-07	1.4905323551e-06	6.49152034731e-06	6.13994995618e-06	-1.15162124882e-06	-7.96828793773e-07	-1.15162124882e-06	6.64731530755e-06	1.4905323551e-06	-7.96828793773e-07	1.4905323551e-06	6.49152034731e-06	3.57088360093e-06	0.0	0.0	0.0	0.0	0.0	0.0	0.0	0.0	0.0	0.0
10	2.5	nan	nan	1	1	5.0	5.0	5.0	1.00025	-2.17681352851e-21	9.37427244594e-20	1.67697944498e-23	0.999930869641	1.35439235083e-19	-1.90290314978e-21	-1.56757834662e-21	0.999929589196	55992640.0653	-509109.547373	-1263879.01307	-508947.115538	15.5343242564	645388.654357	-1263474.15433	645387.828278	16.0758452407	56000454.16121863	-509018.14217419166	-1263650.4789006845	-509018.1420438708	15.53153523387176	645271.9554020496	-1263650.4794366772	645271.955764792	16.07293841188163	56061269.6975	0.0002499687552074404	0.0	0.0	0.0	-6.913274861320093e-05	0.0	0.0	0.0	-7.041328295685611e-05	0.000213162462761
20	5.0	nan	nan	1	1	5.0	5.0	5.0	1.0005	-2.19019493187e-21	-1.72789241168e-20	2.08184558073e-22	0.999861714149	7.42506786137e-20	-1.64433166018e-21	3.27847865907e-21	0.999859152583	112029538.246	-1018597.56346	-2528675.43091	-1017947.73108	-66.6132401106	1290998.29085	-2527055.74595	1290994.98354	-58.9588374671	112060815.96514364	-1018231.9345382866	-2527761.2786670215	-1018231.9336549112	-66.58932907053149	1290531.5765501594	-2527761.2789828023	1290531.5766748139	-58.93752300623439	112182512.348	0.0004998750416509929	0.0	0.0	0.0	-0.00013829541337003886	0.0	0.0	0.0	-0.00014085733692895808	0.000426303510574
30	7.5	nan	nan	1	1	5.0	5.0	5.0	1.00075	-1.13913433224e-20	-2.57783600072e-20	2.07807156919e-21	0.999789247429	1.91444542126e-19	-1.49368139112e-21	4.78154338026e-21	0.999785731132	164906269.365	-1477764.29406	-3776095.16087	-1476345.54888	-6617.11155471	1913511.98238	-3772456.86358	1913505.386	-6156.4055207	164976380.4136481	-1476973.270849717	-3774060.604936629	-1476973.227469768	-6613.569522434726	1912480.9842214605	-3774060.74988283	1912481.117664778	-6153.088456154018	165165250.69	0.0007497188905459742	0.0	0.0	0.0	-0.00021077478244434225	0.0	0.0	0.0	-0.0002142918268537787	0.000641504677166
40	10.0	nan	nan	1	1	5.0	5.0	5.0	1.001	7.9237698828e-21	1.25616268208e-19	-1.76758157145e-21	0.999679122293	2.92244177035e-19	4.56376223461e-21	1.33958798276e-20	0.99968627166	185229181.952	-1332985.49696	-5132841.46844	-1331226.66163	6302.07421974	2735509.22418	-5126105.30937	2735528.58914	5117.17591457	185346785.48429033	-1332071.7517763288	-5129359.651848778	-1332071.8683951378	6297.754225277527	2733653.616236378	-5129359.91582521	2733653.4178955853	5113.704724565574	185628631.067	0.0009995003330834232	0.0	0.0	0.0	-0.00032092919926682214	0.0	0.0	0.0	-0.00031377756303102106	0.000877912185969
50	12.5	nan	nan	1	1	5.0	5.0	5.0	1.00125	1.71544722087e-20	-4.45096788628e-19	-2.04603124515e-21	0.999555204249	-6.74223026571e-19	1.26972224027e-22	-1.41570410875e-20	0.999577218115	193668094.831	-1217933.51331	-6328754.78648	-1215872.03038	-4881.81273909	3392771.3141	-6318181.2747	3392845.88386	-5112.12322554	193836226.35482228	-1216927.4919626308	-6323666.459302676	-1216927.5806884752	-4877.780328637615	3390043.521498387	-6323666.3570334	3390043.370134747	-5108.0130717388265	194250622.838	0.0012492194004318981	0.0	0.0	0.0	-0.0004448947019728834	0.0	0.0	0.0	-0.00042287128245911514	0.00112214030364
60	15.0	nan	nan	1	1	5.0	5.0	5.0	1.0015	1.77540359812e-20	2.36118292263e-19	2.26233897533e-22	0.999427936274	1.63624700367e-19	3.5585309952e-21	-1.05448984488e-20	0.999466445323	199455381.883	-1273680.17977	-7165411.94423	-1271045.07141	-727.752287917	3851838.92246	-7150862.15349	3851987.15788	-655.61963204	199676086.49227682	-1272451.4434074028	-7158775.19995797	-1272451.528850308	-727.05021551819	3848271.274137142	-7158774.841644509	3848271.094173961	-655.0123843518787	200184526.458	0.0014988761237359487	0.0	0.0	0.0	-0.0005722274168838514	0.0	0.0	0.0	-0.0005336970679476121	0.00136807311722
70	17.5	nan	nan	1	1	5.0	5.0	5.0	1.00175	2.10111630407e-20	-8.76207607459e-20	1.40207113828e-21	0.999299769279	6.71077051906e-19	5.88125415525e-21	-4.65051280135e-20	0.999354204379	204006741.331	-1411027.8798	-7723369.83476	-1407576.61782	-3118.95565501	4170490.93691	-7704897.87922	4170717.76602	-2564.73468413	204281617.39183632	-1409473.1263071012	-7715280.025143887	-1409473.168460961	-3115.5190062603565	4166122.5746009103	-7715279.359578776	4166122.2239279943	-2562.048264114598	204862747.293	0.001748470534116803	0.0	0.0	0.0	-0.0007004759970374393	0.0	0.0	0.0	-0.0006460042368120947	0.00161478004789
80	20.0	nan	nan	1	1	5.0	5.0	5.0	1.002	8.27832017285e-21	-5.07440564216e-19	2.28591362279e-21	0.999171637823	4.61925261203e-19	-1.52780259139e-21	3.54727099911e-20	0.999240633567	207850799.155	-1581728.81471	-8111794.56798	-1577264.01091	-3614.06808949	4381449.88628	-8089455.41268	4381752.24644	-2839.38724329	208181203.45547825	-1579771.2966617676	-8102315.01256003	-1579771.2652208463	-3609.5953863016107	4376329.663292505	-8102314.592763707	4376329.471672594	-2836.0690960531642	208812455.754	0.001998002662673058	0.0	0.0	0.0	-0.0008287054585355248	0.0	0.0	0.0	-0.00075965489773266	0.00186188208261
90	22.5	nan	nan	1	1	5.0	5.0	5.0	1.00225	2.29361674224e-21	1.18295264837e-18	-5.80143122614e-21	0.999043793748	-4.01930161567e-19	-1.09105122796e-21	6.29693309258e-20	0.999125996833	211243719.641	-1764214.61325	-8395460.22934	-1758571.21239	104.828236068	4514365.39671	-8369291.52109	4514737.61658	650.476155202	211630871.5898396	-1761793.8550652014	-8384630.286327035	-1761794.192335662	104.68439653251666	4508541.9732584525	-8384630.142888097	4508542.742126818	649.6370565106015	212293817.294	0.00224747254047937	0.0	0.0	0.0	-0.0009566637088365916	0.0	0.0	0.0	-0.0008743853304587192	0.00210919971143
100	25.0	nan	nan	1	1	5.0	5.0	5.0	1.0025	7.14818466095e-21	2.12668135487e-19	6.59717897542e-21	0.998916303745	9.83997306286e-19	5.78778274603e-21	-5.16543273266e-20	0.999010493704	214337639.125	-1940305.71203	-8618592.42115	-1933370.12057	-382.503811459	4599655.97162	-8588592.83612	4600090.83336	101.658350874	214782696.84330818	-1937384.098181874	-8606426.424054757	-1937384.6338305678	-381.9278566362111	4593163.101502076	-8606426.472557941	4593164.250091159	101.51485003987217	215472575.174	0.002496880198587146	0.0	0.0	0.0	-0.0010842838783615579	0.0	0.0	0.0	-0.0009899961805441653	0.00235664230064
110	27.5	nan	nan	1	1	5.0	5.0	5.0	1.00275	-1.7095367569e-20	-1.69936398633e-18	3.5452961054e-21	0.998789118258	-1.872473243e-19	-5.00444270595e-21	3.08734823878e-20	0.998894381374	217228415.181	-2101868.37466	-8805076.87417	-2093566.63817	-403.956594285	4658968.18741	-8771221.16628	4659460.90102	-1.80723546145	217732501.10545382	-2098424.145237076	-8791574.876044832	-2098424.8307472845	-403.29465027157244	4651823.970428072	-8791575.083268756	4651825.669183537	-1.8044641864046371	218443434.764	0.0027462256680252286	0.0	0.0	0.0	-0.0012116154516470057	0.0	0.0	0.0	-0.0011062302731471867	0.00260414324333
120	30.0	nan	nan	1	1	5.0	5.0	5.0	1.003	-9.87146744769e-20	-4.81629220381e-19	-1.14506612196e-20	0.998662164715	7.91450339199e-19	-2.00243882687e-20	4.57569431494e-20	0.998777840156	219971194.751	-2246885.74899	-8969391.11886	-2237168.99075	-365.81103883	4703138.98019	-8931634.37783	4703685.28858	-5.32063512968	220535403.724211	-2242906.443419305	-8954543.132337773	-2242907.154879168	-365.1631759356358	4695353.374315016	-8954543.324008685	4695354.91349081	-5.311827316791498	221263933.971	0.002995508979798371	0.0	0.0	0.0	-0.0013387309855810048	0.0	0.0	0.0	-0.001222907290403954	0.0028516695708
130	32.5	nan	nan	1	1	5.0	5.0	5.0	1.00325	8.14323123907e-21	-9.50609194836e-19	-1.00862267992e-20	0.998535404237	-4.51161676879e-19	-1.55195626527e-20	-3.22406051452e-20	0.998660975531	222599990.377	-2376047.84354	-9117531.16088	-2364882.66296	-282.35700221	4739449.30495	-9075826.27418	4740046.70971	-32.3022546046	223225391.8279095	-2371526.235410894	-9101324.938498802	-2371526.8728098795	-281.81967813213316	4731025.032189629	-9101325.084447071	4731026.4226003615	-32.24483801755479	223969123.414	0.0032447301648890294	0.0	0.0	0.0	-0.0014656693317319663	0.0	0.0	0.0	-0.001339921763353158	0.0030992009426
140	35.0	nan	nan	1	1	5.0	5.0	5.0	1.0035	5.43809731196e-20	-1.21745766045e-18	3.65531112687e-21	0.998408782456	-2.27284396232e-18	-1.02950899038e-20	-1.71011319839e-20	0.998543885936	225137164.785	-2492541.33372	-9254507.64231	-2479896.17235	-233.560832723	4771861.42203	-9208801.38125	4772508.49801	-42.6532230181	225824804.61520174	-2487469.9061023933	-9236927.799444566	-2487470.5565459686	-233.08562019937546	4762796.80430886	-9236927.96188013	4762798.154965879	-42.572199047150484	226582175.786	0.003493889254255838	0.0	0.0	0.0	-0.0015924848752144078	0.0	0.0	0.0	-0.0014571752283261306	0.00334672476696
150	37.5	nan	nan	1	1	5.0	5.0	5.0	1.00375	5.12789941237e-21	-6.49998525344e-20	1.59356345008e-20	0.998282276031	-1.76665430198e-18	-1.57693711977e-20	1.06209577062e-19	0.99842662566	227598591.574	-2597937.60751	-9382233.76538	-2583786.46751	-215.093034696	4801159.95211	-9332475.28143	4801855.44704	-32.0691402917	228349495.06852564	-2592310.4131760662	-9363265.338804932	-2592311.0118586435	-214.62713809302193	4791453.260473004	-9363265.402989788	4791454.514513429	-32.00430486464004	229119171.496	0.003742986278834297	0.0	0.0	0.0	-0.001719200948421411	0.0	0.0	0.0	-0.0015746133932405273	0.00359423183384
160	40.0	nan	nan	1	1	5.0	5.0	5.0	1.004	1.15535418083e-20	-1.18264162846e-18	4.21820753371e-21	0.998155875235	3.57065932414e-18	1.11073812654e-20	-1.14414795148e-19	0.998309227491	229995834.853	-2693856.6604	-9501852.36188	-2678176.6735	-176.253071641	4827596.51777	-9447994.8876	4828339.26755	-36.3333212981	230811008.38969055	-2687668.3995883516	-9481481.411053512	-2687668.926923696	-175.84818744940642	4817246.669390104	-9481481.387092836	4817247.726149915	-36.255426559965606	231591783.789	0.003992021269537457	0.0	0.0	0.0	-0.001845827256467045	0.0	0.0	0.0	-0.0016922034780276409	0.00384171508744
170	42.5	nan	nan	1	1	5.0	5.0	5.0	1.00425	-5.45157518606e-20	-2.13166098216e-19	-8.03605965095e-21	0.998029559621	-5.16030007696e-19	-1.46113183401e-20	3.07659489081e-19	0.998191728883	232337586.563	-2782279.45675	-9614471.67864	-2765046.20701	-157.777107757	4852409.84465	-9556470.99305	4853199.31563	-26.0733870036	233218019.19632033	-2775523.710662506	-9592684.914160918	-2775524.222854544	-157.39400386862798	4841414.096368143	-9592684.80178464	4841415.099558947	-26.01430370076006	234008919.8	0.004240994257254614	0.0	0.0	0.0	-0.0019723842505857824	0.0	0.0	0.0	-0.0018099080128150954	0.00408916968729
180	45.0	nan	nan	1	1	5.0	5.0	5.0	1.0045	-1.37411243357e-20	4.505421186e-19	3.22790690437e-20	0.997903323057	-1.52779431958e-19	-4.93165081204e-21	-1.47891208128e-19	0.998074147737	234630006.888	-2864110.48982	-9721299.95708	-2845302.02802	-135.970935985	4876792.54785	-9659112.04053	4877628.30252	-25.6812814315	235576669.6893907	-2856781.4700894314	-9698083.830470925	-2856781.9816046827	-135.62299770672564	4865145.933329621	-9698083.705682784	4865146.858736806	-25.619950140024297	236376936.961	0.004489905272852001	0.0	0.0	0.0	-0.002098878047309789	0.0	0.0	0.0	-0.0019277091008500467	0.00433659207463
190	47.5	nan	nan	1	1	5.0	5.0	5.0	1.00475	9.32691635587e-20	-3.17970378135e-18	-9.27269466672e-22	0.997777157115	-1.52130426049e-18	1.61052065264e-20	-1.26002354759e-19	0.99795650179	236877885.728	-2940304.18841	-9823265.48665	-2919899.26958	-118.477122295	4901546.53079	-9756846.4808	4902428.40367	-24.2085982587	237891732.4085688	-2932396.116715644	-9798606.327573389	-2932396.553456716	-118.15847309505631	4889242.270481815	-9798606.168020178	4889243.116431527	-24.147827868620784	238700773.317	0.00473875434717347	0.0	0.0	0.0	-0.002225317067404361	0.0	0.0	0.0	-0.0020455890013047363	0.00458397953057
200	50.0	nan	nan	1	1	5.0	5.0	5.0	1.005	1.96483519622e-19	2.8206561103e-18	-1.45252915564e-20	0.997651058172	6.22050987578e-19	2.19037426204e-21	3.05889322571e-19	0.997838802207	239085102.042	-3011650.1866	-9921117.37429	-2989628.21023	-103.975545152	4926882.97777	-9850423.58823	4927810.97098	-19.5186303837	240167069.8445359	-3003157.269200537	-9895001.363975046	-3003157.6248083017	-103.68233190947983	4913913.61939899	-9895001.192910416	4913914.439529264	-19.46725020813931	240984399.251	0.004987541511038968	0.0	0.0	0.0	-0.002351704919598255	0.0	0.0	0.0	-0.002163536551237187	0.00483132976766
210	100.0	nan	nan	1	1	5.0	5.0	5.0	1.01	4.57232355395e-20	4.34684735386e-18	-1.98374454502e-20	0.995136151228	5.60090610205e-19	-3.24089363998e-20	-7.67755957347e-20	0.995484925548	276924537.15	-3966744.17168	-11413660.8259	-3908370.3596	2096.18789138	5498334.77727	-11249624.6312	5500268.60873	-1568.7812313	279540184.19441926	-3945282.7221355224	-11355887.603042334	-3945286.255478328	2084.84679431915	5470503.520911615	-11355881.18657879	5470510.264829204	-1560.840435697843	280474440.165	0.009950330853168092	0.0	0.0	0.0	-0.004875715779628768	0.0	0.0	0.0	-0.00452529818620732	0.0097693203145
220	150.0	nan	nan	1	1	5.0	5.0	5.0	1.015	2.8445748649e-19	3.39471614669e-18	2.26874962508e-20	0.992629689006	-4.22934469348e-18	-3.37489689922e-21	-7.04357526479e-19	0.993144093574	306988347.87	-4634419.84045	-12502451.1925	-4532273.80686	10242.818892	6074001.66333	-12233232.6332	6077142.71508	10054.4261932	311402695.08668983	-4597450.568184272	-12409145.162961608	-4597445.760139026	10161.110809128028	6028671.2741216095	-12409140.731341738	6028664.68517202	9979.38982049757	312409621.155	0.014888612493750559	0.0	0.0	0.0	-0.007397605933567225	0.0	0.0	0.0	-0.0068795161249303755	0.0146878284637
230	200.0	nan	nan	1	1	5.0	5.0	5.0	1.02	-3.71311450808e-19	6.47712859876e-18	-1.04199114583e-19	0.990133593927	1.43933066179e-18	7.11441501245e-20	-8.74930440593e-19	0.990818126313	331458545.961	-5175567.76673	-13352346.1757	-5024015.91397	-10417.0974268	6585250.46768	-12970338.9007	6589793.08212	-10501.4358883	337863659.69508755	-5121107.407163865	-13220979.014007356	-5121100.1307535665	-10307.482617938656	6520461.429739338	-13220978.073655333	6520451.414327399	-10398.117429641869	338953473.662	0.01980262729617973	0.0	0.0	0.0	-0.009915401596931925	0.0	0.0	0.0	-0.009224286910740571	0.0195857126451
240	250.0	nan	nan	1	1	5.0	5.0	5.0	1.025	1.23871951091e-19	-9.52217895691e-18	-6.83648232663e-20	0.987649842042	7.90257586114e-18	1.03364489345e-20	-1.26904726089e-18	0.988507371732	351645213.947	-5621757.13283	-14012111.5304	-5416906.72987	83.5924391483	7031381.89916	-13513243.062	7037487.78044	-129.411737899	360181829.62633497	-5548406.882985767	-13841294.890830379	-5548408.735555403	82.50176124254428	6945664.837535178	-13841293.489039568	6945665.690873646	-127.8341256925395	361307060.934	0.024692612590371414	0.0	0.0	0.0	-0.012427054941315425	0.0	0.0	0.0	-0.011559178906101409	0.024462285317
250	300.0	nan	nan	1	1	5.0	5.0	5.0	1.03	1.09452538653e-20	4.10654145974e-18	-4.45221692901e-20	0.98517969817	1.89757548625e-17	-5.82533674584e-20	-2.23601808824e-19	0.986211666859	368433022.749	-5983955.84197	-14512184.4847	-5723563.83357	-2832.06332697	7429242.6072	-13895230.5854	7437026.28353	-2164.79929581	379204043.502236	-5890891.439657758	-14301451.324951574	-5890890.378769105	-2788.018168918005	7321361.690250284	-14301453.176115775	7321363.263224472	-2133.3639873415777	380363092.669	0.02955880224154443	0.0	0.0	0.0	-0.014931219758876884	0.0	0.0	0.0	-0.013884275147505155	0.0293172650068
260	350.0	nan	nan	1	1	5.0	5.0	5.0	1.035	-5.02455973844e-19	1.18893713467e-17	-3.21243862691e-20	0.982723878567	4.67056614094e-18	5.52159602491e-20	-1.55636017485e-18	0.983931230246	382503334.601	-6273572.97984	-14881949.4729	-5956699.84377	-9843.60561672	7788776.77971	-14147651.3944	7798351.92393	-7408.18841625	395584231.1820343	-6160413.433987734	-14631470.198796276	-6160407.805432343	-9666.05162241459	7657683.258831548	-14631474.535308609	7657689.184380491	-7283.50060835865	396768952.18	0.03440142671733232	0.0	0.0	0.0	-0.01742709497033203	0.0	0.0	0.0	-0.016199272333543062	0.034150431763
270	400.0	nan	nan	1	1	5.0	5.0	5.0	1.04	-4.0935514154e-20	-1.52959988942e-17	-2.26852628631e-19	0.980282913607	1.99788999524e-17	1.26128499802e-20	1.47234840312e-18	0.981666124345	394377183.177	-6496952.35862	-15146895.8429	-6123883.19193	-17270.0107172	8112757.08628	-14297298.9539	8124204.58727	-17193.4406322	409823203.0841857	-6363741.623216757	-14857264.901491782	-6363728.765474193	-16915.91379589368	7957629.230600127	-14857261.278499829	7957629.3673977535	-16864.67674235753	411026252.093	0.03922071315328133	0.0	0.0	0.0	-0.01991406162561417	0.0	0.0	0.0	-0.018504024014627373	0.038961676542
280	450.0	nan	nan	1	1	5.0	5.0	5.0	1.045	-7.81454068291e-20	-9.21618830471e-18	1.04509307312e-19	0.977857271353	-7.60013546814e-18	9.50926832191e-20	1.48653620499e-18	0.979416327291	404459627.22	-6662049.86475	-15325195.4919	-6234000.65051	-9195.41588349	8399414.65344	-14363388.0733	8412800.74727	-8174.55422246	422310975.10068756	-6509149.538401388	-14997340.893760541	-6509146.318485791	-8984.372418184272	8219724.500889206	-14997334.751746422	8219719.037304188	-7999.674548592837	423507132.45	0.04401688541677426	0.0	0.0	0.0	-0.02239155890935773	0.0	0.0	0.0	-0.020798469145298426	0.0437509354816
290	500.0	nan	nan	1	1	5.0	5.0	5.0	1.05	7.87078896456e-20	-3.72789787998e-18	-2.71897576069e-19	0.975447593607	-4.04998612864e-17	-9.13075047361e-20	1.72483039585e-18	0.977181232742	413049506.285	-6783258.39833	-15434067.2377	-6301617.39008	-17742.1184038	8655743.87158	-14363691.5074	8671139.0873	-17976.5837519	433334281.8195305	-6611103.321663243	-15069094.179214856	-6611088.51234801	-17291.833957200342	8451059.437747937	-15069089.416467618	8451070.717985077	-17551.487200744683	434534593.286	0.04879016416943205	0.0	0.0	0.0	-0.02485884295869847	0.0	0.0	0.0	-0.02308314491805224	0.0485182712747
300	550.0	nan	nan	1	1	5.0	5.0	5.0	1.055	6.80352745102e-19	2.20856230935e-17	1.58051054002e-19	0.973054283188	1.25731056061e-17	-1.65594941188e-19	-1.41840960974e-18	0.974960774878	420422180.016	-6864578.89348	-15482165.6082	-6331394.27883	10985.3666341	8887909.72698	-14307569.927	8905308.49112	10147.8017537	443160871.6120022	-6673817.059413509	-15081418.112775039	-6673830.117665927	10680.090998182493	8657850.983727448	-15081400.223122597	8657836.212477027	9885.131385756733	444323402.232	0.05354076692802976	0.0	0.0	0.0	-0.027315408847683173	0.0	0.0	0.0	-0.02535803968793295	0.0532636506041
310	600.0	nan	nan	1	1	5.0	5.0	5.0	1.06	-4.97128930699e-19	-1.60618622623e-18	1.00677806715e-19	0.970676945253	-9.23886628839e-18	8.41672816885e-20	-2.40295306202e-18	0.972754915966	426728109.179	-6909295.29342	-15480242.3242	-6327072.84444	-13872.7870055	9095822.77228	-14206113.5421	9115303.70774	-12965.8218671	451932009.20473033	-6700766.040875835	-15045172.612846062	-6700769.603562769	-13454.092799780388	8840186.141716663	-15045171.14755779	8840194.975493703	-12601.419536758769	453103228.636	0.058268908123975824	0.0	0.0	0.0	-0.029761569186782105	0.0	0.0	0.0	-0.027623113451498007	0.057987311445
320	650.0	nan	nan	1	1	5.0	5.0	5.0	1.065	5.64626868684e-19	3.10774601637e-17	9.25648192671e-20	0.968316161333	-9.96715580435e-18	2.49146800501e-20	1.80961971736e-18	0.970563391492	432175342.49	-6911907.2024	-15440161.3749	-6284421.30002	-8780.35959223	9280024.15898	-14071027.2072	9301564.75596	-7829.18331846	459852866.781093	-6686893.167479628	-14972180.251468085	-6686890.404769516	-8494.51892885813	8998752.73791476	-14972168.84819244	8998756.49254973	-7591.885927845693	461000684.254	0.06297479916138839	0.0	0.0	0.0	-0.03219663208464333	0.0	0.0	0.0	-0.029878560121887148	0.0626892177744
330	700.0	nan	nan	1	1	5.0	5.0	5.0	1.07	1.14150924532e-19	2.83420466699e-17	3.03078976439e-20	0.965971770362	6.59298285361e-17	3.39574185065e-19	-1.85571683854e-18	0.968386227493	436884308.365	-6880790.51346	-15369773.4314	-6211822.74783	29219.5785818	9436892.93918	-13910153.9367	9460515.87926	26011.6241689	467039279.2269172	-6640579.096555488	-14870283.662192557	-6640580.042092241	28199.510268609454	9130211.02891862	-14870271.474946598	9130245.117556205	25166.293545724286	468130874.525	0.06765864847381486	0.0	0.0	0.0	-0.03462066842436917	0.0	0.0	0.0	-0.03212427593902765	0.0673694996023
340	750.0	nan	nan	1	1	5.0	5.0	5.0	1.075	1.02361284698e-18	2.35785120456e-17	-4.28797194658e-19	0.963643407478	-1.79296096157e-17	-3.47984957534e-19	3.29190090528e-18	0.966223089353	440905801.73	-6819524.33359	-15280234.0692	-6113103.626	-15784.2577419	9567789.12135	-13734041.5384	9593398.44363	-16826.0395094	473534960.0885128	-6565506.078288933	-14750447.226493686	-6565502.81306468	-15196.3150326014	9236060.643414112	-14750426.930700349	9236057.049149483	-16242.657454742512	474645345.709	0.07232066157962608	0.0	0.0	0.0	-0.03703396206008256	0.0	0.0	0.0	-0.0343605300732558	0.0720284783223
350	800.0	nan	nan	1	1	5.0	5.0	5.0	1.08	-9.51376818444e-19	1.87821416596e-17	-5.0105969297e-19	0.961331311556	2.37308985668e-17	-4.2268267557e-19	-1.8322778487e-18	0.964074135274	444394327.971	-6726437.41439	-15178700.033	-5987328.19905	-19137.9755639	9678224.96401	-13549439.8337	9705875.39453	-16507.6397494	479495999.0116253	-6460273.710518887	-14619675.561861385	-6460253.282983626	-18380.689924136714	9321780.43448484	-14619678.470630394	9321815.9608106	-15899.671045848843	480582925.528	0.0769610411361284	0.0	0.0	0.0	-0.03943617234470566	0.0	0.0	0.0	-0.03658708351733439	0.0766660945277
360	850.0	nan	nan	1	1	5.0	5.0	5.0	1.085	6.4330828855e-19	2.97754580273e-18	-2.50007068338e-19	0.959035115888	2.56437901292e-17	3.24387149019e-20	2.49449879477e-18	0.961939301569	447398845.289	-6601665.12515	-15061351.0428	-5835235.79742	-16296.1811593	9772241.95945	-13353063.4018	9801837.1421	-17373.5438201	484967550.2904718	-6325226.525612461	-14474370.440212006	-6325228.6854116805	-15613.793699153539	9391391.897746157	-14474338.758432012	9391394.309709955	-16696.45096225265	486027093.531	0.08157998699242285	0.0	0.0	0.0	-0.041827587576182886	0.0	0.0	0.0	-0.038803926389192916	0.081282577864
370	900.0	nan	nan	1	1	5.0	5.0	5.0	1.09	1.29196347258e-18	2.58732566486e-17	-5.86980597557e-19	0.956754772177	2.76183562782e-17	-1.78273965617e-20	3.38953468734e-18	0.95981860642	450006786.529	-6456061.06444	-14936919.0928	-5666857.57496	26663.394389	9848171.84674	-13152949.1843	9879769.74691	23862.9435189	490037439.1580383	-6170949.138327844	-14322996.755794056	-6170956.654956518	25485.88821998215	9443402.118938426	-14322978.516313585	9443460.338747602	22882.152636794654	491029745.839	0.08617769624105241	0.0	0.0	0.0	-0.04420816678492453	0.0	0.0	0.0	-0.041010964019700114	0.0858780151422
380	950.0	nan	nan	1	1	5.0	5.0	5.0	1.095	1.12112751503e-18	5.02940039939e-18	-5.25186897077e-19	0.954489694578	3.87349490268e-18	7.29904172517e-21	3.86849211434e-18	0.957711793952	452204852.911	-6298646.02518	-14804121.8981	-5490384.88843	-13988.9039924	9904221.40754	-12947995.915	9937664.68873	-13407.9974203	494685452.8367839	-6006178.672096015	-14164370.87006944	-6006157.424665625	-13339.352055865107	9476216.56733876	-14164344.281818729	9476225.440401072	-12828.579053407908	495687550.629	0.09075436326846412	0.0	0.0	0.0	-0.046578432545127064	0.0	0.0	0.0	-0.04320838765934538	0.0904527779128
390	1000.0	nan	nan	1	1	5.0	5.0	5.0	1.1	-7.79442365041e-19	2.44251214764e-17	5.35218943546e-19	0.952239817599	4.54003042283e-18	6.35936454931e-20	7.00072730906e-19	0.955619238406	454093563.369	-6133102.84762	-14668479.0121	-5309246.2549	-11973.2197921	9943319.141	-12743152.4899	9978622.59825	-11459.7459277	499015601.92730755	-5834487.020783593	-14003805.211290203	-5834473.177758536	-11390.253385544516	9492756.835210731	-14003792.220748827	9492771.518967804	-10940.469670373266	499988494.663	0.09531017980432493	0.0	0.0	0.0	-0.04893836667193037	0.0	0.0	0.0	-0.045395731453937826	0.0950068382192
400	1050.0	nan	nan	1	1	5.0	5.0	5.0	1.105	1.57864442056e-18	1.78376800711e-17	4.9374079891e-19	0.950004872861	-3.43907817382e-17	-4.0736990807e-20	-9.4699606992e-19	0.953540899516	455704286.3	-5962183.73676	-14523944.5865	-5125901.91593	23765.2037543	9967975.85299	-12533170.5474	10005139.7086	21445.7634819	503057878.4786904	-5658531.682774971	-13835551.40634976	-5658549.679341912	22554.849754493633	9495522.480820106	-13835529.697071997	9495581.238572955	20429.296003927284	503970660.219	0.09984533496971612	0.0	0.0	0.0	-0.051288165073337305	0.0	0.0	0.0	-0.04757296077034601	0.0995403787383
410	1100.0	nan	nan	1	1	5.0	5.0	5.0	1.11	-1.96861044854e-18	1.00012224107e-17	-9.42430032939e-19	0.947784744886	-9.52338200839e-17	1.00188115792e-20	-1.10963963068e-18	0.951476138292	457021736.771	-5788998.83317	-14375028.5766	-4942972.67797	-16416.4604394	9983242.29687	-12322029.1333	10022108.7935	-15505.9027968	506791405.14199096	-5481287.500787099	-13663942.435254985	-5481262.41597584	-15543.851710258608	9489403.609512575	-13663898.139257845	9489388.622187486	-14738.875967664115	507713760.672	0.10436001532424286	0.0	0.0	0.0	-0.053627864866214466	0.0	0.0	0.0	-0.04974067055093224	0.104053727526
420	1150.0	nan	nan	1	1	5.0	5.0	5.0	1.115	2.23670961123e-18	1.14017583018e-18	7.05816673079e-19	0.945579689181	7.65166815855e-17	3.39196990706e-19	-3.54798278803e-18	0.949424995083	458133503.748	-5622695.92666	-14222446.1004	-4768325.86482	-3637.89818681	9987462.97522	-12110409.6801	10028066.8551	-4178.43122731	510309034.5799685	-5311400.734080862	-13489669.02172521	-5311377.03034584	-3436.4894264178474	9472883.141997885	-13489630.035045683	9472872.506415173	-3963.147681387118	511193542.233	0.10885440491208208	0.0	0.0	0.0	-0.05595711185349907	0.0	0.0	0.0	-0.05189874597005968	0.108546847962
430	1200.0	nan	nan	1	1	5.0	5.0	5.0	1.12	-1.85500215449e-19	-1.64086428449e-17	-2.33992851679e-19	0.943389304071	2.0242208085e-17	-2.81492871174e-19	-4.90416194592e-18	0.947387283838	459024537.799	-5458391.41884	-14066876.678	-4597633.54749	-6348.9773034	9974901.96673	-11898890.9147	10017172.2061	-5691.49298323	513590997.74905413	-5144214.884411296	-13313391.688292457	-5144176.414320342	-5983.54002833303	9440601.490669817	-13313369.44706846	9440599.328305747	-5386.631098814966	514451216.327	0.11332868530700327	0.0	0.0	0.0	-0.05827624583563675	0.0	0.0	0.0	-0.05404731075060309	0.113020018228
440	1250.0	nan	nan	1	1	5.0	5.0	5.0	1.125	3.4290275985e-19	-1.29662744775e-17	-1.32497128774e-18	0.941213497164	-8.10590810537e-17	-2.14405214774e-19	-1.14588999385e-18	0.945362886821	459728738.592	-5293248.74619	-13908103.1343	-4428475.44656	-11432.0872087	9950312.43503	-11687242.4992	9994166.14621	-10809.8075678	516672037.66161525	-4977041.157639843	-13134914.000756063	-4976998.914003508	-10749.158273808012	9397147.609040268	-13134857.340441609	9397135.60255052	-10208.861078806014	517510994.758	0.11778303565638346	0.0	0.0	0.0	-0.06058528185351128	0.0	0.0	0.0	-0.056186417982307085	0.117473379958
450	1300.0	nan	nan	1	1	5.0	5.0	5.0	1.13	3.10043175453e-18	-1.86093667907e-17	-5.97211167373e-19	0.939052247649	6.34382281821e-17	-2.36242782945e-19	4.41271078295e-18	0.94335164833	460273167.48	-5128019.50456	-13745264.9562	-4261471.2384	4511.21024792	9919663.57166	-11474847.0626	9965080.19237	4631.1958093	519579835.91743726	-4810581.892819472	-12953433.974654863	-4810566.16647322	4231.954717420851	9348216.097378895	-12953392.844092876	9348216.06885099	4364.403984254023	520378424.295	0.12221763272424911	0.0	0.0	0.0	-0.06288415952309935	0.0	0.0	0.0	-0.0583161620106229	0.121907060351
460	1350.0	nan	nan	1	1	5.0	5.0	5.0	1.135	8.19530846248e-19	1.18420499982e-17	3.37436750362e-19	0.936905254792	2.32290368395e-16	-7.46527194107e-19	5.30450412751e-18	0.941353384529	460643672.253	-4965308.52109	-13577376.1928	-4098656.91007	-1485.83476478	9878247.76067	-11260858.5413	9925120.89417	-922.160492611	522296056.24007523	-4647267.684860785	-12768042.364648245	-4647219.681843252	-1390.663210163951	9289415.282137504	-12768007.812268505	9289391.264188223	-867.1914270818462	523074647.339	0.126632650933366	0.0	0.0	0.0	-0.06517311733968756	0.0	0.0	0.0	-0.06043666841871867	0.126321298401
470	1400.0	nan	nan	1	1	5.0	5.0	5.0	1.14	-5.23956052326e-18	6.85255808552e-17	-5.3633067429e-19	0.93477241107	-3.56751748538e-18	9.34277340821e-19	-1.82813532819e-18	0.939368009073	460869975.094	-4804026.61322	-13402651.6881	-3939149.14192	-15426.3970162	9818702.34218	-11043839.3104	9866973.98602	-14096.7304492	524851887.67567044	-4486056.999969264	-12577084.933056362	-4486015.524337473	-14405.352403417248	9213897.082742415	-12577039.561034482	9213897.27456795	-13228.410337292331	525617367.077	0.131028262406404	0.0	0.0	0.0	-0.06745218994294434	0.0	0.0	0.0	-0.06254796060718176	0.13071622831
480	1450.0	nan	nan	1	1	5.0	5.0	5.0	1.145	-4.19286602847e-18	1.09586740436e-17	2.46301299194e-19	0.932653754415	5.56613142909e-17	-1.37219337455e-19	-5.17260521576e-18	0.937395380348	460982846.621	-4647202.87735	-13217745.0041	-3785308.08152	2274.95970258	9741039.49352	-10821142.7145	9790527.61264	2589.77823175	527280261.06687474	-4329755.143229484	-12377457.384376766	-4329701.740688355	2119.5585243106307	9121775.399145281	-12377412.733178139	9121742.347932726	2425.139060295725	528003351.488	0.13540463700620298	0.0	0.0	0.0	-0.06972125696490114	0.0	0.0	0.0	-0.06465012166014454	0.135091948321
490	1500.0	nan	nan	1	1	5.0	5.0	5.0	1.15	6.82920313724e-20	3.39950188285e-17	-3.38733769563e-19	0.93054920341	-9.94539102807e-17	-4.08786041279e-19	-3.54004185415e-18	0.935435065318	460965623.771	-4488824.63374	-13025832.8527	-3632233.48083	-2350.4714662	9647870.91542	-10595543.6664	9698577.44072	-1393.56859752	529560461.5494815	-4172738.3473086227	-12172178.681958722	-4172734.6669116705	-2184.9600333127764	9015593.091893759	-12172233.0364789	9015639.795114066	-1302.2404145977043	530260969.825	0.13976194237515863	0.0	0.0	0.0	-0.07198032583465568	0.0	0.0	0.0	-0.06674354741627517	0.139448699694
500	1550.0	nan	nan	1	1	5.0	5.0	5.0	1.155	-6.84376151602e-19	-1.58452865256e-17	1.59853645993e-18	0.928458728885	-9.53962915911e-18	-9.70342415529e-19	-2.95349800796e-18	0.933486874623	460835859.605	-4332555.80795	-12831788.2918	-3482736.12268	-16978.9369057	9547009.8848	-10370788.05	9598721.73047	-15905.6302604	531710756.9697127	-4018407.405212439	-11965823.646416405	-4018368.4093143283	-15747.814643103951	8902721.431673972	-11965777.943505596	8902729.98019264	-14832.224655909817	532398674.034	0.14410034397375687	0.0	0.0	0.0	-0.07422934841259862	0.0	0.0	0.0	-0.06882837649235189	0.143786620514
510	1600.0	nan	nan	1	1	5.0	5.0	5.0	1.16	1.65089368398e-18	2.48446542482e-17	-6.40409847683e-19	0.926382013263	3.99307874948e-17	9.06907588713e-19	-3.50129009681e-18	0.931550921898	460606951.564	-4185351.97964	-12631699.6922	-3342393.89145	-26735.6466378	9443008.07336	-10143940.7762	9495652.55466	-24881.3133191	533744943.86584103	-3873177.4791897614	-11754757.897364108	-3873119.6607258115	-24741.50440699799	8787437.671095325	-11754657.809195021	8787396.568754844	-23153.955632359033	534415951.339	0.14842000511827322	0.0	0.0	0.0	-0.07646858808699727	0.0	0.0	0.0	-0.07090442387748931	0.14810585136
520	1650.0	nan	nan	1	1	5.0	5.0	5.0	1.165	3.19405536498e-18	-1.22653282438e-17	-4.54989041574e-19	0.924318862238	-8.28280828942e-17	-5.51947844255e-19	2.39525035616e-19	0.929627192204	460297643.389	-4045211.3934	-12430051.8844	-3209437.84098	-21122.8148576	9332590.32669	-9918648.24863	9386157.8573	-19728.8481158	535683312.0609575	-3735136.5009255325	-11543172.89071409	-3735066.466670989	-19503.70181040266	8666713.917291792	-11543083.961660597	8666686.955705296	-18321.203069242933	536324335.482	0.15272108701766393	0.0	0.0	0.0	-0.07869817786780296	0.0	0.0	0.0	-0.07297164180198006	0.152406530348
530	1700.0	nan	nan	1	1	5.0	5.0	5.0	1.17	-2.81373757166e-20	-3.48376842621e-17	-1.15770875044e-18	0.922269038111	-9.24236956372e-17	5.88052623631e-19	-2.86919175993e-19	0.927715553301	459898742.863	-3906824.19547	-12232005.2871	-3079584.44464	-21383.9855206	9216968.02598	-9698909.71552	9271349.70625	-19928.1209033	537513969.6269535	-3599342.4570201053	-11335852.057880169	-3599313.2952158763	-19700.985540595233	8541705.428700974	-11335754.974645756	8541659.660621595	-18468.12726524874	538131054.828	0.1570037488096647	0.0	0.0	0.0	-0.08091829960537913	0.0	0.0	0.0	-0.07503010902095705	0.156688851685
540	1750.0	nan	nan	1	1	5.0	5.0	5.0	1.175	1.36585386234e-18	3.48452943237e-17	1.41422738456e-18	0.920232499721	8.41531335913e-17	-3.4357773923e-19	3.82059504815e-18	0.925815835574	459425261.0	-3770553.56686	-12045582.7896	-2952991.24052	-17689.1100645	9098128.02798	-9491033.71539	9153318.56526	-16431.446914	539253160.0019476	-3466112.4121302576	-11140184.490380725	-3466091.2080506627	-16260.860074495093	8414273.225228205	-11140157.838880964	8414263.45724901	-15196.388025650283	539844131.025	0.16126814759612232	0.0	0.0	0.0	-0.08312892377859109	0.0	0.0	0.0	-0.0770799457850854	0.160952948439
550	1800.0	nan	nan	1	1	5.0	5.0	5.0	1.18	8.08823820399e-19	-3.24583025388e-18	1.69067776272e-18	0.918208985597	-1.13102310979e-16	3.25154772627e-19	7.70491609069e-18	0.923928010246	458877821.201	-3643488.50312	-11866362.3887	-2835140.27044	-17623.3916912	8981185.88584	-9291223.02141	9037115.33947	-16166.8111382	540900515.7387729	-3341929.3354533315	-10952015.794007149	-3341910.991599299	-16164.76342180728	8289152.686277406	-10951994.391385669	8289143.998941666	-14921.099248823273	541469904.064	0.16551443847757333	0.0	0.0	0.0	-0.0853302611149202	0.0	0.0	0.0	-0.07912112136484889	0.165198986995
560	1850.0	nan	nan	1	1	5.0	5.0	5.0	1.185	-1.6184284993e-18	-3.00015893544e-17	-3.39713151408e-19	0.916198305115	1.38841319522e-16	-2.95932135947e-19	5.49208222066e-18	0.922052054743	458267647.997	-3525640.54169	-11693907.4823	-2725890.94552	-13346.0722338	8865495.65844	-9099053.96797	8922153.55742	-12068.1497471	542468187.7767185	-3226741.9941313616	-10770895.668850483	-3226736.881288378	-12214.612131974733	8165733.219134633	-10770883.212160677	8165746.683867979	-11115.598617384647	543013536.14	0.16974277458709455	0.0	0.0	0.0	-0.08752244743843139	0.0	0.0	0.0	-0.08115359851275687	0.16942710444
570	1900.0	nan	nan	1	1	5.0	5.0	5.0	1.19	4.13251493098e-18	-5.86409379714e-17	1.11940697936e-18	0.914200311119	-2.36148285832e-17	-1.23243293826e-19	3.39421983833e-18	0.920187948631	457607611.107	-3420280.32325	-11529321.7451	-2627563.20836	15411.3376877	8748905.76693	-8915283.6953	8806157.12898	15482.2209291	543970481.3562969	-3123476.1875161193	-10597793.011350356	-3123455.0924273757	14073.976907120743	8042024.886081397	-10597837.635236181	8041978.872000152	14231.311814359937	544471044.327	0.17395330712343798	0.0	0.0	0.0	-0.0897055727662401	0.0	0.0	0.0	-0.08317733781360073	0.173637420034
580	1950.0	nan	nan	1	1	5.0	5.0	5.0	1.195	-2.35514864006e-20	-3.02517817112e-18	5.1303726824e-19	0.912214558193	-6.15403582196e-17	3.8545293056e-19	4.3794250351e-19	0.91833564731	456876342.546	-3323958.53591	-11369468.4355	-2537405.64193	11577.4246669	8630941.70653	-8737288.32726	8688949.07447	12134.8563349	545381282.3785506	-3028909.1666249665	-10429782.601213556	-3028945.5024058754	10549.760871154002	7917594.930100726	-10429853.920379838	7917679.241686036	11131.911239999865	545867064.375	0.17814618538347404	0.0	0.0	0.0	-0.09188005540084151	0.0	0.0	0.0	-0.08519232630960095	0.177830173776
590	2000.0	nan	nan	1	1	5.0	5.0	5.0	1.2	-2.76569492168e-19	1.07975789649e-17	-3.67400540872e-19	0.910240822568	-5.47548699234e-17	-2.11255311001e-19	9.68449826287e-19	0.916495233374	456087074.099	-3227127.5101	-11213875.0861	-2447861.9754	2477.5480391	8512097.95099	-8564544.05491	8570603.52992	2454.06960572	546715321.0834917	-2934301.0494260853	-10266399.47735943	-2934272.251614805	2252.737701990554	7792899.179303087	-10266389.290167557	7792915.170953342	2246.7219158519983	547192285.464	0.1823215567939546	0.0	0.0	0.0	-0.09404607429766237	0.0	0.0	0.0	-0.08719841261715641	0.182005477266
600	2050.0	nan	nan	1	1	5.0	5.0	5.0	1.205	-8.04640933478e-18	-8.3554718049e-17	9.24324703691e-20	0.908278948897	1.13566379154e-16	1.31888323843e-18	-1.81998263607e-18	0.914666701262	455256183.71	-3134275.44726	-11067442.7582	-2362472.06312	2484.60700448	8388696.9288	-8400847.90261	8447674.77311	2548.81346858	547991391.4131465	-2843722.7012502523	-10112091.456583614	-2843705.1474922756	2254.279644919169	7664577.301087746	-10112091.819787284	7664560.734785729	2328.7976692679645	548451742.412	0.18647956694261839	0.0	0.0	0.0	-0.09620373511929307	0.0	0.0	0.0	-0.08919554098158532	0.186163446214
610	2100.0	nan	nan	1	1	5.0	5.0	5.0	1.21	-2.00131386124e-18	2.16006107044e-17	-9.82717037493e-19	0.90632886695	9.47188902265e-17	8.11034046996e-20	4.68128640168e-18	0.912849829507	454378286.879	-3045969.39504	-10928477.0228	-2281603.70792	2207.24249	8261085.32616	-8244637.67443	8320525.11622	2034.75856444	549202389.7977579	-2757660.676679956	-9965256.014398754	-2757751.074700401	1998.3213976096442	7532964.571387726	-9965209.26410239	7532966.33895643	1855.417729280299	549647266.523	0.1906203596086497	0.0	0.0	0.0	-0.09835305099976009	0.0	0.0	0.0	-0.09118389219264125	0.190304238996
620	2150.0	nan	nan	1	1	5.0	5.0	5.0	1.215	4.94963702728e-18	-2.62864234384e-17	1.61095078656e-18	0.904390566609	1.29227515423e-16	-1.21708046609e-18	1.27126410493e-18	0.911044413856	453465554.593	-2966408.75495	-10795281.3447	-2208128.24987	2947.14259266	8135783.70167	-8094604.2905	8195652.51696	2499.13489208	550362367.5186197	-2679878.8841347843	-9824301.081876066	-2679962.5221235254	2662.473669357817	7404011.629717044	-9824264.569432253	7404022.148079656	2274.350509268575	550791768.699	0.19474407679251185	0.0	0.0	0.0	-0.1004939691844684	0.0	0.0	0.0	-0.09316363004996807	0.194427984568
630	2200.0	nan	nan	1	1	5.0	5.0	5.0	1.22	-2.05568940598e-18	-2.595234835e-17	6.82920313724e-21	0.902464076794	1.68796262508e-17	1.02295110249e-18	2.34114612665e-18	0.909250237594	452528237.613	-2897880.10458	-10659693.2554	-2143631.73242	12890.1336119	8012689.93439	-7944564.76655	8073034.09034	13121.0114149	551483264.184072	-2612384.8671368463	-9681774.280780856	-2612382.8896055124	11620.215042671842	7277606.725442091	-9681814.626837999	7277689.66568088	11917.291408949088	551888927.088	0.19885085874516517	0.0	0.0	0.0	-0.10262639367367675	0.0	0.0	0.0	-0.09513493380740135	0.198534800711
640	2250.0	nan	nan	1	1	5.0	5.0	5.0	1.225	1.28044250101e-18	-4.73733351301e-17	-2.90063785809e-18	0.900549208211	-4.57568720119e-17	-8.77526133355e-19	-1.37989343344e-17	0.907467137308	451543787.327	-2839577.86309	-10519949.5869	-2087524.17831	11908.4661536	7888546.17943	-7793131.16213	7949261.91776	12205.7129547	552537191.6400867	-2554387.536562485	-9536085.169126794	-2554425.0177644235	10712.450578562246	7150780.296638443	-9536162.222264903	7150885.288808633	11064.189740117505	552929567.874	0.20294084399669038	0.0	0.0	0.0	-0.1047504704277062	0.0	0.0	0.0	-0.0970979258315957	0.20262486949
650	2300.0	nan	nan	1	1	5.0	5.0	5.0	1.23	1.21883078026e-18	1.17578496293e-17	1.33190637e-18	0.898645771045	1.65133043534e-18	-2.53972241322e-18	4.28773371856e-18	0.905695161531	450530503.141	-2786023.15208	-10382403.1256	-2035437.2695	16512.3298867	7762261.82929	-7644982.28003	7823080.91603	15901.0284787	553545873.5916144	-2500907.1147149373	-9392998.24565872	-2500847.0983233037	14822.491070591923	7022546.790259703	-9393034.134843476	7022482.461168104	14385.718874306136	553920809.189	0.20701416938432612	0.0	0.0	0.0	-0.10686634769290172	0.0	0.0	0.0	-0.09905249585796866	0.206698298038
660	2350.0	nan	nan	1	1	5.0	5.0	5.0	1.235	1.80784624213e-18	-1.91884461591e-17	2.26925420525e-19	0.896753573166	-2.63042703564e-16	1.09367835358e-18	-2.34797532979e-18	0.903934218996	449484193.063	-2735967.08394	-10243610.2953	-1986622.85596	9559.15170117	7634172.03321	-7497656.65798	7695391.03154	10528.1601647	554503741.0815024	-2450795.551434096	-9249387.501693835	-2450786.5298690028	8562.795437936422	6893215.70756663	-9249443.540747225	6893295.6896120645	9506.319572493552	554870799.988	0.2110709700799406	0.0	0.0	0.0	-0.10897417800450253	0.0	0.0	0.0	-0.1009986878349232	0.210755243323
670	2400.0	nan	nan	1	1	5.0	5.0	5.0	1.24	-1.31624205074e-18	-2.979914848e-18	5.46124492742e-19	0.894872586609	1.75129514619e-16	-8.72973331264e-19	-1.22496846041e-18	0.902184183192	448411812.413	-2692208.9633	-10100748.8676	-1942817.98541	12002.5332605	7504346.02597	-7348989.8058	7565490.62875	12338.6749237	555418871.235905	-2406533.2790962416	-9102709.522786634	-2406443.681013862	10728.920421337149	6762853.222893166	-9102721.002590774	6762701.26835203	11119.509572879762	555770766.52	0.2151113796169455	0.0	0.0	0.0	-0.11107393217234397	0.0	0.0	0.0	-0.10293658553815277	0.214795811141
680	2450.0	nan	nan	1	1	5.0	5.0	5.0	1.245	-3.88890486391e-18	5.96464190193e-17	1.65510237893e-18	0.893002746219	-8.99212360562e-17	-1.72492965752e-18	-8.17299443828e-18	0.900444919955	447323766.672	-2652969.95556	-9959032.19935	-1902936.75481	19120.2862861	7374458.53299	-7202900.69623	7436036.96312	19483.0704223	556303799.9410002	-2366496.2903064475	-8957668.589429613	-2366543.0424679946	17055.634750337762	6632969.373201459	-8957719.94795116	6633076.960002962	17524.081100859585	556636501.135	0.219135529916671	0.0	0.0	0.0	-0.11316562283713037	0.0	0.0	0.0	-0.10486628230569697	0.218820123744
690	2500.0	nan	nan	1	1	5.0	5.0	5.0	1.25	5.66995169496e-18	3.57709425164e-17	1.33897380115e-18	0.891144060921	-1.53019440067e-16	-5.52794877202e-19	1.2439208226e-17	0.898716061795	446194933.077	-2617558.45731	-9821372.69761	-1866142.49029	8632.08448224	7246848.48694	-7061351.37588	7308450.55066	8227.47321654	557127009.6728609	-2330042.662935802	-8816866.433433518	-2330099.0400518863	7683.925857515392	6505658.337171982	-8816930.190496946	6505681.481702132	7385.987139306736	557457245.992	0.22314355131420976	0.0	0.0	0.0	-0.11524918004551049	0.0	0.0	0.0	-0.10678813222314901	0.222828357346
700	2550.0	nan	nan	1	1	5.0	5.0	5.0	1.255	1.02058536594e-18	-3.42574799281e-17	1.8037301914e-18	0.889296569557	2.46669311435e-16	6.35115891763e-19	-7.71686719618e-18	0.896997513394	445059273.401	-2585301.39547	-9686320.39598	-1831951.0154	5916.24218804	7123011.37393	-6923215.61487	7184778.33576	6754.05196398	557930365.2088886	-2296551.6416358748	-8678975.998185815	-2296550.504961616	5255.462954172557	6382242.401851548	-8679006.25214929	6382317.555195454	6051.653516459072	558250823.076	0.22713557258374711	0.0	0.0	0.0	-0.11732450004828024	0.0	0.0	0.0	-0.1087021890631922	0.226820579133
