inc	time	elem	node	ip	grain	1_pos	2_pos	3_pos	1_f	2_f	3_f	4_f	5_f	6_f	7_f	8_f	9_f	1_p	2_p	3_p	4_p	5_p	6_p	7_p	8_p	9_p	1_Cauchy	2_Cauchy	3_Cauchy	4_Cauchy	5_Cauchy	6_Cauchy	7_Cauchy	8_Cauchy	9_Cauchy	Mises(Cauchy)	1_ln(V)	2_ln(V)	3_ln(V)	4_ln(V)	5_ln(V)	6_ln(V)	7_ln(V)	8_ln(V)	9_ln(V)	Mises(ln(V))
0	0.0	nan	nan	1	1	5.0	5.0	5.0	1.0	0.0	0.0	0.0	1.0	0.0	0.0	0.0	1.0	-4.55906748626e-07	2.72758688596e-07	6.44424185588e-07	2.72758688596e-07	2.40434055184e-06	4.84176546936e-07	6.44424185588e-07	4.84176546936e-07	-8.13416430153e-07	-4.55906748626e-07	2.72758688596e-07	6.44424185588e-07	2.72758688596e-07	2.40434055184e-06	4.84176546936e-07	6.44424185588e-07	4.84176546936e-07	-8.13416430153e-07	3.39171257317e-06	0.0	0.0	0.0	0.0	0.0	0.0	0.0	0.0	0.0	0.0
10	2.5	nan	nan	1	1	5.0	5.0	5.0	1.00025	1.99260054746e-21	-1.04956320885e-19	-1.045866487e-22	0.999930810597	4.78672860716e-21	5.4993293568e-22	-1.27314728499e-22	0.999925332354	56610877.6962	2414275.28026	-447753.629883	2413504.86205	6.21985810758	-267120.372102	-447608.295139	-267118.908788	6.31783076327	56619022.44918106	2413852.098948447	-447672.69365955045	2413852.09921925	6.218767872455131	-267072.0872581004	-447672.69369886233	-267072.08739564026	6.316688748268343	56780350.9521	0.0002499687552074404	0.0	0.0	0.0	-6.919179669720399e-05	0.0	0.0	0.0	-7.467043376762166e-05	0.000214623223541
20	5.0	nan	nan	1	1	5.0	5.0	5.0	1.0005	-2.85449689634e-21	5.04999192336e-19	-3.10296127284e-22	0.999861595262	1.15153170167e-20	2.13619393192e-21	5.32949883729e-22	0.999850635781	113266700.344	4830294.05048	-895796.800056	4827211.91129	-178.146274268	-534275.127785	-895215.391153	-534269.272642	-180.73716998	113299302.02376796	4828601.330691409	-895473.0632079528	4828601.333039076	-178.08384499960232	-534082.0432083993	-895473.0619902107	-534082.0442536687	-180.67185239711665	113622092.945	0.0004998750416509929	0.0	0.0	0.0	-0.00013841431681957194	0.0	0.0	0.0	-0.00014937537494542002	0.000429226579218
30	7.5	nan	nan	1	1	5.0	5.0	5.0	1.00075	4.48016529395e-21	-4.81090932598e-19	-3.73265251415e-23	0.999789867465	1.1905752405e-19	-6.77964984867e-21	-6.68891847523e-22	0.999771064622	165774773.402	7074361.64291	-1255729.77606	7067574.7584	-926.824612659	-957151.991914	-1254501.50443	-957133.920756	-2151.00744613	165847583.77609286	7070678.576496608	-1255052.4118914588	7070678.926492212	-926.3420876236265	-956635.6861963759	-1255052.4973341862	-956635.6160361405	-2149.8471524123133	166323136.231	0.0007497188905459742	0.0	0.0	0.0	-0.00021015461593426496	0.0	0.0	0.0	-0.00022896158770367353	0.000646275883494
40	10.0	nan	nan	1	1	5.0	5.0	5.0	1.001	9.59022862436e-21	6.59536744988e-19	-2.10062516558e-21	0.999694631431	3.92003503078e-19	6.73810987228e-21	5.92413183779e-21	0.999658876534	187885043.543	8154515.48314	-1032631.64997	8143881.23428	2665.39164051	-1617342.50497	-1031248.01023	-1617284.73354	3173.33141078	188006568.70785677	8149148.979970973	-1031915.1643771554	8149148.74515211	2663.6375408685103	-1616220.3210784446	-1031915.0275832078	-1616220.3951785478	3171.1296128424574	188562005.303	0.0009995003330834232	0.0	0.0	0.0	-0.0003054152034752744	0.0	0.0	0.0	-0.00034118166184412055	0.000882107578299
50	12.5	nan	nan	1	1	5.0	5.0	5.0	1.00125	-2.96006582202e-21	8.80159049245e-19	-2.49229518562e-21	0.999589611542	-1.62063086768e-19	3.09324190064e-21	4.91110377487e-21	0.999533636986	197937542.109	8778080.05073	-747998.940623	8763523.02478	-861.19841877	-1827326.03992	-746716.710471	-1827223.73069	-223.847102434	198111198.4773828	8771211.718026634	-747371.8220060403	8771211.51866806	-860.5245815266001	-1825794.0187944956	-747371.8267807689	-1825794.035308626	-223.6594301290473	198722772.92	0.0012492194004318981	0.0	0.0	0.0	-0.0004104726903898065	0.0	0.0	0.0	-0.0004664717950531942	0.00112559219123
60	15.0	nan	nan	1	1	5.0	5.0	5.0	1.0015	1.34615372887e-20	5.1853305623e-19	-5.03835711106e-21	0.999482109854	4.59715034606e-19	2.93494021091e-21	-3.18495555106e-21	0.999405225092	204970161.231	9295543.23876	-536662.939401	9276813.34039	-1611.8023652	-1974315.77448	-535540.503498	-1974163.92624	-1358.08094409	205198415.12978056	9287144.568104753	-536136.8106461291	9287143.960225036	-1610.3460762151658	-1972380.2126517345	-536136.8791223551	-1972380.2378411528	-1356.7495209868403	205859866.76	0.0014988761237359487	0.0	0.0	0.0	-0.0005180242974205826	0.0	0.0	0.0	-0.0005949518567623897	0.00137096241704
70	17.5	nan	nan	1	1	5.0	5.0	5.0	1.00175	-5.4988899171e-21	-8.99972506458e-21	-1.35761018035e-21	0.999373955071	-3.5590603908e-19	-1.11085186387e-20	2.09483490129e-22	0.999274841697	210595270.112	9708251.72179	-419863.453687	9685224.32781	-5865.30705281	-2090981.2875	-418826.496771	-2090773.8563	-6407.45711387	210880116.27096072	9698324.781599065	-419392.53479827085	9698324.332131002	-5859.3096236143765	-2088636.042693347	-419392.99153991265	-2088635.9855876372	-6400.270509374785	211586379.873	0.001748470534116803	0.0	0.0	0.0	-0.00062624097695381	0.0	0.0	0.0	-0.0007254213574606612	0.0016172152059
80	20.0	nan	nan	1	1	5.0	5.0	5.0	1.002	2.64063968873e-20	-1.80210395431e-19	-1.39421292246e-21	0.999265416727	-1.15791678636e-18	-2.57129093412e-21	-4.82266976634e-21	0.999143413918	215427831.686	10046941.3834	-365351.968576	10019521.6179	-3045.05642423	-2180997.26611	-364310.551901	-2180730.80566	-3269.47570778	215771024.15691233	10035483.863987662	-364890.76578275673	10035483.456973879	-3041.5838456848564	-2178244.079819239	-364890.92555795895	-2178243.902971365	-3265.3484785365217	216506956.476	0.001998002662673058	0.0	0.0	0.0	-0.0007348532114950281	0.0	0.0	0.0	-0.0008569531614959327	0.00186393743247
90	22.5	nan	nan	1	1	5.0	5.0	5.0	1.00225	-3.14390671316e-20	-3.20643743157e-19	-1.03796691215e-20	0.999156381346	-2.68803920578e-19	-4.61814935988e-21	6.95265984366e-21	0.99901160323	219753843.512	10331836.3198	-346743.477242	10299944.5456	2014.22141868	-2246270.61536	-345623.440888	-2245944.90553	1929.01351328	220156990.94161308	10318840.984679345	-346257.164869666	10318840.215875225	2011.6879404547615	-2243120.190727506	-346257.5012510918	-2243119.9665930606	1926.3080459836308	220914290.046	0.00224747254047937	0.0	0.0	0.0	-0.0008439747004756937	0.0	0.0	0.0	-0.0009888855561906542	0.00211092707014
100	25.0	nan	nan	1	1	5.0	5.0	5.0	1.0025	6.02952628005e-21	3.2390200759e-19	4.80591935893e-21	0.999046857249	-2.13859895955e-19	1.50050563117e-21	5.49595342592e-20	0.998879677204	223736148.633	10581173.3092	-350545.632301	10544725.6765	-275.609724162	-2295576.04858	-349279.839544	-2295191.65004	-347.827481046	224200781.82194626	10566624.373504052	-350005.0584511089	10566623.923821995	-275.23076541736526	-2292036.0575832413	-350005.1895005159	-2292035.8000458153	-347.2910988372339	224982707.278	0.002496880198587146	0.0	0.0	0.0	-0.0009535972803953345	0.0	0.0	0.0	-0.0011209508266917768	0.00235808318437
110	27.5	nan	nan	1	1	5.0	5.0	5.0	1.00275	7.72338537941e-21	1.24425458998e-18	-1.32218617062e-20	0.998936979489	2.88864704793e-19	-1.26198810154e-20	-5.66536001538e-21	0.99874773129	227474999.814	10805086.7402	-365605.341869	10763999.1228	137.071766297	-2333377.83422	-364146.261356	-2332935.21393	-94.8576711763	228002588.2347447	10788964.924225042	-364990.6770627031	10788964.333494533	136.86724727325262	-2329454.901291405	-364990.83483047405	-2329454.339310035	-94.69819409705029	228803528.451	0.0027462256680252286	0.0	0.0	0.0	-0.0010635859180320349	0.0	0.0	0.0	-0.0012530534536697906	0.00260532769368
120	30.0	nan	nan	1	1	5.0	5.0	5.0	1.003	-2.19519258911e-20	-1.16409127605e-19	-7.11706199041e-21	0.998826811093	1.62591158871e-18	2.10095603782e-20	-4.17258852293e-20	0.998615809128	231030244.563	11008308.1802	-386541.537968	10962505.0479	152.135065887	-2363342.89476	-384852.233181	-2362842.79553	-126.198176051	231622214.39512262	10990595.115534477	-385838.0427341667	10990594.323765693	151.8902709361428	-2359041.6740655373	-385838.34178465535	-2359040.8319088356	-125.96849875464251	232440025.715	0.002995508979798371	0.0	0.0	0.0	-0.0011738776318280248	0.0	0.0	0.0	-0.0013851497491332244	0.00285262419241
130	32.5	nan	nan	1	1	5.0	5.0	5.0	1.00325	-5.53079840923e-20	7.12939938924e-19	-1.29577842956e-21	0.998716375488	3.03564945049e-18	1.3293206034e-20	-2.98306144305e-20	0.998483964081	234441093.131	11197117.2919	-411908.268556	11146517.516	153.380259635	-2388444.89446	-409951.682111	-2387888.4057	-126.557475102	235098832.5225539	11177790.478983048	-411101.6034651778	11177789.77953966	153.1155172458723	-2383767.457115837	-411101.82761815947	-2383766.7848148723	-126.30962987785506	235931849.861	0.0032447301648890294	0.0	0.0	0.0	-0.0012844490636290363	0.0	0.0	0.0	-0.0015171862642437274	0.00309994548936
140	35.0	nan	nan	1	1	5.0	5.0	5.0	1.0035	6.99819613638e-20	-1.3521598873e-18	1.23584919418e-20	0.99860569775	-6.49174653454e-19	3.36248919003e-22	3.59451335185e-21	0.998352222247	237733574.138	11374487.8997	-439510.519607	11319011.1993	120.505489543	-2410927.9224	-437256.235266	-2410315.42485	-100.755268401	238458435.9191453	11353524.128023889	-438589.12381611345	11353523.44120137	120.2833916700448	-2405873.6205329676	-438589.4518075046	-2405873.0883967434	-100.54404369516742	239305391.127	0.003493889254255838	0.0	0.0	0.0	-0.0013952751938732602	0.0	0.0	0.0	-0.0016491368319403695	0.00334727391753
150	37.5	nan	nan	1	1	5.0	5.0	5.0	1.00375	-2.50265562279e-20	-6.01344588894e-19	-4.42200415713e-21	0.99849483135	3.99870275046e-19	4.8578663014e-20	3.57093870439e-20	0.998220568384	240926847.185	11542693.797	-469211.434759	11482261.0256	100.263446825	-2429337.85302	-466626.902399	-2428670.16692	-77.3691845111	241720153.8567666	11520069.584006414	-468163.1299796564	11520068.99256177	100.06692583810167	-2423910.264744643	-468163.37805218727	-2423909.861213732	-77.19632750061706	242579980.196	0.003742986278834297	0.0	0.0	0.0	-0.0015063025542865916	0.0	0.0	0.0	-0.001781016685064914	0.00359459810309
160	40.0	nan	nan	1	1	5.0	5.0	5.0	1.004	-1.18625971646e-20	-1.94008181639e-18	-1.63678363709e-22	0.998383814942	2.71351140556e-18	-3.41046566556e-21	3.98626608995e-20	0.998088989433	244033702.629	11704148.7462	-501001.544327	11638677.4031	90.8440292091	-2444947.24696	-498052.149475	-2444224.84679	-63.3274633563	244896744.98143587	11679838.967201127	-499813.31304638286	11679838.404293692	90.65534412645056	-2439148.5366941486	-499813.5459300303	-2439148.137057623	-63.177268863420494	245768717.787	0.003992021269537457	0.0	0.0	0.0	-0.0016174924939659323	0.0	0.0	0.0	-0.0019128388773449973	0.00384191062142
170	42.5	nan	nan	1	1	5.0	5.0	5.0	1.00425	-4.10223681183e-20	-1.15837793955e-18	5.55265665692e-21	0.99827266696	-7.74431304891e-19	-1.79704988077e-20	5.14919931314e-21	0.997957486286	247064270.912	11859779.3716	-534368.34711	11789189.0674	80.4738122242	-2459512.3309	-531020.272666	-2458735.44454	-49.8612160792	247998311.5787065	11833759.235491814	-533027.6090158192	11833758.773799859	80.29725417184625	-2453341.3780488833	-533027.8253067955	-2453341.024549848	-49.736113549865856	248881854.558	0.004240994257254614	0.0	0.0	0.0	-0.0017288265998806143	0.0	0.0	0.0	-0.0020446024898561313	0.00408920535465
180	45.0	nan	nan	1	1	5.0	5.0	5.0	1.0045	8.13532132446e-22	7.81674098334e-19	2.9301322236e-21	0.998161411838	-6.38092914788e-19	1.48776704974e-20	7.73413872737e-22	0.997826050046	250026241.929	12010088.9664	-568474.694143	11934302.5257	73.0128839586	-2473109.25597	-564698.016575	-2472278.00638	-34.8247174547	251032516.09154475	11982334.676755583	-566970.4432068062	11982334.205042742	72.84415742086902	-2466565.1178545635	-566970.7421070706	-2466564.783100593	-34.732567154302046	251927092.189	0.004489905272852001	0.0	0.0	0.0	-0.0018402804398003538	0.0	0.0	0.0	-0.0021763164135325864	0.00433647790787
190	47.5	nan	nan	1	1	5.0	5.0	5.0	1.00475	-4.70223226915e-20	1.6426839164e-18	-6.98329137572e-21	0.998050063915	-3.24190445469e-18	1.36584062745e-20	-4.09305510703e-20	0.99769467774	252925482.352	12155576.5754	-602962.349747	12074519.5942	74.9733391399	-2485978.40004	-598728.727863	-2485092.90212	-36.4674948528	254005198.27959532	12126065.03794432	-601284.2845323621	12126064.622414183	74.79131745689853	-2479059.835590332	-601284.6464591456	-2479059.546827732	-36.36600454481775	254910331.641	0.00473875434717347	0.0	0.0	0.0	-0.0019518396853695143	0.0	0.0	0.0	-0.0023079836063217	0.0045837248993
200	50.0	nan	nan	1	1	5.0	5.0	5.0	1.005	4.6143856881e-20	5.86164997473e-19	-1.48564222954e-20	0.997938625056	-1.83023636695e-18	-2.06844783975e-20	5.45633147458e-20	0.997563377515	255767149.672	12296825.3884	-637384.399939	12210424.5651	72.5896319494	-2498461.41348	-632668.289556	-2497521.66879	-36.1452230567	256921491.4164962	12265533.627664506	-635523.3852553284	12265533.295097549	72.40491294079094	-2491166.485368301	-635523.6813371184	-2491166.2194749922	-36.03968738488333	257836775.387	0.004987541511038968	0.0	0.0	0.0	-0.0020635025016293904	0.0	0.0	0.0	-0.002439595880578003	0.00483094280498
210	100.0	nan	nan	1	1	5.0	5.0	5.0	1.01	-1.27729921468e-19	2.54320153488e-18	3.69067309806e-20	0.995699638133	3.46368977489e-18	4.19016611095e-20	4.58853629395e-20	0.994949866228	303548017.286	14557271.9791	-1215384.68854	14351159.2932	583.864595759	-2769924.1955	-1197277.24589	-2767838.39859	-1081.51759806	306406414.7796604	14486298.317731982	-1208548.3721061074	14486298.761813803	581.0179766834068	-2754343.87885056	-1208551.5553368775	-2754343.862971997	-1075.4342595097644	307476408.946	0.009950330853168092	0.0	0.0	0.0	-0.004309635017912837	0.0	0.0	0.0	-0.0050629287934493205	0.00976742936013
220	150.0	nan	nan	1	1	5.0	5.0	5.0	1.015	1.68571964213e-19	-1.33089390093e-18	2.09359413037e-20	0.993459084109	3.12883879112e-18	-4.16899028727e-20	1.45901425165e-19	0.992353739097	340228031.887	16220830.8276	-1632324.55353	15876576.3746	-176.62621262	-3090623.29238	-1595898.71454	-3087183.92752	-1530.27687305	345106863.9596128	16104251.423896696	-1618789.8991469492	16104244.711009774	-175.35679684442667	-3064996.943747243	-1618783.72430817	-3064996.2809550455	-1517.5883617228158	346285166.075	0.014888612493750559	0.0	0.0	0.0	-0.006562401422630797	0.0	0.0	0.0	-0.007675643429367606	0.0146858280224
230	200.0	nan	nan	1	1	5.0	5.0	5.0	1.02	-1.16775568616e-19	-5.31505233468e-18	-8.49845361337e-20	0.99122491851	-1.85025413777e-18	-6.52513154406e-20	-1.84282605587e-19	0.989773118769	369227705.649	17545837.6221	-1954953.8873	17050861.9802	7668.16866754	-3399222.86347	-1897012.88212	-3394242.7188	7082.20119259	376345229.80925846	17379540.08256794	-1933588.8579337795	17379547.829719305	7595.490599408191	-3362073.90728635	-1933581.1970493407	-3362072.4556944026	7004.802212777672	377599668.709	0.01980262729617973	0.0	0.0	0.0	-0.008813809243493497	0.0	0.0	0.0	-0.010279535078243444	0.0195844909478
240	250.0	nan	nan	1	1	5.0	5.0	5.0	1.025	7.51824458749e-21	1.13287149449e-17	-2.68535914059e-20	0.989002053049	-4.27678515597e-18	-7.3036739366e-20	-5.29395592034e-21	0.987206288675	392518698.623	18588578.153	-2188895.26186	17935761.9244	7409.1219382	-3702382.76028	-2108176.04747	-3695656.57977	6622.02741666	402027021.09204906	18370221.50901138	-2159254.943872738	18370235.514329743	7322.088331432908	-3652247.971175471	-2159244.232886875	-3652244.3746270905	6532.357069352756	403344214.716	0.024692612590371414	0.0	0.0	0.0	-0.011058871477858183	0.0	0.0	0.0	-0.012876255637567098	0.0244626307216
250	300.0	nan	nan	1	1	5.0	5.0	5.0	1.03	-9.17897510332e-20	-8.00824322131e-18	-2.54639279768e-20	0.986792370247	7.87218524544e-18	-3.31004593919e-20	-1.19411793228e-19	0.984653452424	411449037.413	19399400.0012	-2372967.53489	18585621.9925	7123.09706278	-3992100.32841	-2268490.87073	-3983445.05112	6385.87571345	423454604.6275435	19127916.412457414	-2334687.6659014816	19127927.14761228	7023.413363621968	-3927701.1845895858	-2334682.591083425	-3927698.999284888	6282.861035796959	424815763.06	0.02955880224154443	0.0	0.0	0.0	-0.013295626169756774	0.0	0.0	0.0	-0.015465524665219967	0.0293196957213
260	350.0	nan	nan	1	1	5.0	5.0	5.0	1.035	2.46211136507e-19	-9.98626036778e-18	1.49395436072e-19	0.984596871147	4.29262996604e-17	-9.79183321916e-20	-3.03595137142e-19	0.982115031895	427002102.007	20021285.1716	-2512911.40314	19046275.0684	11518.8677913	-4264927.32339	-2384498.56968	-4254169.68802	10682.5914034	441579804.9925159	19696508.303562023	-2465916.553251052	19696508.263090502	11332.01356228616	-4185167.400656734	-2465904.5200366867	-4185160.336445652	10482.812462208343	442964713.674	0.03440142671733232	0.0	0.0	0.0	-0.015522989454067805	0.0	0.0	0.0	-0.018046837065467974	0.0341553233549
270	400.0	nan	nan	1	1	5.0	5.0	5.0	1.04	3.6245565517e-19	-4.17473422944e-18	-5.49247926735e-20	0.982416084182	2.42490097609e-17	-1.06157051093e-19	1.91694143875e-19	0.979591318918	439891729.967	20505387.6146	-2630320.16749	19370048.752	-6745.76949131	-4524481.99354	-2477544.832	-4511478.68746	-6282.69669953	457093878.6645814	20127494.475931305	-2574422.434571397	20127522.548873384	-6621.4519190837955	-4428330.852247089	-2574430.251073883	-4428336.789667865	-6149.181203409223	458513592.561	0.03922071315328133	0.0	0.0	0.0	-0.017740349388186312	0.0	0.0	0.0	-0.020619815807416834	0.0389693408806
280	450.0	nan	nan	1	1	5.0	5.0	5.0	1.045	-1.42291815767e-19	3.36671906081e-17	1.45941129834e-19	0.980250792488	2.00813386199e-18	2.68291068598e-19	-1.5683344414e-19	0.977082284371	450672882.748	20868793.3316	-2712125.54748	19575783.297	-8992.25009378	-4757059.36439	-2535866.79217	-4741692.67223	-8199.62532039	470536248.8434476	20438541.849401847	-2647623.9264715957	20438584.1557126	-8806.857058846505	-4643923.73152025	-2647634.8891431796	-4643933.292090571	-8004.6162341336	471965257.797	0.04401688541677426	0.0	0.0	0.0	-0.019946829355036676	0.0	0.0	0.0	-0.023184409021094497	0.0437616085009
290	500.0	nan	nan	1	1	5.0	5.0	5.0	1.05	1.50886635921e-19	-1.94417619499e-17	-7.84034871802e-20	0.97810051999	-1.03525193994e-17	4.51561205115e-19	6.187178633e-19	0.974588718852	459745270.438	21137060.8146	-2790201.71787	19689730.9708	-8625.65525683	-4960951.97473	-2589816.16704	-4943154.54178	-7586.12003549	482294601.1442231	20655414.65825222	-2716832.181448148	20655461.960820064	-8429.10410258605	-4830501.640524461	-2716840.032153983	-4830515.826011303	-7386.6397948035665	483722851.061	0.04879016416943205	0.0	0.0	0.0	-0.022142833053074407	0.0	0.0	0.0	-0.025739723796712008	0.0485320785512
300	550.0	nan	nan	1	1	5.0	5.0	5.0	1.055	2.6614618927e-19	1.90894756532e-18	2.53315790788e-19	0.975964653823	-9.74099304435e-18	4.07965478111e-19	-1.08393747469e-19	0.972111395617	467425047.108	21343579.1449	-2875220.32476	19744673.5461	-9994.09927922	-5156000.80051	-2649326.50505	-5135656.36116	-9089.36350541	492676510.79060364	20811278.21079167	-2792444.697020407	20811329.922473025	-9744.850156297118	-5007563.061943414	-2792449.7125878534	-5007574.9995595915	-8827.686943292463	494102465.368	0.05354076692802976	0.0	0.0	0.0	-0.024328908570122883	0.0	0.0	0.0	-0.028284876544058146	0.0532807490238
310	600.0	nan	nan	1	1	5.0	5.0	5.0	1.06	-5.67128262856e-19	3.765847603e-17	-1.33632682319e-19	0.973842696392	-5.03107461295e-18	-2.88772060565e-19	-3.43710088128e-19	0.969650947896	473963851.12	21501558.3509	-2963853.99939	19753933.5305	9810.29159539	-5343912.51679	-2711197.51125	-5320912.12788	8711.29672836	501927489.5655975	20919372.124884088	-2871191.301253343	20919406.07407044	9544.663562908525	-5176839.053483801	-2871156.855786602	-5176840.62849665	8438.944493976995	503329088.024	0.058268908123975824	0.0	0.0	0.0	-0.026505491060181286	0.0	0.0	0.0	-0.030819119775264015	0.0580076295072
320	650.0	nan	nan	1	1	5.0	5.0	5.0	1.065	2.34671139781e-19	-1.10303542067e-17	-1.70081568831e-19	0.971734803486	3.79448856627e-17	3.79047243896e-19	6.5524615915e-19	0.967207024567	479521975.354	21618684.8244	-3068210.90348	19725523.5243	4819.68461364	-5517685.11716	-2786460.9762	-5491966.28195	5082.54095254	510201011.15715086	20987476.374035835	-2964748.4013235164	20987530.42605074	4678.962563203763	-5331624.404160945	-2964734.2158983764	-5331615.383898636	4911.153645472493	511598722.051	0.06297479916138839	0.0	0.0	0.0	-0.028672347667941637	0.0	0.0	0.0	-0.033342716921534295	0.0627128832685
330	700.0	nan	nan	1	1	5.0	5.0	5.0	1.07	-1.67858107344e-19	1.87276072962e-17	3.24493028137e-19	0.969641947683	2.23260745714e-17	-1.78631307642e-19	-2.30591485e-19	0.964778658138	484258789.646	21699115.1526	-3179442.34994	19663952.6515	4166.95143635	-5680811.33457	-2866781.70528	-5652313.28806	4364.25705935	517652635.0763161	21019895.8077367	-3064472.876449332	21019952.80974859	4036.5187433681235	-5475391.699221789	-3064471.1787504978	-5475386.233593531	4206.444373644011	519041046.45	0.06765864847381486	0.0	0.0	0.0	-0.03082840172851674	0.0	0.0	0.0	-0.03585657375760934	0.0673966415338
340	750.0	nan	nan	1	1	5.0	5.0	5.0	1.075	-1.00595750398e-18	-2.561967616e-17	3.40374895898e-19	0.967564272189	9.03792095654e-18	1.78591602973e-19	1.52995326098e-20	0.962365559252	488297344.207	21757880.1606	-3289571.27224	19583444.2022	3778.98425731	-5833098.16511	-2944897.51001	-5801753.32755	4012.54652147	524402153.5395573	21031393.244392343	-3162649.1259697927	21031448.225534327	3652.8054844136004	-5608038.642986792	-3162643.857321199	-5608035.104431839	3857.7296853638045	525780371.748	0.07232066157962608	0.0	0.0	0.0	-0.032973425081554306	0.0	0.0	0.0	-0.03836090127539657	0.0720590466856
350	800.0	nan	nan	1	1	5.0	5.0	5.0	1.08	-9.90102106001e-20	-3.38754680689e-17	-4.6187118427e-19	0.965501593824	4.20673883996e-17	-1.86611946192e-19	-6.89643637743e-19	0.959967730747	491738714.173	21800563.2327	-3399570.40893	19489370.667	6920.83885678	-5979399.76155	-3021715.74699	-5945134.05223	7178.00771846	530548109.962111	21027484.623089273	-3260222.871483615	21027526.354351867	6675.416184730878	-5734305.66672237	-3260198.0120773627	-5734311.243755332	6883.7829844432845	531912685.486	0.0769610411361284	0.0	0.0	0.0	-0.03510752633916634	0.0	0.0	0.0	-0.0408556088904198	0.0767002351039
360	850.0	nan	nan	1	1	5.0	5.0	5.0	1.085	-1.21800690837e-19	-9.44245859819e-18	4.60732983747e-19	0.963453683741	6.66651060738e-17	-2.98261476552e-19	1.15183245937e-19	0.957585155651	494660763.207	21821792.6896	-3502627.0868	19377190.2404	-1460.68240976	-6123675.59767	-3091299.00865	-6086382.90938	-1562.37010017	536165933.3860538	21003094.302508548	-3350682.8446954302	21003059.196137544	-1405.8813056561837	-5858030.062326333	-3350678.5692938003	-5858037.239433956	-1494.5943607394988	537527191.702	0.08157998699242285	0.0	0.0	0.0	-0.037230863127992085	0.0	0.0	0.0	-0.043340626476110145	0.081320363698
370	900.0	nan	nan	1	1	5.0	5.0	5.0	1.09	4.86593958418e-19	6.86755387741e-17	1.16811137382e-19	0.961420530017	-3.81983007152e-17	2.65928640768e-19	-4.32383849794e-20	0.95521768918	497139823.99	21837468.8631	-3606666.78546	19261413.4435	948.32460815	-6265193.18088	-3160671.36352	-6224773.58456	986.29904272	541330885.2244279	20973622.380213495	-3441645.4685602076	20973572.196166057	910.8107880953281	-5978532.257972326	-3441625.3628319213	-5978534.022571512	941.1714008921446	542679061.004	0.08617769624105241	0.0	0.0	0.0	-0.03934336945757778	0.0	0.0	0.0	-0.045816017691987336	0.0859195665558
380	950.0	nan	nan	1	1	5.0	5.0	5.0	1.095	1.36507300384e-18	5.81295815341e-17	-2.6514778227e-19	0.959401815032	-5.82688125748e-17	-2.48974746934e-19	-2.86376545511e-19	0.952865353393	499224852.162	21844263.1625	-3722467.97999	19139263.5722	-44.8471354153	-6404775.90337	-3239273.44915	-6361133.33178	376.411868741	546089876.0126531	20935905.275077205	-3543368.4653429403	20935973.090787873	-42.98224077967903	-6096622.210206511	-3543362.1314256564	-6096616.026165874	358.3015227658877	547428619.773	0.09075436326846412	0.0	0.0	0.0	-0.041445298075229065	0.0	0.0	0.0	-0.048281672410632054	0.090498011876
390	1000.0	nan	nan	1	1	5.0	5.0	5.0	1.1	1.44683815303e-19	4.46975845195e-17	1.05429132154e-19	0.957397066677	1.4881680669e-17	3.39871970086e-19	1.39876903327e-18	0.950528384479	500964824.973	21848113.4141	-3845435.16014	19015806.6928	-2793.38741181	-6546513.10114	-3322911.11134	-6499545.49688	-2092.66709169	550490781.1352708	20895663.517120626	-3651410.9633899927	20895731.114057694	-2671.6120666269785	-6216204.074185599	-3651417.9082797193	-6216203.346389287	-1987.0800684737499	551822867.626	0.09531017980432493	0.0	0.0	0.0	-0.043537065871120974	0.0	0.0	0.0	-0.05073725481778774	0.0950558356526
400	1050.0	nan	nan	1	1	5.0	5.0	5.0	1.105	1.0037340425e-18	-9.57509866378e-18	-4.60044769477e-19	0.955405918056	-1.47497552875e-18	3.60028707252e-19	-7.99890269784e-19	0.948206859489	502398612.082	21848653.3544	-3983614.44132	18890865.5335	-10676.8297641	-6688336.70456	-3418365.45789	-6637917.19756	-9479.27010578	554571326.4982189	20852556.35354015	-3773350.022476765	20852629.974826965	-10190.064839314857	-6335310.765195699	-3773353.3111917395	-6335289.419765448	-8978.9322218784	555902510.696	0.09984533496971612	0.0	0.0	0.0	-0.04561898372266341	0.0	0.0	0.0	-0.05318259431860257	0.0995931985185
410	1100.0	nan	nan	1	1	5.0	5.0	5.0	1.11	-5.96642067112e-19	-4.3825114114e-17	3.94849702319e-19	0.953428537264	1.35921696215e-16	3.23593055631e-19	-3.38151434412e-19	0.9459004599	503566216.752	21850226.4588	-4112044.36631	18768089.5377	7502.41310476	-6823006.03208	-3504106.61266	-6769096.94041	7768.17288945	558371191.2655891	20810740.174185656	-3885497.7896758527	20810690.162135802	7145.49893095801	-6447103.312842333	-3885471.5001586173	-6447068.999782079	7340.197698028046	559678070.164	0.10436001532424286	0.0	0.0	0.0	-0.04769080455951495	0.0	0.0	0.0	-0.05561793755951454	0.104110237167
420	1150.0	nan	nan	1	1	5.0	5.0	5.0	1.115	2.83570748873e-19	4.75396315204e-17	-4.02181831268e-19	0.951465052004	3.70280849939e-17	-3.72601852563e-19	1.12385390233e-18	0.943608612947	504480617.102	21847476.7703	-4233505.55633	18643092.0844	6072.50933795	-6951762.70886	-3582727.26803	-6894327.51316	6244.17280547	561900925.4222906	20765123.69739925	-3990546.958929952	20765060.81667614	5771.669144308535	-6552804.8015821455	-3990515.5900859903	-6552773.35347795	5885.823100584839	563201790.65	0.10885440491208208	0.0	0.0	0.0	-0.04975232229094063	0.0	0.0	0.0	-0.05804380373804943	0.108607197049
430	1200.0	nan	nan	1	1	5.0	5.0	5.0	1.12	-8.40918428166e-19	-5.39345582186e-17	3.49401090742e-19	0.949515513665	1.36332639543e-16	-7.05657854402e-19	-9.44415266409e-19	0.941331039495	505171543.102	21841790.3944	-4342929.54762	18517131.8163	-4694.25689934	-7069017.74861	-3650147.34606	-7008052.1735	-3769.86547348	565189954.2368776	20717046.127460834	-4083783.3734288258	20717114.862781733	-4452.525867235366	-6647203.651753256	-4083813.9828889025	-6647172.119153556	-3544.914503413454	566493057.581	0.11332868530700327	0.0	0.0	0.0	-0.05180341009023436	0.0	0.0	0.0	-0.0604604058371794	0.11308423675
440	1250.0	nan	nan	1	1	5.0	5.0	5.0	1.125	6.69354551678e-19	4.68888719889e-17	-6.95043472781e-19	0.947579532634	5.87219354969e-17	-2.66153633895e-19	-3.45695321598e-20	0.939067903722	505668257.119	21831293.2994	-4434835.58521	18388435.0935	-13338.606703	-7181338.49191	-3701912.21893	-7116807.22135	-12713.6001276	568267767.6082604	20664739.969279062	-4160153.25361068	20664842.637993626	-12625.859370299544	-6736544.820744313	-4160192.7012753533	-6736521.223171286	-11926.152372441513	569571218.127	0.11778303565638346	0.0	0.0	0.0	-0.05384440609286543	0.0	0.0	0.0	-0.06286748745556528	0.117541487956
450	1300.0	nan	nan	1	1	5.0	5.0	5.0	1.13	-4.64293169104e-19	3.02378983118e-17	1.96670462441e-19	0.945657165726	5.5930088433e-17	2.03896712272e-19	-1.059399989e-18	0.936818924752	505995584.589	21808804.6331	-4509993.48056	18251062.8978	-5545.68472416	-7289744.02817	-3738992.3511	-7221570.65934	-5639.4262978	571159433.2410692	20601448.795504652	-4220498.524957367	20601497.44038136	-5238.670427053274	-6821817.825419127	-4220512.623408758	-6821777.748227014	-5277.433431791855	572446866.915	0.12221763272424911	0.0	0.0	0.0	-0.055875179709629776	0.0	0.0	0.0	-0.06526526541676676	0.121979106267
460	1350.0	nan	nan	1	1	5.0	5.0	5.0	1.135	5.21970818856e-19	-9.31750800359e-17	-1.40025134093e-19	0.943747886708	7.63745256342e-17	3.27735576138e-19	8.23739541205e-19	0.934584295068	506161971.013	21777044.1591	-4580685.86454	18107544.9504	5559.48003621	-7387255.40386	-3771827.35401	-7315484.48563	5635.7346256	573872008.2532159	20529793.993883852	-4276403.299577332	20529818.0825887	5241.0684858162995	-6896540.020008507	-4276390.290835459	-6896500.202608035	5261.3680267896425	575139133.006	0.126632650933366	0.0	0.0	0.0	-0.057896217671211246	0.0	0.0	0.0	-0.06765345276455276	0.126397254783
470	1400.0	nan	nan	1	1	5.0	5.0	5.0	1.14	-3.26888543191e-19	-5.26866272244e-17	-4.11075677214e-19	0.941851308302	1.92588822426e-17	-1.71219769354e-19	2.26091622468e-18	0.932364063974	506178082.037	21738829.1678	-4646585.76487	17960286.017	5943.84749665	-7479954.9064	-3800275.5718	-7404591.79733	6093.38570058	576415252.7244235	20452470.37034965	-4327596.499996183	20452451.75735453	5592.130278624866	-6966454.147429593	-4327601.059544552	-6966437.482463185	5675.073261387328	577671824.606	0.131028262406404	0.0	0.0	0.0	-0.059907863678056755	0.0	0.0	0.0	-0.07003191398970132	0.130796105252
480	1450.0	nan	nan	1	1	5.0	5.0	5.0	1.145	7.88667083233e-20	1.30071438172e-17	6.01552211228e-19	0.939967320103	-1.70162036961e-17	-2.17819816342e-19	-3.03264264897e-19	0.930158119421	506062605.908	21696346.2945	-4723378.00163	17811260.2428	3892.8858546	-7570635.69435	-3837145.14709	-7491632.96401	3643.33779267	578808248.2723292	20371562.276021425	-4388685.514800915	20371598.731663328	3655.1853267816496	-7034190.191461043	-4388728.262126515	-7034192.089481572	3385.1755651780877	580057013.506	0.13540463700620298	0.0	0.0	0.0	-0.061910170170305444	0.0	0.0	0.0	-0.07240068640395146	0.135175800349
490	1500.0	nan	nan	1	1	5.0	5.0	5.0	1.15	1.467378702e-18	-2.5140123163e-17	-1.48548403125e-19	0.938095897653	-5.60330294059e-17	-5.66982679068e-19	-5.98614065692e-19	0.927966165203	505821507.666	21651405.3709	-4810022.53292	17661892.8649	-7977.25026989	-7655880.36555	-3881356.76698	-7573193.05609	-8115.54338173	581055897.3433807	20288788.23836782	-4458636.158584715	20288870.38582314	-7475.207206077257	-7096595.65834049	-4458658.251907624	-7096579.070557612	-7522.678931480598	582306022.251	0.13976194237515863	0.0	0.0	0.0	-0.0639030988978491	0.0	0.0	0.0	-0.0747600067711755	0.139536525008
500	1550.0	nan	nan	1	1	5.0	5.0	5.0	1.155	4.44361425063e-19	8.7427564442e-18	1.18584612616e-20	0.936237182394	5.00468622792e-17	8.2474539283e-19	1.71757105879e-18	0.925787945405	505481305.07	21605439.0712	-4895677.2634	17513286.046	4174.4510092	-7734404.93973	-3924143.82936	-7648063.31352	4260.2106797	583186808.0778198	20205499.484733064	-4527358.764469101	20205529.434379723	3903.964526592744	-7152519.275243476	-4527385.862402596	-7152501.684010037	3939.700499340024	584415976.657	0.14410034397375687	0.0	0.0	0.0	-0.06588643461131093	0.0	0.0	0.0	-0.07711007120315763	0.143878393854
510	1600.0	nan	nan	1	1	5.0	5.0	5.0	1.16	3.16432980248e-19	5.64913536397e-17	-6.81543885184e-19	0.934390902032	-7.22101146188e-17	-1.69962454822e-19	1.39368683559e-18	0.923623266561	505028301.92	21553842.3152	-4983095.39791	17361893.5211	-5078.35942651	-7809454.33087	-3967734.66146	-7719441.21959	-5415.49296753	585183741.1863327	20117399.832044017	-4597403.38375307	20117482.0621547	-4739.915305118142	-7205001.891207071	-4597472.665196589	-7204983.83645211	-4996.333344141025	586411960.855	0.14842000511827322	0.0	0.0	0.0	-0.0678604036507818	0.0	0.0	0.0	-0.07945101065299962	0.148201632332
520	1650.0	nan	nan	1	1	5.0	5.0	5.0	1.165	5.2831033107e-19	8.62804171337e-17	-5.18807680193e-20	0.932556753521	-3.23831283647e-17	-8.97696105412e-19	-2.72477264242e-18	0.921472305155	504488385.764	21498984.4565	-5066008.29083	17209557.4558	-3382.49366535	-7874820.75453	-4007134.08084	-7781209.4633	-3814.04487295	587075036.5834674	20026715.73298631	-4662992.31038876	20026826.896418184	-3150.8576250030883	-7248355.414366497	-4663117.037950002	-7248345.627470688	-3510.626294519856	588291655.628	0.15272108701766393	0.0	0.0	0.0	-0.06982526763144468	0.0	0.0	0.0	-0.08178255641504781	0.152506331749
530	1700.0	nan	nan	1	1	5.0	5.0	5.0	1.17	4.37783684832e-19	4.33240147164e-17	-2.75338647417e-19	0.930734472832	-2.58500955914e-17	-7.1640458492e-19	1.12851258354e-18	0.91933493433	503856873.687	21456065.0086	-5141254.94943	17068385.1236	-18577.1819021	-7933112.14104	-4039871.22146	-7835933.63868	-21192.7742523	588853993.1768304	19947590.82524413	-4721255.2320558475	19947701.94076086	-17271.10833793081	-7285039.853260601	-4721369.152452348	-7285026.303541855	-19461.492827066068	590076663.694	0.1570037488096647	0.0	0.0	0.0	-0.07178124879446458	0.0	0.0	0.0	-0.08410476782280918	0.156792687643
540	1750.0	nan	nan	1	1	5.0	5.0	5.0	1.175	-1.61161253105e-19	-7.74238406372e-18	-4.38763066678e-19	0.928923816913	-5.00241247385e-17	6.10631345632e-19	-2.43093161906e-18	0.917211387173	503170331.722	21425784.6122	-5207707.89061	16938716.9371	-957.895351915	-7999305.25107	-4065284.01969	-7898448.06295	-2375.68561268	590561988.4686803	19880597.38819616	-4771211.310443599	19880668.087578576	-888.8137436327376	-7328824.214279323	-4771350.898495564	-7328826.867869991	-2176.5618009632944	591760442.762	0.16126814759612232	0.0	0.0	0.0	-0.07372854900671208	0.0	0.0	0.0	-0.08641731292826814	0.161060747338
550	1800.0	nan	nan	1	1	5.0	5.0	5.0	1.18	-2.10418204221e-18	6.20784094296e-17	-4.07422847629e-19	0.927124073806	4.49205130033e-17	-7.00760945175e-19	-2.41351450408e-19	0.91510190918	502410076.047	21397598.9425	-5269603.74065	16812084.4053	6780.28314433	-8069257.36081	-4086778.15842	-7964604.78474	6315.62752443	592176298.7285275	19815889.622715887	-4816794.222130444	19815920.085390177	6279.084992659398	-7375877.607760852	-4816967.809680924	-7375861.643499101	5772.934677067395	593360311.728	0.16551443847757333	0.0	0.0	0.0	-0.07566787792173452	0.0	0.0	0.0	-0.088719843755474	0.165310706663
560	1850.0	nan	nan	1	1	5.0	5.0	5.0	1.185	5.1172701415e-20	3.86548514738e-17	-6.44221495946e-19	0.925335166385	4.5920620686e-17	-3.03264264897e-19	-6.69579544805e-19	0.913006330525	501581341.712	21367038.7716	-5327339.14592	16684986.6108	2905.13241587	-8145474.23895	-4104655.28996	-8036926.30116	2469.02180988	593702006.4227269	19749322.369948275	-4858396.192204322	19749359.085322812	2685.182407430936	-7428462.867155963	-4858518.207645302	-7428443.879462261	2251.6843457915243	594882854.32	0.16974277458709455	0.0	0.0	0.0	-0.07759926506189675	0.0	0.0	0.0	-0.09101246464888496	0.169542713917
570	1900.0	nan	nan	1	1	5.0	5.0	5.0	1.19	-2.29396374451e-18	-2.827988901e-17	-1.2758433768e-19	0.9235570413	3.36462133077e-17	-3.79073713676e-19	1.85399630286e-18	0.910924486786	500688238.349	21334878.0427	-5376563.60266	16558030.9966	366.409323696	-8222462.56266	-4115714.83095	-8109977.72269	-423.278201791	595142944.2244259	19681619.281859577	-4892086.219324894	19681699.23537712	338.0159378398649	-7481543.745116849	-4892143.362817244	-7481528.303226571	-385.1369779942677	596319523.195	0.17395330712343798	0.0	0.0	0.0	-0.07952271481825765	0.0	0.0	0.0	-0.0932952756232058	0.173756906888
580	1950.0	nan	nan	1	1	5.0	5.0	5.0	1.195	3.15043316819e-19	3.9425863214e-17	2.13664060945e-19	0.921789706832	1.43654670272e-16	-8.42400735824e-19	-1.53392372792e-18	0.908856143223	499740990.593	21300389.2402	-5407629.87597	16430545.3757	-2320.12439051	-8293175.50809	-4112870.23431	-8176816.75006	-3367.5063604	596510334.2124445	19612117.538462862	-4909160.139011276	19612139.684042215	-2136.231020824982	-7528719.15495828	-4909282.296674261	-7528721.160174578	-3057.093102063897	597682130.992	0.17814618538347404	0.0	0.0	0.0	-0.08143816513689742	0.0	0.0	0.0	-0.09556845560934883	0.177953430136
590	2000.0	nan	nan	1	1	5.0	5.0	5.0	1.2	-1.17951984883e-18	8.09625854721e-18	-1.25096178398e-18	0.92003312866	-7.78317399408e-18	6.72650039238e-19	5.94352431177e-19	0.906801032111	498736716.371	21264974.9044	-5430943.32206	16303744.9522	-7056.40940055	-8359491.28538	-4103999.1534	-8239273.20911	-8535.12043407	597799944.0999304	19542117.612151276	-4919155.58335202	19542130.148273565	-6484.709389264519	-7571730.322323051	-4919169.541677917	-7571739.295011304	-7730.808967807812	598968732.953	0.1823215567939546	0.0	0.0	0.0	-0.0833456001743312	0.0	0.0	0.0	-0.09783222215907139	0.18213245508
600	2050.0	nan	nan	1	1	5.0	5.0	5.0	1.205	-1.65444725189e-18	-7.71734365221e-17	-1.74965243167e-19	0.918287196973	-6.58521794376e-17	4.31192709712e-19	-3.0529714397e-18	0.904759153336	497697665.695	21222822.0259	-5458180.84732	16173160.2731	4777.49613227	-8414701.36318	-4098270.64209	-8290734.02094	2990.3323527	599037608.6292427	19466285.996104054	-4932673.216622806	19466298.36096622	4382.080099553424	-7604543.198750475	-4932750.169773779	-7604540.026406016	2702.4264526168245	600187557.658	0.18647956694261839	0.0	0.0	0.0	-0.08524508655611757	0.0	0.0	0.0	-0.10008649961129076	0.186294071809
610	2100.0	nan	nan	1	1	5.0	5.0	5.0	1.21	-7.08602617382e-19	6.95196997503e-18	-7.08172483464e-19	0.916551626277	-1.34359013071e-17	-1.70994776227e-19	1.74022919013e-18	0.902730442774	496615767.037	21183520.6582	-5492079.24688	16046163.3176	11406.7053958	-8460716.41225	-4097481.33423	-8333085.72336	11117.3626317	600213118.1892055	19393432.454192646	-4952158.000016597	19393499.681439605	10442.79533075128	-7628951.182850807	-4952243.185941822	-7628908.231003716	10024.42496199137	601348482.008	0.1906203596086497	0.0	0.0	0.0	-0.0871368834721479	0.0	0.0	0.0	-0.10233128311462547	0.190438453656
620	2150.0	nan	nan	1	1	5.0	5.0	5.0	1.215	4.69322427228e-19	6.62975070096e-17	-1.47648430618e-19	0.914825991252	-7.06536915782e-17	-9.54712010674e-19	-3.99799551104e-19	0.900715032432	495485623.729	21147085.7464	-5534315.58349	15922634.1747	-4516.55411241	-8498280.79811	-4102835.6608	-8367160.96634	-5435.54381327	601319312.5845217	19323546.535888042	-4979080.495463623	19323643.26619116	-4127.086096856444	-7645683.287934059	-4979184.462774397	-7645650.386312038	-4890.218090133507	602461854.304	0.19474407679251185	0.0	0.0	0.0	-0.08902140528696971	0.0	0.0	0.0	-0.10456635061038363	0.194565742158
630	2200.0	nan	nan	1	1	5.0	5.0	5.0	1.22	4.61745452817e-19	5.86756663222e-17	-1.01739244877e-18	0.913110242275	-8.98778719398e-18	3.87888150283e-19	6.93561165124e-19	0.898712937258	494336645.363	21106871.5088	-5582492.47451	15797558.5397	10740.5258309	-8529654.4445	-4112487.17191	-8395145.94233	10364.4946516	602391171.4339266	19250545.56826611	-5011238.831683842	19250666.28944314	9795.90849589798	-7656819.201870023	-5011414.76811762	-7656802.167374172	9303.901134848604	603511885.451	0.19885085874516517	0.0	0.0	0.0	-0.09089865838737905	0.0	0.0	0.0	-0.1067916088967776	0.198675998987
640	2250.0	nan	nan	1	1	5.0	5.0	5.0	1.225	-2.53143075476e-18	-1.48345379915e-17	6.40092210328e-19	0.911404504431	4.41061967036e-17	1.04783269531e-18	-4.55386088268e-19	0.896723621687	493148525.298	21059289.3178	-5642752.02323	15668278.2579	11002.7845271	-8560115.29758	-4130716.7538	-8422223.01431	10816.5643372	603403684.736093	19171187.38727702	-5054098.547718231	19171296.981115837	10016.31350268635	-7667121.666111227	-5054237.37876509	-7667116.073489689	9688.177308321714	604516099.575	0.20294084399669038	0.0	0.0	0.0	-0.09276845784396248	0.0	0.0	0.0	-0.10900757846154598	0.202769446804
650	2300.0	nan	nan	1	1	5.0	5.0	5.0	1.23	-7.74945811232e-19	-1.12387798983e-16	-4.37333698579e-19	0.909708867201	5.78149484989e-17	-3.05620075281e-19	2.79573812153e-19	0.894746777543	491924997.054	21005165.045	-5711425.94914	15535528.2914	-3068.67158127	-8591629.46926	-4154880.928	-8450308.24532	-3362.80217727	604360846.502226	19086260.36316051	-5104309.629623697	19086375.128888033	-2788.3363279310634	-7678351.680407576	-5104532.946689003	-7678339.254826813	-3005.34116852962	605477855.217	0.20701416938432612	0.0	0.0	0.0	-0.0946306568112777	0.0	0.0	0.0	-0.11121453085911157	0.206846229363
660	2350.0	nan	nan	1	1	5.0	5.0	5.0	1.235	1.69236190245e-18	-5.77959696669e-17	-9.20618934547e-20	0.908023225143	-1.65691026488e-16	-1.20294560378e-18	2.65603062479e-18	0.892782473933	490691291.196	20944643.8051	-5786713.88495	15399426.1622	11439.3140293	-8630149.62416	-4183322.46448	-8485334.27736	11192.1948218	605293119.4009267	18995921.457112	-5160218.546911062	18995989.6699676	10374.982398647411	-7695811.308215862	-5160344.90405016	-7695845.533110567	9980.478117347462	606388935.675	0.2110709700799406	0.0	0.0	0.0	-0.09648532235664257	0.0	0.0	0.0	-0.113412317999159	0.210906403908
670	2400.0	nan	nan	1	1	5.0	5.0	5.0	1.24	4.61242527004e-19	-8.70505553712e-17	-5.5427718486e-19	0.906347154586	1.00261172384e-16	8.04840118569e-19	6.52638885859e-19	0.890830677502	489420841.651	20882642.5576	-5866115.25225	15263716.1837	3352.92144021	-8674717.79672	-4214424.22737	-8526184.28639	3268.7941283	606167600.1724461	18904648.43384365	-5219565.243534223	18904732.739976995	3035.3342915588005	-7718609.9423908545	-5219735.660205448	-7718588.103578097	2908.5150029739384	607262861.603	0.2151113796169455	0.0	0.0	0.0	-0.09833287349889004	0.0	0.0	0.0	-0.11560090604417131	0.214950175439
680	2450.0	nan	nan	1	1	5.0	5.0	5.0	1.245	1.23006885606e-18	-3.02831748698e-17	1.14042398436e-18	0.904680642176	-1.18169195895e-16	-5.29607350271e-19	1.27118469559e-18	0.888891329401	488133545.11	20818664.5535	-5942276.90889	15127937.9937	884.611307387	-8719027.22626	-4242832.54567	-8566808.69946	572.850918834	607008379.4412316	18811994.633519802	-5275798.947517199	18812034.57093683	799.3453722534405	-7741112.601948561	-5276086.705344727	-7741070.944607661	508.60071333046875	608098129.155	0.219135529916671	0.0	0.0	0.0	-0.10017327913304602	0.0	0.0	0.0	-0.11778029008402777	0.218977620439
690	2500.0	nan	nan	1	1	5.0	5.0	5.0	1.25	-1.62241881857e-18	1.9206233851e-17	-1.32677123276e-18	0.903023573923	6.53406509468e-17	1.9005301754e-19	-1.78538663413e-18	0.886964337	486834960.229	20752067.3466	-6011484.24639	14991792.8665	8601.13814311	-8760302.79857	-4265728.61621	-8604482.88243	8246.70132264	607822135.2248149	18717386.015126783	-5325649.889979589	18717520.91648855	7757.82094887934	-7760862.995425616	-5325838.297592145	-7760837.745998349	7305.856955041755	608896874.953	0.22314355131420976	0.0	0.0	0.0	-0.10200661967889167	0.0	0.0	0.0	-0.11995050379426857	0.222988862365
700	2550.0	nan	nan	1	1	5.0	5.0	5.0	1.255	7.08052128685e-20	-4.38713038794e-17	5.76882376639e-19	0.901375957065	-9.19429382652e-17	8.66779402837e-19	-1.81074468299e-18	0.885049385583	485512748.187	20682459.9317	-6086271.4802	14854834.7837	2107.77898485	-8797985.35656	-4292351.27544	-8638579.066	1258.06521079	608593294.6953651	18620483.808919758	-5380239.700550383	18620629.173850726	1897.640057798079	-7777383.945855392	-5380489.419618145	-7777339.937401957	1112.1246258885726	609665850.319	0.22713557258374711	0.0	0.0	0.0	-0.10383284196239022	0.0	0.0	0.0	-0.12211183261248797	0.226984073334
