inc	time	elem	node	ip	grain	1_pos	2_pos	3_pos	1_f	2_f	3_f	4_f	5_f	6_f	7_f	8_f	9_f	1_p	2_p	3_p	4_p	5_p	6_p	7_p	8_p	9_p	1_Cauchy	2_Cauchy	3_Cauchy	4_Cauchy	5_Cauchy	6_Cauchy	7_Cauchy	8_Cauchy	9_Cauchy	Mises(Cauchy)	1_ln(V)	2_ln(V)	3_ln(V)	4_ln(V)	5_ln(V)	6_ln(V)	7_ln(V)	8_ln(V)	9_ln(V)	Mises(ln(V))
0	0.0	nan	nan	1	1	5.0	5.0	5.0	1.0	0.0	0.0	0.0	1.0	0.0	0.0	0.0	1.0	-2.39984919191e-07	3.03038803289e-07	7.67271083215e-07	3.03038803289e-07	2.9890378383e-06	4.82550330888e-07	7.67271083215e-07	4.82550330888e-07	-6.33783586197e-07	-2.39984919191e-07	3.03038803289e-07	7.67271083215e-07	3.03038803289e-07	2.9890378383e-06	4.82550330888e-07	7.67271083215e-07	4.82550330888e-07	-6.33783586197e-07	3.82013441858e-06	0.0	0.0	0.0	0.0	0.0	0.0	0.0	0.0	0.0	0.0
10	2.5	nan	nan	1	1	5.0	5.0	5.0	1.00025	-2.45323675107e-21	-2.23525010274e-20	2.97526526578e-22	0.999931087854	-1.6037777574e-20	-1.01185514665e-21	1.6831671437e-21	0.999924574872	53554607.7474	2434830.18549	-458178.903304	2434053.8842	11.6103335168	-290474.652538	-458029.838198	-290472.761289	13.8542211019	53562338.51092837	2434405.2454097182	-458095.95558257133	2434405.246963832	11.608307216942984	-290422.06563278224	-458095.9561384907	-290422.06637021777	13.851712963563022	53736247.7329	0.0002499687552074404	0.0	0.0	0.0	-6.891452055126805e-05	0.0	0.0	0.0	-7.542797261796674e-05	0.000214792923066
20	5.0	nan	nan	1	1	5.0	5.0	5.0	1.0005	-3.97884214396e-21	1.18831629426e-19	9.70386256101e-23	0.999862150544	-3.31775455164e-20	-4.12980260575e-21	7.55060802896e-23	0.999849121889	107151711.433	4871482.4543	-916698.581825	4868376.7346	-30.3902849138	-580969.284858	-916102.221321	-580961.71459	-30.9411642746	107182655.79119644	4869782.673945659	-916366.7822566336	4869782.673819224	-30.379680993998583	-580759.0026978964	-916366.7826136008	-580759.0027218267	-30.929965102751567	107530477.777	0.0004998750416509929	0.0	0.0	0.0	-0.00013785895810932686	0.0	0.0	0.0	-0.00015088949424697825	0.000429565395488
30	7.5	nan	nan	1	1	5.0	5.0	5.0	1.00075	4.86899188064e-22	8.56914808743e-19	-6.16869941811e-22	0.99979168805	-2.57889404873e-20	4.21926735887e-22	-6.80795493525e-22	0.999770192769	158241234.486	7181190.8918	-1326748.40125	7174314.45931	-2942.55707722	-997216.425498	-1325449.47961	-997194.94106	-3168.50133553	158310585.81161958	7177458.466879623	-1326030.3136461307	7177458.698040069	-2941.0276827880557	-996676.6933582434	-1326030.3754728977	-996676.6488568591	-3166.7864199290125	158826985.801	0.0007497188905459742	0.0	0.0	0.0	-0.0002083336499474765	0.0	0.0	0.0	-0.00022983364072740855	0.000645987629994
40	10.0	nan	nan	1	1	5.0	5.0	5.0	1.001	1.40732373517e-20	-2.30620022731e-19	-1.48768433168e-21	0.99969996779	-2.09806090568e-20	-2.9814028813e-21	1.64353679131e-22	0.999655218036	180082767.417	8193929.5372	-967071.462381	8183287.56336	4850.4608953	-1854921.24084	-965772.090577	-1854838.37705	5556.49151868	180198943.6091741	8188567.063641141	-966395.3067435919	8188566.820238452	4847.286536992275	-1853624.3196684725	-966395.1358888897	-1853624.4879498153	5552.606538913028	180787313.357	0.0009995003330834232	0.0	0.0	0.0	-0.0003000772286681897	0.0	0.0	0.0	-0.00034484141496683046	0.000881685306285
50	12.5	nan	nan	1	1	5.0	5.0	5.0	1.00125	3.62946173273e-21	-5.32732025035e-19	-1.26020966322e-21	0.999597886266	-7.30741692887e-20	9.54832675646e-21	-2.21606855982e-21	0.999524451933	188588415.348	8760076.61027	-504070.194557	8745622.03522	-1296.79730047	-2067179.48021	-503201.442924	-2067027.82932	334.437012507	188754041.4655987	8753302.801265707	-503643.41537456046	8753302.80087576	-1295.794540149346	-2065429.269271035	-503643.37516680383	-2065429.481229533	334.15385600158373	189398230.141	0.0012492194004318981	0.0	0.0	0.0	-0.0004021946034074044	0.0	0.0	0.0	-0.00047566117584257173	0.001126230542
60	15.0	nan	nan	1	1	5.0	5.0	5.0	1.0015	2.74776991781e-20	5.60020299852e-19	1.08360660244e-22	0.999493103641	5.36726480213e-20	-9.72787664817e-21	-3.99352459983e-21	0.999390642492	194113019.044	9239315.39699	-176875.710161	9220799.84423	-3015.9153573	-2182457.33377	-176503.249667	-2182233.52298	-3559.59711264	194329880.49975383	9231102.222664667	-176700.3627405521	9231101.245379098	-3013.2343969132576	-2180293.7338988483	-176700.43763438406	-2180293.653674461	-3556.0682721283943	195026596.921	0.0014988761237359487	0.0	0.0	0.0	-0.0005070248743910162	0.0	0.0	0.0	-0.0006095432417424522	0.00137271677508
70	17.5	nan	nan	1	1	5.0	5.0	5.0	1.00175	-3.47829447579e-22	-5.76156112062e-20	-2.807450999e-21	0.999387559797	-4.29877906128e-19	6.49316101339e-21	-1.50995099979e-20	0.999255248659	198397627.552	9662599.7924	43597.0997132	9639811.43846	-2513.459161	-2272671.50089	43488.3677207	-2272370.29457	-2960.81912454	198667166.33501413	9652908.799553154	43547.60837768974	9652907.880568044	-2510.9383161680266	-2270091.5690024416	43547.45008904958	-2270091.2470317394	-2957.4580089235537	199410959.906	0.001748470534116803	0.0	0.0	0.0	-0.0006126278211085041	0.0	0.0	0.0	-0.0007450288060504311	0.00162000373273
80	20.0	nan	nan	1	1	5.0	5.0	5.0	1.002	-1.02512493314e-20	-4.77780348991e-19	-4.83404349976e-21	0.999282017378	-6.10257459995e-19	-7.80589664551e-21	-1.15362227142e-20	0.999118631287	202009796.1	9997306.98839	174168.594787	9970188.0653	-84.9450390697	-2342731.47044	173667.268231	-2342348.55588	36.2224040221	202333270.047571	9986153.767316075	173945.84297366175	9986153.113301491	-84.85027246895525	-2339735.2489693994	173945.3578974573	-2339735.3790208464	36.17607760952685	203111904.263	0.001998002662673058	0.0	0.0	0.0	-0.0007182404949622962	0.0	0.0	0.0	-0.0008817573467740483	0.00186772186629
90	22.5	nan	nan	1	1	5.0	5.0	5.0	1.00225	-2.94161969436e-20	-8.48844472796e-20	-6.9714782026e-21	0.999176543082	-5.26379691521e-19	2.7086029158e-20	-1.37036427142e-20	0.998981203106	205205328.412	10256151.3581	246604.234415	10224699.3272	-982.692509481	-2400084.47333	245799.666285	-2399615.24823	-1238.04444782	205583893.65217063	10243562.932848295	246253.3995843013	10243561.974609928	-981.4863502923239	-2396669.9608750097	246253.12044440772	-2396669.9546076176	-1236.2831272357093	206391373.332	0.00224747254047937	0.0	0.0	0.0	-0.0008237961448862907	0.0	0.0	0.0	-0.0010193162203106809	0.00211569942442
100	25.0	nan	nan	1	1	5.0	5.0	5.0	1.0025	-3.68806747913e-20	5.05722510083e-19	1.03703633396e-20	0.999071050194	2.56258485817e-19	-2.89451175848e-21	3.64527122219e-20	0.998843369774	208133464.4	10466240.3737	284549.670293	10430441.3288	-69.9262873335	-2449023.46055	283511.473521	-2448465.48673	-118.572420875	208568226.0310926	10452229.388080236	284103.988462672	10452229.058602113	-69.8326781509009	-2445187.626696141	284103.68924669694	-2445187.765838813	-118.3867043584159	209395965.642	0.002496880198587146	0.0	0.0	0.0	-0.0009293815472686111	0.0	0.0	0.0	-0.0011572996389646877	0.00236381266849
110	27.5	nan	nan	1	1	5.0	5.0	5.0	1.00275	-1.61639363499e-20	-4.33200277058e-19	2.6883369908e-21	0.998965463904	-1.67604369691e-18	-5.77578862715e-21	1.62160487285e-20	0.998705341874	210868241.156	10644978.8997	301664.115807	10604801.8492	-191.622609216	-2493564.63946	300446.948154	-2492915.13861	-248.442903625	211360257.15602154	10629547.119157108	301148.3634191493	10629545.889166664	-191.3448183363388	-2489301.4147353056	301147.97693310404	-2489301.2169955405	-248.01814305828043	212205265.909	0.0027462256680252286	0.0	0.0	0.0	-0.0010350715978292633	0.0	0.0	0.0	-0.0012954969198771355	0.00261200441716
120	30.0	nan	nan	1	1	5.0	5.0	5.0	1.003	5.67793316069e-20	6.09463366607e-19	4.66695301602e-21	0.998859791717	1.96322136685e-18	-1.31968394927e-20	4.56037596398e-20	0.99856723001	213467786.609	10804076.408	307562.242382	10759478.1536	-153.523064746	-2534746.33626	306202.663018	-2534003.74615	-231.692566187	214018100.90064642	10787216.725025363	306992.35065672937	10787215.802884895	-153.28349311552333	-2530049.6252739336	306992.04536123684	-2530049.451659358	-231.2632557643225	214877658.452	0.002995508979798371	0.0	0.0	0.0	-0.00114085881500619	0.0	0.0	0.0	-0.001433797386388051	0.00286022945568
130	32.5	nan	nan	1	1	5.0	5.0	5.0	1.00325	-9.84344928938e-21	8.36312686516e-19	1.86330704784e-20	0.998754054586	-3.4263227179e-18	1.2661240046e-20	-3.65035838295e-20	0.998429067949	215960479.831	10950549.6347	305980.20017	10901475.1779	-136.344483782	-2570789.01618	304509.626091	-2569952.22716	-208.739769097	216570107.39439696	10932249.45993981	305369.45964343025	10932248.58493881	-136.11662965922693	-2565657.6873013033	305369.21605639573	-2565657.4130683546	-208.32312175699707	217442534.398	0.0032447301648890294	0.0	0.0	0.0	-0.0012467222493173363	0.0	0.0	0.0	-0.0015721672585420055	0.00310846729045
140	35.0	nan	nan	1	1	5.0	5.0	5.0	1.0035	-3.02450319174e-20	-2.29332929698e-18	4.38240288531e-21	0.998648271954	-1.99811763535e-18	-3.14146653035e-20	-2.99338052119e-20	0.99829087819	218367652.047	11085426.8007	300094.524355	11031830.1205	-111.310971436	-2602516.71838	298536.400393	-2601585.08296	-201.132746175	219037587.17867124	11065675.717456982	299452.635381698	11065674.925328333	-111.11264688771892	-2596950.0497180084	299452.2870677484	-2596949.796970461	-200.70253208756475	219921308.357	0.003493889254255838	0.0	0.0	0.0	-0.0013526424544686973	0.0	0.0	0.0	-0.0017105840249872827	0.00335670254486
150	37.5	nan	nan	1	1	5.0	5.0	5.0	1.00375	-3.48904782375e-20	1.41122223739e-18	4.3426982159e-21	0.998542445399	-1.10972896619e-19	-2.76249373271e-20	6.07628266418e-20	0.998152686998	220703564.71	11211365.2528	291139.60825	11153198.9446	-89.5266402029	-2631147.09573	289515.740302	-2630119.86447	-185.751013082	221434781.11795613	11190151.416115679	290475.29717997875	11190150.781242087	-89.35724035896129	-2625143.4463019674	290474.939397622	-2625143.2240692135	-185.32717362229982	222328605.488	0.003742986278834297	0.0	0.0	0.0	-0.0014586178670114942	0.0	0.0	0.0	-0.0018490213889379612	0.00360492411251
160	40.0	nan	nan	1	1	5.0	5.0	5.0	1.004	-1.95876369053e-21	7.99008495251e-19	2.8279650782e-20	0.998436577573	4.03736765384e-18	-2.70020703259e-20	1.61074812731e-20	0.998014512582	222978912.049	11330371.6802	281103.228688	11267586.6635	-82.1378275147	-2656857.86928	279427.056443	-2655734.62944	-154.006114378	223772365.37528765	11307682.017543893	280421.7131012564	11307681.504914526	-81.97334221359088	-2650416.4987623873	280421.3761540081	-2650416.3817649097	-153.63273706784855	224675377.509	0.003992021269537457	0.0	0.0	0.0	-0.0015646458471572633	0.0	0.0	0.0	-0.00198746111107116	0.0038531237467
170	42.5	nan	nan	1	1	5.0	5.0	5.0	1.00425	1.38470034541e-20	3.14531457456e-18	1.61035521652e-20	0.99833068453	9.76523936246e-19	2.28583090473e-20	-3.38321006437e-20	0.997876354721	225201788.849	11443663.9457	270645.551946	11376211.4326	-70.7463936037	-2679813.22007	268927.554948	-2678593.5551	-131.781039787	226058418.1713453	11419485.136046292	269950.80925919744	11419484.607028022	-70.59691668855123	-2672934.1835469394	269950.50965156837	-2672934.073659815	-131.44276002221915	226969866.621	0.004240994257254614	0.0	0.0	0.0	-0.0016707103295927207	0.0	0.0	0.0	-0.0021259034111833085	0.00410129621201
180	45.0	nan	nan	1	1	5.0	5.0	5.0	1.0045	9.95429149146e-21	-7.08409057119e-19	-1.33374601968e-20	0.998224777582	1.9201095405e-19	4.40519171118e-20	7.77950958397e-20	0.997738213667	227378216.397	11552221.6201	259813.556554	11480053.0697	-61.2233223915	-2700905.59092	258064.349456	-2699588.93434	-113.865403224	228298944.57414842	11526540.078132572	259109.6103936695	11526539.529590145	-61.08721789358773	-2693587.6813183576	259109.33574284264	-2693587.5253649997	-113.55689309674915	229218234.397	0.004489905272852001	0.0	0.0	0.0	-0.0017767999926234712	0.0	0.0	0.0	-0.002264348035118675	0.00434943765781
190	47.5	nan	nan	1	1	5.0	5.0	5.0	1.00475	1.15413202147e-19	-1.2700365689e-19	6.70843476781e-21	0.998118864474	-2.46856585539e-18	2.06869599393e-20	-3.56783677709e-20	0.997600090436	229512736.512	11656922.6095	248964.061424	11579988.8851	-49.8163679318	-2720594.70027	247192.125934	-2719180.50959	-104.996282209	230498470.25829813	11629724.279558286	248254.0723831007	11629723.753845304	-49.70013468079756	-2712836.181185469	248253.79085096892	-2712836.024759104	-104.69685662412961	231425139.41	0.00473875434717347	0.0	0.0	0.0	-0.0018829070834751275	0.0	0.0	0.0	-0.002402793962745726	0.00459754511143
200	50.0	nan	nan	1	1	5.0	5.0	5.0	1.005	-6.32627732481e-21	5.94299987926e-18	9.47618109741e-21	0.998012947822	-1.17916498835e-18	-3.34305044563e-20	6.02414960607e-20	0.997461989216	231608874.278	11758222.4304	238427.157598	11676475.3585	-43.8106070629	-2739129.13514	236638.595245	-2737616.80123	-92.6314245036	232660504.36490613	11729493.392063197	237713.30156745002	11729492.898671098	-43.70356396030875	-2730928.1236810973	237713.06299697456	-2730927.941710667	-92.3540840291907	233594153.183	0.004987541511038968	0.0	0.0	0.0	-0.001989028985292167	0.0	0.0	0.0	-0.002541236993294782	0.00484561601041
210	100.0	nan	nan	1	1	5.0	5.0	5.0	1.01	3.96781996229e-20	1.50014332606e-18	3.67466715321e-20	0.995898680428	-4.62496532813e-19	-1.58833566861e-19	-3.08290214299e-20	0.994704034893	267630966.11	13359671.3288	92733.9500797	13173142.6331	2476.42362176	-3010989.20529	91332.0430715	-3007378.38386	4113.03084544	270163905.1564087	13297822.157392165	92193.90884086698	13297817.17216502	2464.9589123902088	-2993454.5446922365	92196.43668576136	-2993455.5966466195	4089.0783849741124	271190281.612	0.009950330853168092	0.0	0.0	0.0	-0.0041097530499395385	0.0	0.0	0.0	-0.005310038440118792	0.00979802151625
220	150.0	nan	nan	1	1	5.0	5.0	5.0	1.015	-1.77215174433e-19	-3.07018341389e-18	-4.80029453077e-20	0.993796530655	-7.78209535056e-18	-3.07367080735e-19	1.55013646792e-20	0.991956514093	296363651.266	14558315.9836	-10147.6763776	14254200.1362	-5470.40391921	-3248173.64548	-9923.26939602	-3242152.6508	-7200.31906272	300631737.398443	14459473.024241908	-10060.118352655152	14459482.240366604	-5433.262884981295	-3220147.1635058383	-10066.179527936394	-3220140.2172838734	-7138.191961633409	301730937.611	0.014888612493750559	0.0	0.0	0.0	-0.006222790809142588	0.0	0.0	0.0	-0.008076009257914235	0.0147309169982
230	200.0	nan	nan	1	1	5.0	5.0	5.0	1.02	5.26497151168e-19	-3.93839880227e-18	-4.17494598768e-20	0.991708689935	-1.40418226864e-17	-1.14614145675e-19	1.84456313516e-19	0.989221002508	319867397.796	15501888.6979	-85456.1278089	15071922.7716	-5925.64539819	-3477029.4681	-82871.2331217	-3468304.05455	-3289.74027159	326056250.47075266	15363533.585971838	-84480.97542151935	15363537.078657862	-5872.758724295549	-3437352.575713852	-84474.64083470606	-3437349.2718767654	-3252.2005636491353	327199076.946	0.01980262729617973	0.0	0.0	0.0	-0.008325874163329024	0.0	0.0	0.0	-0.01083751174870291	0.0196431443421
240	250.0	nan	nan	1	1	5.0	5.0	5.0	1.025	-2.55274554479e-19	1.31260328322e-18	-4.19744530034e-20	0.989635658372	-1.05953018723e-17	4.76456032831e-21	-1.92799257174e-19	0.986498737115	339318788.455	16240064.2503	-142429.028612	15679763.7755	-14717.0502609	-3689791.26059	-137081.464295	-3678084.67172	-14025.8190227	347565001.9727245	16060806.290111763	-140410.41133658623	16060817.476030355	-14554.603341411454	-3637496.6093248567	-140412.85372099053	-3637485.943445882	-13827.033979672166	348747612.854	0.024692612590371414	0.0	0.0	0.0	-0.010418425436625871	0.0	0.0	0.0	-0.01359323368754439	0.0245341957456
250	300.0	nan	nan	1	1	5.0	5.0	5.0	1.03	-4.18169578148e-19	8.67537762023e-18	-6.33157128073e-20	0.98757788421	-6.66574232203e-18	2.23868160981e-19	2.23328839222e-19	0.983790569217	355573963.16	16799306.1261	-183163.802161	16107422.4106	-17148.2862345	-3885884.62848	-174954.615597	-3870970.17849	-16512.2708601	365978810.7040396	16578737.851340711	-180065.73150343986	16578759.718372237	-16923.135988327263	-3820157.9674032903	-180074.15833920494	-3820145.8642293243	-16232.978875342043	367179884.098	0.02955880224154443	0.0	0.0	0.0	-0.01249991523086652	0.0	0.0	0.0	-0.016342240744299536	0.0294037220923
260	350.0	nan	nan	1	1	5.0	5.0	5.0	1.035	-1.88808937899e-19	6.53524299987e-18	4.19546006687e-20	0.985535130946	-1.36968867166e-17	2.57550955525e-20	-2.28765070208e-19	0.981097479486	369253719.881	17202662.2014	-208121.800427	16380541.769	-18679.9039224	-4070843.43869	-197294.393436	-4052503.65305	-17638.1473433	381892042.5673559	16941160.293160845	-204035.20770877303	16941193.05430234	-18395.946098649027	-3990910.057758925	-204047.12218103904	-3990900.5461580628	-17291.812051426397	383098001.354	0.03440142671733232	0.0	0.0	0.0	-0.014570505185056247	0.0	0.0	0.0	-0.019083456885503863	0.0342515194191
270	400.0	nan	nan	1	1	5.0	5.0	5.0	1.04	-2.2594603868e-19	-1.28842711002e-17	1.18902249971e-19	0.983507430618	-1.27050806185e-17	-3.75844400564e-19	-2.98506322013e-19	0.978420110941	380866656.083	17478043.7636	-228668.726814	16528653.5592	11043.936831	-4242776.89942	-215122.384924	-4220832.71525	11054.4015295	395794665.6255531	17176477.79642507	-223560.86892453046	17176491.573151845	10853.384871243818	-4148004.4232668006	-223554.07345244504	-4148006.5158609813	10807.475275733126	396965624.283	0.03922071315328133	0.0	0.0	0.0	-0.01663008590144232	0.0	0.0	0.0	-0.021816139892991526	0.0390774283836
280	450.0	nan	nan	1	1	5.0	5.0	5.0	1.045	9.74723164053e-19	2.70642511469e-17	-2.65915405879e-19	0.981494685602	2.43755692218e-17	-2.80533341664e-19	-5.99765501105e-19	0.975758441236	390733012.061	17645179.2752	-253284.212582	16572885.3749	-15298.2083548	-4405679.80009	-236507.693487	-4379907.76579	-14875.9908158	407990298.0890941	17304835.198700786	-246947.0700922972	17304850.71797886	-15003.133166648022	-4295450.187385112	-246953.39627730526	-4295427.147007358	-14503.795199996597	409172372.229	0.04401688541677426	0.0	0.0	0.0	-0.01867867984777858	0.0	0.0	0.0	-0.02454022193551699	0.0438815794003
290	500.0	nan	nan	1	1	5.0	5.0	5.0	1.05	4.19546006687e-19	-7.30180781714e-18	-1.58368691357e-19	0.979497169231	2.29530158508e-17	3.0903467685e-20	-3.41195459066e-19	0.973112733987	399190316.244	17728385.1679	-276163.957851	16538027.4772	-19160.0237357	-4561412.75375	-255961.633425	-4531662.95937	-18839.9113305	418806734.39847606	17350688.93940351	-268518.68637652055	17350714.68237928	-18751.82701420851	-4435135.454275653	-268539.72018825315	-4435117.673808945	-18318.350740922604	419972587.544	0.04879016416943205	0.0	0.0	0.0	-0.020715931616010208	0.0	0.0	0.0	-0.027255341239403364	0.0486638814784
300	550.0	nan	nan	1	1	5.0	5.0	5.0	1.055	7.33318774085e-19	-2.38241516003e-17	-2.1795216524e-19	0.977514823495	-9.36580873391e-18	5.74539801145e-19	1.35392922663e-20	0.970483077927	406473270.81	17745206.0528	-305201.939475	16441906.883	-5781.3000954	-4708480.36992	-280764.492306	-4674584.48753	-6780.29359453	428470250.20635176	17331678.322418164	-295945.3206619069	17331688.11319347	-5646.574812414034	-4565674.567151338	-295958.5313634147	-4565649.696474058	-6574.650755715206	429599758.014	0.05354076692802976	0.0	0.0	0.0	-0.02274182253683122	0.0	0.0	0.0	-0.029961312973310898	0.0534244052543
310	600.0	nan	nan	1	1	5.0	5.0	5.0	1.06	-3.31825157087e-19	2.2814263334e-17	-3.73938576433e-19	0.975547746875	8.12665247164e-19	4.82325706457e-19	1.6426880523e-18	0.967869144243	412742460.748	17708685.6691	-336457.795133	16297806.1283	-16084.6590922	-4846789.25872	-307226.99541	-4808606.4	-15892.4996059	437133383.18478584	17260915.211907614	-325369.01991029456	17260921.29809554	-15677.952728437207	-4687051.670769265	-325382.5052694696	-4687019.06560266	-15368.724088120449	438245601.097	0.058268908123975824	0.0	0.0	0.0	-0.024756174063484352	0.0	0.0	0.0	-0.03265838241056063	0.0581633357842
320	650.0	nan	nan	1	1	5.0	5.0	5.0	1.065	-1.70941836668e-19	1.27683202307e-17	-1.80338608426e-19	0.973595864424	1.62957839765e-17	3.40963848494e-20	-3.07770744874e-19	0.965271068543	418168164.819	17627512.7495	-371935.751046	16114641.7993	-17522.4730203	-4985273.62677	-337129.684943	-4942624.93102	-17199.2844358	444962034.090988	17147157.625715617	-358706.78969878785	17147177.611590367	-17044.980261322307	-4807958.077166757	-358731.0632066445	-4807936.887147944	-16587.542573499795	446047069.767	0.06297479916138839	0.0	0.0	0.0	-0.026758985033535042	0.0	0.0	0.0	-0.03534631704362221	0.0628807269339
330	700.0	nan	nan	1	1	5.0	5.0	5.0	1.07	8.21569019277e-19	-3.37050026882e-17	1.4621906252e-19	0.9716588836	5.7052814061e-18	4.04842044118e-19	-7.75445428322e-19	0.962688971126	422869772.474	17511420.2649	-420059.371244	15902006.9714	-16723.5622512	-5126310.90641	-377952.583126	-5078967.87553	-16528.6104021	452071178.7398719	17000104.73012911	-404029.4986810599	17000125.106677998	-16235.25136342548	-4930685.915817828	-404052.2186344157	-4930667.215956081	-15897.862616129894	453126156.322	0.06765864847381486	0.0	0.0	0.0	-0.02875047891488704	0.0	0.0	0.0	-0.03802489845372116	0.0675767001148
340	750.0	nan	nan	1	1	5.0	5.0	5.0	1.075	-1.27340815708e-18	3.00334060295e-17	1.48707221802e-19	0.969736801152	-8.63448247249e-17	-1.40097925987e-19	-8.79087850352e-19	0.960122717412	426953851.455	17375031.3046	-483496.52339	15673690.9531	-5620.02970546	-5263060.14981	-431848.387796	-5210852.15283	-6671.41831534	458564375.5568854	16834118.72786352	-463800.28815071605	16834129.215806924	-5445.069171805072	-5048658.461743379	-463821.2903105581	-5048629.972301674	-6399.644231842372	459580235.765	0.07232066157962608	0.0	0.0	0.0	-0.030730583322356963	0.0	0.0	0.0	-0.040694172052395144	0.0722513895247
350	800.0	nan	nan	1	1	5.0	5.0	5.0	1.08	6.79002786343e-19	-7.17622988875e-17	-3.23222478716e-19	0.967829298551	-3.44551430073e-17	-5.4012577894e-19	1.57689079766e-18	0.957572266251	430483216.702	17220104.7923	-568444.644969	15431610.3029	-15561.6955992	-5389600.91038	-504030.768742	-5332449.02598	-15791.101353	464500194.1018555	16651005.920186546	-543833.1274105568	16651023.089625461	-15047.404686310738	-5156251.43895336	-543859.5067831334	-5156219.510370742	-15107.405989421173	465496352.204	0.0769610411361284	0.0	0.0	0.0	-0.03269955172818188	0.0	0.0	0.0	-0.04335408688396302	0.0769049843454
360	850.0	nan	nan	1	1	5.0	5.0	5.0	1.085	5.19072377989e-19	-5.49975845674e-19	-5.582476518e-20	0.96593589801	-8.02326515211e-17	7.71739659177e-19	9.95985014518e-19	0.955038011229	433543736.897	17048846.9171	-667180.433037	15177980.5816	-15839.4741422	-5511095.4615	-587293.574675	-5448883.01419	-16182.2809485	469963309.01244974	16452981.745562578	-636597.980027024	16452997.405311614	-15285.877114629438	-5258475.915663488	-636628.8063379083	-5258442.005028194	-15440.511822494656	470931231.635	0.08157998699242285	0.0	0.0	0.0	-0.03465780513912129	0.0	0.0	0.0	-0.046004136959467264	0.0815375472473
370	900.0	nan	nan	1	1	5.0	5.0	5.0	1.09	-2.80579663778e-19	-1.80647510754e-17	-1.65833169205e-19	0.964056308323	-9.81465016917e-17	4.34693338064e-19	-1.30449691322e-19	0.952519947907	436187559.183	16873150.0356	-766903.687009	14923563.11	-15767.7732639	-5628046.29032	-670199.705967	-5560657.28918	-16147.6567395	475003483.1380231	16251580.027395196	-729813.557729151	16251597.068375042	-15186.922922597707	-5355854.39968629	-729840.152545119	-5355814.815215902	-15366.699904658693	475944132.782	0.08617769624105241	0.0	0.0	0.0	-0.03660557495401065	0.0	0.0	0.0	-0.04864422951606153	0.0861492407317
380	950.0	nan	nan	1	1	5.0	5.0	5.0	1.095	8.66091188568e-20	8.20842423827e-17	3.83811804225e-20	0.962190431914	2.93452546256e-17	-6.38166533862e-19	-1.64608941898e-20	0.950017918777	438464520.588	16694734.6663	-872496.078166	14669890.7397	-15397.6177315	-5736425.54176	-756995.27871	-5663817.82263	-15939.4391301	479668971.89691144	16048468.904893659	-828110.5745350964	16048485.290247459	-14801.564344249959	-5444602.869906391	-828133.4749336141	-5444567.166014443	-15128.570117518582	480583320.673	0.09075436326846412	0.0	0.0	0.0	-0.038542893734214864	0.0	0.0	0.0	-0.05127443269490656	0.0907402295145
390	1000.0	nan	nan	1	1	5.0	5.0	5.0	1.1	-1.93758786684e-20	-1.20139182772e-17	-1.20675725204e-19	0.960337995184	6.48493586025e-17	-3.05745806734e-19	7.14558317793e-19	0.947531936608	440419071.394	16510548.8302	-986403.326403	14414294.6155	-14910.3280288	-5840263.8351	-849702.354602	-5762344.54051	-15563.1707757	484003105.58785754	15840721.843495948	-933765.3005785607	15840738.541767372	-14305.421420485101	-5528606.371722858	-933789.2138752774	-5528568.309349209	-14732.664061789386	484891904.249	0.09531017980432493	0.0	0.0	0.0	-0.04046997816861462	0.0	0.0	0.0	-0.05389463641101032	0.0953106615581
400	1050.0	nan	nan	1	1	5.0	5.0	5.0	1.105	2.97679141401e-19	2.9555229461e-17	-3.88576364553e-20	0.958498663779	2.46866958384e-17	-4.20326865185e-19	5.07442218577e-19	0.945062060818	442087019.142	16330462.8013	-1109164.91193	14165377.8582	-14620.2761778	-5945578.78336	-948645.320534	-5862192.92236	-15442.1776978	488040566.26041955	15637808.330704315	-1047230.6211783217	15637824.075056512	-14000.159051965193	-5613585.5864107	-1047254.0006088723	-5613548.766675458	-14579.907071414564	488905914.464	0.09984533496971612	0.0	0.0	0.0	-0.04238711057252702	0.0	0.0	0.0	-0.056504680821479046	0.099860682723
410	1100.0	nan	nan	1	1	5.0	5.0	5.0	1.11	1.38775760496e-18	-6.40427847134e-17	6.65979654779e-20	0.956671991507	7.88758403972e-18	9.22154181764e-19	-2.30075324298e-18	0.942608460115	443499557.203	16157780.7401	-1235416.27241	13925868.8866	-14169.0647235	-6053299.65565	-1049133.3639	-5964271.52314	-15040.5818505	491811633.99354035	15442848.055426309	-1163395.2312626657	15442866.223119246	-13542.126677673805	-5700410.54991866	-1163419.411804789	-5700370.637198473	-14163.76130950002	492655355.213	0.10436001532424286	0.0	0.0	0.0	-0.044294692876878636	0.0	0.0	0.0	-0.05910428923573362	0.104390426636
420	1150.0	nan	nan	1	1	5.0	5.0	5.0	1.115	-7.60053251483e-19	4.36388198052e-17	1.39707496738e-19	0.954857706575	4.21298306097e-18	2.86700800311e-20	-1.16833802131e-18	0.940171124348	444683486.269	15992656.0621	-1371017.08163	13695727.5886	-13895.8321966	-6164749.61628	-1156074.4952	-6069888.34579	-14749.1220726	495342322.0984472	15255934.714342667	-1287743.423901461	15255960.061581954	-13255.703616060498	-5790311.356971146	-1287775.7835710284	-5790271.482557104	-13853.281050831023	496166538.235	0.10885440491208208	0.0	0.0	0.0	-0.0461929479535489	0.0	0.0	0.0	-0.06169337310794091	0.1089000453
430	1200.0	nan	nan	1	1	5.0	5.0	5.0	1.12	7.60741465753e-19	-4.5230288834e-17	2.86932410882e-20	0.953055832042	-4.4782433398e-18	1.30613142211e-18	3.28027240022e-18	0.937749749337	445661377.621	15838981.306	-1511403.31346	13478089.6191	-13436.8513647	-6279216.6608	-1265493.58009	-6178319.83692	-14347.0900045	498654449.27547926	15080726.60604962	-1415937.2397620925	15080753.445979495	-12793.59309556123	-5882597.072125979	-1415971.9372812398	-5882547.024032935	-13440.872359267665	499461166.449	0.11332868530700327	0.0	0.0	0.0	-0.04808179148051835	0.0	0.0	0.0	-0.06427215732276186	0.113389720547
440	1250.0	nan	nan	1	1	5.0	5.0	5.0	1.125	-8.50421079043e-19	-2.76077154268e-17	7.21195615028e-19	0.951266239062	3.3157382653e-17	-2.67788142785e-19	1.37224631411e-18	0.935344180601	446453399.367	15701695.3175	-1651937.07961	13276914.1875	-13119.4253044	-6391713.10412	-1373473.12791	-6284666.13172	-14091.5980262	501767585.1267857	14921846.731837703	-1543614.6631849348	14921882.50608683	-12467.829087465874	-5972589.508506123	-1543642.1709523525	-5972528.627133525	-13167.570126875276	502559172.181	0.11778303565638346	0.0	0.0	0.0	-0.04996129866470058	0.0	0.0	0.0	-0.0668407098337765	0.117859618584
450	1300.0	nan	nan	1	1	5.0	5.0	5.0	1.13	1.96575171234e-18	-7.26633566549e-17	3.34419195488e-19	0.94948863215	-3.53224518057e-17	4.56008128088e-20	1.13754539583e-18	0.932954432092	447077471.249	15574840.1183	-1798750.20803	13086877.0938	-12777.9212095	-6499361.75611	-1485111.73352	-6386125.29627	-13771.6994641	504699162.6004771	14773545.071833383	-1676496.4734595225	14773582.510977395	-12120.522167741214	-6057626.576060069	-1676520.7295767162	-6057571.646463747	-12835.693072911094	505477131.424	0.12221763272424911	0.0	0.0	0.0	-0.051831721260656216	0.0	0.0	0.0	-0.0693989195290157	0.122309886195
460	1350.0	nan	nan	1	1	5.0	5.0	5.0	1.135	-6.68467814061e-19	2.47363266751e-17	1.4288387029e-19	0.947722959836	-1.03954156625e-16	-1.0353323419e-18	-7.20656293268e-19	0.930580274512	447549150.051	15457544.1123	-1955472.3334	12907049.7285	-12441.0358669	-6600272.32679	-1603298.17426	-6480835.14621	-13473.5452527	507464296.3490763	14634934.74959152	-1817918.512205183	14634966.701801144	-11778.95704560969	-6135989.266391078	-1817937.939879664	-6135942.346247015	-12525.775446451824	508230022.891	0.126632650933366	0.0	0.0	0.0	-0.053693055896425944	0.0	0.0	0.0	-0.07194693632320985	0.126740695183
470	1400.0	nan	nan	1	1	5.0	5.0	5.0	1.14	2.910616965e-19	5.67270140875e-17	3.00167300683e-20	0.945969097701	6.70093058529e-17	2.80182617084e-20	-1.33217106779e-18	0.9282215511	447881277.612	15349916.3995	-2123010.20042	12737341.2462	-12060.9059644	-6695269.70839	-1728639.47862	-6569612.39324	-13188.2890951	510075320.96833205	14506061.544222021	-1968658.0185517406	14506083.976269713	-11397.863001023685	-6208494.1443903465	-1968683.1778207878	-6208450.861734165	-12229.442455298004	510830133.931	0.131028262406404	0.0	0.0	0.0	-0.05554537674182592	0.0	0.0	0.0	-0.07448483428041046	0.131152209103
480	1450.0	nan	nan	1	1	5.0	5.0	5.0	1.145	1.8714663574e-18	-8.2010709335e-17	-3.82991241057e-19	0.944226725444	1.44342355146e-18	3.98304008557e-20	-2.69116594849e-19	0.925878302476	448086748.374	15255195.3169	-2297762.1042	12580250.8594	-11694.1083087	-6786203.7993	-1858051.48632	-6654284.66403	-12879.0644358	512544886.5215279	14389919.983673304	-2125314.901844191	14389944.073422335	-11030.817983443421	-6276898.7421461	-2125335.756218715	-6276853.352241074	-11912.489773064335	513290345.984	0.13540463700620298	0.0	0.0	0.0	-0.05738896641562168	0.0	0.0	0.0	-0.07701247578478719	0.135544568682
490	1500.0	nan	nan	1	1	5.0	5.0	5.0	1.15	-2.33463456087e-19	1.32682417231e-17	9.86793383551e-20	0.942495644146	-4.05451246096e-17	2.39491948391e-19	-8.97292441273e-20	0.923550391136	448169625.399	15172266.3415	-2485643.35713	12434653.8378	-23193.1628901	-6878479.09547	-1996200.34841	-6740145.37807	-25795.2802335	514875789.2162748	14285387.355352659	-2293303.9740024284	14285444.272731697	-21837.43077160539	-6346221.552454587	-2293317.466364142	-6346157.218038964	-23799.2383341332	515625247.207	0.13976194237515863	0.0	0.0	0.0	-0.05922398126640684	0.0	0.0	0.0	-0.07952991544328243	0.139917950302
500	1550.0	nan	nan	1	1	5.0	5.0	5.0	1.155	-1.88306012086e-18	4.78480441574e-17	3.22401915549e-20	0.940775978741	4.87498695485e-17	1.10859407439e-18	-2.22328943298e-18	0.921237608643	448163402.892	15100700.0783	-2680496.65569	12299896.4718	-10833.2312878	-6973912.8012	-2138012.7	-6829050.48093	-13983.1246656	517104729.53960055	14191994.637789352	-2466874.556447032	14191999.162296528	-10181.3266636114	-6418127.033153124	-2466904.8651706995	-6418102.955757937	-12868.739971740832	517837129.136	0.14410034397375687	0.0	0.0	0.0	-0.061050234964549616	0.0	0.0	0.0	-0.08203728616009551	0.144272461466
510	1600.0	nan	nan	1	1	5.0	5.0	5.0	1.16	-4.87043944671e-21	-6.06472413861e-17	1.21337469694e-19	0.939067535121	-5.84904572743e-17	4.54658169329e-19	-4.41635037765e-19	0.918939797203	448065323.551	15041347.3709	-2875992.77568	12176589.8807	10523.4217607	-7067473.98742	-2278305.43191	-6915965.43303	10783.5663092	519227214.92782736	14110476.885955147	-2640176.5839408515	14110480.143760983	9872.154126484751	-6487978.511971588	-2640146.6973395958	-6487954.036327494	9899.37092390357	519933788.282	0.14842000511827322	0.0	0.0	0.0	-0.06286787997358322	0.0	0.0	0.0	-0.08453466780055148	0.148608284288
520	1650.0	nan	nan	1	1	5.0	5.0	5.0	1.165	1.61042139097e-19	1.89709439801e-17	-4.33469110757e-19	0.937370065845	7.78212843779e-17	-8.27326196341e-19	1.78419549405e-19	0.916656619124	447844499.528	14994255.9034	-3072878.42103	12064539.6969	-23329.3732278	-7160096.76128	-2417864.99733	-7001785.52498	-27215.8856175	521206094.33540815	14040814.910565956	-2813898.135668225	14040836.99141781	-21845.926438856142	-6556648.251972343	-2813936.473969959	-6556562.408504162	-24922.147676110493	521942837.027	0.15272108701766393	0.0	0.0	0.0	-0.06467712717494437	0.0	0.0	0.0	-0.08702233800533835	0.15292569134
530	1700.0	nan	nan	1	1	5.0	5.0	5.0	1.17	4.24151748338e-19	-2.22654256889e-17	1.16392914865e-18	0.935683590773	-2.31528515198e-17	-5.72541332785e-20	6.2106705624e-19	0.91438830444	447570476.592	14954169.1032	-3260983.19538	11959301.7229	-6430.7332118	-7245804.23642	-2548601.23261	-7080874.51279	-10264.4373861	523120519.1216865	13978023.397481935	-2978747.465212934	13978035.757080033	-6010.961804508869	-6618685.135588414	-2978805.9525035787	-6618664.596566077	-9376.05777576519	523839023.647	0.1570037488096647	0.0	0.0	0.0	-0.0664779037002537	0.0	0.0	0.0	-0.08949995700328181	0.157224638249
540	1750.0	nan	nan	1	1	5.0	5.0	5.0	1.175	-2.23087302483e-19	-9.84088701472e-17	4.39980676539e-19	0.934007841409	-1.13309661997e-16	2.01580606557e-19	7.31962197881e-19	0.912134625295	447223073.596	14914296.8398	-3439723.82553	11855388.3134	11999.6398279	-7320493.48883	-2670204.53327	-7149043.79898	12211.0277081	524946128.96427834	13915729.361725183	-3134261.19415634	13915740.421098294	11196.219444797282	-6670401.412409531	-3134260.31893246	-6670388.806815475	11126.634644968488	525643050.425	0.16126814759612232	0.0	0.0	0.0	-0.0682704452756884	0.0	0.0	0.0	-0.09196768434685076	0.161505356868
550	1800.0	nan	nan	1	1	5.0	5.0	5.0	1.18	3.09336432337e-18	1.41396798072e-17	-9.00157794915e-19	0.932342665803	-5.23360482285e-19	5.88105563191e-19	3.25081980733e-18	0.909895208416	446774646.813	14879959.3757	-3620893.24691	11756981.4565	-21443.3863636	-7387754.66115	-2792110.49682	-7209779.36468	-26524.6790707	526649387.3813217	13858887.207577474	-3291229.406983551	13858904.31717111	-19971.927708818563	-6715137.325052722	-3291286.31881988	-6715039.771532922	-24109.742490416746	527377260.285	0.16551443847757333	0.0	0.0	0.0	-0.07005486469895682	0.0	0.0	0.0	-0.09442584168896838	0.165768104673
560	1850.0	nan	nan	1	1	5.0	5.0	5.0	1.185	1.03814475598e-18	7.7225581988e-18	-7.09231274648e-19	0.930687940912	3.8810837885e-17	1.14356065324e-18	3.86239744759e-18	0.907670412367	446292227.705	14851577.1692	-3807049.08119	11664298.4476	-6490.16020427	-7457376.50951	-2916077.76969	-7272936.30099	-8139.52484907	528307842.9303394	13807849.571090069	-3451962.258612322	13807859.446345951	-6034.049769386681	-6761820.431021092	-3451968.5996870412	-6761814.535930504	-7380.34419384063	529019044.212	0.16974277458709455	0.0	0.0	0.0	-0.07183124488311789	0.0	0.0	0.0	-0.09687394824941638	0.17001282355
570	1900.0	nan	nan	1	1	5.0	5.0	5.0	1.19	-6.33792402783e-19	1.07247129556e-16	3.26928247861e-19	0.929043251243	-1.88114370882e-17	-1.43141950641e-19	-3.29287366968e-19	0.905460144204	445747807.976	14825996.1764	-3992484.27664	11574803.415	9339.2318432	-7527117.43569	-3037903.7905	-7335983.75247	8225.93201634	529887829.3780996	13759656.232307395	-3611272.9944599965	13759680.580151718	8667.520084809288	-6808411.514775592	-3611343.04331614	-6808352.933508558	7440.501724373128	530583404.01	0.17395330712343798	0.0	0.0	0.0	-0.07359998447808051	0.0	0.0	0.0	-0.09931201786314874	0.174239731841
580	1950.0	nan	nan	1	1	5.0	5.0	5.0	1.195	-8.63444210607e-19	-1.09779175733e-17	-3.35425047113e-19	0.927408426887	-6.3759875709e-17	-4.26454619163e-19	-1.0192684944e-18	0.903264274852	445142442.173	14805477.712	-4172281.85687	11490155.5137	13398.9292209	-7589482.53973	-3153744.43905	-7391838.00501	13482.5026052	531389700.55177045	13716385.605904734	-3764737.4677524837	13716396.639045665	12413.302932544793	-6848149.348090667	-3764788.8727543135	-6848093.8194193905	12165.545008252417	532080427.986	0.17814618538347404	0.0	0.0	0.0	-0.07536122049392187	0.0	0.0	0.0	-0.10174010520215696	0.178448988074
590	2000.0	nan	nan	1	1	5.0	5.0	5.0	1.2	6.69367786568e-19	3.57490255389e-17	-1.23931508095e-19	0.925783316408	-2.45678332931e-17	4.08746336609e-19	-5.9595054412e-19	0.901082640374	444470621.925	14786776.6979	-4350244.42106	11407836.7799	-5948.52150282	-7650243.28286	-3266620.9726	-7446031.53015	-9823.94261725	532805976.5938738	13675009.774688605	-3915823.087288182	13675062.684713865	-5501.272613899605	-6886279.567504178	-3915838.509033924	-6886190.008665093	-8842.910325357843	533515822.773	0.1823215567939546	0.0	0.0	0.0	-0.07711507127752122	0.0	0.0	0.0	-0.10415830485402709	0.182640759475
600	2050.0	nan	nan	1	1	5.0	5.0	5.0	1.205	-9.47829867978e-19	1.03711243457e-17	-2.88705886116e-19	0.924168068077	1.02668863537e-16	-1.77051723544e-18	-2.08601715596e-19	0.898915056896	443761469.282	14765406.8658	-4519481.64539	11324287.8114	-7677.98219778	-7714035.24795	-3371464.07056	-7503135.88622	-14373.112085	534170594.8395272	13631376.610236809	-4058360.491075761	13631425.833650922	-7088.288720784533	-6926974.8907995755	-4058344.6123995855	-6926871.162605531	-12906.628413695864	534882891.833	0.18647956694261839	0.0	0.0	0.0	-0.07886133202254589	0.0	0.0	0.0	-0.10656673518596593	0.186815129782
610	2100.0	nan	nan	1	1	5.0	5.0	5.0	1.21	-2.89049993251e-18	-1.23038947127e-17	8.2469245327e-19	0.922562693196	7.61126601046e-18	-4.21398891259e-19	-5.89296703273e-19	0.896761201294	443009199.138	14745597.2241	-4679675.0228	11242789.8623	-9202.86364886	-7780702.09534	-3468202.43264	-7562978.66901	-13676.6110502	535476043.5628742	13589397.009231469	-4192127.0471548517	13589434.814869052	-8481.268397985623	-6970076.242647514	-4192101.023000863	-6969966.569922966	-12251.724920559865	536188564.872	0.1906203596086497	0.0	0.0	0.0	-0.08059994527257297	0.0	0.0	0.0	-0.10896567165918694	0.190972283239
620	2150.0	nan	nan	1	1	5.0	5.0	5.0	1.215	-1.37251101191e-18	5.66596220286e-17	3.83877978674e-19	0.920967181233	-2.0583655007e-17	4.29260415801e-19	3.59400049987e-19	0.894620842477	442218120.503	14730108.7105	-4830657.28274	11165354.7619	-11515.2854924	-7845225.02506	-3556866.52558	-7620683.25375	-14189.1571985	536726907.5024091	13551602.744039237	-4317037.236984884	13551562.124377554	-10593.986612329873	-7011080.808137839	-4317023.392216332	-7010978.270605504	-12680.49385457792	537440764.581	0.19474407679251185	0.0	0.0	0.0	-0.08233087720212191	0.0	0.0	0.0	-0.11135529015843006	0.195112371683
630	2200.0	nan	nan	1	1	5.0	5.0	5.0	1.22	3.83811804225e-19	2.12351159877e-17	5.72025172082e-19	0.919381407723	1.68875605672e-17	2.64158474258e-19	-7.59793516771e-19	0.89249392026	441395562.042	14716449.4999	-4977205.54377	11090257.638	944.282642484	-7907790.42064	-3641095.39215	-7676428.54423	-1674.15744172	537931503.3589283	13515681.452478824	-4437414.810601082	13515765.623578055	867.2352252493745	-7050170.225660029	-4437425.489987469	-7050081.128415753	-1492.590764402961	538634243.217	0.19885085874516517	0.0	0.0	0.0	-0.08405421799960128	0.0	0.0	0.0	-0.11373557738515816	0.199235508658
640	2250.0	nan	nan	1	1	5.0	5.0	5.0	1.225	-2.49144153523e-18	-4.48868169738e-17	-3.14633035236e-19	0.9178051938	3.4384799568e-17	8.55920175756e-19	-4.67246369327e-18	0.890380193301	440520582.569	14701586.5153	-5122803.83844	11014841.187	-17962.9271235	-7969844.81989	-3723488.35291	-7731577.0028	-20459.2292557	539063843.4276472	13478843.3130312	-4556392.481422473	13478831.319032246	-16468.935504959558	-7088645.624679809	-4556422.609750252	-7088535.300249534	-18197.12042395079	539783826.055	0.20294084399669038	0.0	0.0	0.0	-0.08577011807032031	0.0	0.0	0.0	-0.11610672398856979	0.203341901412
650	2300.0	nan	nan	1	1	5.0	5.0	5.0	1.23	2.57455664318e-18	3.51931601672e-18	2.72135804085e-19	0.916238666785	-7.21406843869e-17	-9.17210950423e-20	1.38460191092e-18	0.888279561572	439629193.125	14685161.1055	-5272276.82121	10939140.1969	-8870.17241223	-8030302.50929	-3807540.046	-7785165.28543	-11371.4996151	540167235.8550755	13440763.3439143	-4678261.325429035	13440793.32127182	-8118.527767995711	-7125546.501954205	-4678279.819034996	-7125462.461254961	-10090.298492567446	540879301.919	0.20701416938432612	0.0	0.0	0.0	-0.0874783949873785	0.0	0.0	0.0	-0.11846876394579516	0.207431602289
660	2350.0	nan	nan	1	1	5.0	5.0	5.0	1.235	9.62229428081e-19	7.50010617102e-18	-6.68282525604e-19	0.914681642231	-1.50221822591e-17	6.00996345857e-19	-9.8521140063e-19	0.886191943796	438718862.448	14669612.1734	-5424290.17426	10864807.7738	15295.5264362	-8090676.71479	-3892298.98864	-7838621.47877	17111.2642869	541238331.5278352	13403674.636902565	-4801821.300589583	13403687.27036248	13975.574631940071	-7162224.463878875	-4801848.269445425	-7162175.159189483	15147.647100952438	541927309.963	0.2110709700799406	0.0	0.0	0.0	-0.08917920623697125	0.0	0.0	0.0	-0.12082171098702374	0.21150475079
670	2400.0	nan	nan	1	1	5.0	5.0	5.0	1.24	3.46881167724e-18	5.45684565005e-17	-6.31489531958e-19	0.913133859972	-3.30277998469e-17	3.70566988256e-19	1.4050270682e-18	0.884117137944	437759512.079	14653596.8041	-5579894.46373	10790897.9057	7483.37207562	-8151954.61226	-3978407.40261	-7892917.12289	10571.9214779	542239730.1258526	13366347.365442107	-4927990.393700681	13366365.337017402	6825.993096766774	-7199554.4503984945	-4927935.308765224	-7199561.541209832	9336.794418728628	542935995.028	0.2151113796169455	0.0	0.0	0.0	-0.09087279361172014	0.0	0.0	0.0	-0.12316571613660823	0.21556156152
680	2450.0	nan	nan	1	1	5.0	5.0	5.0	1.245	2.8059025169e-18	5.90573076045e-17	4.60375641723e-19	0.911595225591	-8.37663174671e-17	-3.44504181516e-20	-2.53732689817e-18	0.882055116221	436773154.686	14637160.6199	-5735269.11198	10717362.0007	-11438.3618616	-8210686.38857	-4063326.90913	-7944459.00161	-15729.1399751	543198012.5139378	13328821.863605967	-5053385.239074171	13328771.870967837	-10415.946891874866	-7234492.50393458	-5053403.757885685	-7234345.621050105	-13859.053903411477	543915304.446	0.219135529916671	0.0	0.0	0.0	-0.09255921901901416	0.0	0.0	0.0	-0.12550073488128238	0.219602122533
690	2500.0	nan	nan	1	1	5.0	5.0	5.0	1.25	-1.55176435937e-18	-3.24918132798e-17	-2.1927565422e-19	0.910065627493	1.98823514313e-17	1.16777388413e-18	-5.46834213708e-19	0.880005958403	435779481.45	14621836.2003	-5887302.93789	10645481.7106	-4330.49061733	-8266512.40085	-4144731.86977	-7993353.52226	-7186.79363153	544137244.9120834	13292488.361633487	-5175277.703088755	13292509.939875364	-3936.782996505147	-7266739.585471123	-5175330.818724476	-7266635.818481067	-6317.604721609184	544848381.019	0.22314355131420976	0.0	0.0	0.0	-0.09423856394745263	0.0	0.0	0.0	-0.12782660062030768	0.223626479671
700	2550.0	nan	nan	1	1	5.0	5.0	5.0	1.255	-7.4295377386e-19	1.55271727144e-17	2.11096492324e-19	0.908544881651	-3.94884113032e-18	-8.60393568508e-19	1.35666223137e-18	0.877969544621	434768893.688	14607682.2323	-6038397.39314	10575109.4671	11852.1570887	-8318939.37803	-4224313.12739	-8039059.18844	10090.083012	545045334.9723189	13257393.160625145	-5295800.046402781	13257420.587225301	10756.58025877296	-7295882.777480487	-5295784.029108879	-7295953.362609839	8849.212564887343	545742462.376	0.22713557258374711	0.0	0.0	0.0	-0.09591099043879367	0.0	0.0	0.0	-0.13014337316845373	0.227634786927
