inc	time	elem	node	ip	grain	1_pos	2_pos	3_pos	1_f	2_f	3_f	4_f	5_f	6_f	7_f	8_f	9_f	1_p	2_p	3_p	4_p	5_p	6_p	7_p	8_p	9_p	1_Cauchy	2_Cauchy	3_Cauchy	4_Cauchy	5_Cauchy	6_Cauchy	7_Cauchy	8_Cauchy	9_Cauchy	Mises(Cauchy)	1_ln(V)	2_ln(V)	3_ln(V)	4_ln(V)	5_ln(V)	6_ln(V)	7_ln(V)	8_ln(V)	9_ln(V)	Mises(ln(V))
0	0.0	nan	nan	1	1	5.0	5.0	5.0	1.0	0.0	0.0	0.0	1.0	0.0	0.0	0.0	1.0	1.99114226168e-07	2.45017578287e-07	7.15115344545e-07	2.45017578287e-07	3.25457066923e-06	3.54124564484e-07	7.15115344545e-07	3.54124564484e-07	-9.23036774024e-08	1.99114226168e-07	2.45017578287e-07	7.15115344545e-07	2.45017578287e-07	3.25457066923e-06	3.54124564484e-07	7.15115344545e-07	3.54124564484e-07	-9.23036774024e-08	3.5215957337e-06	0.0	0.0	0.0	0.0	0.0	0.0	0.0	0.0	0.0	0.0
10	2.5	nan	nan	1	1	5.0	5.0	5.0	1.00025	6.40547986846e-22	-9.09019665161e-20	-1.01174528673e-22	0.999930517075	4.71168135362e-21	2.13375762652e-21	-9.82603326008e-22	0.999925308194	57089727.6861	2313520.27463	-520801.93498	2312781.32932	5.07794998323	-253355.704957	-520632.877111	-253354.385241	4.15488464491	57097959.47272034	2313114.8098428524	-520707.94734949304	2313114.8100208915	5.07706002780939	-253309.98258005598	-520707.9473368641	-253309.9826554635	4.15413482480263	57247129.6868	0.0002499687552074404	0.0	0.0	0.0	-6.948533905023254e-05	0.0	0.0	0.0	-7.469459557179713e-05	0.000214726878735
20	5.0	nan	nan	1	1	5.0	5.0	5.0	1.0005	-1.08717381884e-21	-5.432079573e-20	7.57749139887e-22	0.999861006904	-5.61273242605e-20	-2.93845572852e-21	2.16629232022e-21	0.999850584453	114222360.033	4628699.97133	-1041853.99888	4625743.75073	-452.35922911	-507145.461763	-1041177.7357	-507140.174704	-579.052997366	114255309.8790544	4627078.1353516355	-1041478.0904781048	4627078.143964648	-452.20072834791546	-506962.48003977904	-1041478.0853521754	-506962.47941450105	-578.8440708877348	114554128.067	0.0004998750416509929	0.0	0.0	0.0	-0.000139002756435496	0.0	0.0	0.0	-0.00014942671061485518	0.00042943535672
30	7.5	nan	nan	1	1	5.0	5.0	5.0	1.00075	7.13257162689e-21	3.22556494926e-19	1.19000270873e-21	0.999788962235	1.37037993858e-19	2.7726060157e-22	2.60192892853e-21	0.999770640969	166886292.902	6765861.39503	-1482887.63006	6759364.32833	-1006.03254843	-1004613.19739	-1481436.5184	-1004594.77465	-1376.86902186	166959813.38745105	6762341.806092489	-1482089.0746024577	6762342.11481035	-1005.5092121064345	-1004072.1993162197	-1482089.1539766176	-1004072.1862537706	-1376.1275588863805	167400056.688	0.0007497188905459742	0.0	0.0	0.0	-0.0002110600366028154	0.0	0.0	0.0	-0.0002293853378052834	0.000646714268608
40	10.0	nan	nan	1	1	5.0	5.0	5.0	1.001	-9.57213404846e-21	2.42608351349e-19	-1.45542428779e-21	0.999694381602	-3.92464113432e-19	4.52370052045e-22	-5.2800101722e-21	0.999658268168	189402809.365	7869513.47283	-1250075.25592	7859248.93756	1717.73598322	-1831306.45007	-1248399.69979	-1831240.35032	2545.68079599	189525478.93342552	7864339.316090949	-1249208.2105025717	7864339.097935929	1716.6065823689603	-1830036.2658487537	-1249208.2445677107	-1830036.3210452367	2543.9151255970014	190050971.711	0.0009995003330834232	0.0	0.0	0.0	-0.00030566510881954956	0.0	0.0	0.0	-0.00034179023562783584	0.000882398529922
50	12.5	nan	nan	1	1	5.0	5.0	5.0	1.00125	2.20902718485e-20	-2.81940375886e-19	-5.74642371541e-21	0.999590771873	-1.63486044217e-20	4.39602551602e-21	-5.10189492186e-21	0.999532445781	199950954.325	8548238.60137	-862821.572258	8534072.77061	-218.957957263	-2085450.9332	-861341.576706	-2085329.11532	-221.184606658	200126383.31340882	8541560.285614548	-862097.1861850842	8541560.225512177	-218.7868962475136	-2083700.0826645806	-862097.283434113	-2083699.950887937	-220.99891003918793	200710705.041	0.0012492194004318981	0.0	0.0	0.0	-0.0004093118836808642	0.0	0.0	0.0	-0.00046766355655602576	0.00112564233772
60	15.0	nan	nan	1	1	5.0	5.0	5.0	1.0015	1.5484821067e-20	-9.27324887773e-19	-3.14411350831e-21	0.999484708801	2.17588412566e-19	-5.44132331634e-21	-7.72793487278e-21	0.999403347612	207413207.464	9079598.27013	-618364.518754	9061327.41193	5281.52578402	-2239269.94956	-617070.106704	-2239087.62384	4902.27944544	207644032.07374275	9071411.750706755	-617756.6857954954	9071411.520792611	5276.76375467367	-2237068.817319952	-617756.8275175171	-2237068.7752326536	4897.460658254827	208271364.553	0.0014988761237359487	0.0	0.0	0.0	-0.0005154240071352637	0.0	0.0	0.0	-0.0005968304558693185	0.00137080820402
70	17.5	nan	nan	1	1	5.0	5.0	5.0	1.00175	-1.09328461561e-20	1.47891290846e-18	-1.69737461696e-21	0.999377394457	6.30059957064e-19	-1.08314745258e-20	-1.09156821584e-21	0.999272704664	213384075.26	9472838.20168	-463873.078539	9450401.56316	-1489.9226755	-2354892.95996	-462726.101025	-2354646.29237	-1452.14245504	213672415.08620426	9463172.215730518	-463351.20380898024	9463171.621754868	-1488.4023738395504	-2352243.6164551447	-463351.36963226204	-2352243.6356906095	-1450.5087399426266	214341846.211	0.001748470534116803	0.0	0.0	0.0	-0.0006227994423173228	0.0	0.0	0.0	-0.0007275599435592474	0.00161689847068
80	20.0	nan	nan	1	1	5.0	5.0	5.0	1.002	-1.3507859403e-21	1.1108845375e-18	1.64112633531e-21	0.999269294769	-2.35867449742e-19	1.00052406473e-20	1.27054942088e-21	0.999141334634	218512077.042	9750895.65694	-370057.275413	9724321.69444	-3959.0053495	-2450335.63723	-369001.701165	-2450021.82127	-3848.65367572	218859789.0360832	9739796.016868876	-369588.69853206247	9739795.72833896	-3954.4987343166217	-2447232.9536552425	-369588.8829769577	-2447232.9122980186	-3843.7804027025595	219554734.651	0.001998002662673058	0.0	0.0	0.0	-0.0007309723261867378	0.0	0.0	0.0	-0.0008590342302742514	0.00186347132159
90	22.5	nan	nan	1	1	5.0	5.0	5.0	1.00225	1.51870360465e-21	-2.47167770885e-19	3.84721702898e-21	0.999160605089	-1.34650300588e-18	-1.21667379049e-20	3.5280080306e-20	0.999009668374	223115871.479	9954812.64688	-314116.888408	9924127.05379	920.986141691	-2526818.83013	-313101.217559	-2526437.05347	557.522486508	223524674.6965254	9942310.786333794	-313675.00926235697	9942310.498310672	919.8295111529068	-2523264.2662493014	-313674.89608890814	-2523264.1998120104	556.7382002467183	224229557.675	0.00224747254047937	0.0	0.0	0.0	-0.0008397474001736803	0.0	0.0	0.0	-0.000990822328363788	0.00211030825834
100	25.0	nan	nan	1	1	5.0	5.0	5.0	1.0025	2.63332948006e-21	2.36092608305e-18	6.65053212493e-22	0.999051437459	-1.18723454881e-18	-6.77325212362e-22	3.54274218526e-20	0.998877861247	227364907.944	10118882.8812	-280115.524042	10084074.1	252.408340409	-2587366.4737	-279103.278331	-2586916.89291	0.217996624059	227836446.6555158	10104987.957887892	-279682.27772005677	10104987.755281907	252.06174142426377	-2583364.6711862567	-279682.1187573179	-2583364.622144166	0.21765945518584232	228551913.731	0.002496880198587146	0.0	0.0	0.0	-0.0009490127111459199	0.0	0.0	0.0	-0.0011227688220848216	0.00235731618415
110	27.5	nan	nan	1	1	5.0	5.0	5.0	1.00275	8.38761141129e-21	4.56709577248e-19	-2.13164443855e-21	0.998941938303	4.06717262567e-19	4.48563244081e-21	-2.81914526491e-20	0.998745989973	231363288.659	10259983.3181	-259834.304547	10221019.3826	180.247811526	-2633901.0259	-258796.49141	-2633384.26774	-84.532659201	231899148.4344922	10244692.689665023	-259396.17697670913	10244692.25301694	179.9791851328741	-2629459.7930193916	-259395.88913895225	-2629459.6901733396	-84.39012186879305	232622006.877	0.0027462256680252286	0.0	0.0	0.0	-0.0010586218394220822	0.0	0.0	0.0	-0.001254796955519747	0.00260442065493
120	30.0	nan	nan	1	1	5.0	5.0	5.0	1.003	-5.45360177856e-21	5.96491520241e-19	-1.04745880968e-20	0.998832179572	1.02916757159e-18	-2.75257370459e-20	-1.91540908667e-20	0.998614094521	235168995.968	10388645.9436	-250017.494039	10345476.9382	144.907908846	-2669784.40442	-248923.91024	-2669201.39594	-16.5540988208	235770708.14125818	10371947.763161086	-249561.12756685523	10371947.26174862	144.6749912528793	-2664911.145071827	-249560.81625046243	-2664911.0575475683	-16.523881992543892	236499514.977	0.002995508979798371	0.0	0.0	0.0	-0.001168502861633957	0.0	0.0	0.0	-0.001386866734240251	0.00285158413266
130	32.5	nan	nan	1	1	5.0	5.0	5.0	1.00325	7.00390368261e-20	-1.94872833533e-18	-1.11048997235e-20	0.998722241725	-4.35202881321e-19	3.25220921227e-21	4.14929304893e-21	0.998482171384	238821626.098	10511254.4989	-246420.722364	10463815.8706	131.315790195	-2698157.45561	-245249.365592	-2697508.70958	-16.8537626063	239490678.62713596	10493130.360774467	-245936.6970532247	10493129.976642327	131.0893676000761	-2692857.6720185736	-245936.4252649418	-2692857.5025854046	-16.820658054032698	240224917.578	0.0032447301648890294	0.0	0.0	0.0	-0.0012785753041559852	0.0	0.0	0.0	-0.001518981684775135	0.00309878249141
140	35.0	nan	nan	1	1	5.0	5.0	5.0	1.0035	1.12910153613e-21	-3.55937471943e-19	-4.12680407603e-21	0.998612159298	1.28839791055e-19	7.01712823265e-21	-7.85821581925e-24	0.998350238591	242348014.714	10629696.0756	-245704.94598	10577920.7306	122.262911998	-2719843.14722	-244443.836113	-2719129.70984	-15.2458248328	243085856.25326636	10610126.075497642	-245188.26030410378	10610125.778053408	122.03781758482933	-2714123.669375352	-245188.05849301265	-2714123.605401883	-15.213764837927242	243825166.077	0.003493889254255838	0.0	0.0	0.0	-0.0013888046448762136	0.0	0.0	0.0	-0.0016511237639329703	0.0033459982729
150	37.5	nan	nan	1	1	5.0	5.0	5.0	1.00375	-4.24674526485e-20	-1.71851735342e-18	-2.33066409393e-20	0.998501949788	1.46615695623e-18	-4.44765709588e-20	-2.00379333512e-20	0.998218315411	245766889.333	10744489.2177	-245757.806322	10688311.9251	87.9279902725	-2735627.09717	-244403.176669	-2734849.99829	15.311612052	246574931.59565338	10723453.72526932	-245206.98998931493	10723453.386894722	87.75584541420176	-2729495.743265894	-245206.7352623128	-2729495.7264142083	15.27729417569656	247318983.652	0.003742986278834297	0.0	0.0	0.0	-0.0014991734110983057	0.0	0.0	0.0	-0.0017832736767701659	0.00359321893054
160	40.0	nan	nan	1	1	5.0	5.0	5.0	1.004	4.93603486929e-20	-3.03632112115e-18	2.32065520852e-20	0.998391651596	9.34596632538e-19	1.40185400337e-20	-1.30959234579e-20	0.998086391528	249092282.067	10855171.0126	-247150.462741	10794533.7607	79.4927872404	-2747682.82351	-245694.653517	-2746842.85432	13.3893044771	249971902.9786952	10832652.775448037	-246562.35771734983	10832652.55566675	79.32788542237272	-2741144.595525386	-246562.27636477308	-2741144.735078861	13.357444058394622	250720346.607	0.003992021269537457	0.0	0.0	0.0	-0.0016096431847861135	0.0	0.0	0.0	-0.0019154417598619155	0.00384043622728
170	42.5	nan	nan	1	1	5.0	5.0	5.0	1.00425	-2.94807170314e-20	6.50822397234e-19	6.94583560361e-21	0.998281281832	-2.1822439038e-18	-1.79287261868e-20	2.90108784435e-20	0.997954471174	252335244.319	10963014.7388	-250190.969198	10897856.2903	72.2789371027	-2758743.58903	-248622.480354	-2757840.6226	20.198682836	253287791.64658523	10938995.137473905	-249561.08269535808	10938994.910922531	72.1205763511387	-2751798.113113942	-249561.01226569532	-2751798.2853548154	20.147830170412814	254040490.641	0.004240994257254614	0.0	0.0	0.0	-0.0017201968586147477	0.0	0.0	0.0	-0.0020476237774319393	0.0040876432953
180	45.0	nan	nan	1	1	5.0	5.0	5.0	1.0045	-3.2869676001e-20	-1.83846102378e-18	2.06133408648e-21	0.998170854907	-2.86533833904e-18	3.12226560039e-20	3.42014367872e-20	0.997822556419	255503860.008	11068550.3653	-253662.761553	10998809.5311	60.9383672152	-2769478.26236	-251976.500508	-2768511.98402	21.4527000089	256530651.08343378	11043010.555146078	-252989.1466416272	11043010.34852239	60.7977567216563	-2762123.7660089117	-252989.1162153813	-2762123.860178381	21.39573122669974	257287539.718	0.004489905272852001	0.0	0.0	0.0	-0.001830820021655862	0.0	0.0	0.0	-0.002179817658180169	0.00433483490845
190	47.5	nan	nan	1	1	5.0	5.0	5.0	1.00475	-3.57350296429e-20	-2.5925478215e-18	1.55890458242e-20	0.998060382164	-1.97184927423e-18	2.83257661011e-21	2.17991042729e-20	0.997690648802	258604704.628	11171813.3034	-257206.975389	11097431.2566	55.2492291547	-2780310.48679	-255399.775831	-2779280.57964	20.8977833473	259707028.45483106	11144735.170119144	-256488.50773758392	11144734.970228748	55.1153166062154	-2772544.122201207	-256488.43838518983	-2772544.186190113	20.839408642264704	260468029.947	0.00473875434717347	0.0	0.0	0.0	-0.0019415013305749901	0.0	0.0	0.0	-0.0023120218619374308	0.00458200699682
200	50.0	nan	nan	1	1	5.0	5.0	5.0	1.005	2.51777234849e-20	-1.43579694621e-18	-2.47823311521e-21	0.997949870567	2.25927096244e-18	7.00100855047e-20	-2.38794635135e-20	0.997558751987	261642900.897	11273317.9125	-260985.499131	11194234.8892	57.73005181	-2790870.8609	-259053.076493	-2789777.08687	14.475982187	262822018.39152303	11244682.813306142	-260220.54961978723	11244682.725355323	57.58341301448761	-2782690.8075713217	-260220.52270864625	-2782690.837353104	14.433553027007859	263587094.419	0.004987541511038968	0.0	0.0	0.0	-0.0020522338250217173	0.0	0.0	0.0	-0.0024442327175224817	0.0048291560822
210	100.0	nan	nan	1	1	5.0	5.0	5.0	1.01	1.17161861962e-19	1.85220628402e-18	-2.9507186811e-20	0.99573630533	1.2220931806e-19	7.96856171297e-20	8.27114438104e-20	0.994924869278	312417202.494	12996147.0763	-299452.561849	12812613.2167	-431.743870486	-3014974.73207	-294981.468888	-3012517.19277	1311.86209976	315355427.85566866	12933109.574504841	-297757.2309174264	12933113.447807737	-429.64970712735095	-2997905.6514462437	-297755.7144359085	-2997905.049891631	1304.4350789926718	316192653.96	0.009950330853168092	0.0	0.0	0.0	-0.004272810135721036	0.0	0.0	0.0	-0.005088052937753123	0.0097651915548
220	150.0	nan	nan	1	1	5.0	5.0	5.0	1.015	-3.11383869789e-19	-3.50959168144e-18	4.27023719424e-20	0.993526169223	4.62523002593e-19	-6.04966812797e-20	-1.2372140422e-19	0.992301322027	350914759.427	14337301.2721	-280472.596869	14033972.8482	-2824.07636026	-3262445.29921	-274195.779841	-3258424.16564	-2542.58876889	355941604.8282575	14235010.736111838	-278128.23678357725	14235009.168212702	-2803.927778662944	-3235175.802561401	-278123.62772402604	-3235176.6975109247	-2521.3362697511484	356841504.342	0.014888612493750559	0.0	0.0	0.0	-0.006494876901336045	0.0	0.0	0.0	-0.007728465777229551	0.014684138001
230	200.0	nan	nan	1	1	5.0	5.0	5.0	1.02	3.30739896123e-20	1.14630490764e-17	1.08790794163e-20	0.991326500508	4.17885358889e-18	8.76811449306e-21	1.29804490444e-19	0.989687930912	380970826.626	15360557.3168	-264431.83124	14928748.2536	-5044.5720403	-3544943.2469	-256569.522197	-3539080.41958	-4295.74267717	388308350.4750454	15216281.26206826	-261515.1448485432	15216276.953152422	-4997.190233977888	-3505842.478742721	-261511.0685215085	-3505839.1412992375	-4248.360581947394	389253964.105	0.01980262729617973	0.0	0.0	0.0	-0.008711333214760763	0.0	0.0	0.0	-0.010365606847188666	0.0195840349752
240	250.0	nan	nan	1	1	5.0	5.0	5.0	1.025	-1.19974276045e-19	-1.37958638399e-17	-1.12820818107e-19	0.989140759858	-1.38376364609e-17	-4.58588931599e-20	4.27338048057e-19	0.98708503377	404877723.859	16142380.9104	-276008.009935	15577669.9537	8160.66157873	-3842554.99955	-265785.588328	-3834557.80168	7193.88941145	414678211.9898488	15954718.959399048	-272232.34364774893	15954743.7231146	8065.790463878814	-3789990.5635681394	-272219.206060613	-3789979.458356087	7095.480217704423	415642523.264	0.024692612590371414	0.0	0.0	0.0	-0.010918632048912974	0.0	0.0	0.0	-0.01299908949068086	0.0244638211501
250	300.0	nan	nan	1	1	5.0	5.0	5.0	1.03	4.17163726523e-20	7.26332737504e-18	-1.04542394537e-19	0.986970562468	5.96969630635e-18	-1.24388111793e-19	3.69848995485e-19	0.984493282866	424147806.6	16728147.8987	-284804.837803	16029332.5437	7798.01141394	-4129186.02357	-272210.217017	-4118811.68538	6947.62328601	436516102.2345368	16496730.42229437	-280159.8768798271	16496753.382944731	7690.1335942719315	-4061841.9859056496	-280147.9603848038	-4061831.9759828392	6834.312574993337	437499858.179	0.02955880224154443	0.0	0.0	0.0	-0.013115065253822654	0.0	0.0	0.0	-0.015628203815009067	0.0293228782459
260	350.0	nan	nan	1	1	5.0	5.0	5.0	1.035	-6.26208810927e-20	3.18620045788e-18	-6.73722065312e-20	0.984815646406	5.29251662607e-19	3.88179317859e-20	-6.97346343607e-20	0.981914584517	439882004.089	17164813.7277	-301758.949533	16332572.5044	6688.50397418	-4405251.53964	-286271.369096	-4392260.61317	7134.17920957	454891209.4776942	16889820.510938846	-296049.8664654624	16889855.896231327	6581.349113523901	-4321907.045592268	-296039.22896688303	-4321893.296982947	6999.205178843925	455885878.401	0.03440142671733232	0.0	0.0	0.0	-0.015300816335992855	0.0	0.0	0.0	-0.01825095555433475	0.0341606975105
270	400.0	nan	nan	1	1	5.0	5.0	5.0	1.04	7.27786590149e-20	2.00631532609e-17	2.1996386849e-20	0.98267574827	3.89301967386e-18	-2.65505124295e-19	3.37476455032e-19	0.979350203242	452850040.805	17479009.7437	-315288.739208	16515594.152	11524.0237507	-4670530.90534	-296893.573803	-4654706.03497	10402.7072195	470550409.0805884	17161113.647127196	-308506.90044216375	17161132.569664482	11314.432805853678	-4570068.111678424	-308498.1340800114	-4570049.472561241	10178.945713560806	471544301.372	0.03922071315328133	0.0	0.0	0.0	-0.017476072589287694	0.0	0.0	0.0	-0.020865985153965243	0.0389769970173
280	450.0	nan	nan	1	1	5.0	5.0	5.0	1.045	5.62310762969e-19	2.02245924467e-17	1.41930958224e-19	0.980551033308	-1.00749374382e-17	-4.00825255064e-19	-1.21006597449e-19	0.976800572697	463617818.941	17700602.7662	-333531.926856	16608967.6075	-6384.79543028	-4912338.44658	-311768.467713	-4893532.57923	-5413.61777487	484043076.16128105	17340669.453187548	-325499.9455963231	17340696.246233955	-6254.963661131625	-4794041.494572896	-325503.81369421503	-4794024.928736878	-5283.249216379396	485051181.391	0.04401688541677426	0.0	0.0	0.0	-0.01964058645134636	0.0	0.0	0.0	-0.02347276988667413	0.0437716623894
290	500.0	nan	nan	1	1	5.0	5.0	5.0	1.05	-1.06489246827e-18	7.79640226644e-18	1.29966617844e-19	0.978442201331	2.99700969341e-17	-4.41079172393e-19	2.0136884832e-20	0.974265548432	472634281.518	17840150.3102	-370440.905052	16624375.8904	-10070.4471479	-5131203.91994	-343740.760204	-5109272.90316	-8521.04693236	495807049.67472875	17439413.074179433	-360574.0446133271	17439451.78168166	-9844.238114603315	-4994531.991246506	-360594.01282173593	-4994505.041584502	-8294.085007458163	496811081.618	0.04879016416943205	0.0	0.0	0.0	-0.02179356253549226	0.0	0.0	0.0	-0.026071375504474064	0.0485446238738
300	550.0	nan	nan	1	1	5.0	5.0	5.0	1.055	-1.85592859677e-19	-3.35018735996e-18	-5.27807405258e-20	0.97634907825	-2.50759041689e-17	-2.55433373156e-21	-1.21670988917e-18	0.971745530569	480228061.64	17934988.8021	-416505.966512	16597998.138	5979.59314482	-5340651.85806	-383633.420849	-5315450.06149	6698.98040133	506162377.76259327	17494281.014004286	-404355.7720431856	17494359.190378062	5832.659500330912	-5184855.869807826	-404351.22392263263	-5184836.083127315	6503.559636291359	507142386.975	0.05354076692802976	0.0	0.0	0.0	-0.02393509437350844	0.0	0.0	0.0	-0.02866130862338646	0.0532958772859
310	600.0	nan	nan	1	1	5.0	5.0	5.0	1.06	-9.10547183409e-19	-1.23680045189e-20	-1.39601617619e-19	0.974271806415	1.49932408638e-17	1.80523896884e-20	1.26300553369e-19	0.969240299526	486631130.811	17986042.516	-458470.56146	16531472.5242	3809.81906058	-5541547.76605	-419219.912335	-5512901.6718	4996.65325476	515333398.7590819	17506458.04351502	-443941.2028100277	17506524.722720828	3708.2330633931456	-5365930.961532622	-443946.16080364515	-5365904.240998876	4838.3046642708505	516304667.589	0.058268908123975824	0.0	0.0	0.0	-0.026064952242446347	0.0	0.0	0.0	-0.031242710708160582	0.0580255481912
320	650.0	nan	nan	1	1	5.0	5.0	5.0	1.065	3.71159249575e-19	4.7060488805e-18	1.77691630466e-19	0.972210324124	3.29061149614e-17	-9.83087614407e-20	6.43427402558e-19	0.966749939049	492042771.662	18005236.0602	-520284.334974	16436550.0734	-12005.9999518	-5731558.93459	-472301.81076	-5699354.83191	-11278.963751	523514209.7119862	17487795.195297163	-502494.03845258587	17487844.589206528	-11660.967263624823	-5535577.379655404	-502510.60160967073	-5535564.749749928	-10893.297498729311	524489363.168	0.06297479916138839	0.0	0.0	0.0	-0.028183115085467288	0.0	0.0	0.0	-0.03381541154205611	0.0627337105572
330	700.0	nan	nan	1	1	5.0	5.0	5.0	1.07	7.6423547666e-19	-2.43290626462e-17	-2.3723539968e-19	0.970164390387	-1.2894418952e-17	3.81164826264e-21	-3.09987588915e-19	0.96427474686	496636231.727	18002792.7049	-590057.649302	16323133.5516	1688.52882642	-5902665.04718	-531736.348053	-5866806.96042	3649.89715164	530875003.41814893	17448387.988910247	-568414.7475163857	17448472.395715147	1636.5297638414597	-5686159.422618373	-568394.9691076148	-5686135.800118685	3516.021477502089	531824071.595	0.06765864847381486	0.0	0.0	0.0	-0.030289747218138128	0.0	0.0	0.0	-0.03637901786222213	0.0674204114366
340	750.0	nan	nan	1	1	5.0	5.0	5.0	1.075	-1.15616026833e-18	3.07066384039e-17	1.02689509965e-19	0.968133188504	2.2965114608e-18	3.58771392721e-19	-3.16591798926e-19	0.961815232305	500519666.228	17978845.9492	-665926.890522	16191631.343	-494.211554081	-6056006.49612	-595839.512036	-6016455.4034	657.633139941	537519701.8105555	17388483.045377105	-639857.0798522177	17388569.198300414	-477.9833618491816	-5818925.001115251	-639885.899489599	-5818895.888584187	631.8880143236875	538458203.664	0.07232066157962608	0.0	0.0	0.0	-0.03238560974064081	0.0	0.0	0.0	-0.038932912974526765	0.0720857950015
350	800.0	nan	nan	1	1	5.0	5.0	5.0	1.08	-8.47443228838e-19	2.34341988072e-17	-3.3230161312e-19	0.966115855911	-3.68229971415e-17	2.79679691272e-19	7.91962570793e-19	0.959372124759	503799413.337	17941002.2819	-753074.587038	16049183.1606	-10458.1215096	-6192831.73713	-668993.872537	-6149588.74002	-10699.5424501	543552317.8666135	17315532.441679444	-721747.0658702032	17315563.448214274	-10093.524287725731	-5935213.075349619	-721781.6464839901	-5935198.137633037	-10254.446906629842	544487750.072	0.0769610411361284	0.0	0.0	0.0	-0.03447151830580468	0.0	0.0	0.0	-0.04147624520494158	0.0767299337482
360	850.0	nan	nan	1	1	5.0	5.0	5.0	1.085	3.99693671986e-19	5.70115377484e-18	-3.59724304787e-20	0.964112570369	3.50319592095e-18	-3.47018810578e-19	5.93968619372e-19	0.95694512219	506568116.101	17903546.9543	-845671.748929	15908870.1811	-4723.19282687	-6322710.39367	-745899.903565	-6275681.59792	-3569.15663571	549064130.6528746	17243376.39871732	-808433.5695950182	17243465.780845787	-4549.031090058983	-6044297.139574075	-808473.4689921226	-6044273.809411155	-3411.992943012497	549981234.556	0.08157998699242285	0.0	0.0	0.0	-0.03654721694747145	0.0	0.0	0.0	-0.044009232757506636	0.0813529622598
370	900.0	nan	nan	1	1	5.0	5.0	5.0	1.09	1.08172724809e-18	1.25845670207e-17	-1.22091858413e-19	0.962123355882	1.1613940055e-17	4.45751088493e-20	-6.40912773496e-19	0.954533937629	508880299.254	17875347.7663	-939500.076791	15778202.3296	5835.33591743	-6458838.03376	-822765.974337	-6407885.08181	5295.57891463	554106834.0783933	17180532.79613479	-895858.8009381586	17180483.805562187	5608.516344217653	-6158814.713609864	-895888.9740782515	-6158810.516092531	5049.590834455244	555004673.995	0.08617769624105241	0.0	0.0	0.0	-0.038612607969442526	0.0	0.0	0.0	-0.046532081048726866	0.0859550568186
380	950.0	nan	nan	1	1	5.0	5.0	5.0	1.095	-1.6349059371e-19	3.6609161027e-17	-1.39601617619e-19	0.96014770046	-6.92120150322e-17	-4.04392057865e-19	1.46999921018e-19	0.952138743853	510793151.39	17845828.4937	-1030178.81195	15648190.6866	1683.4490137	-6587977.529	-895765.925007	-6533023.04915	4134.33077179	558736164.2375098	17116791.40612237	-979851.9202203328	17116928.873645775	1614.676820441589	-6266137.83673155	-979842.4580108309	-6266136.247088038	3932.358051410844	559627229.801	0.09075436326846412	0.0	0.0	0.0	-0.040668151708834005	0.0	0.0	0.0	-0.049044515468331266	0.0905363860664
390	1000.0	nan	nan	1	1	5.0	5.0	5.0	1.1	-6.58118130237e-19	-1.62242146555e-17	1.37775202827e-19	0.958185245579	-2.9483463271e-17	9.16132306905e-19	3.99826020884e-19	0.949759747065	512363643.271	17814224.4189	-1118404.06927	15517554.2077	5725.91765075	-6709628.0983	-965713.22126	-6650626.31732	5557.24069322	563008649.1378142	17051416.973369513	-1061100.6345117106	17051399.620443113	5480.733099698256	-6365848.290493796	-1061169.9391569488	-6365845.618873742	5272.505517222383	563888186.157	0.09531017980432493	0.0	0.0	0.0	-0.042714152711570884	0.0	0.0	0.0	-0.05154622419791419	0.0950970559769
400	1050.0	nan	nan	1	1	5.0	5.0	5.0	1.105	-1.36271719345e-18	3.88205787638e-19	-3.0704944338e-21	0.956235522939	1.32448358205e-17	-2.19355063559e-19	1.3369620979e-18	0.947397042122	513620752.073	17786750.9657	-1196801.21342	15392207.427	-7447.22269577	-6823905.02389	-1026158.87655	-6760815.45854	-7171.17977638	566951181.656694	16990349.8671737	-1132647.7580185668	16990415.893091273	-7113.773582589246	-6458115.716772953	-1132707.323992315	-6458100.203320092	-6786.775117694052	567834934.681	0.09984533496971612	0.0	0.0	0.0	-0.04475103336618928	0.0	0.0	0.0	-0.05403701059784514	0.09963724804
410	1100.0	nan	nan	1	1	5.0	5.0	5.0	1.11	-1.49784541832e-18	-7.21082986116e-17	-3.67665238668e-19	0.954298409966	9.40196512936e-17	2.56095117646e-19	1.08200518078e-18	0.945050666692	514617256.222	17751151.2952	-1260243.11926	15261084.154	7558.95548432	-6933969.04302	-1072975.30294	-6866789.86525	7576.08396808	570617454.2908362	16921873.88201252	-1189726.5568491789	16921781.934799835	7205.825090341392	-6545980.683231191	-1189735.533501893	-6545995.250767933	7152.16624157145	571478719.907	0.10436001532424286	0.0	0.0	0.0	-0.04677885773866785	0.0	0.0	0.0	-0.056516737378566426	0.104157055355
420	1150.0	nan	nan	1	1	5.0	5.0	5.0	1.115	-3.32579545806e-19	-5.94858665711e-17	-2.6120378511e-19	0.952373850923	1.24987519952e-17	4.73517887295e-19	6.84323212043e-19	0.942720232055	515363696.993	17706273.2941	-1317725.53324	15123650.1876	8979.3340126	-7033749.61783	-1114091.26545	-6962439.37674	9670.127803	574015384.8822216	16844939.988189798	-1240916.7057606045	16844818.395070635	8542.528405825398	-6623759.792710045	-1240881.9834663079	-6623746.935594573	9106.46628215349	574866091.407	0.10885440491208208	0.0	0.0	0.0	-0.04879762072808186	0.0	0.0	0.0	-0.05898571899321264	0.108656712967
430	1200.0	nan	nan	1	1	5.0	5.0	5.0	1.12	2.09873588506e-18	6.6318841652e-18	-7.03566741813e-20	0.950462144476	9.39570105602e-17	-3.30475198327e-19	3.47812903966e-20	0.940405157552	515886608.079	17662673.2629	-1376285.77189	14989069.4291	-13023.2733073	-7119768.19957	-1155636.70997	-7044436.29586	-13834.7807552	577170901.4037718	16769627.280420478	-1292872.724270474	16769682.674671333	-12364.800960974344	-6688257.843217797	-1292919.5508144174	-6688261.132609668	-12996.291213631564	578034397.284	0.11332868530700327	0.0	0.0	0.0	-0.05080694480521052	0.0	0.0	0.0	-0.06144447790761244	0.113136417914
440	1250.0	nan	nan	1	1	5.0	5.0	5.0	1.125	-9.4634756032e-19	-2.31998089088e-17	6.90411261351e-19	0.948563551265	-1.92014957604e-17	-8.29033497125e-20	-9.87958053854e-19	0.938105152883	516233753.793	17625569.4634	-1448225.79648	14861130.2872	9337.6344402	-7199545.4463	-1207591.51242	-7120140.65682	10240.5527356	580134165.7755347	16700870.694726435	-1357117.1034102885	16700669.722389644	8847.749611962025	-6746618.024414068	-1357069.5242378637	-6746593.27658835	9596.313848045527	580967961.854	0.11778303565638346	0.0	0.0	0.0	-0.05280648999075942	0.0	0.0	0.0	-0.0638932329722354	0.117596266677
450	1300.0	nan	nan	1	1	5.0	5.0	5.0	1.13	-8.51929856481e-19	1.59655519692e-17	-3.23222478716e-19	0.94667801241	1.89510387058e-19	7.8686713822e-19	-5.83685109997e-19	0.935819743999	516397104.173	17589144.8695	-1534714.88106	14735525.433	4272.24694331	-7266418.38774	-1270985.65722	-7183062.8983	4207.78795205	582893623.1435686	16633133.70825578	-1434653.3290051653	16633020.865446337	4040.0403299869004	-6792656.70683751	-1434650.6374913387	-6792646.629991144	3933.4452722494707	583725021.763	0.12221763272424911	0.0	0.0	0.0	-0.05479625162667271	0.0	0.0	0.0	-0.06633240224833475	0.122036527967
460	1350.0	nan	nan	1	1	5.0	5.0	5.0	1.135	-5.980846701e-19	-3.39522171948e-17	3.56045005422e-19	0.944805497622	1.14342433388e-17	5.75453008541e-19	3.64012409083e-19	0.933548769473	516396268.939	17553021.5348	-1637092.36986	14611710.8822	-6510.55452974	-7322349.93464	-1346516.32556	-7235098.93517	-5811.30811923	585468688.1530102	16566051.733974049	-1526633.9322385162	16566152.22927421	-6144.479623790435	-6828293.918993629	-1526624.4047850566	-6828284.408061739	-5419.205616521447	586302422.484	0.126632650933366	0.0	0.0	0.0	-0.05677619529499888	0.0	0.0	0.0	-0.06876207368745506	0.126457339812
470	1400.0	nan	nan	1	1	5.0	5.0	5.0	1.14	-4.46280484085e-19	7.19737659567e-17	2.93602795342e-19	0.942945927563	1.29592864556e-17	2.44951340434e-19	1.52333581608e-19	0.931292139339	516264021.961	17518830.1034	-1745435.78986	14490567.4923	4508.2271767	-7368841.09131	-1425910.96924	-7277780.90291	4473.90377795	587894143.6962662	16501153.803844113	-1623724.0985281074	16501091.31215462	4246.342340574297	-6855001.443017224	-1623751.9420088294	-6855011.511658552	4161.932178173124	588710731.25	0.131028262406404	0.0	0.0	0.0	-0.05874633885911424	0.0	0.0	0.0	-0.0711822600152193	0.130858827069
480	1450.0	nan	nan	1	1	5.0	5.0	5.0	1.145	-4.97684796071e-19	3.45716497422e-18	-4.53692022373e-20	0.941098734262	-8.01865709435e-17	3.70365156187e-19	-9.45765225169e-20	0.9290499728	515992539.345	17488747.0661	-1858081.8076	14374448.144	-8639.75648692	-7424797.90733	-1507708.71994	-7329740.82488	-8585.5691418	590159167.7699752	16440466.446446927	-1724344.972729075	16440571.727227448	-8121.88695346861	-6890392.4965342535	-1724420.5207478781	-6890394.013769928	-7967.61634882104	590981864.175	0.13540463700620298	0.0	0.0	0.0	-0.060707220074201575	0.0	0.0	0.0	-0.07359274958059224	0.135241187808
490	1500.0	nan	nan	1	1	5.0	5.0	5.0	1.15	-1.90121838967e-18	4.07592254219e-18	5.35377762224e-19	0.939263359525	1.37556033052e-17	1.475425515e-19	4.49456857637e-20	0.926822646423	515605938.565	17469639.691	-1975653.90216	14268382.6076	-10906.0247527	-7487996.80374	-1592178.93693	-7388761.83216	-11831.2932845	592289307.99372	16390396.905255418	-1829050.2844596626	16390444.385426056	-10232.270242378563	-6932349.167503386	-1828975.3670817413	-6932297.472047767	-10953.350849499087	593109869.538	0.13976194237515863	0.0	0.0	0.0	-0.06265937101995092	0.0	0.0	0.0	-0.07599305165231353	0.139604514893
500	1550.0	nan	nan	1	1	5.0	5.0	5.0	1.155	3.15334484395e-18	-6.45512824144e-17	-8.39621408966e-20	0.937439523189	-9.37339894321e-17	1.19002835133e-18	-1.33714738636e-18	0.924610185703	515117361.953	17455584.5553	-2095882.35146	14167595.9526	-12644.8243832	-7548538.67403	-1677753.62304	-7445175.96582	-13365.8097586	594297980.9208462	16345331.74599217	-1935716.075142451	16345350.188178603	-11840.557316108188	-6971683.1409815075	-1935647.4161053072	-6971629.66287863	-12344.401291892664	595115977.293	0.14410034397375687	0.0	0.0	0.0	-0.06460303181674025	0.0	0.0	0.0	-0.07838305115405966	0.143948948595
510	1600.0	nan	nan	1	1	5.0	5.0	5.0	1.16	1.88798349987e-18	9.28928592457e-17	2.14855201027e-19	0.935626882735	3.98962576673e-17	1.94526410293e-19	-2.5119820842e-19	0.922412758042	514546282.434	17435604.3116	-2221641.10464	14063031.8285	10259.5797293	-7600409.39697	-1766600.60678	-7493051.83079	10857.5768509	596206150.6855608	16294975.585522613	-2046978.2176727338	16294872.511325492	9588.403029738149	-7002873.888360912	-2046964.8378077233	-7002860.036376565	10003.966556110985	596997786.833	0.14842000511827322	0.0	0.0	0.0	-0.06653851153505172	0.0	0.0	0.0	-0.08076247876777969	0.148274592149
520	1650.0	nan	nan	1	1	5.0	5.0	5.0	1.165	-4.56286060774e-19	-2.28507916299e-17	3.1499037726e-19	0.933825357097	-4.98404509378e-17	-7.16589873377e-19	-1.9632106135e-18	0.920229927444	513871285.59	17419304.795	-2351455.38266	13962764.0686	-376.0560366	-7639078.83349	-1857516.142	-7527902.73642	-1426.26249542	597987815.3403268	16248322.849716762	-2161449.8065795554	16248354.433558198	-350.7763348861594	-7021815.335664547	-2161576.3535778075	-7021852.793902985	-1311.0156448598625	598785755.869	0.15272108701766393	0.0	0.0	0.0	-0.06846584207313962	0.0	0.0	0.0	-0.08313171902935258	0.152581702462
530	1700.0	nan	nan	1	1	5.0	5.0	5.0	1.17	1.20156917524e-18	1.07176322896e-16	3.17319717865e-19	0.932035250099	-5.6581271481e-18	-1.87554270346e-18	-9.968518998e-20	0.918061301733	513121347.587	17405059.3153	-2480111.10114	13865072.2465	2105.91112772	-7671628.79576	-1946218.06006	-7556642.72016	1126.55224333	599675165.8273085	16203840.68561078	-2274327.154120274	16203846.3956477	1960.570647503276	-7035085.516333516	-2274508.0542662493	-7035117.349351165	1033.0780570123775	600466651.71	0.1570037488096647	0.0	0.0	0.0	-0.07038464301714403	0.0	0.0	0.0	-0.08549111310423581	0.156870395359
540	1750.0	nan	nan	1	1	5.0	5.0	5.0	1.175	8.4663590056e-19	7.07317906629e-17	9.91822641676e-20	0.93025616444	-1.42421707938e-17	-3.40189607441e-19	1.56367576019e-18	0.915906978534	512301347.659	17400706.0592	-2611744.8161	13776111.5749	9516.95700419	-7698634.72054	-2035866.91672	-7579883.22107	10500.2315979	601272821.8021711	16168794.30643506	-2389408.026073215	16168611.536847197	8843.188299395422	-7043253.030567086	-2389436.317947611	-7043252.857172501	9606.351087972898	602053273.582	0.16126814759612232	0.0	0.0	0.0	-0.07229528512861141	0.0	0.0	0.0	-0.08784047128351934	0.161140817588
550	1800.0	nan	nan	1	1	5.0	5.0	5.0	1.18	-7.90943484278e-19	-5.01491150378e-18	-7.78052701612e-19	0.928487802445	7.25200492682e-17	-2.05521956739e-18	3.0035258914e-19	0.913766942317	511409607.1	17400037.6562	-2743935.02774	13691356.2309	-2529.9222965	-7717648.58049	-2124940.31475	-7595282.7737	-2849.44866113	602777783.3060863	16137369.323635217	-2504468.7301791646	16137446.86204561	-2346.33345429471	-7044120.704369786	-2504581.05362163	-7044115.975977091	-2600.7740700510367	603566866.738	0.16551443847757333	0.0	0.0	0.0	-0.07419803511465302	0.0	0.0	0.0	-0.09017972656664815	0.165393127961
560	1850.0	nan	nan	1	1	5.0	5.0	5.0	1.185	3.08719686473e-18	1.66620115752e-17	4.37518987036e-19	0.926730140596	1.09019545998e-16	4.55280209149e-20	2.08555393482e-19	0.911641054773	510459961.991	17402351.1714	-2871175.59344	13609624.8163	-3604.93232965	-7727216.86106	-2208896.7098	-7601416.82484	-4159.57928949	604205286.4749999	16108893.229189051	-2614496.803445376	16109015.149546225	-3336.9898943446246	-7036415.267993175	-2614557.7884949273	-7036429.205218585	-3787.7191422554	604992453.831	0.16974277458709455	0.0	0.0	0.0	-0.07609286626533683	0.0	0.0	0.0	-0.09250894667362113	0.169627444919
570	1900.0	nan	nan	1	1	5.0	5.0	5.0	1.19	-3.76713932824e-18	-9.50265087701e-19	1.14084750083e-20	0.924983218499	-2.59931647502e-17	3.18378509049e-19	-7.87396533812e-19	0.909529008045	509455658.47	17410316.1224	-2996225.12078	13533110.719	-1139.19861622	-7725296.83521	-2290167.74287	-7596242.71735	-1716.0484921	605558328.9385539	16085817.627041651	-2722034.5035398086	16085968.967249485	-1052.5335124680985	-7018339.306244854	-2722180.288518677	-7018354.758350668	-1559.009425843015	606340449.146	0.17395330712343798	0.0	0.0	0.0	-0.07797968379752614	0.0	0.0	0.0	-0.09482838703560285	0.173843933733
580	1950.0	nan	nan	1	1	5.0	5.0	5.0	1.195	-3.70289717315e-18	3.64147404959e-17	-4.78758903656e-19	0.923247058375	1.08571889086e-16	-5.28866196442e-20	-2.65184839962e-18	0.907430504865	508401378.092	17419327.5508	-3116752.15315	13458150.9844	1494.35940291	-7716455.67057	-2366700.68026	-7584222.42522	-609.182559812	606841693.6509494	16063867.216931824	-2824986.848271866	16064014.553685175	1378.077939730952	-6994103.064179065	-2824958.214243739	-6994066.885022521	-552.1557811153305	607619275.226	0.17814618538347404	0.0	0.0	0.0	-0.07985841141755141	0.0	0.0	0.0	-0.09713829443658338	0.17804276088
590	2000.0	nan	nan	1	1	5.0	5.0	5.0	1.2	-1.6150536024e-18	3.13471541307e-17	4.80929425583e-19	0.921521629797	4.73878405693e-17	1.52492400285e-19	-2.08846561057e-19	0.905345335074	507299709.752	17427706.8424	-3232132.73736	13383489.0988	-178.028510524	-7702327.062	-2438560.66007	-7567118.65213	-585.367121906	608057727.8308332	16041490.989895325	-2922822.2764487183	16041668.890059855	-163.86795883974085	-6965225.424403703	-2922898.6842210097	-6965223.065508929	-529.3483290556329	608833138.995	0.1823215567939546	0.0	0.0	0.0	-0.0817290297690002	0.0	0.0	0.0	-0.09943882235039812	0.182224074683
600	2050.0	nan	nan	1	1	5.0	5.0	5.0	1.205	2.04060824905e-18	1.11418369775e-16	-3.12581627316e-19	0.91980664582	3.98878402774e-17	1.76738718401e-19	-2.57948002219e-18	0.903273581568	506161399.077	17434041.9431	-3340663.24052	13307935.7381	7847.55976102	-7688517.86181	-2504317.98962	-7550384.08792	6738.31882573	609218622.5285132	16017389.299671229	-3014040.670432612	16017504.088315327	7209.88398186314	-6936797.833964188	-3014210.800728361	-6936856.162957782	6079.501442932231	609984035.286	0.18647956694261839	0.0	0.0	0.0	-0.08359179861430972	0.0	0.0	0.0	-0.10172980182991709	0.186387988348
610	2100.0	nan	nan	1	1	5.0	5.0	5.0	1.21	-3.92057140571e-19	-8.01901973033e-17	-5.58803517171e-19	0.918101915664	9.89088313443e-18	-1.31078348588e-18	3.53662725258e-19	0.901215142767	504981238.389	17440875.169	-3452745.55766	13233356.1198	15098.3561994	-7670525.82953	-2571741.4301	-7529495.6424	15517.5794666	610317564.8602191	15993901.718524206	-3108052.25068624	15993761.882580755	13845.728658943124	-6904764.533119782	-3108192.6371682	-6904814.8173579695	13968.433810412269	611072804.42	0.1906203596086497	0.0	0.0	0.0	-0.08544687528199646	0.0	0.0	0.0	-0.10401126767240537	0.190534657471
620	2150.0	nan	nan	1	1	5.0	5.0	5.0	1.215	-1.3522748654e-18	-5.6892688438e-17	-1.26869653631e-19	0.916407556197	-2.54609633615e-17	-1.49236617394e-19	6.51235987541e-19	0.899169676231	503765263.331	17449971.6107	-3566440.37661	13161426.4829	17114.664626	-7641039.50351	-2639488.78631	-7497366.72691	17751.7274265	611361244.0563935	15972643.35271776	-3203096.5413843407	15972490.867945401	15665.723719851372	-6862581.347718521	-3203240.2103340523	-6862633.790191162	15943.20687269337	612111658.294	0.19474407679251185	0.0	0.0	0.0	-0.08729408291409324	0.0	0.0	0.0	-0.10628352346405866	0.194664234288
630	2200.0	nan	nan	1	1	5.0	5.0	5.0	1.22	-1.25748658465e-18	-2.10663446729e-17	1.61995051162e-20	0.914723614747	8.2931751786e-17	1.30390134318e-19	8.96981421363e-19	0.897136899843	502514625.894	17455262.8993	-3682320.56114	13087484.5796	12182.0235571	-7609372.14365	-2707942.74694	-7463125.63136	11722.8431948	612350526.5725744	15948059.368546408	-3299680.355090485	15948049.3917385	11130.146594666401	-6818661.048130313	-3299824.6848378773	-6818709.7112483345	10504.689842568287	613102837.405	0.19885085874516517	0.0	0.0	0.0	-0.08913331972183577	0.0	0.0	0.0	-0.10854680889964188	0.198776869146
640	2250.0	nan	nan	1	1	5.0	5.0	5.0	1.225	-8.43088950094e-19	1.63514151814e-17	2.5583041985e-19	0.91305009027	-1.27443015527e-16	-8.93116833541e-19	-5.24181045452e-19	0.895116578297	501230928.103	17451015.5888	-3804234.07954	13007116.4076	3281.07008795	-7578441.96472	-2779833.52982	-7429613.10074	2199.23058167	613286855.4105145	15914940.418563634	-3401234.2158242622	15915006.58143	2992.263383936568	-6775623.048979387	-3401297.223458016	-6775642.897662879	1966.256057452595	614043987.519	0.20294084399669038	0.0	0.0	0.0	-0.09096453650766195	0.0	0.0	0.0	-0.11080131410929119	0.202872708973
650	2300.0	nan	nan	1	1	5.0	5.0	5.0	1.23	1.56000969572e-18	-4.9241730993e-18	1.17528468409e-18	0.911386915133	-1.39814646406e-16	1.33362690567e-18	-9.44679964205e-19	0.893108653875	499930329.312	17444323.6275	-3924585.58084	12925698.295	9667.82460936	-7544811.82601	-2849812.42216	-7393543.87751	9089.66810081	614189515.1476401	15879788.949970024	-3500949.960376749	15879869.460362764	8800.743306548231	-6730394.361196783	-3501137.6729972656	-6730436.723961874	8108.492609443225	614937028.844	0.20701416938432612	0.0	0.0	0.0	-0.09278775714262226	0.0	0.0	0.0	-0.11304703263484084	0.206951849704
660	2350.0	nan	nan	1	1	5.0	5.0	5.0	1.235	-1.75702426529e-18	-9.38682970938e-17	6.53406509468e-19	0.909733835496	1.31852033776e-16	-4.59780071681e-19	-4.29604522936e-19	0.891112994061	498597105.206	17441814.0103	-4033285.20824	12848172.7661	4087.25249769	-7509906.37715	-2910251.10437	-7356172.38884	3025.22510213	615038961.8321944	15848636.949808395	-3589860.9625748345	15848721.8577773	3713.9130666005253	-6684258.202431183	-3589908.162750366	-6684241.9866467	2692.6282016830137	615788296.12	0.2110709700799406	0.0	0.0	0.0	-0.09460321072026938	0.0	0.0	0.0	-0.11528404242399358	0.211014478594
670	2400.0	nan	nan	1	1	5.0	5.0	5.0	1.24	-6.9050390558e-19	4.03849956779e-17	-4.46254014305e-19	0.908090582974	-5.01823346112e-17	1.71757105879e-18	4.97428039209e-18	0.889129754689	497248673.354	17438394.155	-4129841.66023	12770846.58	4014.89089177	-7481780.40598	-2961358.50808	-7325542.22102	3579.73360133	615856198.615248	15816837.777137458	-3667604.895780288	15817045.774716642	3641.555372793973	-6644374.458801184	-3667724.201698768	-6644356.808864925	3179.068245705032	616601963.893	0.2151113796169455	0.0	0.0	0.0	-0.09641114437205833	0.0	0.0	0.0	-0.11751209833808866	0.215060669113
680	2450.0	nan	nan	1	1	5.0	5.0	5.0	1.245	1.60078639119e-18	-6.76520979807e-17	-8.94996187893e-19	0.906456787056	-6.68685660347e-17	2.18809786099e-18	-1.50755982744e-18	0.887159037452	495880278.667	17437232.6816	-4219790.9657	12695828.6154	41.0133996988	-7457278.31165	-3007203.09495	-7298559.40333	-250.173380014	616635112.1191484	15787258.86965789	-3739163.722193177	15787467.335356358	37.13256397968645	-6607906.58965595	-3739505.4762095073	-6607943.403630366	-221.67904391719142	617381275.781	0.219135529916671	0.0	0.0	0.0	-0.09821192002166615	0.0	0.0	0.0	-0.11973101460249651	0.219090549727
690	2500.0	nan	nan	1	1	5.0	5.0	5.0	1.25	2.33834033001e-19	3.06450432267e-17	2.30366491874e-19	0.904832205524	-4.02396236483e-17	4.66794563276e-19	-2.05881945742e-18	0.885200977511	494509460.507	17436516.1301	-4306613.99357	12621868.9653	19658.798891	-7433429.90223	-3049893.21462	-7272097.85705	19797.9355152	617397220.1801623	15758243.899935888	-3807657.567693214	15758458.502826098	17766.63098251587	-6572206.300216917	-3807804.9924912862	-6572155.288393484	17504.182892106302	618122646.185	0.22314355131420976	0.0	0.0	0.0	-0.10000576073322107	0.0	0.0	0.0	-0.12194056652320442	0.223104191885
700	2550.0	nan	nan	1	1	5.0	5.0	5.0	1.255	-1.60564359575e-18	5.35282735715e-17	-6.02796290869e-19	0.903216887293	-8.13880342397e-17	5.53615440369e-19	6.36068803829e-20	0.883255080614	493101762.449	17438027.0183	-4387955.50111	12550155.2043	-1771.15497114	-7421197.9365	-3088374.81081	-7257199.16364	-1586.42380081	618099456.3815721	15731403.702765333	-3871029.134348328	15731527.850875396	-1597.8157300658272	-6546938.184922363	-3871255.260138389	-6546952.225431383	-1399.5339630964006	618841475.976	0.22713557258374711	0.0	0.0	0.0	-0.10179256914144882	0.0	0.0	0.0	-0.12414124057827722	0.227101829827
