inc	time	elem	node	ip	grain	1_pos	2_pos	3_pos	1_f	2_f	3_f	4_f	5_f	6_f	7_f	8_f	9_f	1_p	2_p	3_p	4_p	5_p	6_p	7_p	8_p	9_p	1_Cauchy	2_Cauchy	3_Cauchy	4_Cauchy	5_Cauchy	6_Cauchy	7_Cauchy	8_Cauchy	9_Cauchy	Mises(Cauchy)	1_ln(V)	2_ln(V)	3_ln(V)	4_ln(V)	5_ln(V)	6_ln(V)	7_ln(V)	8_ln(V)	9_ln(V)	Mises(ln(V))
0	0.0	nan	nan	1	1	5.0	5.0	5.0	1.0	0.0	0.0	0.0	1.0	0.0	0.0	0.0	1.0	0.0	0.0	0.0	0.0	0.0	0.0	0.0	0.0	0.0	0.0	0.0	0.0	0.0	0.0	0.0	0.0	0.0	0.0	0.0	0.0	0.0	0.0	0.0	0.0	0.0	0.0	0.0	0.0	0.0
10	2.5	nan	nan	1	1	5.0	5.0	5.0	1.00025	-8.73709522009e-24	2.36780450343e-23	-9.95524791905e-24	0.999908781098	-4.32557299228e-23	2.29849581539e-23	1.56421146303e-23	0.99990888212	34691331.7442	-87.6237067815	-408.240551473	-87.5938125448	16.0983495288	369.568464033	-408.101331032	369.568501885	19.8491364424	34697658.11512807	-87.60978914817196	-408.17575018754417	-87.60978630312233	16.095792561808324	369.5098012875994	-408.1757530926861	369.5098018015664	19.84598572757754	34697640.1577	0.0002499687552074404	0.0	0.0	0.0	-9.122306269687795e-05	0.0	0.0	0.0	-9.112203148625958e-05	0.000227427542346
20	5.0	nan	nan	1	1	5.0	5.0	5.0	1.0005	1.37001788954e-23	7.85563087984e-23	7.10858338913e-24	0.999817530398	-3.00951571302e-23	-9.00205151005e-24	-2.7258186123e-23	0.999817732393	69409089.6542	-178.709239524	-815.511666388	-178.587310373	11.5392423952	740.328366459	-814.955543765	740.32851619	11.5466441823	69434412.65881138	-178.65249212144397	-815.2528731981365	-178.65246563301906	11.535578219608766	740.0934318193143	-815.2528697074038	740.0934319803428	11.542979988391663	69434401.1464	0.0004998750416509929	0.0	0.0	0.0	-0.00018248625160274627	0.0	0.0	0.0	-0.0001822842197587541	0.000454840199844
30	7.5	nan	nan	1	1	5.0	5.0	5.0	1.00075	2.06795153138e-24	1.69313531632e-23	-2.02917744017e-24	0.999726247052	1.27502136607e-23	-2.34583251841e-24	-3.71843534737e-23	0.999726550267	104152895.494	-235.274473253	-1261.83284594	-235.03251588	-249.586547659	1140.61926623	-1260.54226606	1140.61956559	-241.901677296	104209911.63612284	-235.1624547512328	-1261.2324466549692	-235.1611791040548	-249.46771491550913	1140.0765422122029	-1261.2323213546956	1140.0764956468092	-241.78657679392984	104210157.306	0.0007497188905459742	0.0	0.0	0.0	-0.0002737904251785561	0.0	0.0	0.0	-0.00027348712719582434	0.000682238466961
40	10.0	nan	nan	1	1	5.0	5.0	5.0	1.001	1.34378075449e-22	2.20288536881e-22	-1.19553447908e-23	0.99963482645	-2.72413840168e-22	1.28516725327e-22	5.10654781281e-23	0.999635279883	138787724.762	4157.16453141	-5699.29372214	4151.48765861	-196.990083935	8223.08177724	-5691.52552559	8223.08407277	-228.9707518	138889080.52418956	4154.526759375869	-5695.680033715558	4154.519462730865	-196.8650913034891	8217.86785830892	-5695.682009231883	8217.866424770367	-228.82557083624283	138889294.636	0.0009995003330834232	0.0	0.0	0.0	-0.00036524024209741706	0.0	0.0	0.0	-0.0003647866435580303	0.000909675888304
50	12.5	nan	nan	1	1	5.0	5.0	5.0	1.00125	-2.12637116214e-22	2.46551521329e-22	-9.14810058695e-23	0.999541356542	-1.28972967134e-21	-1.36530037511e-22	6.00998413808e-23	0.999542043834	171111484.979	5252.30785225	-8971.27265575	5243.35165335	3668.33872968	59438.5920648	-8955.96490167	59438.6260355	3554.2066284	171268433.5878477	5248.1540884450205	-8964.183929359202	5248.161013445225	3665.4376406600145	59391.626162372384	-8964.179582481043	59391.619268115224	3551.398242199751	171264857.009	0.0012492194004318981	0.0	0.0	0.0	-0.000458748667080714	0.0	0.0	0.0	-0.00045806105995073866	0.00113841624518
60	15.0	nan	nan	1	1	5.0	5.0	5.0	1.0015	-6.05186015659e-22	-8.01517334049e-21	7.75481824268e-24	0.999428547776	3.31415082298e-21	1.6212740006e-22	2.24631235096e-22	0.999430118392	183825782.287	269.177519794	-5807.04624357	268.567281744	-7407.26699601	3053.74227224	-5795.07524481	3053.7689026	-7763.23352554	184035768.60289556	268.92761515837714	-5801.6640943388775	268.87406925422783	-7400.390083105031	3050.911969891232	-5801.695026245748	3050.9337809841063	-7756.038321713825	184043347.168	0.0014988761237359487	0.0	0.0	0.0	-0.0005716155650530954	0.0	0.0	0.0	-0.000570044052242691	0.00137980425323
70	17.5	nan	nan	1	1	5.0	5.0	5.0	1.00175	2.28612041794e-22	-1.46514365998e-22	2.16721320489e-22	0.999306204093	4.51201174754e-22	7.23783035984e-24	8.93148266404e-22	0.999308590052	186643962.288	-14752.7287959	-5640.83970286	-14716.8494395	-9264.00137992	-3740.70155045	-5627.11751927	-3740.69853753	-8790.94569599	186902771.4445487	-14737.14603118292	-5634.894945322463	-14737.25650407257	-9254.216156058086	-3736.7593069350073	-5634.92034086203	-3736.747375274238	-8781.68111067271	186911791.503	0.001748470534116803	0.0	0.0	0.0	-0.0006940366947586838	0.0	0.0	0.0	-0.0006916490820908976	0.00162754286547
80	20.0	nan	nan	1	1	5.0	5.0	5.0	1.002	-1.06096253318e-21	2.38215608706e-20	5.57312937708e-22	0.999183388478	-2.80540372699e-20	2.72349216683e-22	-1.06060064166e-22	0.999186596277	188941041.048	-19479.8998618	-3472.08368007	-19425.1942368	-171.136182114	-5021.67938789	-3462.43216931	-5021.6926669	-161.018737231	189249394.7404903	-19456.844095572873	-3467.9853701347324	-19456.896350523064	-170.9336309799687	-5015.751996610449	-3468.082893676087	-5015.74915728168	-160.82867709669333	189249563.917	0.001998002662673058	0.0	0.0	0.0	-0.0008169451308204667	0.0	0.0	0.0	-0.0008137347153071448	0.00187556263971
90	22.5	nan	nan	1	1	5.0	5.0	5.0	1.00225	1.35688639732e-21	-1.58471261753e-20	-1.67504074042e-22	0.999060470144	-1.85534026456e-20	-6.70636681627e-22	-5.76286393008e-22	0.999064483607	191103541.834	-21125.7803411	-1679.54258669	-21058.6293685	-145.971566219	-5201.4792762	-1674.25053779	-5201.49290571	-133.960640084	191462374.3558525	-21098.09165510424	-1677.348018008022	-21098.17087050743	-145.78024732823772	-5194.682780767274	-1677.3942552581461	-5194.675524223968	-133.78560086339562	191462517.86	0.00224747254047937	0.0	0.0	0.0	-0.0009399714908159885	0.0	0.0	0.0	-0.0009359542615707281	0.00212362487767
100	25.0	nan	nan	1	1	5.0	5.0	5.0	1.0025	-8.14255915482e-22	-3.66730524575e-21	2.48567774072e-22	0.99893756113	3.39464583634e-21	5.95776836191e-22	-2.21513798163e-21	0.998942344155	193210104.749	-22177.0885668	-188.503511298	-22098.3614293	-73.4304635219	-5160.44866339	-187.861775531	-5160.47261321	-65.7229930946	193620380.72469884	-22145.206113218042	-188.23341422458324	-22145.286649947902	-73.32489766560255	-5153.054519525512	-188.26069448688287	-5153.053761630089	-65.62882196766023	193620454.207	0.002496880198587146	0.0	0.0	0.0	-0.0010630036582470212	0.0	0.0	0.0	-0.0010582155576335437	0.00237166148212
110	27.5	nan	nan	1	1	5.0	5.0	5.0	1.00275	-1.49792069176e-21	-1.95396604297e-20	5.0871607672e-22	0.998814674711	2.85481742883e-20	-5.76544886949e-22	2.8811734711e-21	0.998820203317	195279346.776	-23145.8203097	768.151082974	-23055.0565077	-38.6350461408	-5042.88835861	765.122975167	-5042.92161668	-32.7888368133	195742026.81041637	-23109.608503531686	766.9535501455313	-23109.68140538921	-38.574601326858016	-5035.02659222889	766.9357993613021	-5035.031928707754	-32.73771964460552	195742066.758	0.0027462256680252286	0.0	0.0	0.0	-0.0011860283426398503	0.0	0.0	0.0	-0.0011804931909852108	0.00261965957246
120	30.0	nan	nan	1	1	5.0	5.0	5.0	1.003	-5.80163802129e-22	1.02976541637e-19	7.43635370685e-22	0.998691813992	-4.30091525521e-20	-1.02456658622e-21	-1.0092378955e-21	0.998698072385	197318235.23	-24074.6636487	1493.4886462	-23971.3261298	-17.6801798735	-4978.94392861	1487.05924745	-4978.98299775	-13.9242061604	197834268.20443407	-24033.94613983191	1490.9720502300631	-24034.016710371387	-17.65027736307271	-4970.554182723975	1490.9482524663224	-4970.56203755204	-13.90074324275614	197834288.564	0.002995508979798371	0.0	0.0	0.0	-0.001309042430303673	0.0	0.0	0.0	-0.0013027758590720127	0.00286761436537
130	32.5	nan	nan	1	1	5.0	5.0	5.0	1.00325	1.84099385081e-21	2.61587596914e-20	-2.11096492324e-21	0.998568979024	8.30920502898e-20	1.4562514684e-21	2.73388362328e-21	0.998575958012	199330115.271	-24953.5400874	2124.97645416	-24837.1742647	-3.5725839456	-5037.82718542	2115.05006823	-5037.8714484	-0.833431273869	199900436.23909697	-24908.17408579242	2121.1280317438345	-24908.238093927102	-3.5660889213087916	-5028.703466881292	2121.101624467985	-5028.7125040808205	-0.8319218945107432	199900443.317	0.0032447301648890294	0.0	0.0	0.0	-0.0014320458643916523	0.0	0.0	0.0	-0.0014250568994238222	0.00311552364422
140	35.0	nan	nan	1	1	5.0	5.0	5.0	1.0035	1.46085266056e-21	-2.80480402104e-20	2.87238467709e-21	0.998446169222	-5.06499232678e-20	-7.39499467622e-22	-2.98436425251e-21	0.99845386446	201316902.529	-25758.8213841	2747.9368495	-25629.1541583	6.27469296741	-5194.71337301	2734.09397717	-5194.76247384	7.95840749326	201942432.11356628	-25708.729134062498	2742.614173661502	-25708.788773933516	6.262490798516276	-5184.651360353679	2742.589322807746	-5184.660406791014	7.942992283378084	201942430.176	0.003493889254255838	0.0	0.0	0.0	-0.001555039225020093	0.0	0.0	0.0	-0.0015473320410149384	0.00336338620168
150	37.5	nan	nan	1	1	5.0	5.0	5.0	1.00375	4.76352635254e-22	-5.52250592359e-20	-1.81979734762e-23	0.998323382622	-2.95464778901e-20	1.63574966132e-22	1.12708528339e-21	0.998331795961	203279811.155	-26504.3264483	3367.88463949	-26361.0913905	13.3676835051	-5377.24080001	3349.68195542	-5377.2946161	14.2272895724	203961455.33110517	-26449.429594020206	3360.9372618494726	-26449.486220857303	13.33999580758883	-5366.148459713161	3360.9142129852908	-5366.156941670304	14.197941075037107	203961447.002	0.003742986278834297	0.0	0.0	0.0	-0.0016780244739103074	0.0	0.0	0.0	-0.0016695970407807003	0.00361120130196
160	40.0	nan	nan	1	1	5.0	5.0	5.0	1.004	8.01744808717e-22	-7.37282623581e-20	-1.90003386703e-21	0.998200617189	1.11550889072e-19	-6.78908487753e-22	-1.09847582019e-20	0.998209756003	205219672.829	-27211.120152	3980.77581884	-27053.9956581	18.8004870057	-5569.53517821	3957.79827359	-5569.5928193	18.8267096809	205958322.88555586	-27151.31679664688	3972.063416859607	-27151.371485414413	18.759168155210453	-5557.345587154193	3972.0436326158856	-5557.35222293042	18.785505184547336	205958309.822	0.003992021269537457	0.0	0.0	0.0	-0.0018010036448758405	0.0	0.0	0.0	-0.0017918483989173932	0.00385896848103
170	42.5	nan	nan	1	1	5.0	5.0	5.0	1.00425	-3.69767828387e-21	-5.5442607737e-20	-1.37642853929e-21	0.998077870502	9.2930639893e-20	2.11179210385e-21	4.66160219144e-21	0.998087748038	207137121.18	-27875.8669756	4584.55694807	-27704.5940393	23.3062614012	-5789.59759998	4556.40554088	-5789.66074049	22.4128608094	207933653.84713513	-27811.077705857075	4573.946757137772	-27811.130299224376	23.252092838193754	-5776.198543832947	4573.926909514224	-5776.204373670486	22.360989988463796	207933637.012	0.004240994257254614	0.0	0.0	0.0	-0.0019239791594759185	0.0	0.0	0.0	-0.0019140826499795583	0.00410668741618
180	45.0	nan	nan	1	1	5.0	5.0	5.0	1.0045	-1.64156577501e-21	1.62792453273e-19	-5.68273080824e-22	0.997955140132	7.02263932348e-20	-2.5634327183e-21	2.29439222407e-21	0.997965775348	209032657.47	-28497.5484124	5169.26740009	-28311.9208837	26.9822537038	-6048.56412618	5135.62172315	-6048.63573763	25.3171811899	209887935.02493793	-28427.712287829745	5156.654541440112	-28427.761876021897	26.916130962167085	-6033.80580968104	5156.634621534515	-6033.8129440078865	25.25540802108381	209887915.165	0.004489905272852001	0.0	0.0	0.0	-0.0020469534484796274	0.0	0.0	0.0	-0.0020362964971767828	0.00435435784413
190	47.5	nan	nan	1	1	5.0	5.0	5.0	1.00475	-4.41271129994e-21	2.61497434227e-19	-1.74493750218e-21	0.997832423909	-8.56123662186e-20	1.7201220838e-21	-2.64149788861e-21	0.997843840809	210906709.437	-29079.5052027	5758.61653132	-28879.3435363	30.0944878133	-6344.04563222	5719.01620281	-6344.1279041	27.7398240652	211821579.89787307	-29004.569025637247	5743.842633300053	-29004.61626186333	30.016936085659843	-6327.769798832841	5743.82413330767	-6327.779459082914	27.668656740617514	211821557.53	0.00473875434717347	0.0	0.0	0.0	-0.002169928684286388	0.0	0.0	0.0	-0.002158487048985085	0.00460197955032
200	50.0	nan	nan	1	1	5.0	5.0	5.0	1.005	7.74331203112e-21	2.08878821101e-19	9.16516118709e-22	0.997709720064	1.12853905332e-19	-2.27888258758e-22	1.12015764576e-20	0.997721946803	212759652.412	-29623.6275935	6358.64741335	-29408.7833504	32.5820784855	-6671.16843398	6312.58028525	-6671.26170091	29.6429189467	213734949.7281717	-29543.548135973426	6341.536244816962	-29543.59419046463	32.494001656895136	-6653.216269004402	6341.517363030146	-6653.227750937449	29.563149626444368	213734925.418	0.004987541511038968	0.0	0.0	0.0	-0.002292906638447788	0.0	0.0	0.0	-0.002280651907601233	0.00484955235063
210	100.0	nan	nan	1	1	5.0	5.0	5.0	1.01	1.71205707283e-21	-5.64425036614e-19	6.54465300652e-21	0.995255146961	-1.2686882645e-19	1.25152426679e-21	5.30222772646e-21	0.995295975802	245510945.464	-32824.5928553	16740.6467153	-32345.0954392	7186.83847305	-17257.4310169	16496.3817569	-17259.129149	7474.72517955	247847292.17362452	-32653.19832148198	16653.918131980576	-32652.899871947568	7149.312194044992	-17168.025119428872	16653.365663118937	-17169.010121244253	7436.000730217232	247840009.433	0.009950330853168092	0.0	0.0	0.0	-0.004756145589335427	0.0	0.0	0.0	-0.0047151229393378345	0.00979067205901
220	150.0	nan	nan	1	1	5.0	5.0	5.0	1.015	-7.59579276992e-21	-3.16644738485e-19	1.29701920048e-21	0.992797930439	3.88988300498e-19	1.22819777352e-20	-4.60582436876e-20	0.992896842877	271826269.368	-24971.4088655	28619.583444	-24425.3863561	-2234.61767537	-28596.8685517	27996.4713999	-28599.987797	-2931.32879325	275756927.7124135	-24778.3779785371	28401.181217719964	-24778.58197961111	-2217.3439110332356	-28378.63966767205	28401.305576442275	-28378.907719327242	-2908.9591897350756	275759502.973	0.014888612493750559	0.0	0.0	0.0	-0.007228129663815399	0.0	0.0	0.0	-0.00712850464650583	0.0147113988758
230	200.0	nan	nan	1	1	5.0	5.0	5.0	1.02	-1.29338994555e-20	2.20268270956e-19	1.15788742145e-20	0.990341714523	-1.11481447259e-18	-2.65260278834e-20	2.63126152853e-21	0.990523670036	293233723.047	-12671.5577273	47798.2556565	-12304.6835381	7750.29644209	-37918.3628361	46416.6693977	-37925.9091801	6450.70902797	298926201.7114635	-12541.947443443647	47318.04615533502	-12543.551522947646	7671.022990202868	-37537.41257227924	47317.745499985525	-37537.98624590915	6385.901395935406	298919192.347	0.01980262729617973	0.0	0.0	0.0	-0.009705229224796405	0.0	0.0	0.0	-0.009521516071010361	0.0196109534654
240	250.0	nan	nan	1	1	5.0	5.0	5.0	1.025	2.16369768729e-20	-1.58854411813e-18	8.51003414195e-21	0.987893161497	-1.21354675051e-18	1.22720515678e-20	-3.89775776441e-20	0.988171375613	310894707.413	-2194.72641348	71387.1591904	-2113.93928484	-14959.6208248	-47843.5006264	68824.7402176	-47855.75212	-14779.1257177	318471871.5977422	-2166.8270846520218	70499.5354565529	-2165.4604740268296	-14769.45435212738	-47248.61735680448	70502.14528165026	-47247.41052602933	-14595.362938772883	318486587.952	0.024692612590371414	0.0	0.0	0.0	-0.012180723218042224	0.0	0.0	0.0	-0.011899139178034212	0.0244889021608
250	300.0	nan	nan	1	1	5.0	5.0	5.0	1.03	-1.15590218798e-20	1.92647717686e-18	-1.63120016795e-20	0.985457002566	2.33266917973e-18	-8.04681299892e-21	7.14915659817e-20	0.985836652338	325698521.229	2638.02800844	97016.3728624	2526.32620514	-19353.6731245	-56991.2915946	92860.9634305	-57011.43098	-20449.9391307	335253365.3702239	2597.9884549126687	95580.68289048228	2600.4396922044084	-19059.92626944783	-56147.90997338586	95585.17608284569	-56146.12089417454	-20147.3121444498	335273024.0	0.02955880224154443	0.0	0.0	0.0	-0.014649783411196798	0.0	0.0	0.0	-0.014264605103795104	0.0293448403153
260	350.0	nan	nan	1	1	5.0	5.0	5.0	1.035	7.58425360038e-20	2.6120378511e-19	-2.41602913314e-20	0.983035130095	2.77376820446e-19	-4.75992811688e-20	-9.86330162408e-20	0.983518269548	338235755.14	1530.82235222	121444.785373	1459.74805401	-16655.4092562	-64914.3650919	115407.279365	-64942.5471627	-16908.3923976	349838856.99189603	1503.8413200526263	119362.93352078488	1509.8243841773246	-16361.854532328558	-63801.57880974823	119366.30024488317	-63797.92254215771	-16618.54242238032	349855425.74	0.03440142671733232	0.0	0.0	0.0	-0.01711042183875266	0.0	0.0	0.0	-0.016619065272683368	0.0341786241705
270	400.0	nan	nan	1	1	5.0	5.0	5.0	1.04	9.34912615532e-20	-2.21162949506e-18	-3.34710363063e-20	0.980628607354	3.97344479046e-18	7.7821152029e-20	1.83488512199e-19	0.981215430417	348920630.013	-3321.98929764	143756.776185	-3130.06545223	-22970.7257694	-72471.4120357	135633.810074	-72512.5540323	-24617.7937254	362624981.96272504	-3255.3712258097307	140958.2265620716	-3253.003206244249	-22510.078451726007	-71060.59267672525	140961.0200743574	-71058.41131830851	-24138.552891153075	362648409.396	0.03922071315328133	0.0	0.0	0.0	-0.01956147687419989	0.0	0.0	0.0	-0.018963240654395152	0.0389902444542
280	450.0	nan	nan	1	1	5.0	5.0	5.0	1.045	7.13989217531e-20	-5.71932527854e-19	3.7812080161e-20	0.978238070541	2.59338989137e-18	-4.72353216992e-20	-7.35353638392e-19	0.978927822926	358089496.834	-10197.1568023	162628.85529	-9543.48930472	-20685.0426733	-78916.328397	152348.852705	-78970.9575202	-22393.1143675	373935201.15102375	-9968.094233672198	159087.75535186313	-9965.79521151786	-20220.38677962454	-77197.99492471253	159090.39328171322	-77197.00319868824	-21905.52404559775	373956389.932	0.04401688541677426	0.0	0.0	0.0	-0.02200221265955659	0.0	0.0	0.0	-0.021297364474884267	0.0437796740272
290	500.0	nan	nan	1	1	5.0	5.0	5.0	1.05	-1.65525458017e-19	1.81646215539e-18	-1.09187840857e-19	0.975863664038	4.90485016019e-19	-2.64697796017e-22	-6.01922788143e-20	0.976655340011	365988398.779	-18179.2413375	177487.713109	-16901.0769868	-9567.91732738	-85272.6811417	165095.90813	-85346.7158039	-9992.30410237	384004967.7490952	-17727.4033830363	173216.73454590727	-17733.06898495468	-9330.11047320926	-83220.72054795468	173223.11059168447	-83225.45646347389	-9751.854124906396	384014654.217	0.04879016416943205	0.0	0.0	0.0	-0.02443239081204553	0.0	0.0	0.0	-0.023621462964744287	0.0485469850447
300	550.0	nan	nan	1	1	5.0	5.0	5.0	1.055	4.17329162645e-20	-1.27322286862e-18	3.72562147894e-21	0.973505428359	-1.61591387023e-18	3.56481756786e-20	2.88588426469e-19	0.974397769356	372791593.561	-27596.3924421	189257.563685	-25457.3005889	-16868.0073542	-91159.0350483	174804.096747	-91242.2305193	-17686.0802617	392999005.9329365	-26845.010094681715	184273.297713383	-26837.230232598016	-16408.732722972032	-88758.28092492493	184279.46724430312	-88757.92748965172	-17220.30163545498	393015982.873	0.05354076692802976	0.0	0.0	0.0	-0.02685187805908075	0.0	0.0	0.0	-0.02593567127789285	0.0532923197151
310	600.0	nan	nan	1	1	5.0	5.0	5.0	1.06	-7.68285352939e-21	-1.93308800431e-18	3.89105760145e-21	0.971163448474	-4.38216465729e-18	-7.12500292429e-20	1.86707899143e-19	0.97215500877	378667397.039	-40135.0582382	198367.517677	-36765.9210074	-23187.4396922	-95966.5560168	181931.052807	-96064.6973607	-24118.0679476	401079133.17084175	-38947.76259680406	192695.85146955968	-38941.94177577136	-22501.497095124676	-93222.7082377943	192698.7892997161	-93222.86277828942	-23428.491183374495	401102275.201	0.058268908123975824	0.0	0.0	0.0	-0.029260494811410385	0.0	0.0	0.0	-0.028240013193121524	0.0580157664938
320	650.0	nan	nan	1	1	5.0	5.0	5.0	1.065	5.75055961847e-21	-2.89124108633e-18	-4.27486940567e-20	0.968837856682	4.61918829873e-18	5.49016316164e-20	4.66470308476e-19	0.969926899735	383764081.887	-56620.8854091	203530.066484	-51516.9915266	-7524.50811241	-99274.4736942	185366.668413	-99392.7711339	-7448.95386681	408389173.65933293	-54813.564438102345	197254.93004726327	-54822.69600508886	-7284.328164503092	-96213.69315264148	197261.14065948245	-96220.18493469163	-7219.291475239636	408396613.424	0.06297479916138839	0.0	0.0	0.0	-0.031658011658223344	0.0	0.0	0.0	-0.03053457142243735	0.0627174145381
330	700.0	nan	nan	1	1	5.0	5.0	5.0	1.07	-7.25404309985e-20	1.30718359585e-18	6.05363859491e-20	0.966528740095	1.86561653611e-18	-7.33609941661e-20	-7.50682949504e-19	0.967712932634	388150206.881	-75374.7894444	207179.428575	-68092.9773868	-18103.4385851	-101620.534578	187378.966795	-101749.853133	-17519.5384139	414990834.001635	-72794.03434339847	200330.9639434121	-72801.61384550287	-17483.59550734749	-98261.3949100935	200336.241810794	-98266.04303635166	-16940.41750399796	415008245.121	0.06765864847381486	0.0	0.0	0.0	-0.034044244516165084	0.0	0.0	0.0	-0.03281979288362171	0.0673974857789
340	750.0	nan	nan	1	1	5.0	5.0	5.0	1.075	1.47052860577e-19	-1.36578768789e-18	-2.76212150144e-20	0.964236421979	5.12772570444e-18	6.3798786285e-20	-1.36799791449e-18	0.965512793409	391947411.947	-95661.7293041	208904.866182	-85806.8246929	-9748.44146916	-103811.160877	187631.614696	-103956.009471	-9855.26443393	421004013.82712513	-92166.21030199926	201537.82168634093	-92168.02180175202	-9392.229401448036	-100150.25313796918	201541.4836278146	-100157.41405429691	-9507.717854818746	421013674.52	0.07232066157962608	0.0	0.0	0.0	-0.036418763425145655	0.0	0.0	0.0	-0.03509592664827444	0.0720560520614
350	800.0	nan	nan	1	1	5.0	5.0	5.0	1.08	1.35809821691e-19	3.97843434391e-18	-3.62635980543e-21	0.961960833674	-8.52379842734e-19	-4.84529315609e-20	5.6221811874e-19	0.963326146595	395205539.025	-115998.385312	207949.166077	-103310.092074	-18206.7274025	-105912.567489	185490.771971	-106066.025645	-17411.8706725	426473730.1281681	-111494.85841899538	200159.42167830744	-111483.86339771462	-17499.868541747564	-101945.09868442164	200166.5807164248	-101948.11316163582	-16759.624623137905	426491081.058	0.0769610411361284	0.0	0.0	0.0	-0.03878154258183571	0.0	0.0	0.0	-0.03736324685360428	0.0766933288028
360	850.0	nan	nan	1	1	5.0	5.0	5.0	1.085	2.17488944097e-19	-2.12872614535e-18	-9.42853549412e-20	0.959702103373	1.20977745389e-17	1.93824961133e-20	5.91460607755e-19	0.961152708866	397998696.746	-135561.504546	203338.590578	-119907.481833	-20734.3548152	-108228.087272	180130.111213	-108395.280252	-22067.4808987	431472190.00429314	-129991.28826432773	195278.13743840216	-129992.24421431344	-19882.381084394976	-103937.86659443694	195279.8695227665	-103941.32293618073	-21192.71386511662	431492956.416	0.08157998699242285	0.0	0.0	0.0	-0.041132351662509614	0.0	0.0	0.0	-0.039621976427982125	0.0813094435249
370	900.0	nan	nan	1	1	5.0	5.0	5.0	1.09	2.88123550964e-20	-2.29217703439e-18	-1.00598397376e-19	0.95746026089	6.58044014854e-18	1.30297490089e-20	-4.6322114303e-23	0.958992230615	400389249.108	-154573.214814	196630.154967	-135784.397607	-16372.1786729	-109942.800044	173006.069687	-110123.25049	-15991.8283062	436060312.04317534	-147874.28332890748	188409.5298291745	-147881.56006439574	-15662.637221469198	-105346.36087668962	188419.34667613232	-105350.70234292364	-15323.249136358017	436076040.494	0.08617769624105241	0.0	0.0	0.0	-0.0434710617755537	0.0	0.0	0.0	-0.041872305680004274	0.0859045458224
380	950.0	nan	nan	1	1	5.0	5.0	5.0	1.095	5.93320109772e-20	-2.08682448424e-18	-2.25522522206e-20	0.955235329648	-6.52003611149e-19	6.34348268155e-20	7.87641379273e-19	0.956844353197	402412206.22	-174341.315017	187802.89256	-152086.073664	-13547.7469478	-111061.99743	164120.464531	-111255.985828	-13130.7509731	440270382.27251434	-166396.77317313183	179546.8463101914	-166394.04261452335	-12930.391030148243	-106179.5753603545	179560.60611715802	-106186.1730030528	-12553.507002834745	440283366.799	0.09075436326846412	0.0	0.0	0.0	-0.04579755037787248	0.0	0.0	0.0	-0.04411454109406952	0.090478823802
390	1000.0	nan	nan	1	1	5.0	5.0	5.0	1.1	3.28026743714e-19	1.95378737196e-18	2.46168950296e-20	0.95302715729	-4.70140343418e-18	5.19072377989e-20	-5.07524936638e-19	0.954708919131	404101269.838	-195310.716142	177700.455913	-169203.086503	-21967.0439104	-111467.421994	154240.012224	-111666.784516	-21292.0255202	444133936.2885898	-185978.35731370613	169508.1486147628	-185965.3469311852	-20917.41212255845	-106328.57544447726	169519.94184454693	-106331.10953159507	-20310.425247048268	444154802.237	0.09531017980432493	0.0	0.0	0.0	-0.04811187910226685	0.0	0.0	0.0	-0.04634878168283454	0.0950324586223
400	1050.0	nan	nan	1	1	5.0	5.0	5.0	1.105	-1.65912578543e-19	5.68311462004e-18	2.00111533789e-20	0.950835724378	4.09805127793e-19	-7.35131953988e-20	-1.52346816498e-19	0.952585871909	405520874.097	-214720.613381	167311.300672	-184791.957072	3152.45933283	-111464.941192	144253.28245	-111683.548245	2906.75367637	447717002.8295415	-203989.2705819372	159241.9572620327	-204020.3265775442	2994.905191995485	-106089.04078935266	159263.434738476	-106101.80915455635	2766.5623472212465	447714384.213	0.09984533496971612	0.0	0.0	0.0	-0.05041397123391754	0.0	0.0	0.0	-0.04857502180975923	0.0995655486404
410	1100.0	nan	nan	1	1	5.0	5.0	5.0	1.11	1.57984879553e-19	-2.8947880368e-18	-4.54750813557e-20	0.94866074599	4.12928561786e-19	3.69584297689e-20	-1.7220080556e-18	0.950474877183	406651799.48	-232297.093617	155633.504178	-198511.396234	-15940.5638081	-111390.831688	133286.296282	-111600.992145	-16085.2928944	450994375.55335194	-220181.15990237062	147798.2141845704	-220157.6958450912	-15109.15084694091	-105782.91664750471	147820.2482772391	-105780.21237431093	-15275.486965255513	451009838.97	0.10436001532424286	0.0	0.0	0.0	-0.05270403007052154	0.0	0.0	0.0	-0.05079354856235195	0.104078381448
420	1150.0	nan	nan	1	1	5.0	5.0	5.0	1.115	-7.14684049246e-22	-3.79931334535e-18	-1.5352472169e-20	0.946502150928	-9.7795777112e-18	-6.58965163184e-20	-3.170153154e-19	0.9483759673	407555613.749	-249457.755841	142876.922331	-211752.830512	-21590.7779793	-111127.636988	121544.175259	-111350.263109	-20939.381007	454030192.9041022	-235907.42144418863	135383.46150714613	-235899.53184785182	-20417.985173077133	-105299.32979442916	135404.1595245949	-105301.81095639753	-19841.17404192976	454050603.522	0.10885440491208208	0.0	0.0	0.0	-0.054982035828209826	0.0	0.0	0.0	-0.053004265369231605	0.108571041807
430	1200.0	nan	nan	1	1	5.0	5.0	5.0	1.12	4.06933156707e-19	1.1044250841e-18	9.87587476939e-20	0.944359686556	6.10898690406e-18	4.82411733241e-20	-7.40472232023e-19	0.946289125065	408259248.528	-265613.623202	129840.259067	-223940.795283	-17183.1279973	-110905.467614	109721.838491	-111127.823626	-17224.8472683	456851171.9748985	-250615.81543566968	122759.1609306994	-250594.72662751627	-16212.886910186162	-104857.01618860815	122781.17565392035	-104853.01845546137	-16285.455782438265	456867712.927	0.11332868530700327	0.0	0.0	0.0	-0.05724816151373908	0.0	0.0	0.0	-0.055207127592528334	0.113043695308
440	1250.0	nan	nan	1	1	5.0	5.0	5.0	1.125	4.83073477731e-20	6.57668143984e-18	-2.16258099346e-19	0.94223313193	7.57903905379e-18	7.54785765342e-20	1.05748092998e-18	0.944214225414	408771654.632	-280926.446925	115839.710563	-235294.320401	-12163.5689585	-110349.833631	97245.9866814	-110588.477136	-11849.7314918	459464394.948069	-264465.8283528591	109281.4804767503	-264473.7259365229	-11450.856178007474	-104102.41126250324	109305.69163833513	-104108.65026126073	-11178.86253670848	459476012.524	0.11778303565638346	0.0	0.0	0.0	-0.05950254890014876	0.0	0.0	0.0	-0.05740220488092306	0.117496532751
450	1300.0	nan	nan	1	1	5.0	5.0	5.0	1.13	1.93480853999e-19	-7.60365594882e-18	3.04058358285e-19	0.940122304071	1.21160651566e-17	-6.25150019743e-20	5.17040822405e-19	0.942151156301	409111438.101	-294966.264229	101370.612292	-245387.556006	-15733.7621708	-109878.148997	84542.1967188	-110119.402592	-15168.7906258	461888000.8581016	-277059.67401546985	95422.16588696356	-277043.26284586894	-14778.608765558627	-103430.47875396602	95448.38543712045	-103434.35668707981	-14278.683167369356	461902843.089	0.12221763272424911	0.0	0.0	0.0	-0.061745301467922294	0.0	0.0	0.0	-0.05958955411406654	0.121929726199
460	1350.0	nan	nan	1	1	5.0	5.0	5.0	1.135	-8.54179787747e-20	1.8369497648e-18	-2.89447039945e-19	0.938026983717	1.66193158207e-18	2.01315908761e-19	5.98905233268e-19	0.940099904741	409298838.73	-306805.69871	88442.9467216	-253569.861935	-12238.0211647	-109373.249225	73284.1910301	-109623.091978	-11872.8046908	464142323.6098654	-287536.877273052	83071.49200284506	-287546.6377601458	-11469.41665195563	-102730.62279256665	83103.81435266642	-102738.25315795309	-11151.727034014068	464153957.797	0.126632650933366	0.0	0.0	0.0	-0.06397656310077056	0.0	0.0	0.0	-0.06176912772621903	0.126343425672
470	1400.0	nan	nan	1	1	5.0	5.0	5.0	1.14	3.50486351706e-19	4.83608167279e-18	1.5683344414e-19	0.935946907094	-1.61019904482e-17	1.79815830279e-19	9.19930720277e-19	0.938060388183	409341441.436	-316275.407777	73701.9474576	-259624.798237	-23454.8916565	-109818.54681	60663.4440567	-110067.875868	-23041.6596836	466233745.2132632	-295753.4202705462	69075.31892368858	-295708.74037975876	-21932.987070483934	-102924.70424883645	69094.75038948037	-102925.96246631801	-21595.223003997322	466255840.113	0.131028262406404	0.0	0.0	0.0	-0.06619652730353769	0.0	0.0	0.0	-0.0639409523221857	0.130737820751
480	1450.0	nan	nan	1	1	5.0	5.0	5.0	1.145	-3.43815967246e-19	-7.30671796125e-19	7.09125395529e-20	0.933881968369	-3.65441777181e-19	-1.83859089113e-19	9.28546633538e-19	0.936032651901	409280517.348	-321820.014555	57963.2627186	-262501.035727	3651.57747769	-109312.202913	47416.6824339	-109582.444277	3614.57766195	468207194.84501916	-300273.1948766714	54206.996801267385	-300294.95265993365	3407.093362673015	-102228.30730581086	54243.55895337343	-102245.5694402627	3380.337658190214	468204132.919	0.13540463700620298	0.0	0.0	0.0	-0.06840522093486422	0.0	0.0	0.0	-0.06610491860337993	0.135112998459
490	1500.0	nan	nan	1	1	5.0	5.0	5.0	1.15	3.74362092907e-19	1.6582893404e-17	1.04555629427e-19	0.931831918217	-9.69259801543e-18	4.86580723528e-20	1.11094988477e-18	0.9340165304	409110023.346	-323590.103454	43891.2245454	-262185.02683	26754.6427194	-108218.609853	35680.3688603	-108471.489068	27501.10844	470054240.7204055	-301260.9407835081	40958.33322217599	-301242.1517001186	24908.452854210576	-100987.24583578223	40995.59467177327	-100986.47176167142	25663.434436639967	470029282.299	0.13976194237515863	0.0	0.0	0.0	-0.07060282582143777	0.0	0.0	0.0	-0.0682611424088404	0.139469170614
500	1550.0	nan	nan	1	1	5.0	5.0	5.0	1.155	-6.88214269644e-22	6.91861805273e-18	1.88253072527e-19	0.929796540957	-2.4312386685e-17	-9.51985623375e-20	1.2096391493e-18	0.932011795031	408811168.92	-323774.138936	31730.9446147	-260627.405385	21251.972292	-106755.524411	25623.949797	-107013.356735	21383.5953289	471751638.95582503	-300772.94226238265	29546.979484146163	-300753.5385395457	19742.21368065155	-99407.79664434544	29569.006994576634	-99411.03471800823	19911.81353572402	471732133.781	0.14410034397375687	0.0	0.0	0.0	-0.07278948993369089	0.0	0.0	0.0	-0.07040980876396633	0.143806558777
510	1600.0	nan	nan	1	1	5.0	5.0	5.0	1.16	-2.90691119586e-19	4.98002433426e-19	-4.99220043288e-20	0.92777565502	-7.59656204789e-18	1.02239523712e-19	-3.33201585626e-19	0.930018376326	408399213.423	-323191.323707	22619.8514596	-258442.479936	-17670.334147	-105227.691822	18153.2515523	-105487.026584	-17311.0512169	473315137.98439133	-299578.1773612815	21017.874140608612	-299522.4624128698	-16379.296437803532	-97775.28321844478	21038.749539516983	-97779.88714803888	-16085.052387203741	473331686.215	0.14842000511827322	0.0	0.0	0.0	-0.07496532647846768	0.0	0.0	0.0	-0.07255093353972897	0.148125315863
520	1650.0	nan	nan	1	1	5.0	5.0	5.0	1.165	3.10464044948e-19	-8.71596902725e-19	-3.48818755591e-19	0.925769293694	-3.88655773892e-18	-1.1063706129e-19	-3.85168380429e-19	0.928036482913	407955837.656	-323621.88553	14821.934327	-257126.782852	17683.5419861	-103920.50076	11831.6771597	-104183.308411	18657.0896011	474837850.90857464	-299327.70027969923	13742.830418014843	-299281.24005283177	16356.044483302212	-96354.6179190858	13771.41258092103	-96362.30276306327	17298.76902871979	474821336.433	0.15272108701766393	0.0	0.0	0.0	-0.07713021825625015	0.0	0.0	0.0	-0.07468423348485453	0.152425417223
530	1700.0	nan	nan	1	1	5.0	5.0	5.0	1.17	-5.75982404133e-20	1.25519694871e-18	2.82697246146e-19	0.92377683088	4.23415888465e-18	-2.27653339464e-19	2.31764096237e-18	0.92606577602	407383909.693	-325070.740544	6792.6995425	-256631.539648	-18020.1593337	-102108.716024	5388.41393669	-102372.000009	-17489.7458139	476206119.12625885	-300019.984514789	6284.771289587518	-299986.0982071345	-16631.481243753842	-94473.47448082564	6298.716340983367	-94482.96025058867	-16181.939399152196	476222837.563	0.1570037488096647	0.0	0.0	0.0	-0.0792847615339635	0.0	0.0	0.0	-0.0768100144396343	0.156707271602
540	1750.0	nan	nan	1	1	5.0	5.0	5.0	1.175	4.07634605866e-20	1.5030599649e-17	-3.25419470423e-19	0.921798245846	-2.96403298024e-18	1.02947590316e-19	1.29750889141e-18	0.924106572155	406772653.947	-326972.089893	-1412.03548263	-256493.887645	-10875.8764617	-99536.7305185	-1092.669321	-99792.8861192	-10589.1707805	477522470.46886885	-301127.7350933044	-1303.6825911288206	-301105.7741958325	-10016.231193121215	-91898.75491879258	-1282.7168899054006	-91905.10965426006	-9776.608145367421	477532678.236	0.16126814759612232	0.0	0.0	0.0	-0.08142890166347648	0.0	0.0	0.0	-0.07892787616126289	0.160970834264
550	1800.0	nan	nan	1	1	5.0	5.0	5.0	1.18	1.26419667378e-19	-7.41794397514e-18	2.87832383389e-19	0.919833233289	-9.49746280021e-18	-3.43935081255e-19	7.12956896127e-19	0.922158669116	406095026.694	-330196.376599	-11100.7736106	-257339.394099	-18525.2861624	-96532.4186288	-8672.54530855	-96771.5203285	-18168.5570986	478754557.2744833	-303448.25371973234	-10227.327000985591	-303383.19750954694	-17024.613636101385	-88936.9197269302	-10224.258650590113	-88932.37762311606	-16738.993254129993	478771752.615	0.16551443847757333	0.0	0.0	0.0	-0.08356289353424054	0.0	0.0	0.0	-0.08103797791502426	0.165216347422
560	1850.0	nan	nan	1	1	5.0	5.0	5.0	1.185	-5.62403407197e-19	-5.65918593928e-18	-2.01276204091e-19	0.917881724553	-4.99452977348e-18	5.1371224762e-20	8.62888345236e-19	0.920221981002	405365328.811	-334967.120949	-21426.0757781	-259443.587864	-10685.1514438	-92812.1047867	-16625.4892333	-93052.5800987	-10461.7114167	479918260.2802709	-307178.7913591632	-19698.699867672884	-307159.2622234734	-9798.728593711248	-85329.56828935184	-19683.172935773768	-85333.0888314927	-9618.285468327378	479928287.654	0.16974277458709455	0.0	0.0	0.0	-0.08568673701848767	0.0	0.0	0.0	-0.08314035434545486	0.169443924754
570	1900.0	nan	nan	1	1	5.0	5.0	5.0	1.19	3.53874483495e-19	-6.17751716344e-19	4.26163451587e-19	0.915943681213	-1.20305677685e-17	-1.75183618849e-19	7.85186307215e-19	0.918296406914	404611034.186	-341540.096478	-32673.8640457	-262851.019661	25371.9912098	-88253.9375549	-25210.3469723	-88470.8580026	25806.8476156	481045400.27583474	-312544.49246927386	-29976.765136334783	-312505.74819373555	23217.994599684196	-80968.92227805401	-29972.789730711578	-80959.98009570436	23676.593891680528	481022280.801	0.17395330712343798	0.0	0.0	0.0	-0.08780039959010968	0.0	0.0	0.0	-0.08523505712867317	0.173653673298
580	1950.0	nan	nan	1	1	5.0	5.0	5.0	1.195	-1.5680697436e-19	-5.13704306686e-18	-4.21398891259e-20	0.91401878076	-7.80683797705e-18	-1.41878018665e-20	1.1689187021e-18	0.916381505153	403757641.083	-349817.483039	-44371.5194032	-267539.046432	-11808.8315211	-82420.2821311	-34021.5204948	-82646.7630039	-11359.3351649	482046927.93711334	-319445.8790187503	-40623.868307399054	-319415.3182831253	-10783.573572912466	-75459.0046089567	-40618.350637967385	-75471.26469059807	-10399.917379552815	482057860.039	0.17814618538347404	0.0	0.0	0.0	-0.08990415986163035	0.0	0.0	0.0	-0.08732251067433205	0.177845926505
590	2000.0	nan	nan	1	1	5.0	5.0	5.0	1.2	-1.64430270886e-19	-2.3713216754e-18	1.70359501517e-19	0.912107104533	-3.82227852613e-17	-9.79381845263e-22	-2.53355495458e-19	0.914477491919	402890779.31	-358590.808528	-55539.8898984	-272483.281418	-14202.3039775	-75518.6243685	-42325.8834557	-75695.4917644	-13867.3355283	483023731.8226799	-326772.03803699726	-50743.209160394676	-326678.8375629252	-12942.093620858237	-68996.48808894143	-50744.28909611086	-68978.81798923555	-12669.688551726327	483036891.984	0.1823215567939546	0.0	0.0	0.0	-0.09199785662232557	0.0	0.0	0.0	-0.08940242389915984	0.182020632855
600	2050.0	nan	nan	1	1	5.0	5.0	5.0	1.205	-6.38133446638e-19	3.56929096061e-18	2.74650433147e-19	0.910208337863	1.64471563742e-17	1.13886226736e-19	-3.8746463381e-19	0.912584293393	401990017.945	-368259.319387	-67986.2051806	-278156.895974	-4541.82481836	-67357.5170546	-51487.929967	-67527.2084007	-4535.98055384	483951087.0361102	-334883.4687324038	-61985.90469877348	-334869.8379660397	-4130.19296315196	-61412.70308882977	-61985.71746669087	-61407.12425332483	-4135.645717817586	483955591.134	0.18647956694261839	0.0	0.0	0.0	-0.09408176296802953	0.0	0.0	0.0	-0.091474821470824	0.18617799012
610	2100.0	nan	nan	1	1	5.0	5.0	5.0	1.21	-8.78267287184e-20	2.88420012496e-18	1.3023131564e-19	0.908322247272	-6.80479800045e-18	1.33652534654e-19	-1.33804735887e-19	0.910701894948	401061293.443	-379556.858128	-83447.5055544	-284935.507914	6382.94808558	-58355.1521231	-62801.3443615	-58521.6051216	6659.27564739	484835663.9103929	-344441.3101201511	-75925.56587774436	-344453.3252390835	5792.415428532862	-53095.031629673525	-75919.3968248159	-53107.3484953875	6059.010014797366	484830131.824	0.1906203596086497	0.0	0.0	0.0	-0.09615606546554713	0.0	0.0	0.0	-0.09353966365067386	0.190318144377
620	2150.0	nan	nan	1	1	5.0	5.0	5.0	1.215	-5.90170205999e-19	-5.79280538671e-18	8.24798332389e-20	0.906448697131	2.41013166625e-17	-1.91515472863e-19	6.58382828033e-19	0.908830242991	400113611.478	-390694.76671	-101389.79867	-291434.263045	27482.022542	-49091.911188	-75854.6108965	-49216.9220616	27816.6918924	485687947.30564696	-353816.8775231293	-92060.80193087674	-353764.79312962055	24887.979651511963	-44574.90567661915	-92078.02284930606	-44571.31031412103	25257.24477482542	485663293.6	0.19474407679251185	0.0	0.0	0.0	-0.0982208448388404	0.0	0.0	0.0	-0.09559695362990821	0.1944412188
630	2200.0	nan	nan	1	1	5.0	5.0	5.0	1.22	2.6448603778e-19	3.12650448743e-18	-2.31134115482e-19	0.904587320827	-2.17497943822e-17	2.41444094637e-19	-5.50492006376e-19	0.906969082986	399092153.757	-398828.279211	-119829.460992	-295660.110107	-19201.3728627	-38672.4812104	-89088.3951931	-38774.0783212	-19221.5645718	486441042.3631518	-360440.539501646	-108580.86046991825	-360370.9338601115	-17353.215793763513	-35042.227942695325	-108587.08048311726	-35042.02293884615	-17417.20277723255	486458868.239	0.19885085874516517	0.0	0.0	0.0	-0.10027643836759897	0.0	0.0	0.0	-0.09764691656374541	0.198547495032
640	2250.0	nan	nan	1	1	5.0	5.0	5.0	1.225	2.7443867491e-19	-4.78758903656e-18	1.57336369952e-19	0.902738249763	-1.29839562902e-18	-1.51632132448e-19	-1.00976915225e-18	0.905118712341	398095402.12	-407317.660724	-137861.159952	-300164.820818	8039.74508959	-27240.4296368	-101864.667498	-27334.4668079	8210.21095493	487214016.44267094	-367359.781984762	-124664.84325810004	-367360.45472197933	7251.045776102826	-24632.927012491073	-124668.34211347553	-24652.954525397006	7424.314884400008	487207143.973	0.20294084399669038	0.0	0.0	0.0	-0.10232263495691189	0.0	0.0	0.0	-0.09968917002729072	0.202636868483
650	2300.0	nan	nan	1	1	5.0	5.0	5.0	1.23	-8.26915914757e-20	7.67221267799e-18	-5.11660839701e-19	0.900901132692	2.13314659854e-17	2.24172563447e-19	-2.76082448224e-18	0.903278908258	397078608.893	-416502.701436	-155941.48577	-304993.883056	25718.2653827	-14802.9128277	-114531.439164	-14856.9553604	25708.713504	487952434.66900676	-374878.7659852832	-140727.64607269235	-374793.5659672678	23148.064962623237	-13358.722773322748	-140742.6472607556	-13372.199202076505	23200.540363654636	487929753.738	0.20701416938432612	0.0	0.0	0.0	-0.10435975803615648	0.0	0.0	0.0	-0.10172390475243967	0.206709602433
660	2350.0	nan	nan	1	1	5.0	5.0	5.0	1.235	-3.48342299558e-19	3.38453189899e-18	2.10381808274e-19	0.899075620977	9.0475824261e-18	2.81042884921e-19	-8.36233277177e-19	0.901449605321	396012979.71	-426260.258461	-171949.158638	-310298.155326	2352.89510349	-2033.2034667	-125504.053244	-2054.3904226	2261.58486191	488620570.0225985	-382883.3079671786	-154859.15168592203	-382861.34369479696	2113.46059746842	-1831.1236097462088	-154853.1618361026	-1845.3322477238305	2036.8062045504382	488619018.534	0.2110709700799406	0.0	0.0	0.0	-0.10638813127727746	0.0	0.0	0.0	-0.10375113882085815	0.210765902269
670	2400.0	nan	nan	1	1	5.0	5.0	5.0	1.24	-1.20172799392e-19	-9.19422500509e-18	-1.29701920048e-19	0.897261602216	-2.06047646562e-17	-4.02995776991e-19	7.80699679572e-19	0.899631030719	394952247.356	-437776.368465	-186609.968417	-316727.888697	1368.25420191	10130.4060766	-135372.756301	10149.1757136	1602.51968215	489284073.6855264	-392433.61598738586	-167723.55982027357	-392376.3256670322	1226.5370694361834	9105.128648837468	-167705.67609731323	9097.97332949879	1440.331982542501	489283298.801	0.2151113796169455	0.0	0.0	0.0	-0.10840781817594466	0.0	0.0	0.0	-0.10577056558458547	0.214805777492
680	2450.0	nan	nan	1	1	5.0	5.0	5.0	1.245	4.52103835597e-20	6.53041226509e-18	1.17949337905e-19	0.895458806729	-1.95394619064e-18	1.83184109734e-19	4.87282172688e-19	0.897823071534	393870818.282	-447114.908688	-201232.537465	-321597.608442	-7178.72709026	21033.254138	-145129.307882	21082.282353	-7230.74858362	489911271.975487	-399999.12243250146	-180502.50776278033	-400015.1473605505	-6422.251820482613	18866.507206774182	-180517.26740133058	18860.687210854663	-6485.870867540932	489918316.785	0.219135529916671	0.0	0.0	0.0	-0.11041905884204141	0.0	0.0	0.0	-0.10778225510973347	0.218829420058
690	2500.0	nan	nan	1	1	5.0	5.0	5.0	1.25	-9.92352037268e-19	3.71948049007e-18	-2.64591916899e-19	0.89366707457	-3.78440556548e-17	-2.23590228296e-19	8.67123509972e-19	0.896025718553	392778854.424	-453103.196018	-215742.566587	-323958.782338	-14689.6317646	30659.3221893	-154679.360111	30741.7308015	-14601.2728712	490514518.40002894	-404544.8130660541	-193130.14676371065	-404569.8598846827	-13115.366186874568	27445.855900243074	-193168.4228330897	27447.18609295733	-13070.883586687447	490528228.391	0.22314355131420976	0.0	0.0	0.0	-0.11242197297649525	0.0	0.0	0.0	-0.10978616267696366	0.222836942402
700	2550.0	nan	nan	1	1	5.0	5.0	5.0	1.255	-1.02438047059e-19	1.48786631141e-17	2.87567685593e-19	0.891886294656	1.81706566636e-17	2.61117758326e-19	7.15584021752e-19	0.894238905426	391685702.071	-455820.313335	-232787.124129	-323932.599199	-15835.1990726	38886.3824534	-165876.579113	38976.9952516	-15857.8396651	491105352.57279253	-406159.287765829	-207972.4169116228	-406154.81366386206	-14109.974893177901	34741.160938530746	-207980.21331422508	34730.502716773924	-14167.421220085398	491120130.904	0.22713557258374711	0.0	0.0	0.0	-0.11441662688616369	0.0	0.0	0.0	-0.11178230748860493	0.226828458941
