inc	time	elem	node	ip	grain	1_pos	2_pos	3_pos	1_f	2_f	3_f	4_f	5_f	6_f	7_f	8_f	9_f	1_p	2_p	3_p	4_p	5_p	6_p	7_p	8_p	9_p	1_Cauchy	2_Cauchy	3_Cauchy	4_Cauchy	5_Cauchy	6_Cauchy	7_Cauchy	8_Cauchy	9_Cauchy	Mises(Cauchy)	1_ln(V)	2_ln(V)	3_ln(V)	4_ln(V)	5_ln(V)	6_ln(V)	7_ln(V)	8_ln(V)	9_ln(V)	Mises(ln(V))
0	0.0	nan	nan	1	1	5.0	5.0	5.0	1.0	0.0	0.0	0.0	1.0	0.0	0.0	0.0	1.0	2.91924027386e-06	-8.55168402657e-07	6.52785594672e-07	-8.55168402657e-07	5.51017658935e-06	-7.37391820433e-07	6.52785594672e-07	-7.37391820433e-07	4.55756354639e-06	2.91924027386e-06	-8.55168402657e-07	6.52785594672e-07	-8.55168402657e-07	5.51017658935e-06	-7.37391820433e-07	6.52785594672e-07	-7.37391820433e-07	4.55756354639e-06	3.20247233431e-06	0.0	0.0	0.0	0.0	0.0	0.0	0.0	0.0	0.0	0.0
10	2.5	nan	nan	1	1	5.0	5.0	5.0	1.00025	3.47979374065e-21	-2.52020542271e-20	-1.9588670881e-22	0.999924372696	-6.11067786802e-20	-2.19461356268e-22	1.14985859963e-21	0.999929183162	54325554.3542	299509.761194	-1383099.86256	299412.257292	18.5844469954	944049.535384	-1382656.25123	944054.077127	19.9423135045	54333510.88759053	299456.1090031423	-1382858.7558960172	299456.1092811973	18.58111790090497	943884.965463727	-1382858.7553877821	943884.9655450465	19.938837092701164	54413297.8768	0.0002499687552074404	0.0	0.0	0.0	-7.56301638887609e-05	0.0	0.0	0.0	-7.081934563024886e-05	0.0002154802418
20	5.0	nan	nan	1	1	5.0	5.0	5.0	1.0005	-9.20817457894e-21	-8.51359231105e-20	3.65820625902e-22	0.999848715735	-9.33470736327e-21	-9.04030861338e-21	4.82005897753e-21	0.999858340307	108694383.361	599236.710566	-2767166.74167	598846.636029	-163.474562114	1888227.61331	-2765392.05696	1888245.78817	-173.55230996	108726231.72356041	599022.0992317048	-2766202.3326318604	599022.1030972385	-163.41601514369597	1887569.5308934553	-2766202.3399399333	1887569.5296215315	-173.49182375445446	108885953.916	0.0004998750416509929	0.0	0.0	0.0	-0.0001512957096191332	0.0	0.0	0.0	-0.00014166972768194633	0.000430941011147
30	7.5	nan	nan	1	1	5.0	5.0	5.0	1.00075	-1.4599634414e-20	1.24328063651e-19	-4.98789909369e-22	0.999768411578	-1.12184832539e-19	-6.19578958318e-21	-3.94231695003e-21	0.999785247521	159310213.217	863287.477288	-3963606.14796	862440.787504	-2439.4764832	2838939.14982	-3959785.18405	2838986.94684	-1333.16219112	159381343.70284927	862825.7908928529	-3961553.1210425664	862825.8590633972	-2438.1718504638543	2837468.666054973	-3961553.1902456633	2837468.655791143	-1332.4716538260554	159613541.079	0.0007497188905459742	0.0	0.0	0.0	-0.00023161524273937053	0.0	0.0	0.0	-0.00021477554161533781	0.000648682385276
40	10.0	nan	nan	1	1	5.0	5.0	5.0	1.001	-6.69416590224e-21	-6.89703194747e-21	5.70837340723e-21	0.999655320064	2.07673722346e-19	4.67977431552e-21	4.92198313863e-21	0.999687652449	179503646.818	943934.484727	-3543857.54436	942666.36788	4334.4206675	3922187.57132	-3539211.17861	3922314.23268	3810.67672038	179621643.83720684	943286.1263452225	-3541537.9241979215	943286.0311764743	4331.443492690314	3919620.316497817	-3541537.684933534	3919620.120588673	3808.1824546142034	179857888.352	0.0009995003330834232	0.0	0.0	0.0	-0.0003447393517826655	0.0	0.0	0.0	-0.0003123963416565143	0.000885575680418
50	12.5	nan	nan	1	1	5.0	5.0	5.0	1.00125	-8.28834973778e-21	-1.39226181019e-19	7.74571925595e-21	0.99953046149	-3.87422473448e-19	-1.56378494803e-20	-2.17765636012e-21	0.999580121358	188376511.783	874084.718958	-2597906.80611	872583.428875	1789.98680001	5038641.81376	-2593574.13281	5038892.04059	1093.45334197	188544169.02951384	873360.182398973	-2595882.3434917433	873360.0380905232	1788.5030641104286	5034715.367293656	-2595882.443403612	5034715.258384324	1092.601250043369	188803891.98	0.0012492194004318981	0.0	0.0	0.0	-0.0004696487777241443	0.0	0.0	0.0	-0.0004199668157191466	0.00112971567076
60	15.0	nan	nan	1	1	5.0	5.0	5.0	1.0015	-1.11255792388e-22	-2.03935382966e-19	-5.100395657e-21	0.999402244338	1.34413179895e-18	1.23349172944e-20	-1.48657280773e-20	0.999471180797	194717875.075	800547.222375	-2000676.40129	798870.251451	1759.01410754	6079646.2953	-1996623.06694	6080066.07047	1469.00956229	194937425.05768687	799771.1344087683	-1998874.7201493965	799771.0005466214	1757.3088368912088	6074171.354892487	-1998874.3166499203	6074171.769697602	1467.6866662824107	195255123.104	0.0014988761237359487	0.0	0.0	0.0	-0.0005979343891429822	0.0	0.0	0.0	-0.0005289590771891953	0.00137545851124
70	17.5	nan	nan	1	1	5.0	5.0	5.0	1.00175	6.04710386807e-21	3.24588360703e-19	3.62470544421e-21	0.999272431512	-2.7978235214e-19	-9.22016869782e-21	-2.71441385961e-20	0.999361434066	199779962.63	742180.448711	-1703691.97828	740344.888535	-1380.85830339	6973332.38674	-1699629.29567	6973953.82687	-1906.90778086	200053169.2058897	741357.3074041357	-1701954.013868436	741357.3378783244	-1379.3268139652655	6966218.7748473175	-1701953.6023423953	6966219.118313568	-1904.9625126416133	200444134.203	0.001748470534116803	0.0	0.0	0.0	-0.0007278332944038378	0.0	0.0	0.0	-0.0006387699040633455	0.00162199670149
80	20.0	nan	nan	1	1	5.0	5.0	5.0	1.002	1.94916839542e-20	-6.46748739513e-19	-1.58372000079e-20	0.999141819515	-1.85640988664e-18	-1.14361855589e-20	-1.54113053901e-20	0.999251126636	204092621.437	721818.8175	-1562748.26882	719759.861882	-785.078985852	7694828.38395	-1558460.66603	7695670.50893	-878.555387536	204421005.62596524	720917.9376183578	-1560968.6035917036	720917.9525411805	-784.0991528984987	7686065.476458209	-1560968.2228355578	7686065.779087607	-877.5548844444106	204876506.873	0.001998002662673058	0.0	0.0	0.0	-0.0008585489326838783	0.0	0.0	0.0	-0.0007491539097285276	0.00186897021683
90	22.5	nan	nan	1	1	5.0	5.0	5.0	1.00225	-2.19202862327e-20	-8.36106718543e-19	-1.91409593745e-21	0.99901073643	1.77167880382e-18	3.22058635594e-20	-1.55537872506e-20	0.999140453858	207930958.955	722356.683449	-1503430.98561	720021.727027	268.002372104	8272251.62017	-1498765.96036	8273325.76613	192.72714768	208315918.3132323	721355.0675976931	-1501541.2800123356	721354.7613348427	267.6307614714314	8261853.989456289	-1501540.7466887902	8261854.0175876925	192.4849033912505	208826544.297	0.00224747254047937	0.0	0.0	0.0	-0.0009897532141572498	0.0	0.0	0.0	-0.0008599157636050754	0.00211619944567
100	25.0	nan	nan	1	1	5.0	5.0	5.0	1.0025	7.64232167938e-21	-5.8104867859e-19	7.31227661497e-22	0.998879387509	-1.32644170468e-18	2.57844604642e-20	-4.31172030196e-20	0.999029503151	211449054.841	734184.027264	-1485164.43964	731532.321238	-207.481098423	8744721.50484	-1480022.62892	8746035.76451	-234.873388504	211891913.5572706	733064.5812692278	-1483122.793599017	733064.4418943799	-207.16474192927782	8732700.192207316	-1483122.3870247966	8732700.259591429	-234.55050956145874	212450624.605	0.002496880198587146	0.0	0.0	0.0	-0.0011212408466506336	0.0	0.0	0.0	-0.0009709680859809356	0.00236358266317
110	27.5	nan	nan	1	1	5.0	5.0	5.0	1.00275	2.89868902057e-20	1.22904563365e-19	-1.75891685453e-20	0.998747920659	-2.28900727828e-19	-3.59687081659e-20	-3.53114097717e-20	0.998918313914	214738348.619	752370.61746	-1490754.71321	749367.772334	-151.664571888	9140590.08041	-1485057.85267	9142149.79417	-47.9832531899	215240377.6586046	751119.7482413254	-1488530.1384980455	751119.6922191759	-151.41241883984264	9126950.059442742	-1488529.7158575854	9126950.325311625	-47.91165030936084	215839538.647	0.0027462256680252286	0.0	0.0	0.0	-0.0012528638472494085	0.0	0.0	0.0	-0.0010822715306106044	0.00261105383108
120	30.0	nan	nan	1	1	5.0	5.0	5.0	1.003	-2.64218031262e-20	7.28518644991e-19	4.5073071578e-21	0.998616399565	6.14762595803e-19	3.09526849314e-20	-1.18190978042e-19	0.998806936144	217856488.155	774636.573482	-1510387.65088	771250.962886	-34.3212082031	9481819.49162	-1504072.85453	9483629.06687	24.1937514227	218418919.83694166	773242.1418895104	-1507956.44995785	773242.0717114875	-34.259426228618466	9466557.046724971	-1507955.861331864	9466557.484614527	24.154807863583482	219053165.635	0.002995508979798371	0.0	0.0	0.0	-0.0013845584938978262	0.0	0.0	0.0	-0.001193776123258865	0.00285857379598
130	32.5	nan	nan	1	1	5.0	5.0	5.0	1.00325	2.26961816472e-20	1.24345015683e-18	3.29656289521e-20	0.998484848269	3.34350539497e-19	-1.70490196053e-20	-1.0097796988e-19	0.998695420373	220841502.859	799004.534575	-1537788.12825	795209.294732	-46.0757774487	9783804.80322	-1530806.2743	9785868.55834	23.3795741566	221465538.4256414	797456.5275227779	-1535132.4657146607	797456.3310744098	-45.98650933401054	9766908.793040397	-1535131.8994584691	9766909.22471308	23.339199115304808	222130918.522	0.0032447301648890294	0.0	0.0	0.0	-0.0015163007341402871	0.0	0.0	0.0	-0.001305431331827168	0.00310611764722
140	35.0	nan	nan	1	1	5.0	5.0	5.0	1.0035	4.2515429124e-20	4.3676790704e-20	-2.00376231585e-20	0.998353287802	-1.97990497942e-18	1.37795882342e-20	-1.79852536419e-19	0.998583792396	223717301.851	823142.106222	-1569904.32978	818920.145684	-37.3617329405	10054830.3305	-1562212.80587	10057152.2637	9.65658089337	224404110.3143726	821434.4789271427	-1567009.242112289	821434.2171582604	-37.28422516334497	10036288.044362832	-1567008.773673041	10036288.469241891	9.638773025890943	225097274.507	0.003493889254255838	0.0	0.0	0.0	-0.0016480695188138387	0.0	0.0	0.0	-0.0014172113737980984	0.00335366946248
150	37.5	nan	nan	1	1	5.0	5.0	5.0	1.00375	-1.32762488315e-20	2.53086579041e-18	2.82564897248e-21	0.998221721653	1.95247877223e-18	-1.22174576474e-21	7.17195576381e-20	0.998472083411	226501542.991	846184.17244	-1605926.22374	841523.38753	-32.1232891455	10301691.6173	-1597481.54227	10304275.7492	-2.69526391786	227252265.82319364	844312.8764522303	-1602776.6824368262	844312.5553762817	-32.052250021788176	10281487.94744169	-1602776.278243775	10281488.334244281	-2.6899779682889955	227970551.786	0.003742986278834297	0.0	0.0	0.0	-0.001779861360910711	0.0	0.0	0.0	-0.0015290850439039817	0.0036012180299
160	40.0	nan	nan	1	1	5.0	5.0	5.0	1.004	1.73211620269e-21	-1.40773525752e-18	2.23074067593e-20	0.998090157948	2.28211458903e-18	-1.44922043319e-21	-4.17515278283e-20	0.99836031204	229207681.742	869160.901955	-1644489.91084	864044.51	-28.8962631862	10529724.8498	-1635252.10936	10532575.2874	-3.40342908221	230023436.50458977	867119.9156024219	-1641072.3471862017	867119.6618394372	-28.82840822552266	10507842.073448522	-1641072.0046013247	10507842.418755388	-3.3963561075129522	230764746.102	0.003992021269537457	0.0	0.0	0.0	-0.0019116681257104007	0.0	0.0	0.0	-0.001641033719587935	0.00384875448736
170	42.5	nan	nan	1	1	5.0	5.0	5.0	1.00425	-4.84198443364e-20	-1.18097775466e-18	1.00800229446e-20	0.99795859932	-2.00468338146e-18	3.80759507764e-20	-2.66654078166e-20	0.998248495859	231845847.239	892215.144735	-1684356.00813	886625.350258	-22.0822992018	10742274.5179	-1674289.769	10745395.4309	-7.7506204973	232727729.24216655	889998.1131850572	-1680658.687810549	889997.845168973	-22.02742773464842	10718694.212038029	-1680658.33687797	10718694.605625406	-7.733607154209754	233490308.669	0.004240994257254614	0.0	0.0	0.0	-0.0020434871784388775	0.0	0.0	0.0	-0.0017530398178032445	0.00409627231836
180	45.0	nan	nan	1	1	5.0	5.0	5.0	1.0045	3.11251520891e-20	1.76747155643e-18	2.18921620918e-20	0.997827043586	1.81497881375e-18	-2.17713937224e-20	-7.87062352844e-20	0.99813665138	234423159.499	915043.671022	-1724964.72451	908964.723415	-24.0218343812	10941713.3928	-1714036.9662	10945108.7547	-11.1183075947	235372240.64237168	912644.9969224943	-1720976.764801561	912644.7407000964	-23.958864105795953	10916417.158313714	-1720976.3836497904	10916417.502339497	-11.092603090670288	236154585.939	0.004489905272852001	0.0	0.0	0.0	-0.002175320709416255	0.0	0.0	0.0	-0.0018650868136157125	0.00434376710251
190	47.5	nan	nan	1	1	5.0	5.0	5.0	1.00475	-2.82763420595e-20	-1.2003081384e-18	-1.82244432558e-20	0.997695494171	-2.89437899599e-18	1.45616875034e-20	5.97609041248e-20	0.998024788022	236945839.653	936744.240221	-1765873.8002	930166.913609	-19.5394361043	11130509.6279	-1754053.73554	11134183.6156	-7.17468717768	237963171.6947214	934160.9062652789	-1761585.137035937	934160.6051916392	-19.485550650227935	11103477.681090996	-1761584.8028534385	11103477.993543943	-7.157262480280767	238764039.581	0.00473875434717347	0.0	0.0	0.0	-0.002307165289171201	0.0	0.0	0.0	-0.001977165281728555	0.00459123464365
200	50.0	nan	nan	1	1	5.0	5.0	5.0	1.005	2.42876771458e-20	1.51344273595e-18	1.73426687228e-20	0.997563956547	-3.04833054287e-18	-6.20186936068e-20	1.52170213437e-20	0.997912909606	239418600.365	956691.793898	-1806425.20779	949612.907034	-12.4973144115	11310016.67	-1793686.30204	11313973.3018	-7.32752651357	240505214.85576546	953923.0568804712	-1801827.3474145983	953922.7774610593	-12.46114625659519	11281229.495602813	-1801827.0460119084	11281229.823810717	-7.308875897058631	241323499.076	0.004987541511038968	0.0	0.0	0.0	-0.0024390154344176495	0.0	0.0	0.0	-0.002089271402325557	0.00483867176363
210	100.0	nan	nan	1	1	5.0	5.0	5.0	1.01	4.36122706162e-20	-2.54303030849e-18	1.80672789394e-20	0.994935488901	3.16212577974e-18	-2.47310459541e-20	-7.95044645755e-21	0.995677973853	281216762.706	1211585.24353	-2469144.31625	1193516.23116	913.149339049	13958082.7815	-2434135.99899	13968499.4722	-1831.57691095	283875153.68036216	1204796.512056626	-2457141.563542155	1204798.7477004083	908.0327979794026	13890231.172017565	-2457146.309996425	13890231.440702317	-1822.6734359352552	284932703.256	0.009950330853168092	0.0	0.0	0.0	-0.0050773792008189	0.0	0.0	0.0	-0.004331393101231601	0.00977930017761
220	150.0	nan	nan	1	1	5.0	5.0	5.0	1.015	2.59714860007e-19	2.4895613537e-18	5.27708143584e-20	0.992317556716	1.49754014732e-17	-2.98215154438e-20	2.09093319374e-19	0.993451648215	313771115.595	1374981.79302	-2971367.53216	1344253.02494	6530.27488654	15880794.0342	-2908289.03189	15898942.182	6505.84274903	318284545.68909526	1363591.1395168002	-2950119.8249455076	1363589.387515432	6476.176644010169	15767233.372881524	-2950123.21797806	15767231.825992446	6459.320654264289	319497166.74	0.014888612493750559	0.0	0.0	0.0	-0.007712105266730926	0.0	0.0	0.0	-0.006569886302427744	0.0147012038663
230	200.0	nan	nan	1	1	5.0	5.0	5.0	1.02	-5.44086319713e-20	4.93645011396e-18	-8.78134938286e-21	0.989713028715	1.24279436804e-17	3.86855828879e-20	6.03730177781e-20	0.991236096001	339905366.06	1534988.87013	-3410010.89685	1489408.33571	8329.8620772	17435945.6981	-3313856.71146	17462775.1572	7888.03616813	346474777.7427437	1518196.3764418245	-3377896.259917718	1518194.3964727535	8238.734930237315	17271738.285688877	-3377904.211643804	17271735.634170447	7813.748599758236	347815028.385	0.01980262729617973	0.0	0.0	0.0	-0.01034024785877449	0.0	0.0	0.0	-0.008802532864367569	0.0196027927592
240	250.0	nan	nan	1	1	5.0	5.0	5.0	1.025	1.67818402675e-19	-1.81067519982e-18	1.75653457437e-19	0.987123585238	-1.20544336353e-17	8.03688683157e-21	-1.1607866895e-18	0.98903207989	361190304.941	1691726.36503	-3808297.0493	1629226.70112	-9500.29173752	18724474.5745	-3674677.43159	18760670.4682	-10637.3042721	369959494.56833076	1668767.6567116976	-3763876.996737781	1668782.0205529667	-9371.361650805738	18506071.930475127	-3763893.401055596	18506066.195287604	-10513.230543404448	371423831.916	0.024692612590371414	0.0	0.0	0.0	-0.012960034380057044	0.0	0.0	0.0	-0.011028511191852984	0.0244833335147
250	300.0	nan	nan	1	1	5.0	5.0	5.0	1.03	7.27521892353e-20	2.6081550653e-18	-1.77512959454e-19	0.984550196175	-3.13314906386e-17	-2.22703490679e-19	-8.68354354723e-19	0.98684041278	378747456.956	1826643.87183	-4180585.24941	1746056.14453	-8636.89894014	19810018.1543	-4005427.37854	19856092.768	-9953.55730422	389820735.1667358	1797089.6097234476	-4122512.6420813855	1797104.8449366975	-8497.157866907239	19534836.72949596	-4122532.3541666064	19534830.271720644	-9815.292207262022	391373028.751	0.02955880224154443	0.0	0.0	0.0	-0.015570395737511745	0.0	0.0	0.0	-0.013246941801091552	0.0293423269223
260	350.0	nan	nan	1	1	5.0	5.0	5.0	1.035	-1.96101362179e-19	1.8619562619e-17	6.2998075452e-21	0.981993574309	-1.23222479893e-17	-1.9539991302e-19	1.76297003953e-19	0.984661380665	393374865.789	1943408.74318	-4534228.69862	1843900.33742	-11276.6041165	20735576.4713	-4313726.47624	20791895.6788	-12037.8278018	406828207.2872383	1906939.4248701858	-4461228.064995604	1906961.3590698533	-11064.991368321778	20401735.74080647	-4461255.05638568	20401722.348338466	-11844.019964700772	408457855.183	0.03440142671733232	0.0	0.0	0.0	-0.018170514122602496	0.0	0.0	0.0	-0.015457472889173818	0.0341795241706
270	400.0	nan	nan	1	1	5.0	5.0	5.0	1.04	-8.54047438849e-20	1.1564788983e-17	-1.01763067679e-19	0.979453977611	-8.39406755597e-19	1.06739386244e-19	-1.949578677e-18	0.982495510859	405669972.551	2033776.67918	-4871194.14949	1915358.48264	5505.10862782	21525348.5237	-4601860.59626	21592190.3704	5777.91704061	421558891.3525758	1990395.353055393	-4782093.52907034	1990377.5312898245	5387.682307034784	21131621.267230064	-4782102.157868196	21131619.71788343	5672.231252433033	423234406.626	0.03922071315328133	0.0	0.0	0.0	-0.02076002829506971	0.0	0.0	0.0	-0.01765950434941335	0.0389947624306
280	450.0	nan	nan	1	1	5.0	5.0	5.0	1.045	1.78935710107e-20	1.76592853371e-17	-6.61082745552e-20	0.976931357872	6.82956957825e-18	-3.00286414691e-19	2.14531938844e-18	0.980343059911	416057421.873	2095199.68307	-5188624.21716	1958741.56037	-9766.04496484	22203113.0744	-4867620.01259	22280637.1531	-10671.4104259	434421334.0713424	2045177.708969295	-5082435.5246882895	2045196.352768485	-9532.884921792429	21748711.39728981	-5082466.67035106	21748696.706742868	-10453.012817492005	436164692.036	0.04401688541677426	0.0	0.0	0.0	-0.023338887471027657	0.0	0.0	0.0	-0.01985270744094944	0.043788071649
290	500.0	nan	nan	1	1	5.0	5.0	5.0	1.05	-1.69935985043e-19	2.17424407466e-17	6.29054312234e-20	0.974426050018	9.7694914844e-18	-9.03942973398e-20	-3.30667104229e-18	0.978204132216	424906805.123	2133493.09142	-5484486.58264	1979966.75934	-9207.6489929	22774726.3229	-5109530.18311	22863011.6798	-10131.833248	445774588.5229481	2077171.9474357043	-5360407.344198927	2077205.7702827503	-8964.580324540128	22259478.331083592	-5360466.548098955	22259461.109183617	-9902.61395199468	447558927.236	0.04879016416943205	0.0	0.0	0.0	-0.02590664796473276	0.0	0.0	0.0	-0.02203690657993467	0.0485593853895
300	550.0	nan	nan	1	1	5.0	5.0	5.0	1.055	1.87617797817e-19	3.1128229201e-18	1.34201782581e-20	0.971937835066	-2.89420239293e-17	2.36904527435e-21	-8.48948697553e-19	0.976078978959	432475394.97	2159715.22503	-5756822.10587	1989709.72262	-10912.4627792	23265166.2281	-5326234.87656	23364280.7023	-11611.3458004	455866790.8687449	2097292.821765996	-5614251.468578456	2097327.6088320347	-10597.059088791815	22688992.51370786	-5614316.1641809065	22688981.229911417	-11323.784896114385	457686192.906	0.05354076692802976	0.0	0.0	0.0	-0.02846343226036691	0.0	0.0	0.0	-0.02421177477842859	0.0533087923073
310	600.0	nan	nan	1	1	5.0	5.0	5.0	1.06	-9.19507203804e-19	3.29334681699e-18	8.87928756739e-19	0.969467024832	1.09772186057e-16	-1.0365565692e-18	1.16451810124e-18	0.973967361669	438977019.862	2169492.35387	-6008579.20207	1984204.32413	5334.75233156	23688707.6494	-5520929.97225	23798654.7035	4460.11357973	464905132.22795784	2101395.7761070444	-5846997.164582624	2101401.0573194395	5167.30376861	23051673.582159247	-5847022.879642016	23051656.477034837	4340.1727059558125	466735803.112	0.058268908123975824	0.0	0.0	0.0	-0.031008817428669653	0.0	0.0	0.0	-0.02637748548114261	0.0580363362536
320	650.0	nan	nan	1	1	5.0	5.0	5.0	1.065	-5.5290075632e-19	-2.24371880887e-17	-3.79656048827e-19	0.967013756247	-3.10832107234e-17	-1.32878293601e-18	-2.3111757187e-19	0.971868898077	444558277.191	2165611.83097	-6250155.46663	1966342.93808	1962.2186642	24054921.8186	-5703610.23326	24175694.9098	1911.36138014	473029651.0454289	2092296.9579152642	-6068880.138553367	2092275.774759674	1895.7894869043444	23357248.957851842	-6068893.318971893	23357248.1420207	1855.925533286627	474884813.848	0.06297479916138839	0.0	0.0	0.0	-0.03354255793509392	0.0	0.0	0.0	-0.02853436214022842	0.0627421687865
330	700.0	nan	nan	1	1	5.0	5.0	5.0	1.07	-2.07734830314e-19	-1.2120477338e-17	1.18902249971e-19	0.964578357644	-2.39464932672e-17	6.99887442448e-19	-8.18935276207e-19	0.969783237017	449370702.209	2156363.90061	-6481198.49752	1943887.12284	1044.12471458	24364872.1256	-5874179.08971	24496343.8143	692.724423766	480388461.8696691	2078086.4095516917	-6279629.653199077	2078063.7019701581	1006.2222701050993	23607111.177796364	-6279643.607785348	23607109.704350986	671.1803125055632	482260730.498	0.06765864847381486	0.0	0.0	0.0	-0.03606420821103726	0.0	0.0	0.0	-0.030682699449960923	0.0674263587543
340	750.0	nan	nan	1	1	5.0	5.0	5.0	1.075	-8.75699718563e-19	-1.08219609406e-17	4.04193534518e-19	0.962160209576	-4.4620173649e-18	4.03717078485e-19	9.08518936547e-19	0.967710843744	453526843.76	2146138.99666	-6690291.91701	1920838.35667	4877.3567708	24616948.767	-6022590.91506	24758964.9363	4202.51533313	487090879.1560694	2063021.5956474086	-6468285.949387803	2062993.308423014	4688.462566262827	23800077.156804804	-6468303.131283502	23800079.784653332	4063.0620036562273	488969198.924	0.07232066157962608	0.0	0.0	0.0	-0.03857430416155657	0.0	0.0	0.0	-0.03282195147030968	0.0720890684689
350	800.0	nan	nan	1	1	5.0	5.0	5.0	1.08	2.2261084645e-20	1.22047438814e-17	-2.48471821121e-19	0.959759092243	4.99759133437e-17	4.68713622297e-19	-8.30115449366e-19	0.965651669242	457109613.371	2133393.89433	-6883173.3188	1895851.30281	-1829.28304071	24828080.9356	-6154409.31463	24980520.1637	-2497.72336698	493216531.00179654	2045628.6463242054	-6640529.566251683	2045603.8891229045	-1754.0285459024342	23952848.18353012	-6640543.807735041	23952851.736735925	-2409.674302613691	495106716.728	0.0769610411361284	0.0	0.0	0.0	-0.0410729715925751	0.0	0.0	0.0	-0.03495210064492299	0.0767304727606
360	850.0	nan	nan	1	1	5.0	5.0	5.0	1.085	3.18007932135e-19	-6.9373412859e-18	-7.68682399633e-20	0.957374794127	1.35154628472e-17	-3.52948041209e-19	-1.17079143901e-18	0.963605802278	460208078.037	2121365.3154	-7062910.27116	1871817.35074	-1282.54993888	25005980.4008	-6272694.65826	25168725.218	-1934.19085953	498853291.4220079	2029019.9594860368	-6799421.459491241	2029000.1217284128	-1226.7191351404333	24073107.716954205	-6799433.833724815	24073103.039545223	-1862.033967887337	500745182.405	0.08157998699242285	0.0	0.0	0.0	-0.04356032979144163	0.0	0.0	0.0	-0.0370729868004378	0.0813506985475
370	900.0	nan	nan	1	1	5.0	5.0	5.0	1.09	-1.91511502396e-18	-3.76084051332e-17	-7.01237401208e-19	0.955007044519	1.52230481816e-17	8.10041430261e-19	1.22799925017e-19	0.961573199813	462877865.689	2109231.01876	-7214223.42858	1847987.97208	-9402.39831948	25158326.7841	-6364222.59366	25331307.31	-10045.9036172	504054490.5250817	2012404.5985411548	-6930371.500594891	2012381.0292305346	-8970.771549984189	24168443.446933683	-6930370.222521831	24168447.583172776	-9650.63597151023	505953452.682	0.08617769624105241	0.0	0.0	0.0	-0.04603656206892667	0.0	0.0	0.0	-0.03918458600035447	0.0859499356671
380	950.0	nan	nan	1	1	5.0	5.0	5.0	1.095	1.02668334141e-18	-3.44500996871e-18	5.00278834472e-19	0.952655923312	-8.25738009565e-19	9.59926557256e-20	-3.62083754766e-18	0.95955359837	465179569.294	2099367.88587	-7343147.94185	1826445.31278	-7814.83874412	25281486.0376	-6434838.50694	25464527.2007	-8618.25398712	508879928.7187205	1998044.662910767	-7039342.343516206	1998027.0457422168	-7437.665856132937	24235523.590262257	-7039346.473659373	24235515.370770656	-8261.69385379804	510773419.207	0.09075436326846412	0.0	0.0	0.0	-0.04850148636328013	0.0	0.0	0.0	-0.04128710436498852	0.0905283112734
390	1000.0	nan	nan	1	1	5.0	5.0	5.0	1.1	-2.45692494263e-19	-1.17174228312e-18	-3.82885361939e-19	0.950321295394	5.30146341158e-18	7.4962415832e-20	1.19179520912e-18	0.957546815795	467145881.022	2098955.71146	-7455700.19348	1813339.16125	-9907.77252618	25375636.1788	-6490171.51998	25568570.5486	-11205.718137	513360023.4804598	1992739.7014928178	-7132229.173071303	1992730.477170786	-9406.397456831073	24274695.594379187	-7132235.858742882	24274693.06018571	-10719.549838097952	515248626.609	0.09531017980432493	0.0	0.0	0.0	-0.05095514588830433	0.0	0.0	0.0	-0.04338066534191884	0.095086006428
400	1050.0	nan	nan	1	1	5.0	5.0	5.0	1.105	-3.1763735522e-21	-6.54850560022e-17	-7.58147427352e-19	0.94800290703	2.71528653515e-18	3.46092368292e-19	-4.92064930989e-18	0.955552855362	468814695.476	2096732.77454	-7558699.44073	1798851.25958	-10806.9345326	25444915.4451	-6536453.25119	25647535.9677	-12493.934635	517531552.805568	1985756.9499352982	-7215644.521588599	1985778.8047609255	-10234.94534744141	24290086.697241288	-7215688.487526391	24290063.767305423	-11926.891882529746	519411617.448	0.09984533496971612	0.0	0.0	0.0	-0.05339771024447513	0.0	0.0	0.0	-0.0454651998647034	0.0996231869054
410	1100.0	nan	nan	1	1	5.0	5.0	5.0	1.11	1.05622361545e-18	-9.00534989274e-20	-2.58292109353e-19	0.945700350318	8.96872531307e-17	-2.34620185456e-18	5.60565742748e-18	0.953571906457	470224893.369	2092328.76388	-7661185.81451	1782690.5937	-4069.9199821	25477941.2676	-6581477.38408	25690021.5962	-3020.61618302	521433127.3856089	1976757.9724155387	-7298262.287774784	1976828.4166624271	-3845.115983009124	24271007.442645967	-7298210.672367469	24271020.82544819	-2877.5244078564147	523292245.344	0.10436001532424286	0.0	0.0	0.0	-0.055829514528255034	0.0	0.0	0.0	-0.04754044361571722	0.104140016428
420	1150.0	nan	nan	1	1	5.0	5.0	5.0	1.115	-1.04648273655e-18	5.35383717924e-18	-7.09390093325e-21	0.94341330224	-1.54368710612e-17	8.43909513261e-19	4.58193870139e-18	0.951603875976	471384552.279	2095890.29153	-7758196.58129	1773352.0346	-7157.74741961	25482077.1566	-6621307.94188	25703291.337	-8754.84421125	525069930.9057312	1975320.0696331144	-7375371.773114859	1975316.810398671	-6745.983884967442	24224675.233722005	-7375400.162648444	24224658.818634696	-8322.840262824833	526917206.653	0.10885440491208208	0.0	0.0	0.0	-0.058250807913385605	0.0	0.0	0.0	-0.04960642744687517	0.108636716587
430	1200.0	nan	nan	1	1	5.0	5.0	5.0	1.12	7.37924515736e-19	2.03679329207e-18	-4.64809329806e-19	0.941141426987	4.8548765398e-17	-1.72159446529e-18	-4.0638390878e-18	0.949648989536	472342346.359	2108501.08974	-7844205.62183	1771834.00429	-3758.97591112	25469170.4365	-6651127.49883	25699412.8414	-3857.63523677	528492564.6631671	1982406.4253638224	-7441766.793661516	1982462.7292106624	-3534.177921581441	24162501.080923207	-7441787.628938907	24162511.175723962	-3659.7232646684492	530318397.977	0.11332868530700327	0.0	0.0	0.0	-0.06066185633594324	0.0	0.0	0.0	-0.05166284736278763	0.113113410735
440	1250.0	nan	nan	1	1	5.0	5.0	5.0	1.125	-1.01379255874e-18	-3.7110339834e-17	7.09972428477e-19	0.938884519186	-2.95809051472e-18	1.61672119851e-18	5.51447896292e-18	0.947707021951	473095195.167	2136428.89438	-7917075.35651	1783032.78028	-9974.88453759	25440633.4187	-6669371.06449	25679701.0324	-9853.45090827	531694613.47020733	2003834.372996493	-7495490.843750525	2003886.1831624275	-9355.807045895073	24085918.88572592	-7495465.408334264	24085925.701697607	-9328.75433622744	533507342.465	0.11778303565638346	0.0	0.0	0.0	-0.06306279009938721	0.0	0.0	0.0	-0.053709873067361594	0.117570317014
450	1300.0	nan	nan	1	1	5.0	5.0	5.0	1.13	-5.97264106933e-19	-1.27221238478e-17	-1.84176726469e-19	0.936642466243	1.15362538989e-16	2.12012346698e-18	4.37944819616e-18	0.945777961365	473685143.388	2179898.83262	-7979506.91731	1806946.0727	1024.8182818	25398308.6192	-6678552.59708	25646059.0852	1696.53446499	534720371.17580837	2039711.31700292	-7539174.018680482	2039774.4961517202	958.9130541223219	23996754.491799157	-7539096.747019162	23996781.946865145	1602.9146528468987	536502597.837	0.12221763272424911	0.0	0.0	0.0	-0.06545364240747549	0.0	0.0	0.0	-0.05574745062452058	0.122007548546
460	1350.0	nan	nan	1	1	5.0	5.0	5.0	1.135	7.57935669115e-19	2.01815989072e-17	1.20781604323e-18	0.934414894223	9.92216048775e-17	3.20654910095e-19	-1.6257837893e-18	0.943861768548	474109606.079	2221378.44928	-8045429.65812	1828862.06728	1405.40173157	25346369.1849	-6690532.51481	25602656.4309	1997.63544102	537564532.7662033	2073568.073778861	-7586013.797624952	2073637.3405760287	1311.8863930489763	23899022.740480646	-7585994.755570582	23899057.36064497	1883.5650378109299	539326379.239	0.126632650933366	0.0	0.0	0.0	-0.06783472715614648	0.0	0.0	0.0	-0.0577755551816748	0.126425326721
470	1400.0	nan	nan	1	1	5.0	5.0	5.0	1.14	8.48515254912e-19	-1.07917556134e-17	7.14895807483e-19	0.93220193817	7.01629153946e-18	7.36918664111e-19	-2.53745924707e-19	0.941958088946	474393238.429	2255317.34137	-8121659.31942	1844277.10776	-1310.8969189	25286681.4678	-6710717.27493	25551383.8872	-33.9314215892	540252653.809369	2100251.1346073463	-7642402.648164768	2100315.774159858	-1220.7651184024273	23794522.007433143	-7642357.696225717	23794577.38186019	-31.929138616948155	541996863.462	0.131028262406404	0.0	0.0	0.0	-0.07020581591027925	0.0	0.0	0.0	-0.059794496960308655	0.130823779125
480	1450.0	nan	nan	1	1	5.0	5.0	5.0	1.145	-8.69161683001e-19	2.61572906186e-17	1.02279228381e-19	0.93000371255	-3.93354159771e-17	2.033408469e-19	3.52137404209e-19	0.940066554041	474548477.712	2284351.06507	-8206887.96345	1855469.03556	3893.83818083	25223885.2786	-6737947.48045	25496844.1943	4794.9718039	542796827.7023326	2122260.8375965403	-7707052.826005803	2122317.85308371	3617.5439079711555	23687641.062612724	-7706981.877271547	23687669.878449902	4502.937185989142	544517226.688	0.13540463700620298	0.0	0.0	0.0	-0.07256670085355582	0.0	0.0	0.0	-0.061804604053166026	0.135203044721
490	1500.0	nan	nan	1	1	5.0	5.0	5.0	1.15	1.37584620414e-18	-3.80512743244e-17	-3.91223342513e-19	0.927820235907	2.19867121446e-17	6.36704078539e-19	-5.92971039554e-18	0.938186859042	474585733.777	2311404.60333	-8290643.65848	1864859.95558	12039.8304076	25155594.4582	-6763585.51213	25436680.7764	12180.2693573	545207087.7974099	2142341.9300780618	-7770099.288848255	2142362.892875169	11159.203142570304	23576150.979579147	-7770049.745890319	23576169.96642806	11415.50718734994	546901141.015	0.13976194237515863	0.0	0.0	0.0	-0.07491727626750731	0.0	0.0	0.0	-0.06380613974950489	0.139563277828
500	1550.0	nan	nan	1	1	5.0	5.0	5.0	1.155	-4.83655812882e-19	-2.00867245996e-18	-1.40025134093e-19	0.925651039105	-4.08115958808e-17	7.98752069261e-19	-1.58443799357e-18	0.936319016472	474490382.737	2340255.28689	-8369351.52357	1875580.40594	-19311.0417366	25084111.0229	-6784777.44829	25373179.9791	-15690.1541557	547464896.4868889	2164000.749679325	-7828211.160768481	2164036.343303339	-17856.645396420696	23462238.061624784	-7828246.090023478	23462218.33323506	-14675.669856848948	549167501.163	0.14410034397375687	0.0	0.0	0.0	-0.07725796297965608	0.0	0.0	0.0	-0.06579903100964424	0.143904717549
510	1600.0	nan	nan	1	1	5.0	5.0	5.0	1.16	-1.43047982923e-18	-1.07982804141e-17	7.230484996e-19	0.923496216588	-1.17908971491e-16	-2.35930439546e-18	-4.55148687432e-18	0.934463051191	474320961.414	2369646.63483	-8442234.08629	1886560.16321	-1515.83569799	25010294.0568	-6800789.84248	25307312.1614	397.668501012	549635864.2434047	2186066.9830933455	-7880690.656547931	2186117.018024962	-1398.4019062044238	23346709.96756929	-7880651.092176114	23346721.29325398	371.21719301970563	551303915.413	0.14842000511827322	0.0	0.0	0.0	-0.07958857616985947	0.0	0.0	0.0	-0.06778319145460009	0.14822737973
520	1650.0	nan	nan	1	1	5.0	5.0	5.0	1.165	-1.2292565647e-19	5.40220937798e-17	2.05405489709e-20	0.921355297966	-7.32673970254e-17	2.40133840547e-19	1.3336897714e-18	0.932618898608	474052616.428	2400001.53443	-8514156.10706	1898090.33455	8291.71303334	24932217.5794	-6815836.89876	25237050.612	7605.095517	551690110.1809231	2208927.094542041	-7932106.6694336785	2208948.1832029494	7631.574112246439	23227787.564447187	-7932093.778925944	23227820.51737956	7085.191781021572	553331586.06	0.15272108701766393	0.0	0.0	0.0	-0.08190954299692828	0.0	0.0	0.0	-0.0697586303826136	0.15253152816
530	1700.0	nan	nan	1	1	5.0	5.0	5.0	1.17	1.56436397446e-19	7.46447784768e-19	3.06943564261e-19	0.91922822899	1.27061427184e-17	6.82893843944e-19	4.83737207454e-18	0.930786308108	473690127.486	2442208.69815	-8581084.77965	1918774.43987	-12752.4336763	24846230.4711	-6826638.18638	25158657.9954	-11869.538023	553631757.6946504	2242574.738674034	-7978715.474704094	2242593.636904946	-11710.008911502593	23102091.24351708	-7978725.920106244	23102108.727301825	-11036.32805566576	555272820.267	0.1570037488096647	0.0	0.0	0.0	-0.08422084252967661	0.0	0.0	0.0	-0.07172555747310605	0.156817325551
540	1750.0	nan	nan	1	1	5.0	5.0	5.0	1.175	-1.54609982654e-18	7.03152489762e-18	-8.93566819794e-19	0.91711511653	-9.79012856535e-17	1.08454627962e-18	-3.66543250885e-18	0.928965162075	473266295.671	2493011.95123	-8649286.20467	1945916.41627	3551.40160469	24746626.6945	-6838139.70292	25066390.0146	3734.84856761	555497741.2677562	2283952.4941709847	-8026358.425018447	2284025.259819635	3253.587512417103	22964356.937679194	-8026287.090780017	22964368.047037303	3465.86210207938	557104127.741	0.16126814759612232	0.0	0.0	0.0	-0.08652227858502995	0.0	0.0	0.0	-0.07368404132893941	0.161084827014
550	1800.0	nan	nan	1	1	5.0	5.0	5.0	1.18	3.82435375685e-19	1.47750603968e-17	-6.26274985376e-19	0.915015573025	-8.08097224949e-17	3.7348859018e-19	-1.90829905571e-18	0.927155353758	472758678.366	2544783.7559	-8723130.34413	1973363.95542	-155.687149456	24637007.6423	-6854017.07256	24963827.0408	327.344945454	557260825.386318	2326035.647169424	-8079079.264240102	2326088.291780887	-142.304374038194	22817994.197435383	-8079122.363798771	22817951.21178641	303.17622880075686	558850216.785	0.16551443847757333	0.0	0.0	0.0	-0.08881419415199608	0.0	0.0	0.0	-0.07563413980056691	0.165334276888
560	1850.0	nan	nan	1	1	5.0	5.0	5.0	1.185	7.46447784768e-19	-3.3446340002e-17	-9.9086972961e-19	0.912929522193	5.09169371696e-17	1.70610964423e-18	6.42127570943e-18	0.925356790628	472184921.573	2588001.5925	-8794327.51562	1993837.65788	-11507.0166665	24515752.7063	-6867437.50344	24849456.2067	-10337.78557	558940587.0260229	2360135.6911483067	-8129185.496242523	2360170.221483333	-10493.857813668194	22661550.97994121	-8129208.22789096	22661534.934530575	-9555.907074150318	560518853.949	0.16974277458709455	0.0	0.0	0.0	-0.09109659502173513	0.0	0.0	0.0	-0.07757589624255405	0.169565792524
570	1900.0	nan	nan	1	1	5.0	5.0	5.0	1.19	2.36533950521e-19	3.74582850869e-17	-3.44689469973e-19	0.910857076224	5.82409796016e-17	1.53964120031e-18	7.72981339995e-18	0.923569233336	471565191.906	2633667.58268	-8862334.28008	2015921.52009	9071.27586331	24392663.5812	-6878071.24469	24733135.7443	9936.49562112	560559925.9051442	2396318.49565996	-8176189.13609691	2396370.29477251	8253.762271838112	22504119.645019062	-8176114.720660477	22504157.711286947	9167.186091240974	562098523.104	0.17395330712343798	0.0	0.0	0.0	-0.09336928072173052	0.0	0.0	0.0	-0.07950951373269338	0.173779464756
580	1950.0	nan	nan	1	1	5.0	5.0	5.0	1.195	1.40697466495e-18	-3.04486904016e-17	-2.87250048238e-19	0.908797951425	9.44131510372e-17	-1.13899461626e-18	-4.8698126506e-18	0.921792451497	470873295.352	2688354.24394	-8931272.84641	2044582.24732	-1906.04570697	24261988.6014	-6889338.00607	24608848.7205	-804.164756721	562087042.9576246	2440537.2594744815	-8223905.521574516	2440642.1022892096	-1730.3432301012401	22340410.53886664	-8223884.569356724	22340363.942190204	-740.4739611905103	563614476.541	0.17814618538347404	0.0	0.0	0.0	-0.09563248517161953	0.0	0.0	0.0	-0.08143518760211566	0.177975536965
590	2000.0	nan	nan	1	1	5.0	5.0	5.0	1.2	-1.8260442156e-18	-1.53227466065e-17	4.52792049867e-19	0.906751985817	2.23624109613e-17	1.08732560648e-18	2.90029375096e-19	0.920026597796	470146888.855	2752448.81057	-8996435.77879	2079888.09055	3029.32376959	24125296.9552	-6897418.12703	24478524.7987	6327.25340852	563565849.5933471	2493088.0777103975	-8268004.849091534	2493165.2779082917	2743.873362690086	22171899.751858708	-8267946.462917181	22171935.805388976	5814.9430673877805	565066500.969	0.1823215567939546	0.0	0.0	0.0	-0.09788631078347546	0.0	0.0	0.0	-0.08335269870912941	0.182154077009
600	2050.0	nan	nan	1	1	5.0	5.0	5.0	1.205	9.69323329014e-20	1.78615690472e-17	-1.33153579308e-18	0.904719077676	-1.43336027065e-16	-3.20369036475e-18	7.78640578874e-18	0.918271411411	469367761.644	2820293.65691	-9055594.88878	2117529.35859	10124.5660632	23983322.877	-6900776.8096	24342563.5796	9987.31924564	564973977.7125145	2548802.7093642605	-8306464.062320695	2548852.056765273	9149.941301249182	21999284.643316608	-8306406.28101567	21999266.584364824	9161.110828358946	566448263.171	0.18647956694261839	0.0	0.0	0.0	-0.100130794877539	0.0	0.0	0.0	-0.08526227692720363	0.186315265694
610	2100.0	nan	nan	1	1	5.0	5.0	5.0	1.21	1.04169170645e-18	-1.06488532143e-16	2.60939087314e-19	0.9026991913	-8.26835446627e-17	4.41621802875e-19	3.36598071939e-18	0.916526721174	468550367.749	2891633.5685	-9108199.18874	2157305.24362	10529.7514971	23839066.8529	-6899029.56287	24204257.6411	11302.1746189	566328083.6928228	2607430.5892757424	-8338810.335285293	2607494.580421016	9494.839335831592	21825330.445371985	-8338728.257648749	21825352.44147593	10347.456019604348	567780150.78	0.1906203596086497	0.0	0.0	0.0	-0.10236590254638034	0.0	0.0	0.0	-0.08716405645472744	0.190459227333
620	2150.0	nan	nan	1	1	5.0	5.0	5.0	1.215	7.66723635943e-19	1.06221902053e-17	-5.65659190088e-19	0.900692354015	-1.36241384978e-16	3.40771942592e-19	-5.17423228002e-18	0.914792233596	467688595.198	2969820.21219	-9154743.49854	2201544.6435	10885.3981627	23691269.9561	-6892700.50611	24062181.3912	10213.2480075	567620189.9169445	2671968.979589903	-8365529.337479056	2671951.382789344	9793.672391959914	21648887.69319403	-8365472.261863504	21648920.69716929	9332.782054605404	569051150.262	0.19474407679251185	0.0	0.0	0.0	-0.10459152916485416	0.0	0.0	0.0	-0.08905830659845163	0.194586101374
630	2200.0	nan	nan	1	1	5.0	5.0	5.0	1.22	-5.41783448888e-19	-4.65698449703e-17	5.04302240972e-19	0.898698649467	-6.92201147848e-17	6.24580919482e-19	1.54083316757e-18	0.913067690476	466796023.495	3048367.61229	-9197231.49773	2245519.13867	20321.6819186	23539492.1468	-6883258.35769	23915871.7124	19281.5171733	568866138.6404701	2736557.2162391213	-8388478.548257193	2736526.7426537094	18243.024586749034	21469561.24340638	-8388358.95363148	21469573.10967228	17586.00870555452	570267210.812	0.19885085874516517	0.0	0.0	0.0	-0.10680750708181798	0.0	0.0	0.0	-0.09094526041694516	0.198695992327
640	2250.0	nan	nan	1	1	5.0	5.0	5.0	1.225	-1.10733675986e-18	-7.51339664736e-17	1.6364676541e-18	0.89671794336	1.40894004608e-16	1.72069449279e-18	-5.60511976009e-18	0.911352835235	465854682.237	3129596.0374	-9232207.97747	2290960.10927	3411.32310777	23386030.3918	-6868417.42992	23767677.6127	4166.71829166	570043575.9118032	2803274.622797219	-8404533.849182878	2803335.767043283	3055.6261523542594	21289455.838251702	-8404546.2713943	21289433.747449417	3793.168980565071	571437643.281	0.20294084399669038	0.0	0.0	0.0	-0.10901391078606767	0.0	0.0	0.0	-0.09282515128843766	0.202789090728
650	2300.0	nan	nan	1	1	5.0	5.0	5.0	1.23	7.71329377593e-19	7.45979799064e-17	1.01612189935e-18	0.894750020172	-1.06708734239e-16	1.27160821207e-18	-5.38593178701e-18	0.909647897382	464897763.549	3211743.71179	-9262451.12934	2336388.97136	12759.8364232	23230614.5789	-6849959.29139	23617412.8766	12794.8571183	571192399.7458553	2870532.386143935	-8416259.181739442	2870583.014001123	11404.248589397259	21108329.80568166	-8416140.047526991	21108330.74580199	11625.954317840327	572556988.741	0.20701416938432612	0.0	0.0	0.0	-0.11121090679115743	0.0	0.0	0.0	-0.09469768030024929	0.206865456005
660	2350.0	nan	nan	1	1	5.0	5.0	5.0	1.235	-3.0969642134e-20	1.67239243897e-17	-2.1864037951e-19	0.892794412083	9.34372632028e-17	2.2663425295e-19	1.81863267731e-18	0.907952986313	463909434.396	3292729.289	-9289408.40813	2380323.60161	19067.9174644	23069762.4461	-6829330.70828	23461477.5179	18929.5963027	572292928.9456999	2936470.9430276635	-8424994.694099152	2936440.3152903635	17004.855444788875	20923035.963454477	-8424872.149601776	20923052.266083263	17168.127549662895	573630340.905	0.2110709700799406	0.0	0.0	0.0	-0.1133989462422846	0.0	0.0	0.0	-0.09656267890965435	0.210925288767
670	2400.0	nan	nan	1	1	5.0	5.0	5.0	1.24	-2.11493539018e-19	-1.70650669092e-17	-1.42513293376e-19	0.890850844628	6.81750349465e-18	4.40192434776e-19	-8.81612736454e-18	0.906268106913	462882495.685	3372988.97108	-9312182.41359	2423200.16981	13094.0616583	22905170.0731	-6805879.62074	23301540.1533	12573.8533511	573335805.7976651	3001487.5016377326	-8429946.01439105	3001425.70721124	11651.879905340393	20735133.67660067	-8429902.86496877	20735105.314218033	11382.606164152394	574657108.624	0.2151113796169455	0.0	0.0	0.0	-0.11557826773788545	0.0	0.0	0.0	-0.09842009297092014	0.214968747151
680	2450.0	nan	nan	1	1	5.0	5.0	5.0	1.245	-3.32566310916e-19	-3.04908567605e-17	4.12187407958e-19	0.888919265125	5.33597934244e-17	7.70376465528e-19	-1.09126844559e-17	0.904593220113	461838305.903	3454899.65647	-9329604.45765	2466778.22813	17540.4449949	22742228.8417	-6778550.53584	23143246.3057	17615.9320529	574346930.5951902	3067699.0968901175	-8430077.390506215	3067711.113774688	15574.636782617352	20549504.54099153	-8429876.093824456	20549516.006389964	15917.466939348644	575642756.077	0.219135529916671	0.0	0.0	0.0	-0.11774886297465098	0.0	0.0	0.0	-0.10026991686698941	0.218995914303
690	2500.0	nan	nan	1	1	5.0	5.0	5.0	1.25	5.56463588655e-18	5.80913194677e-17	-4.37810154612e-19	0.886999601042	6.09477263241e-17	-6.01075755195e-19	7.13181062073e-18	0.902928054876	460764101.34	3539860.36927	-9347928.35891	2511930.60484	12908.192394	22582146.4753	-6752412.56554	22987594.5469	13056.8053413	575310186.3770075	3136338.803654634	-8431055.299622277	3136397.2588876565	11436.740568017234	20367221.314437293	-8431064.226309381	20367154.988938212	11776.154420779214	576589699.742	0.22314355131420976	0.0	0.0	0.0	-0.11991074645619819	0.0	0.0	0.0	-0.10211240218775414	0.223006959316
700	2550.0	nan	nan	1	1	5.0	5.0	5.0	1.255	1.17525821432e-18	-6.57252039048e-17	-1.11744821567e-18	0.885091888855	5.08315588955e-17	1.08266692527e-18	-8.21764895647e-18	0.90127240585	459668287.926	3618591.49111	-9367616.13762	2552049.01334	-3388.97532124	22424211.0243	-6727236.98888	22834076.101	-2704.78379111	576235629.5542481	3199187.96452497	-8433289.311787946	3199223.458486687	-2996.18486541383	20187618.32020939	-8433197.902205402	20187551.322892845	-2435.0084270278808	577509575.427	0.22713557258374711	0.0	0.0	0.0	-0.12206381014939859	0.0	0.0	0.0	-0.10394772983208797	0.227001984527
