inc	time	elem	node	ip	grain	1_pos	2_pos	3_pos	1_f	2_f	3_f	4_f	5_f	6_f	7_f	8_f	9_f	1_p	2_p	3_p	4_p	5_p	6_p	7_p	8_p	9_p	1_Cauchy	2_Cauchy	3_Cauchy	4_Cauchy	5_Cauchy	6_Cauchy	7_Cauchy	8_Cauchy	9_Cauchy	Mises(Cauchy)	1_ln(V)	2_ln(V)	3_ln(V)	4_ln(V)	5_ln(V)	6_ln(V)	7_ln(V)	8_ln(V)	9_ln(V)	Mises(ln(V))
0	0.0	nan	nan	1	1	5.0	5.0	5.0	1.0	0.0	0.0	0.0	1.0	0.0	0.0	0.0	1.0	6.47896920696e-06	5.48406767919e-08	-1.25035165561e-07	5.48406767919e-08	5.31972530385e-06	-1.39101897881e-07	-1.25035165561e-07	-1.39101897881e-07	7.3740027647e-06	6.47896920696e-06	5.48406767919e-08	-1.25035165561e-07	5.48406767919e-08	5.31972530385e-06	-1.39101897881e-07	-1.25035165561e-07	-1.39101897881e-07	7.3740027647e-06	1.81561713547e-06	0.0	0.0	0.0	0.0	0.0	0.0	0.0	0.0	0.0	0.0
10	2.5	nan	nan	1	1	5.0	5.0	5.0	1.00025	1.47748674569e-22	-2.44360009694e-20	1.27655940502e-21	0.999927391669	-2.52274577192e-20	-6.43520667172e-23	-9.20652021772e-22	0.999931066824	54587558.4004	1990805.14402	-141738.058034	1990163.05505	784.718125984	-256957.937064	-141692.86419	-256958.881307	801.396029021	54595285.6261465	1990444.7748081977	-141712.92191464733	1990444.775640724	784.5760788060544	-256912.36761381678	-141712.92174121403	-256912.36742802983	801.2539077974301	54705598.4809	0.0002499687552074404	0.0	0.0	0.0	-7.261096711289188e-05	0.0	0.0	0.0	-6.893555200055314e-05	0.000213838538822
20	5.0	nan	nan	1	1	5.0	5.0	5.0	1.0005	-9.60497247255e-22	-6.06448500069e-20	-6.40961577152e-22	0.999854752796	-4.21961697193e-20	-4.8537407381e-22	9.40142464955e-22	0.999862104543	109217416.08	3983044.49238	-283557.644827	3980475.72912	-37.6059860539	-514037.224008	-283376.855234	-514041.003378	-38.833647456	109248346.7594839	3981603.010364009	-283457.1082109923	3981603.0110443467	-37.59237627557738	-513854.9698387101	-283457.108356597	-513854.969588202	-38.81987881468954	109470554.442	0.0004998750416509929	0.0	0.0	0.0	-0.00014525775339643734	0.0	0.0	0.0	-0.00013790496545225937	0.0004276586708
30	7.5	nan	nan	1	1	5.0	5.0	5.0	1.00075	7.55747104311e-21	3.35172446833e-19	-3.50931374876e-21	0.999777152324	1.07631190342e-20	7.92387328038e-22	-4.16976576909e-21	0.999791635928	160636495.929	5911204.1893	-367019.235343	5905458.18252	2934.57795336	-918887.513207	-366667.750806	-918900.809965	2278.94216384	160705786.69006833	5908005.124723644	-366825.92351464415	5908005.509573903	2932.9897990556465	-918403.5281508343	-366825.9134163435	-918403.5131475995	2277.741827634195	161037760.005	0.0007497188905459742	0.0	0.0	0.0	-0.00022287251023247857	0.0	0.0	0.0	-0.00020838578280889353	0.000643619705389
40	10.0	nan	nan	1	1	5.0	5.0	5.0	1.001	-1.40832669166e-21	2.88719121006e-20	-2.58659377545e-21	0.999662580511	-2.1739346936e-19	3.29838269256e-22	-2.3198280279e-21	0.99969901334	182153973.371	6727972.55534	75037.5998794	6718983.27921	-1575.57774678	-1771215.58402	74940.0942277	-1771280.29623	-1995.41694564	182270317.35122886	6723274.920098428	74987.93963443047	6723274.776361164	-1574.477639803012	-1770043.3850165983	74987.9593863887	-1770043.5449392016	-1994.0963690957594	182669489.354	0.0009995003330834232	0.0	0.0	0.0	-0.00033747642776431715	0.0	0.0	0.0	-0.00030103196557589517	0.000879421440838
50	12.5	nan	nan	1	1	5.0	5.0	5.0	1.00125	-5.53890477923e-21	-3.90533887473e-19	2.7214242153e-22	0.99952794426	-2.65902781035e-18	-2.09157141528e-21	3.99114645557e-21	0.999600174944	190310574.773	7211504.77337	242111.677028	7199101.45995	-6018.0712567	-2215001.63579	241712.5311	-2215161.33757	-5697.32839786	190476611.72234687	7205382.538789182	241923.6166908268	7205382.334493491	-6012.962192071258	-2213281.1324273404	241923.4138180551	-2213280.7678735005	-5692.902995861054	190929812.675	0.0012492194004318981	0.0	0.0	0.0	-0.0004721671933872201	0.0	0.0	0.0	-0.00039990500734967294	0.00112427803414
60	15.0	nan	nan	1	1	5.0	5.0	5.0	1.0015	9.02019778474e-21	3.77131907188e-19	-2.16018216968e-21	0.999389696063	1.21922544881e-18	5.86264259147e-23	-1.29160116747e-20	0.999499379546	195578412.059	7621920.39955	292243.907008	7605859.96158	-1292.81917515	-2541398.6411	291659.668956	-2541677.76032	-895.117988879	195795866.6412735	7614316.525181857	291984.39693842694	7614316.565166072	-1291.529416916744	-2539141.901019713	291983.9518398376	-2539142.1003602194	-894.3231318229598	196290550.756	0.0014988761237359487	0.0	0.0	0.0	-0.0006104902482561781	0.0	0.0	0.0	-0.0005007458062576191	0.0013711275325
70	17.5	nan	nan	1	1	5.0	5.0	5.0	1.00175	-1.26566905527e-20	9.43853610773e-19	1.31025409028e-21	0.99925098803	-1.94687248131e-18	-5.37925892101e-21	-1.32423344264e-20	0.999396814702	199678439.803	7979073.55718	317245.159181	7959168.58424	-1859.15992533	-2842752.22489	316500.364688	-2843167.22259	-1216.45656828	199948719.57992256	7969941.923473715	316928.333133617	7969941.917162471	-1857.0322137206385	-2839913.228218069	316928.77172106865	-2839913.365929029	-1215.2417187694946	200487309.668	0.001748470534116803	0.0	0.0	0.0	-0.000749292619614068	0.0	0.0	0.0	-0.0006033672874375188	0.00161872762884
80	20.0	nan	nan	1	1	5.0	5.0	5.0	1.002	2.82285723791e-20	8.49382140194e-20	3.11143987412e-21	0.999112577301	4.21251368767e-19	-5.88849198561e-21	-1.32286859463e-20	0.999292870593	203180384.763	8274238.83977	328176.182057	8250395.29513	-1869.0435638	-3107214.09314	327290.134548	-3107774.88789	-873.935042745	203504755.99640384	8263566.804077906	327812.04762951727	8263566.797394218	-1866.6328889319905	-3103766.421777075	327812.6431786834	-3103766.5089721535	-872.9653506897985	204080438.375	0.001998002662673058	0.0	0.0	0.0	-0.0008878166916323729	0.0	0.0	0.0	-0.000707379540924349	0.00186664308191
90	22.5	nan	nan	1	1	5.0	5.0	5.0	1.00225	1.11129647345e-20	6.39590938877e-19	1.80490809659e-21	0.998974670197	1.87303727678e-19	3.9270399581e-22	1.91616388898e-21	0.999187821934	206327397.714	8519705.89798	324249.503142	8491864.29633	-557.75606246	-3336858.68313	323258.956138	-3337570.82292	123.36359811	206707051.41217273	8507489.190010598	323853.6363731104	8507489.79115135	-556.9562762919295	-3332784.80960874	323853.7702999824	-3332784.9619338266	123.21298708821219	207312961.252	0.00224747254047937	0.0	0.0	0.0	-0.0010258558131886668	0.0	0.0	0.0	-0.0008125080612937062	0.00211469341394
100	25.0	nan	nan	1	1	5.0	5.0	5.0	1.0025	-1.41951430944e-20	-1.03414699208e-18	-5.64881640312e-21	0.998837245851	5.29863983056e-19	1.89837950581e-22	-3.85631601572e-21	0.999081923138	209242059.038	8729769.03833	310450.997012	8697874.54537	-396.851037396	-3540998.84448	309392.885402	-3541866.35839	212.014277021	209678139.98307753	8716000.99957506	310037.3021589313	8716001.767828759	-396.2251490776722	-3536280.247951779	310037.69047841086	-3536280.351123024	211.73175508992284	210310892.054	0.002496880198587146	0.0	0.0	0.0	-0.001163430672077053	0.0	0.0	0.0	-0.000918498552679179	0.00236279869024
110	27.5	nan	nan	1	1	5.0	5.0	5.0	1.00275	1.27864545113e-20	1.10763206334e-18	-5.18807680193e-21	0.998700215452	-1.1030639584e-19	-5.24846098665e-22	8.76563295122e-21	0.998975397859	211991032.781	8914880.20156	290285.255694	8878876.61514	-332.33703413	-3725306.90559	289193.051235	-3726333.42475	115.861770785	212484646.28545874	8899550.012891185	289865.9237513015	8899550.760381717	-331.7655413763499	-3719925.5086667063	289866.4268660943	-3719925.554632538	115.69440251370554	213141132.622	0.0027462256680252286	0.0	0.0	0.0	-0.0013006300006186886	0.0	0.0	0.0	-0.0010251274045944335	0.00261091922857
120	30.0	nan	nan	1	1	5.0	5.0	5.0	1.003	-6.6829420953e-20	2.20082155318e-19	-7.10051837816e-21	0.998563487984	1.59499540312e-18	-4.04367242447e-21	1.07756818397e-20	0.998868416904	214614488.431	9079565.37466	268460.484405	9039404.9195	-252.170569924	-3891885.46858	267355.09589	-3893074.03701	50.4024533244	215166707.2396055	9062663.3068121	268042.5582250816	9062663.970888574	-251.7011417183353	-3885826.7712258305	268043.0201471475	-3885826.883782371	50.32398924495426	215844076.458	0.002995508979798371	0.0	0.0	0.0	-0.00143754478856427	0.0	0.0	0.0	-0.0011322238195518434	0.00285903498366
130	32.5	nan	nan	1	1	5.0	5.0	5.0	1.00325	-1.90981786272e-22	-3.81753778861e-19	-7.28663401598e-21	0.998426969614	-3.42442992186e-18	-1.75858598229e-20	-3.50501240957e-20	0.998761122554	217137099.201	9228787.59831	245491.319828	9184421.75258	-201.952599392	-4043693.24808	244393.413522	-4045046.76388	17.0982234709	217748964.8733254	9210301.636872591	245081.57841055648	9210302.3248601	-201.5480730200467	-4036944.053834208	245082.08413990354	-4036944.2284501796	17.069685393359794	218444985.776	0.0032447301648890294	0.0	0.0	0.0	-0.0015742688972783842	0.0	0.0	0.0	-0.00123964548906928	0.00310713693838
140	35.0	nan	nan	1	1	5.0	5.0	5.0	1.0035	-6.1380316969e-20	1.67677781971e-18	3.08703804605e-21	0.998290607157	-2.69575948923e-18	-2.66600311426e-21	7.65472938857e-21	0.998653604105	219577241.738	9365429.37919	222480.568784	9316811.85954	-160.199498558	-4182439.09083	221406.564648	-4183960.01391	-7.08734735836	220249771.60045803	9345347.239891581	222084.23187114243	9345347.759475933	-159.85598535476845	-4174988.3053230476	222084.6974330347	-4174988.415874671	-7.074721638335517	220962541.541	0.003493889254255838	0.0	0.0	0.0	-0.0017108555220453285	0.0	0.0	0.0	-0.0013473031003490244	0.00335521756089
150	37.5	nan	nan	1	1	5.0	5.0	5.0	1.00375	-1.81635420832e-20	2.38232979499e-19	2.83408621473e-20	0.998154364177	1.38223162488e-18	7.22542265065e-21	-2.60810047138e-21	0.998545923544	221947938.049	9492370.27369	200455.375029	9439453.35096	-133.169900696	-4309166.51421	199416.589874	-4310857.0161	-19.7773494334	222682127.38801134	9470677.962764576	200075.74270300238	9470678.448508956	-132.86557597957403	-4301005.601055818	200076.24697915034	-4301005.68834391	-19.739894108660586	223410073.894	0.003742986278834297	0.0	0.0	0.0	-0.001847341107341194	0.0	0.0	0.0	-0.0014551346510923195	0.00360327158106
160	40.0	nan	nan	1	1	5.0	5.0	5.0	1.004	-6.58366491216e-20	-1.36192806315e-18	-1.95429691522e-20	0.998018223204	-1.74760536645e-18	2.09574479996e-20	6.63957198181e-20	0.99843811682	224258612.344	9612072.9572	179170.80658	9554805.16718	-116.453188983	-4426013.93904	178178.773294	-4427876.16895	-23.0937111053	225055435.6688056	9588754.35996872	178811.3428354315	9588754.773581307	-116.17067708131587	-4417134.191415884	178811.86827778653	-4417134.275766971	-23.047379049155936	225797347.734	0.003992021269537457	0.0	0.0	0.0	-0.0019837431139326607	0.0	0.0	0.0	-0.0015631041910837739	0.00385129461504
170	42.5	nan	nan	1	1	5.0	5.0	5.0	1.00425	5.83573854205e-20	7.22079043922e-19	1.23828937699e-21	0.997882169646	-2.85837823457e-18	7.74985515901e-21	-3.20987436701e-20	0.998330212028	226516160.364	9726406.70877	157899.326173	9664733.14835	-102.162704653	-4534699.06025	156969.047088	-4536735.18414	-26.9865166784	227376571.95678782	9701443.774110107	157564.78951736208	9701444.208738267	-101.9005028967484	-4525091.526799994	157565.2870543068	-4525091.6011229735	-26.929341139683377	228131524.905	0.004240994257254614	0.0	0.0	0.0	-0.002120076128043167	0.0	0.0	0.0	-0.0016711836217784748	0.00409928362853
180	45.0	nan	nan	1	1	5.0	5.0	5.0	1.0045	5.63789761904e-20	9.63567806312e-19	1.34201782581e-20	0.997746194355	-3.66369005289e-18	-4.59167958028e-21	-8.86696257626e-21	0.998222229256	228726174.085	9836045.73079	136254.165158	9769913.05073	-89.6460812199	-4635716.71099	135403.109453	-4637928.5896	-27.925654164	229651109.9229484	9809420.713793723	135950.17346949936	9809421.177643808	-89.40341983933867	-4625374.132847524	135950.66020447714	-4625374.263308177	-27.863350257532552	230418252.628	0.004489905272852001	0.0	0.0	0.0	-0.002256349287578956	0.0	0.0	0.0	-0.0017793528537730164	0.00434723599672
190	47.5	nan	nan	1	1	5.0	5.0	5.0	1.00475	3.33655707782e-20	-1.21162603713e-18	-1.21206775157e-20	0.997610292595	-9.65875640221e-19	-3.37489689922e-22	-1.95876369053e-21	0.998114182105	230893203.271	9941190.21557	114572.473871	9870549.02595	-80.5334211627	-4729817.02015	113816.24194	-4732206.18835	-25.5869663135	231883582.39854845	9912886.698898979	114303.98050930092	9912887.152816692	-80.30413483188146	-4718732.992468174	114304.43833901259	-4718733.146004135	-25.527004872770977	232662104.413	0.00473875434717347	0.0	0.0	0.0	-0.00239256731287816	0.0	0.0	0.0	-0.0018875982882502716	0.00459514941321
200	50.0	nan	nan	1	1	5.0	5.0	5.0	1.005	5.05779585546e-20	1.67627654826e-18	-2.01749351402e-20	0.997474463805	2.52176887162e-18	2.63374307037e-21	-3.37952911065e-20	0.99800607801	233020788.791	10042759.108	92877.2603466	9967558.4013	-74.8167353832	-4818230.03506	92231.3569724	-4820798.17384	-23.4260913647	234077513.57633576	10012759.794272698	92649.1732649952	10012760.231001908	-74.59324593248708	-4806397.472136672	92649.61648222124	-4806397.685360911	-23.36856179510614	234866773.952	0.004987541511038968	0.0	0.0	0.0	-0.002528730741297582	0.0	0.0	0.0	-0.0019959124988372635	0.00484302187021
210	100.0	nan	nan	1	1	5.0	5.0	5.0	1.01	2.44226730218e-19	-2.8776620894e-18	2.23983966267e-20	0.994773465972	-8.91801575008e-18	1.54947472343e-20	-1.24623031087e-20	0.995836065016	269468331.563	11718636.7407	-289726.718038	11541967.0806	3367.26589171	-6025232.58904	-285662.869896	-6031676.25452	5331.49670451	272016776.7892466	11651125.16202154	-288365.28765973466	11651123.02756208	3347.866925669069	-5996919.926892779	-288364.4718723056	-5996927.503873454	5306.44391813153	272958160.863	0.009950330853168092	0.0	0.0	0.0	-0.00524024013478705	0.0	0.0	0.0	-0.004172628301941736	0.00979059886107
220	150.0	nan	nan	1	1	5.0	5.0	5.0	1.015	1.33583051482e-19	3.84448402424e-18	5.21123785908e-20	0.992096778043	-4.77248471857e-18	1.28312256619e-20	9.92418211717e-20	0.993663785312	298454676.334	13070779.7813	-600219.270937	12775838.7576	-7396.74440707	-6809670.15559	-587609.978399	-6820413.43265	-10049.6643994	302750512.38496935	12959731.18717956	-596059.8285304388	12959729.019901836	-7333.902091522083	-6762480.016600231	-596067.7990641748	-6762467.591951227	-9980.021516709285	303817770.175	0.014888612493750559	0.0	0.0	0.0	-0.007934617944698049	0.0	0.0	0.0	-0.006356373695937189	0.0147176397621
230	200.0	nan	nan	1	1	5.0	5.0	5.0	1.02	-2.26223971366e-19	-1.98816102775e-17	-5.65791538986e-22	0.989442095303	-1.01957289687e-17	5.74394217357e-21	3.36195979444e-19	0.991495644021	322176433.133	14196187.6402	-846299.59752	13770888.7858	4012.18370136	-7403337.18393	-822641.990145	-7418716.33739	6748.75385122	328407128.34299904	14037208.437306195	-838558.9128493896	14037209.354193944	3967.252359025639	-7335622.513122004	-838551.3831992851	-7335636.172510122	6687.02633104281	329548807.672	0.01980262729617973	0.0	0.0	0.0	-0.010614034799883374	0.0	0.0	0.0	-0.008540724354175872	0.0196232148915
240	250.0	nan	nan	1	1	5.0	5.0	5.0	1.025	2.35964850259e-19	-5.01525561091e-18	1.27676981909e-19	0.986809132579	3.73416294594e-17	-3.60783095971e-20	-7.97402110501e-22	0.989333598302	341811940.486	15141965.8427	-1045384.16417	14577760.9504	3847.69250687	-7865733.5073	-1008996.71303	-7885848.17135	3800.82758338	350115478.7559215	14931919.453648947	-1033520.0149280116	14931894.266425485	3794.3180688579837	-7776464.662958542	-1033507.9773496639	-7776457.227650607	3757.6916844082666	351328499.298	0.024692612590371414	0.0	0.0	0.0	-0.013278639628171027	0.0	0.0	0.0	-0.010723695537539433	0.0245069541866
250	300.0	nan	nan	1	1	5.0	5.0	5.0	1.03	-2.2194910196e-20	-1.09316483986e-17	-2.45639554704e-20	0.984198119982	-2.868702069e-17	-1.24725601483e-19	-1.23726367303e-19	0.987178722103	358220792.893	15940979.2095	-1209130.11952	15232091.8444	5840.76639672	-8226560.4772	-1158852.77237	-8251475.81211	6457.56230699	368699436.47170347	15677686.823723858	-1192760.5972459367	15677659.674526542	5744.296205074978	-8115187.13301111	-1192751.4332036965	-8115188.654075829	6370.138126321681	369964880.828	0.02955880224154443	0.0	0.0	0.0	-0.01592806075122992	0.0	0.0	0.0	-0.01290417984875349	0.0293685523747
260	350.0	nan	nan	1	1	5.0	5.0	5.0	1.035	2.00971801626e-20	9.21553317767e-18	-3.49004044048e-20	0.981609383038	-2.38664469994e-17	3.88576364553e-20	6.84276889928e-19	0.985031456013	372038540.455	16624730.575	-1346881.77277	15767113.6866	4080.35733291	-8504008.60845	-1281845.08774	-8533653.28273	4969.36675665	384768164.3037739	16306628.098326944	-1325715.7772138086	16306599.262921762	4002.2825775056485	-8370369.701119562	-1325704.5378372206	-8370367.854911537	4891.274085997824	386078097.043	0.03440142671733232	0.0	0.0	0.0	-0.01856182670895409	0.0	0.0	0.0	-0.015081703281382638	0.034207853637
270	400.0	nan	nan	1	1	5.0	5.0	5.0	1.04	-1.57018732597e-19	-1.15631644003e-17	1.39442798942e-19	0.97904326023	3.34833447539e-17	-8.12556059323e-20	-5.86179886724e-19	0.982891998784	383752735.07	17210473.2139	-1462383.8819	16201701.4276	4074.78901469	-8711403.91252	-1382071.68827	-8745649.47629	5009.16191982	398789579.9357833	16836572.03122579	-1436237.197169852	16836543.732721608	3986.263358665914	-8555648.413244596	-1436226.3448253893	-8555648.385570547	4919.600636287783	400132193.416	0.03922071315328133	0.0	0.0	0.0	-0.021179449246077217	0.0	0.0	0.0	-0.017256033859819265	0.0390247663794
280	450.0	nan	nan	1	1	5.0	5.0	5.0	1.045	3.84725011621e-19	3.77948748043e-18	-1.23865333646e-19	0.976499705463	8.50754598266e-17	2.51383496877e-19	-8.19636725367e-19	0.980760694324	393737331.213	17708992.369	-1556986.80111	16548134.7141	4406.3567558	-8856787.34927	-1461263.99011	-8895435.38872	5260.47155077	411122669.1038162	17278837.007779695	-1525796.182280319	17278811.97190805	4299.32537070053	-8679362.159750294	-1525785.6043990997	-8679363.285738865	5155.090205926574	412488319.352	0.04401688541677426	0.0	0.0	0.0	-0.023780830290641132	0.0	0.0	0.0	-0.019426789721489868	0.0438192951905
290	500.0	nan	nan	1	1	5.0	5.0	5.0	1.05	-1.69088952096e-19	-1.46946452063e-17	-1.42288300249e-19	0.973978182118	-5.07894851808e-17	-9.37294895696e-20	-1.08208459012e-18	0.978638234783	402285809.312	18133537.3577	-1626303.12628	16820617.3255	4637.08941302	-8947137.05327	-1515765.39259	-8989948.18459	5624.5109328	422049417.52028644	17647006.79469294	-1590241.0841468088	17646985.25334523	4512.674320789552	-8748741.054287639	-1590232.3329130048	-8748744.029803531	5499.7916557110075	423429973.611	0.04879016416943205	0.0	0.0	0.0	-0.02636637588001988	0.0	0.0	0.0	-0.021593229990095872	0.0485915187097
300	550.0	nan	nan	1	1	5.0	5.0	5.0	1.055	-5.78020577162e-19	4.15470719419e-17	-2.03182028223e-19	0.971479096584	4.63938738755e-17	1.13290656695e-20	-4.90749713815e-20	0.976524258054	409632433.345	18497081.5973	-1673492.66649	17032709.795	4795.11839132	-8988886.70347	-1549001.88965	-9035574.27316	5822.60622575	431795228.4870191	17954268.54029441	-1632818.4297058077	17954249.270811275	4654.401443134841	-8770411.825435389	-1632809.2465884578	-8770417.433838332	5681.087790043915	433184119.696	0.05354076692802976	0.0	0.0	0.0	-0.028935527036374854	0.0	0.0	0.0	-0.02375568713678249	0.053341481916
310	600.0	nan	nan	1	1	5.0	5.0	5.0	1.06	3.96014372621e-19	8.03987791666e-17	2.37407453248e-19	0.969002527044	4.82357801065e-17	7.5624160322e-20	-1.11596590801e-18	0.974418648509	415964641.403	18801285.9935	-1698866.64582	17187235.3957	5084.89166558	-8991614.65308	-1561703.69147	-9041883.15649	6099.99095424	440540579.67520076	18202712.23786523	-1653973.3779004703	18202688.138822168	4923.00472325475	-8754007.442035455	-1653971.951078755	-8754018.062535143	5938.796119501687	441931371.69	0.058268908123975824	0.0	0.0	0.0	-0.03148805920622598	0.0	0.0	0.0	-0.025914243756234707	0.0580692759909
320	650.0	nan	nan	1	1	5.0	5.0	5.0	1.065	2.72784313685e-19	-4.19420539932e-17	-1.01643953671e-20	0.966548210915	3.92800014935e-17	-1.77347523331e-21	4.0673463336e-19	0.972321568754	421434032.059	19055846.2399	-1711734.14991	17294242.0425	5255.10401763	-8961811.34032	-1562776.52234	-9015348.49781	6283.17519042	448431551.9801187	18402156.185558256	-1662888.7151630092	18402129.893374078	5074.833396865334	-8706080.290576406	-1662889.6766763919	-8706086.784882044	6103.880745786927	449819345.775	0.06297479916138839	0.0	0.0	0.0	-0.034024099617132236	0.0	0.0	0.0	-0.028068697183113934	0.0627750329157
330	700.0	nan	nan	1	1	5.0	5.0	5.0	1.07	1.00802214679e-18	-3.30409817972e-17	-4.76456032831e-22	0.964116048609	-8.28450632578e-17	6.28458742193e-20	2.92993990411e-19	0.97023297216	426164515.28	19272931.8153	-1716731.07533	17365715.5189	5534.98059152	-8907572.0958	-1556664.71553	-8964100.2823	6636.39288798	455587650.8239435	18564701.80413662	-1664137.3909746518	18564674.56689687	5331.584481178598	-8634680.178183282	-1664139.5410476066	-8634692.960993385	6433.080699003978	456969005.767	0.06765864847381486	0.0	0.0	0.0	-0.03654360924248643	0.0	0.0	0.0	-0.030219058838167293	0.0674588863097
340	750.0	nan	nan	1	1	5.0	5.0	5.0	1.075	6.00837527179e-19	-2.67652352816e-17	-1.38595765994e-19	0.961705931545	1.24263174434e-17	1.72265325648e-19	-1.5482174089e-19	0.968152785339	430259299.355	19462387.4202	-1722041.59788	17411224.3765	5704.53925818	-8841793.67491	-1550888.0619	-8901081.48915	6728.65621109	462108622.127589	18700092.290759686	-1665685.0168794543	18700065.09618792	5481.10611000926	-8552431.755869469	-1665690.3091533552	-8552447.433140613	6508.450114296547	463482117.507	0.07232066157962608	0.0	0.0	0.0	-0.03904655951210686	0.0	0.0	0.0	-0.03236536806635735	0.0721209802359
350	800.0	nan	nan	1	1	5.0	5.0	5.0	1.08	2.03407021349e-19	7.01287693789e-17	1.53789419486e-19	0.959317299821	3.05431742799e-17	-1.0137263843e-19	-2.36189843386e-19	0.966081362765	433803178.117	19630838.2616	-1726401.53917	17437200.7116	5972.80624699	-8762447.07435	-1544310.46607	-8824245.77237	7056.62961608	468076404.45182115	18814877.084525194	-1666309.9310042623	18814851.122619316	5724.544916995134	-8457448.773422856	-1666320.8726433127	-8457463.576354211	6811.006444274856	469440694.549	0.0769610411361284	0.0	0.0	0.0	-0.04153339352432358	0.0	0.0	0.0	-0.03450722185166549	0.0767614946693
360	850.0	nan	nan	1	1	5.0	5.0	5.0	1.085	2.21360149364e-18	-8.1489122328e-17	-4.84873422744e-19	0.956950194137	-1.72217944742e-17	-1.36431861512e-19	-1.30760711232e-20	0.964018433281	436868752.993	19782960.7607	-1729205.68026	17448185.2575	6064.54522901	-8673714.99008	-1536404.43165	-8737793.79693	7162.45580582	473561415.2659166	18913687.673163097	-1665434.589930725	18913660.562251285	5798.066109959299	-8353838.489304448	-1665447.2357849276	-8353850.812662088	6898.3127825888305	474916059.954	0.08157998699242285	0.0	0.0	0.0	-0.044003932627497064	0.0	0.0	0.0	-0.03664486289361967	0.0813805763135
370	900.0	nan	nan	1	1	5.0	5.0	5.0	1.09	-4.09606604446e-19	6.70370461819e-17	4.18593094621e-19	0.954604613621	1.60635007417e-16	1.24189588446e-19	-4.41515923756e-19	0.961963760731	439519058.082	19917673.718	-1732682.93233	17443568.5195	7098.43149065	-8578685.44715	-1529158.41757	-8644837.968	8228.77093566	478625100.8230085	18995616.986904625	-1665210.2309461562	18995603.462094024	6769.82099984326	-8244621.39501375	-1665214.7121393897	-8244639.071759437	7908.332964154612	479968438.612	0.08617769624105241	0.0	0.0	0.0	-0.0464580413809554	0.0	0.0	0.0	-0.038778499783787654	0.0859783760652
380	950.0	nan	nan	1	1	5.0	5.0	5.0	1.095	-3.0306574155e-19	2.00471522791e-17	3.52048068703e-20	0.952280206901	-1.64268222895e-16	2.21181478352e-19	2.1374876424e-18	0.959917429292	441801540.826	20036307.3511	-1739928.61996	17424817.399	7769.66297041	-8476470.81849	-1525290.04931	-8544472.21918	8975.45842586	483313127.3945616	19062053.696023807	-1668601.2133028198	19062049.841756113	7391.867680341811	-8128982.608828817	-1668606.0047177577	-8129002.285306376	8607.514496590835	484644742.246	0.09075436326846412	0.0	0.0	0.0	-0.04889595251877187	0.0	0.0	0.0	-0.04090800937359326	0.0905550763101
390	1000.0	nan	nan	1	1	5.0	5.0	5.0	1.1	-5.38765894013e-19	3.78132977709e-17	3.9874075992e-19	0.949976691882	-1.45589544986e-16	-1.87154576674e-19	5.48771470702e-19	0.957879453284	443758083.968	20140312.1318	-1749216.48531	17393475.5934	8008.49033482	-8375928.76218	-1523215.92637	-8445634.98308	9154.52389199	487665991.6329727	19114487.321448173	-1673932.4432022977	19114483.3855263	7600.586622844993	-8015439.492316229	-1673931.4325548806	-8015465.785695049	8760.524882748781	488986073.364	0.09531017980432493	0.0	0.0	0.0	-0.0513178295495876	0.0	0.0	0.0	-0.04303334057383582	0.0951108540544
400	1050.0	nan	nan	1	1	5.0	5.0	5.0	1.105	1.28881356881e-19	4.88100088877e-17	1.18055217024e-19	0.947693576203	-2.24707345639e-16	-2.65756587201e-20	5.48506772906e-19	0.955850056459	445424774.604	20232377.663	-1757999.44236	17352129.6622	8375.40852116	-8275447.38931	-1520707.80402	-8346701.06725	9499.65189601	491718628.8493756	19155560.97443135	-1678759.6344875635	19155569.899988543	7929.648768186397	-7902441.092842076	-1678757.8933795218	-7902469.19527654	9071.465985959683	493026833.359	0.09984533496971612	0.0	0.0	0.0	-0.053724060831165765	0.0	0.0	0.0	-0.04515422294031229	0.0996458988867
410	1100.0	nan	nan	1	1	5.0	5.0	5.0	1.11	4.82147035445e-19	-4.06627166054e-17	1.90952990047e-19	0.945430445995	2.26307907037e-16	3.85016179196e-19	-2.88520597658e-19	0.953829373613	446831177.359	20309286.9263	-1764855.0211	17298217.4595	8526.70440581	-8182306.31492	-1516560.08695	-8255037.31518	9662.3846634	495499466.93766683	19182314.358020715	-1681730.7769215596	19182317.538392443	8053.553280510391	-7796921.668627479	-1681741.9032936485	-7796961.13367299	9207.288685257916	496795646.524	0.10436001532424286	0.0	0.0	0.0	-0.05611495678889463	0.0	0.0	0.0	-0.04727047718520887	0.104160397414
420	1150.0	nan	nan	1	1	5.0	5.0	5.0	1.115	1.13407123726e-18	-7.57298806218e-17	-9.64558768686e-20	0.943187077663	2.70861284197e-17	-3.28807602212e-19	-1.37367568221e-18	0.951817349597	448003817.036	20381467.872	-1775662.59614	17240831.8016	8956.67193288	-8093932.66711	-1515798.18257	-8168039.46364	10075.1277547	499034137.4790981	19204675.55114343	-1688448.1832541458	19204665.89873339	8439.528476027743	-7696386.654126359	-1688456.6824358548	-7696430.344138354	9580.272282840504	500318691.251	0.10885440491208208	0.0	0.0	0.0	-0.05849063037975806	0.0	0.0	0.0	-0.04938212226520865	0.108654523135
430	1200.0	nan	nan	1	1	5.0	5.0	5.0	1.12	-2.08722153093e-18	2.89516920163e-17	-3.78888425219e-19	0.940963338805	4.17977407548e-17	2.54136353956e-19	-2.45448972291e-18	0.949813831558	448965092.795	20452264.9027	-1787827.77938	17182870.4534	9429.10213978	-8008386.84168	-1516163.41052	-8083755.70364	10576.4346368	502344189.26716536	19225821.102255702	-1696426.1381799276	19225804.557454187	8863.67508717178	-7598962.785774313	-1696425.6051905954	-7599003.911395873	10035.72065137126	503617864.499	0.11332868530700327	0.0	0.0	0.0	-0.06085109998036567	0.0	0.0	0.0	-0.051489280372601476	0.113128445268
440	1250.0	nan	nan	1	1	5.0	5.0	5.0	1.125	-1.08359336755e-18	5.0384484318e-17	-4.08216941017e-19	0.938759115066	-2.82176982628e-17	2.53990770168e-19	1.10643678735e-19	0.947818650406	449735830.915	20520443.1891	-1801710.22779	17123329.5238	9735.57675494	-7933542.34686	-1517945.06486	-8010153.21254	10875.4999352	505449850.6918065	19244603.31947821	-1705996.966396863	19244595.95212262	9130.276135297005	-7512084.333964135	-1705990.6141586942	-7512129.230496276	10297.754661835115	506713747.691	0.11778303565638346	0.0	0.0	0.0	-0.06319636616025322	0.0	0.0	0.0	-0.05359209206681176	0.117582330839
450	1300.0	nan	nan	1	1	5.0	5.0	5.0	1.13	-1.56912853479e-19	-1.21060913437e-16	-4.43580566565e-19	0.936574430249	3.48361490149e-17	2.26356320264e-19	7.20772098554e-19	0.945831502972	450335564.425	20583900.5277	-1808190.12869	17060479.2917	10100.3564928	-7869856.30497	-1513482.72982	-7947687.57988	11206.3656703	508370304.47970426	19259076.39755895	-1708532.930001571	19259063.101456754	9450.275815103038	-7436114.398635195	-1708525.2353226184	-7436157.305504746	10588.73426502882	509624921.101	0.12221763272424911	0.0	0.0	0.0	-0.06552628321501532	0.0	0.0	0.0	-0.05569084104624915	0.122016336733
460	1350.0	nan	nan	1	1	5.0	5.0	5.0	1.135	4.64835799585e-19	-9.9987474863e-18	2.65650708083e-19	0.934408886399	2.93408758623e-16	-3.63430073931e-20	-7.47453636393e-19	0.943852509277	450779819.516	20640795.78	-1805613.98171	16992882.3564	10614.8851547	-7819522.143	-1501522.54865	-7898591.45827	11708.6441959	511120583.1013433	19267547.604567435	-1702519.4711314058	19267526.10154816	9908.668600525789	-7373053.619574187	-1702514.281650452	-7373092.033530451	11040.119829594407	512366118.564	0.126632650933366	0.0	0.0	0.0	-0.06784115668049394	0.0	0.0	0.0	-0.05778536521607283	0.126430644554
470	1400.0	nan	nan	1	1	5.0	5.0	5.0	1.14	-3.73245068208e-18	7.88880959052e-17	-6.17910535022e-19	0.932262166667	-1.25447035326e-17	3.14950672591e-19	-1.09971346333e-18	0.941881705574	451081144.06	20690887.6714	-1794007.11872	16920461.5986	11031.2290892	-7778792.40592	-1482224.42282	-7859103.17488	12110.5298943	513712640.02131635	19269831.188704815	-1688034.2368110481	19269825.645915095	10273.600907255457	-7319295.316736226	-1688027.6007494838	-7319337.569256863	11395.154943469734	514949307.708	0.131028262406404	0.0	0.0	0.0	-0.0701412091454022	0.0	0.0	0.0	-0.059875590238265546	0.130825430904
480	1450.0	nan	nan	1	1	5.0	5.0	5.0	1.145	-1.39958959644e-19	-2.41643676775e-17	1.05190904137e-19	0.930134087632	1.62326320454e-16	1.0090544682e-18	3.27272354995e-19	0.939918996981	451251889.437	20732967.2912	-1782214.70852	16842303.4686	10929.7344143	-7743847.65921	-1462985.37661	-7825355.60805	11984.6281712	516158454.4404405	19264846.303042118	-1673435.4936394505	19264844.1614628	10155.789601515675	-7271194.3562738085	-1673416.3081336163	-7271234.789422487	11253.134689036415	517386620.759	0.13540463700620298	0.0	0.0	0.0	-0.07242652297834579	0.0	0.0	0.0	-0.06196158085569793	0.135200862939
490	1500.0	nan	nan	1	1	5.0	5.0	5.0	1.15	-1.27588308147e-18	2.11232017595e-17	3.41777794217e-19	0.928024295813	-2.76701496959e-16	-3.24784195713e-20	-1.71412998745e-18	0.937964473538	451305588.828	20770490.8169	-1769568.43566	16761319.8871	11489.6086496	-7714257.58413	-1443273.64789	-7796940.50483	12506.0306322	518471604.61731267	19255842.70201042	-1658097.9273774773	19255840.460422073	10651.751025757452	-7228312.990749777	-1658070.3245148568	-7228363.606881202	11718.237652242056	519690834.414	0.13976194237515863	0.0	0.0	0.0	-0.07469736570567478	0.0	0.0	0.0	-0.0640432053861406	0.13955711233
500	1550.0	nan	nan	1	1	5.0	5.0	5.0	1.155	1.00004150824e-18	-7.71586663851e-17	-2.50033538118e-19	0.925932322193	-1.22017875379e-16	-7.10290065832e-19	2.8110905937e-19	0.936018329813	451252011.987	20808761.7889	-1751445.60032	16681816.1001	11534.0893484	-7689347.34038	-1419356.21778	-7773162.84166	12464.4714163	520661605.47641206	19247746.971656974	-1637704.0533250726	19247739.449836615	10668.834387105657	-7189989.403304273	-1637675.3287773763	-7190042.015165327	11655.009643062514	521873017.4	0.14410034397375687	0.0	0.0	0.0	-0.07695413319154867	0.0	0.0	0.0	-0.06612021956274548	0.143894360088
510	1600.0	nan	nan	1	1	5.0	5.0	5.0	1.16	6.34996777755e-19	-1.13472557021e-16	7.9615803086e-19	0.923857773561	-8.12864432255e-18	-3.54350939528e-19	-2.05813124315e-18	0.934080698263	451101854.041	20848119.6736	-1731214.90667	16604045.1257	11814.7903943	-7670353.97296	-1394017.08696	-7755287.99609	12733.4892446	522739233.4592849	19240861.0877212	-1615429.0047574013	19240856.014178384	10903.944543504072	-7157350.734987449	-1615394.4324076853	-7157404.186287114	11881.856942336444	523943260.316	0.14842000511827322	0.0	0.0	0.0	-0.07919714390561075	0.0	0.0	0.0	-0.06819244377577044	0.148212777205
520	1650.0	nan	nan	1	1	5.0	5.0	5.0	1.165	-1.33035788789e-18	-2.32185495128e-17	1.22512727908e-18	0.921800456761	4.75472945216e-17	3.01490789663e-20	3.26356500621e-18	0.932151502179	450862058.379	20890692.2108	-1712378.82419	16529647.2232	11898.9747616	-7663314.12545	-1370103.0362	-7749414.66444	12792.6803712	524711118.2382854	19237135.382548653	-1594545.823007056	19237124.786576673	10957.13756598666	-7135982.620497199	-1594519.3942708063	-7136026.778388465	11912.384551128926	525909074.513	0.15272108701766393	0.0	0.0	0.0	-0.08142650318597972	0.0	0.0	0.0	-0.07025992152128702	0.152512525324
530	1700.0	nan	nan	1	1	5.0	5.0	5.0	1.17	1.52547986823e-18	6.35252475826e-17	3.71847463845e-19	0.919760134061	4.38985545175e-16	-3.05461256604e-20	1.12676557809e-18	0.930230721493	450540490.496	20932761.7866	-1696711.38214	16455654.2777	12879.0449713	-7664950.74565	-1348977.01034	-7752245.97763	13769.6301969	526585101.49531776	19233131.06832394	-1576694.4171550146	19233126.790568553	11833.333914225674	-7122770.068997707	-1576664.4971747461	-7122804.170880615	12795.634712109177	527776751.866	0.1570037488096647	0.0	0.0	0.0	-0.08364236678016097	0.0	0.0	0.0	-0.07232263597659999	0.156793764058
540	1750.0	nan	nan	1	1	5.0	5.0	5.0	1.175	-2.16048988087e-18	-1.50124943198e-17	-1.08949612841e-19	0.917736771539	3.59051284171e-16	6.59203391201e-19	-1.57272842481e-18	0.928318117675	450142026.023	20977392.7153	-1681190.96337	16384455.396	13166.1467706	-7672245.11473	-1328210.81631	-7760742.2147	14053.6773806	528365681.6123449	19231661.909117594	-1559053.6025814656	19231672.322708823	12070.464941682852	-7114861.813217681	-1559021.3148608895	-7114896.139026325	13032.68743832762	529552412.309	0.16126814759612232	0.0	0.0	0.0	-0.08584467072269651	0.0	0.0	0.0	-0.07438080571941423	0.16105664592
550	1800.0	nan	nan	1	1	5.0	5.0	5.0	1.18	1.45967599614e-19	7.60892872892e-17	-3.10119937813e-19	0.915730277281	-3.08729347942e-16	5.20475276308e-19	-3.02253119316e-18	0.926413526232	449672518.264	21026689.5614	-1660350.89993	16317617.2172	13492.6237499	-7686011.4295	-1303512.4047	-7775724.3132	14305.0965818	530058600.19770026	19234637.596819773	-1536562.7507882528	19234649.638146173	12342.681300438617	-7112977.663456791	-1536535.8844766554	-7113018.850658491	13238.574180282605	531241321.786	0.16551443847757333	0.0	0.0	0.0	-0.0880334147858278	0.0	0.0	0.0	-0.07643457141507516	0.165301321128
560	1850.0	nan	nan	1	1	5.0	5.0	5.0	1.185	3.72843389302e-18	-1.18624846681e-17	3.17954992576e-19	0.913740385975	1.58055606804e-16	1.75653457437e-19	-9.39359538505e-19	0.924516961993	449138482.522	21081691.3524	-1632660.12675	16255854.2128	13828.6971858	-7702960.75366	-1273757.58134	-7793854.9924	14581.9853794	531670499.23048145	19242975.054905538	-1507837.7622442697	19242969.509552002	12622.577123437115	-7114043.465111609	-1507818.5359823322	-7114085.615489783	13467.143493803198	532850049.371	0.16974277458709455	0.0	0.0	0.0	-0.09020878947828823	0.0	0.0	0.0	-0.07848388111612642	0.169527947049
570	1900.0	nan	nan	1	1	5.0	5.0	5.0	1.19	2.51728927501e-18	-1.40925106599e-18	9.95475471261e-19	0.911766806077	-1.24005451424e-16	8.81655418973e-19	1.37568738546e-18	0.922628475275	448545830.185	21141517.0849	-1600401.62844	16198433.8592	15920.8739132	-7724397.95594	-1240786.4505	-7816467.81314	16536.4529209	533207429.8288081	19255833.97837151	-1475021.1447193546	19255836.75976576	14500.837552577928	-7119244.390137547	-1474980.9489136108	-7119290.725574739	15240.93532743995	534383051.093	0.17395330712343798	0.0	0.0	0.0	-0.09237101669437749	0.0	0.0	0.0	-0.08052864417363874	0.173736678645
580	1950.0	nan	nan	1	1	5.0	5.0	5.0	1.195	-6.450076484e-18	1.03794464444e-16	4.32939715165e-19	0.90980913803	-1.61817531585e-16	2.01752660124e-19	-1.90688292251e-18	0.920748201081	447895389.845	21201349.1795	-1563249.56259	16141583.4483	16526.3533921	-7751617.00105	-1204459.19444	-7844874.71681	17035.8923532	534669509.97314423	19268802.017458294	-1437838.5257978048	19268813.004482683	15019.941838930741	-7129746.796712925	-1437808.0727661499	-7129798.037387968	15669.195074772319	535842925.105	0.17814618538347404	0.0	0.0	0.0	-0.09452043989799297	0.0	0.0	0.0	-0.08256867741287563	0.177927683719
590	2000.0	nan	nan	1	1	5.0	5.0	5.0	1.2	-2.12631077796e-18	-4.81178241511e-17	-1.01103970167e-18	0.907866943215	-1.25177890607e-16	7.98249143448e-19	-1.18510497233e-18	0.918876343402	447192022.186	21254416.5474	-1518427.20615	16080172.0536	17025.2393149	-7785759.85487	-1162672.01639	-7880238.84215	17408.3019805	536061692.7784451	19275731.622302912	-1393768.1227207535	19275755.8801802	15440.270642463614	-7146568.405074259	-1393727.746316812	-7146626.147190649	15979.12384133126	537232731.716	0.1823215567939546	0.0	0.0	0.0	-0.0966574494281024	0.0	0.0	0.0	-0.08460372128160817	0.182101121084
600	2050.0	nan	nan	1	1	5.0	5.0	5.0	1.205	6.62608066602e-19	7.30324512617e-17	-1.02840387709e-18	0.905939874744	-6.50625594423e-17	-5.3167199308e-19	-2.41033813053e-18	0.917013012923	446441005.35	21305256.9981	-1471494.25758	16017688.2765	17591.9149909	-7823647.20042	-1119786.01509	-7919342.20908	17856.8640735	537389533.2476295	19280763.688821673	-1347944.9291018778	19280796.171189707	15920.275254301856	-7166759.5823525665	-1347907.7342249742	-7166821.114516452	16357.569357505461	538558213.864	0.18647956694261839	0.0	0.0	0.0	-0.0987823385585258	0.0	0.0	0.0	-0.0866336160706351	0.186257144187
610	2100.0	nan	nan	1	1	5.0	5.0	5.0	1.21	2.97344960433e-18	-2.73108833183e-17	4.12081528839e-19	0.904027774302	-1.27468029469e-16	-2.34231079695e-19	5.81953986411e-18	0.915158184458	445652585.51	21354272.3378	-1427757.91544	15954539.6092	30841.4059472	-7866709.17093	-1079741.9068	-7963628.55266	30198.7178006	538664666.3551028	19284271.568102274	-1305231.158725131	19284409.055102732	27851.75904941113	-7191607.075322902	-1305094.6698995274	-7191665.126661504	27607.13633637477	539820040.74	0.1906203596086497	0.0	0.0	0.0	-0.10089519527652792	0.0	0.0	0.0	-0.08865834945942962	0.190395877917
620	2150.0	nan	nan	1	1	5.0	5.0	5.0	1.215	5.2860728891e-19	1.30581457885e-16	8.70114595067e-19	0.902130342269	7.10075925315e-17	-5.83393942421e-20	-4.6333761006e-18	0.913311764925	444810487.615	21405860.4011	-1385049.80617	15893832.8825	20559.2073744	-7912897.03542	-1041079.36493	-8011012.63535	20739.7254199	539866868.9910371	19290227.911514472	-1263629.693840677	19290358.553705804	18527.253214819313	-7219214.51035047	-1263558.9150101305	-7219250.085830818	18921.581567638816	541030042.969	0.19474407679251185	0.0	0.0	0.0	-0.10299626573498762	0.0	0.0	0.0	-0.09067798359259037	0.194517525173
630	2200.0	nan	nan	1	1	5.0	5.0	5.0	1.22	-9.57737837355e-19	8.2164313466e-17	1.15831755537e-19	0.90024746402	4.69796673034e-16	2.44289595944e-19	2.2237791239e-18	0.911473788037	443936284.797	21463983.288	-1340847.55759	15838449.6073	21824.6583845	-7961660.25786	-1001732.99524	-8060986.96454	21415.5443786	541021535.6040571	19302177.58919907	-1220836.957613861	19302189.574450456	19626.52627467613	-7249063.498486907	-1220803.8448531406	-7249101.895301934	19498.777394058634	542183526.51	0.19885085874516517	0.0	0.0	0.0	-0.1050855934301834	0.0	0.0	0.0	-0.09269244223028228	0.198622172591
640	2250.0	nan	nan	1	1	5.0	5.0	5.0	1.225	-2.40213249885e-21	4.19371306142e-17	-1.41316859338e-18	0.89837880707	8.46771955227e-17	9.72314414109e-19	2.98346179847e-18	0.909644310245	443027384.151	21524879.6194	-1295089.21688	15785783.5587	22827.2147065	-8014990.22685	-961645.946368	-8115541.91469	22440.2795836	542125038.1842011	19316704.4565127	-1176803.903797569	19316793.545229103	20485.436752612004	-7282951.371164417	-1176749.709035469	-7282991.93502657	20390.7254203756	543286376.848	0.20294084399669038	0.0	0.0	0.0	-0.10716346547327597	0.0	0.0	0.0	-0.09470162374263282	0.202709983777
650	2300.0	nan	nan	1	1	5.0	5.0	5.0	1.23	-7.05618149732e-20	1.03944177518e-16	-4.38657187559e-19	0.896524189195	-2.47271760723e-16	8.65667672094e-19	-1.8660135828e-18	0.907823271301	442084521.846	21585638.885	-1251184.68285	15733402.0149	20425.7870983	-8070162.56872	-923439.657029	-8171913.91712	20208.9755507	543177768.5782346	19331185.332310546	-1134630.087676297	19331222.37103495	18292.471122084084	-7318383.439646456	-1134606.3196856095	-7318420.515285783	18326.40058277301	544341642.244	0.20701416938432612	0.0	0.0	0.0	-0.1092300044883481	0.0	0.0	0.0	-0.09670555445577685	0.206781102729
660	2350.0	nan	nan	1	1	5.0	5.0	5.0	1.235	-2.74796016935e-18	1.45542494953e-17	6.07746139655e-20	0.894683529757	-3.47903960008e-17	6.00175782689e-19	-1.59432776497e-18	0.906010579811	441116287.938	21645520.658	-1212302.70689	15680978.539	26846.320654	-8125570.99404	-889265.170508	-8228500.89631	25606.0500738	544189781.4310701	19344958.839834943	-1097171.8963897303	19345076.382586684	23992.999579832365	-7353896.090565426	-1097055.4296127674	-7353946.974420792	23174.27681951941	545348871.275	0.2110709700799406	0.0	0.0	0.0	-0.1112852212746801	0.0	0.0	0.0	-0.09870429551175419	0.210835643713
670	2400.0	nan	nan	1	1	5.0	5.0	5.0	1.24	-7.35118719098e-19	1.23529167445e-17	-8.4735058461e-19	0.892856599427	5.25559538635e-16	2.54639279768e-19	3.4012607997e-18	0.904206089594	440107956.106	21701842.6345	-1178892.13373	15626294.1763	4158.78565397	-8182666.24978	-859780.927865	-8286685.88057	4751.75726568	545142547.1735997	19355638.274259917	-1064806.446293411	19355609.667961728	3709.1758581994645	-7390799.820731346	-1064973.1697072978	-7390805.338425372	4291.912400593218	546321543.982	0.2151113796169455	0.0	0.0	0.0	-0.11332929394894813	0.0	0.0	0.0	-0.10069796935775902	0.214873798265
680	2450.0	nan	nan	1	1	5.0	5.0	5.0	1.245	-2.12549021479e-18	-1.04599886898e-16	-6.77626357803e-20	0.891043248592	-5.30978220156e-17	-5.10946155652e-19	-2.14511093892e-18	0.902410045361	439097553.99	21750646.3744	-1150626.13655	15566912.5456	26078.0640283	-8240897.17718	-833953.92482	-8346081.67192	25345.7814351	546082567.4902864	19359712.122118864	-1037208.5771375861	19359751.594042346	23211.43949470365	-7428589.49919967	-1037144.6989310222	-7428640.773923708	22847.44024463411	547242356.661	0.219135529916671	0.0	0.0	0.0	-0.11536231330436458	0.0	0.0	0.0	-0.1026862664729514	0.218895590491
690	2500.0	nan	nan	1	1	5.0	5.0	5.0	1.25	5.33028569284e-19	-8.75948534491e-18	-1.1096131609e-19	0.88924303246	-1.88371392442e-17	1.9471169875e-19	1.29860738726e-18	0.900622329276	438046544.586	21797161.932	-1130151.01141	15506406.7364	11392.5342515	-8300360.09724	-814239.354263	-8406643.11154	11269.8401256	546961902.566127	19361866.76563748	-1016730.8329949373	19361900.77362984	10119.69957321267	-7467349.009665357	-1016690.8331004302	-7467408.1139409505	10138.816691696196	548134359.701	0.22314355131420976	0.0	0.0	0.0	-0.11738470348367842	0.0	0.0	0.0	-0.10466927764454441	0.222901286173
700	2550.0	nan	nan	1	1	5.0	5.0	5.0	1.255	-1.94476117712e-18	8.70655637362e-17	2.47015983243e-19	0.887455697451	1.29993881717e-17	3.1763735522e-20	3.78824897748e-18	0.89884313267	436968288.677	21844633.9304	-1114333.13976	15447172.3997	-2568.13590105	-8361569.98351	-798026.464362	-8468843.55109	-2704.23637619	547796602.318619	19364983.922570802	-1000517.3835141575	19365040.38223359	-2276.61908152204	-7507535.963413734	-1000430.0015944246	-7507519.683421964	-2428.031086010948	548981600.384	0.22713557258374711	0.0	0.0	0.0	-0.11939667724360023	0.0	0.0	0.0	-0.10664675064795166	0.226890967501
