inc	time	elem	node	ip	grain	1_pos	2_pos	3_pos	1_f	2_f	3_f	4_f	5_f	6_f	7_f	8_f	9_f	1_p	2_p	3_p	4_p	5_p	6_p	7_p	8_p	9_p	1_Cauchy	2_Cauchy	3_Cauchy	4_Cauchy	5_Cauchy	6_Cauchy	7_Cauchy	8_Cauchy	9_Cauchy	Mises(Cauchy)	1_ln(V)	2_ln(V)	3_ln(V)	4_ln(V)	5_ln(V)	6_ln(V)	7_ln(V)	8_ln(V)	9_ln(V)	Mises(ln(V))
0	0.0	nan	nan	1	1	5.0	5.0	5.0	1.0	0.0	0.0	0.0	1.0	0.0	0.0	0.0	1.0	6.05952938377e-06	2.53963650351e-07	8.14391762779e-08	2.53963650351e-07	5.98199513678e-06	-8.07677955315e-07	8.14391762779e-08	-8.07677955315e-07	6.66176382449e-06	6.05952938377e-06	2.53963650351e-07	8.14391762779e-08	2.53963650351e-07	5.98199513678e-06	-8.07677955315e-07	8.14391762779e-08	-8.07677955315e-07	6.66176382449e-06	1.60804612459e-06	0.0	0.0	0.0	0.0	0.0	0.0	0.0	0.0	0.0	0.0
10	2.5	nan	nan	1	1	5.0	5.0	5.0	1.00025	-3.89922601e-21	6.59589943041e-20	3.44830917858e-23	0.999937135346	-2.27982712445e-19	-5.91537535552e-22	-6.86715004784e-22	0.999920539862	54505551.0804	-927307.685452	-1009182.4885	-927017.635876	17.4254830242	-347129.350085	-1008850.08537	-347123.588853	15.2532881394	54513309.40351534	-927149.5879070833	-1008993.6859749728	-927149.5876168812	17.42251213748326	-347064.40752153506	-1008993.6851462079	-347064.407431298	15.250434483744556	54568246.3157	0.0002499687552074404	0.0	0.0	0.0	-6.286663006469512e-05	0.0	0.0	0.0	-7.946329512376418e-05	0.000214303472961
20	5.0	nan	nan	1	1	5.0	5.0	5.0	1.0005	1.29205870175e-20	1.20190066787e-19	2.68009103407e-21	0.999874246684	5.22045265111e-19	-1.39379933215e-21	-2.32579923795e-21	0.999841050609	109054461.279	-1855431.48323	-2019194.45688	-1854271.02137	-193.962707341	-694251.052899	-2017864.57531	-694228.003959	-212.240353637	109085516.0402648	-1854799.0502939145	-2018439.18961914	-1854799.050606159	-193.89659419933847	-693991.3725649511	-2018439.1900659304	-693991.3729333734	-212.16096643880854	109195613.949	0.0004998750416509929	0.0	0.0	0.0	-0.00012576122361114298	0.0	0.0	0.0	-0.00015896202479325267	0.000428586646168
30	7.5	nan	nan	1	1	5.0	5.0	5.0	1.00075	-1.7858829425e-21	-2.02273163525e-19	4.0302824383e-21	0.999811592493	6.51629156825e-19	3.35845668454e-21	1.44695602627e-20	0.999756199532	161054907.067	-2767397.71203	-3042013.12794	-2764802.8177	-2728.91864197	-1086361.46064	-3038992.28518	-1086301.33978	-5412.51602396	161124538.9766454	-2765998.070864734	-3040306.144445234	-2765998.1771180728	-2727.5384620083855	-1085751.863966787	-3040306.1901088743	-1085751.931190685	-5409.478865627842	161296767.943	0.0007497188905459742	0.0	0.0	0.0	-0.00018842525792420805	0.0	0.0	0.0	-0.00024383019216536197	0.000644691817814
40	10.0	nan	nan	1	1	5.0	5.0	5.0	1.001	-1.06723876607e-20	-2.80026279948e-19	-3.02034660916e-21	0.999743334004	-1.07418620434e-18	2.0096352982e-21	-1.89872588769e-20	0.999616986197	182490387.906	-3043611.66507	-3698715.45144	-3039790.49641	4366.93328132	-2220185.62133	-3693605.38167	-2219904.98573	4623.68615151	182607180.07875422	-3041736.120895411	-3695969.060589113	-3041735.934418364	4364.2422756406	-2218537.0767047796	-3695969.255202036	-2218537.028736041	4620.252946249797	182831190.888	0.0009995003330834232	0.0	0.0	0.0	-0.0002566989403542738	0.0	0.0	0.0	-0.0003830871715217783	0.000882617169742
50	12.5	nan	nan	1	1	5.0	5.0	5.0	1.00125	-2.19790160561e-20	4.85207603711e-20	-3.07000329531e-21	0.999666797522	-1.25304214322e-18	-4.71079358849e-21	4.55052734481e-21	0.999460215292	190769650.817	-2875975.05247	-4067983.60479	-2871427.43018	-4360.27045421	-3018923.23984	-4060711.42037	-3018299.33146	-5479.94565111	190936301.42013663	-2873935.878394236	-4064259.1948079783	-2873935.8224271596	-4357.178859077449	-3016159.2887178324	-4064258.7351785684	-3016159.2441375027	-5474.9285305247795	191207147.633	0.0012492194004318981	0.0	0.0	0.0	-0.0003332580022794059	0.0	0.0	0.0	-0.0005399304442117315	0.00113019225453
60	15.0	nan	nan	1	1	5.0	5.0	5.0	1.0015	1.43060886941e-21	-3.92050109535e-19	4.81049793287e-21	0.999587378178	1.03779982166e-18	1.85660688488e-21	-2.73796782755e-21	0.999300582727	196053307.923	-2583406.92072	-4217628.87209	-2578473.18281	-1567.5855402	-3482044.3303	-4208365.73058	-3481045.29904	-2215.49490265	196271512.87560868	-2581343.050215411	-4213050.3007249115	-2581342.99217266	-1566.3332041727635	-3478264.294420556	-4213049.590569559	-3478264.3098508003	-2213.0898068418082	196552239.611	0.0014988761237359487	0.0	0.0	0.0	-0.0004127069738084338	0.0	0.0	0.0	-0.0006996619793686038	0.0013800211677
70	17.5	nan	nan	1	1	5.0	5.0	5.0	1.00175	1.02551784393e-20	4.25259549973e-19	5.59184433844e-21	0.999506374755	1.35419806033e-18	-2.4120586662e-21	-2.55691867098e-21	0.999140240243	200128597.274	-2253647.47084	-4228743.73712	-2248599.86781	-2562.17129877	-3793201.09527	-4217726.41205	-3791811.52896	-4154.17758857	200399730.2138069	-2251646.352425178	-4223441.160661577	-2251646.256486647	-2559.896227697782	-3788444.66166224	-4223440.56073728	-3788444.6031322847	-4148.968513332856	200681776.37	0.001748470534116803	0.0	0.0	0.0	-0.0004937471180492724	0.0	0.0	0.0	-0.0008601295623974157	0.00163071699014
80	20.0	nan	nan	1	1	5.0	5.0	5.0	1.002	-9.49231111935e-21	-5.73017375227e-19	2.99558288957e-21	0.999424350775	7.86459751768e-19	-5.2716220438e-21	-5.94598103818e-21	0.998979864575	203608776.856	-1944418.00108	-4175861.03002	-1939420.00786	479.959859317	-4008178.42101	-4163274.46656	-4006396.13309	-231.439510557	203934091.99132124	-1942518.5592215308	-4169926.3929602867	-1942518.708672627	479.49100136224365	-4002482.0905937664	-4169926.322228414	-4002482.408514022	-231.11059408047944	204207266.789	0.001998002662673058	0.0	0.0	0.0	-0.0005758149746265781	0.0	0.0	0.0	-0.0010206561172899037	0.00188176759116
90	22.5	nan	nan	1	1	5.0	5.0	5.0	1.00225	1.24229086321e-20	-1.24645819913e-18	7.5746996643e-21	0.999341528183	1.00851431926e-18	-7.24279344351e-21	1.81039850791e-20	0.998819670684	206729472.176	-1682820.74138	-4102689.24934	-1677937.39354	1368.18763992	-4155869.75095	-4088647.31618	-4153700.02543	498.166482836	207110145.5775241	-1681027.0603869138	-4096176.1383105707	-1681027.1616723328	1366.729319313199	-4149272.214683723	-4096176.1859879657	-4149272.6894675936	497.37563239214217	207375720.004	0.00224747254047937	0.0	0.0	0.0	-0.0006586887047819627	0.0	0.0	0.0	-0.001181026453269006	0.00213297993203
100	25.0	nan	nan	1	1	5.0	5.0	5.0	1.0025	1.61935080568e-20	-3.3854062289e-19	-3.94389376308e-21	0.999258033889	-2.90467904898e-18	-3.59492694216e-21	-5.3011937507e-20	0.998659770622	209612043.777	-1470578.79061	-4027227.82589	-1465823.17304	120.898706533	-4259497.82814	-4011800.39379	-4256947.11633	-768.301510696	210049198.39644232	-1468880.1481577458	-4020167.6919186134	-1468880.208121733	120.75905833690696	-4252030.501577502	-4020167.170063083	-4252029.983609896	-766.9546011516575	210309293.255	0.002496880198587146	0.0	0.0	0.0	-0.0007422415040848894	0.0	0.0	0.0	-0.0013411282886469445	0.00238424849253
110	27.5	nan	nan	1	1	5.0	5.0	5.0	1.00275	2.46311638951e-20	1.61543410548e-18	1.12186370578e-21	0.999174001643	-5.15037804552e-19	-2.65111386323e-21	5.53321791252e-20	0.998500165156	212319708.485	-1301467.47066	-3957515.30962	-1296826.38558	261.829105116	-4334546.03124	-3940741.95661	-4331623.0684	-708.733094143	212814415.67111462	-1299847.807504797	-3949924.6203965596	-1299848.004894887	261.50326143256297	-4326232.180433697	-3949923.927414637	-4326232.407131641	-707.3737127536397	213068284.319	0.0027462256680252286	0.0	0.0	0.0	-0.0008263396816113517	0.0	0.0	0.0	-0.0015009607221741796	0.00263552351784
120	30.0	nan	nan	1	1	5.0	5.0	5.0	1.003	2.91775553369e-20	-7.37773141684e-19	1.5979061483e-21	0.999089505363	-5.9891069266e-18	-1.64683388153e-20	7.8859677288e-20	0.998340876683	214903503.35	-1170066.77897	-3898215.2329	-1165504.96787	218.049016632	-4392203.8649	-3880106.67369	-4388913.04695	-584.292157494	215456819.58792305	-1168505.772910675	-3890097.479093518	-1168505.8162230963	217.75811371750032	-4383057.415175465	-3890096.8599548084	-4383057.723148593	-583.0754109568765	215705466.282	0.002995508979798371	0.0	0.0	0.0	-0.0009109093890140957	0.0	0.0	0.0	-0.0016605011863381933	0.00288676762726
130	32.5	nan	nan	1	1	5.0	5.0	5.0	1.00325	-1.71604821929e-20	1.24746322358e-18	3.04050913659e-21	0.999004631958	5.69708404623e-18	-1.30810342069e-20	4.16452351196e-20	0.998181865184	217387183.065	-1067817.25404	-3848422.10332	-1063298.75522	155.787705972	-4439811.57943	-3828980.47034	-4436155.30528	-463.40680841	218000132.54321724	-1066296.7615129931	-3839777.240314934	-1066296.8547767997	155.5658758396803	-4429838.25482006	-3839776.7442891276	-4429838.549332482	-462.3658393409203	218244444.844	0.0032447301648890294	0.0	0.0	0.0	-0.000995863749737199	0.0	0.0	0.0	-0.0018197896291904363	0.00313797002139
140	35.0	nan	nan	1	1	5.0	5.0	5.0	1.0035	2.83514087001e-20	6.44893166603e-19	-1.04266116212e-21	0.998919474483	7.11632579966e-19	-2.2572931736e-20	7.41673918658e-20	0.998023074277	219789532.065	-988535.953746	-3806088.82689	-984023.853659	136.879346989	-4481796.30631	-3785315.35448	-4477774.69992	-401.487740435	220463116.35810027	-987039.4489138417	-3796916.643286108	-987039.5705843389	136.67213084939615	-4470995.754755267	-3796916.129745562	-4470995.976849429	-400.5202067179822	220703841.649	0.003493889254255838	0.0	0.0	0.0	-0.0010811097055550044	0.0	0.0	0.0	-0.0019788824199122967	0.00338912775165
150	37.5	nan	nan	1	1	5.0	5.0	5.0	1.00375	3.1168165481e-21	-2.04759461651e-19	1.92939877878e-21	0.998834078591	5.12918567822e-18	-2.16555884366e-21	-2.11315695186e-20	0.997864485726	222124519.352	-926432.740593	-3770031.90939	-921895.653565	126.134306291	-4521264.54048	-3747925.8112	-4516875.84103	-352.815143721	222859721.5034222	-924946.8342711377	-3760331.3585718833	-924947.0036359648	125.93199936149423	-4509631.016549383	-3760330.9393137423	-4509631.219728125	-351.9073261445644	223097519.035	0.003742986278834297	0.0	0.0	0.0	-0.001166601624135381	0.0	0.0	0.0	-0.002137797736096626	0.00364023490985
160	40.0	nan	nan	1	1	5.0	5.0	5.0	1.004	-6.06406107063e-20	-2.05173051957e-19	1.23919927567e-20	0.998748475709	1.20095375286e-18	-7.67623608449e-21	1.76758157145e-20	0.997706087603	224402110.17	-877748.093901	-3739634.68673	-873157.078309	105.116445145	-4559100.37406	-3716191.1837	-4554342.27446	-299.079147596	225199895.61858773	-876261.1558712914	-3729403.1824287223	-876261.2915932628	104.93837396384365	-4546626.84148403	-3729402.8386540464	-4546627.0486734	-298.26087794096946	225435314.036	0.003992021269537457	0.0	0.0	0.0	-0.001252308101565435	0.0	0.0	0.0	-0.0022965474445255487	0.00389128721432
170	42.5	nan	nan	1	1	5.0	5.0	5.0	1.00425	4.17647627181e-20	1.72131570543e-18	1.87935435172e-21	0.998662700891	-8.78408817787e-18	-7.20474313534e-22	-1.82592882391e-20	0.997547858413	226629276.063	-839961.508554	-3714178.79946	-835288.362648	90.4938642116	-4595781.62226	-3689390.91506	-4590651.39769	-257.189432949	227490592.1731509	-838462.8092638531	-3703412.9137921133	-838462.9186271237	90.33240075328493	-4582460.330482926	-3703412.6332024615	-4582460.539036402	-256.4439459437646	227724085.256	0.004240994257254614	0.0	0.0	0.0	-0.0013381940914486488	0.0	0.0	0.0	-0.002455153010145736	0.00414228407425
180	45.0	nan	nan	1	1	5.0	5.0	5.0	1.0045	3.26814924117e-20	1.51224497842e-18	-6.72497838006e-21	0.998576786095	9.01973290923e-18	-3.84887139021e-20	5.47688691281e-20	0.997389776623	228811357.434	-810797.10509	-3692982.33056	-806016.255958	69.9303299707	-4631683.9365	-3666841.79912	-4626178.43467	-214.537613258	229737134.30465844	-809277.2576218942	-3681678.1735195173	-809277.4192827089	69.79924485172707	-4617506.42957103	-3681677.939091628	-4617506.615867492	-213.88091721824648	229969078.635	0.004489905272852001	0.0	0.0	0.0	-0.001424227635860646	0.0	0.0	0.0	-0.0026136359497167146	0.00439322605078
190	47.5	nan	nan	1	1	5.0	5.0	5.0	1.00475	-4.89690922631e-20	2.74902144208e-18	-4.06393834947e-21	0.998490766628	-1.68307216786e-17	-4.2566714322e-21	7.83717441242e-20	0.997231815397	230952690.965	-788877.662463	-3675367.85183	-783963.415437	56.6282472872	-4666701.37775	-3647866.18448	-4660817.55547	-181.735323295	231943842.70349935	-787327.6768252577	-3663521.496889206	-787327.856435213	56.51698419267949	-4651659.781057578	-3663521.290707397	-4651659.988188199	-181.14955848673478	232174530.724	0.00473875434717347	0.0	0.0	0.0	-0.0015103734118872743	0.0	0.0	0.0	-0.002772023111434398	0.00464411541024
200	50.0	nan	nan	1	1	5.0	5.0	5.0	1.005	1.84986536288e-20	3.16030308726e-18	1.28543867191e-21	0.998404666816	1.17267972691e-17	2.00359687973e-20	-6.19530361457e-20	0.99707395702	233056746.942	-772956.956579	-3660540.22036	-767884.584304	47.871391171	-4701070.30829	-3631670.789	-4694804.73786	-156.860150463	234114172.33232942	-771368.4568392223	-3648148.5899783922	-771368.6312880064	47.773010928978394	-4685156.284088252	-3648148.410660797	-4685156.469556155	-156.32914878315762	234343839.61	0.004987541511038968	0.0	0.0	0.0	-0.001596607083026479	0.0	0.0	0.0	-0.0029303322127898685	0.00489495340432
210	100.0	nan	nan	1	1	5.0	5.0	5.0	1.01	1.04553975065e-19	1.39036917959e-17	-8.5067254195e-21	0.996677794812	-1.51880617504e-18	-5.06102185984e-20	8.76110413737e-20	0.993930226327	269261800.296	-855173.839781	-3639719.74231	-843895.943447	-42.647860499	-5354898.08833	-3581811.07736	-5340137.58409	-3859.64822264	271809144.99952406	-851877.4755340142	-3615694.9938449957	-851879.6004659384	-42.483469499151	-5319551.938423905	-3615696.7138182963	-5319553.420043672	-3834.171789211783	272043295.843	0.009950330853168092	0.0	0.0	0.0	-0.0033277359646361054	0.0	0.0	0.0	-0.006088269631388765	0.00990133896721
220	150.0	nan	nan	1	1	5.0	5.0	5.0	1.015	-2.27092924599e-19	5.16605063658e-18	-5.38593840446e-20	0.994954586544	-1.76415853264e-17	3.52279679274e-20	2.77660129806e-19	0.990806179231	298147162.341	-1018363.89059	-3765990.68423	-998252.777447	6151.74300152	-5943374.33191	-3676229.97623	-5918588.60631	10102.7201767	302439642.08875334	-1012624.0620540843	-3729150.7568959803	-1012624.8070067812	6117.069786619205	-5885234.655828671	-3729157.337997082	-5885229.525053533	10003.892667979899	302677328.899	0.014888612493750559	0.0	0.0	0.0	-0.0050581845294783035	0.0	0.0	0.0	-0.009236344778588652	0.0148873197196
230	200.0	nan	nan	1	1	5.0	5.0	5.0	1.02	-3.62123128563e-19	1.78844290106e-17	-2.08978909955e-20	0.993238214581	-3.85451210024e-17	-4.04325883416e-21	-2.52831683335e-19	0.987702046402	321730453.32	-1134459.1253	-3852160.22613	-1104685.92433	-9907.89665579	-6442498.46903	-3730157.16695	-6406562.14262	-10721.5464822	327953897.6439449	-1126063.100483658	-3802338.268136059	-1126054.5926502335	-9834.569248618722	-6359174.341979733	-3802312.05688511	-6359147.781417124	-10582.879239118342	328220884.329	0.01980262729617973	0.0	0.0	0.0	-0.006784749869025033	0.0	0.0	0.0	-0.012374199184001754	0.0198521128487
240	250.0	nan	nan	1	1	5.0	5.0	5.0	1.025	-4.41755806134e-20	1.89881493368e-17	-5.35450554118e-20	0.991528790758	-4.21924316384e-17	8.01372577441e-21	2.92132688598e-19	0.984619855081	341246226.351	-1213444.82848	-3857700.0523	-1173818.11236	899.402522075	-6859810.28363	-3705706.08163	-6812005.99662	-4203.01657166	349537631.4843735	-1202340.7887238162	-3795764.52262648	-1202338.8717733445	891.1722332912145	-6749675.753309746	-3795745.203107043	-6749670.418083168	-4135.53697136367	349802693.331	0.024692612590371414	0.0	0.0	0.0	-0.008507293866460437	0.0	0.0	0.0	-0.015499646229631582	0.0247949118856
250	300.0	nan	nan	1	1	5.0	5.0	5.0	1.03	-9.32578311843e-19	-8.64625424522e-18	1.59910556019e-20	0.989825942751	-4.34384965132e-17	1.35247338875e-19	1.71203225741e-19	0.981560928628	357524265.591	-1262784.89451	-3775587.72242	-1213520.00236	-14845.1054307	-7204763.66288	-3597994.56075	-7144568.241	-12648.2540282	367984417.1099077	-1249035.8124432818	-3703296.7006227514	-1249024.1745731162	-14683.473331881323	-7066814.351331904	-3703261.732496896	-7066778.860160999	-12406.078432008668	368263685.228	0.02955880224154443	0.0	0.0	0.0	-0.010226166713871278	0.0	0.0	0.0	-0.018611190138832247	0.0297153179299
260	350.0	nan	nan	1	1	5.0	5.0	5.0	1.035	-4.90164069942e-19	-1.05794415112e-18	-4.08164001458e-20	0.988129560526	6.91030257147e-17	7.8549070968e-21	2.03012042607e-19	0.978526335933	371218360.159	-1291453.8089	-3615168.88828	-1232955.2305	-4378.80842154	-7480680.67798	-3417869.40179	-7407921.11453	-8620.90094416	383922033.77607024	-1275163.899073466	-3534877.3478765134	-1275148.8893104717	-4323.575788485439	-7314537.575551561	-3534834.24514396	-7314480.399789643	-8429.43397875308	384192522.112	0.03440142671733232	0.0	0.0	0.0	-0.011941455695970668	0.0	0.0	0.0	-0.021707577911365527	0.0346129721794
270	400.0	nan	nan	1	1	5.0	5.0	5.0	1.04	-1.79977957679e-20	-2.67649176443e-19	3.3828378331e-20	0.986439109648	1.1068393927e-16	-3.189608442e-20	6.71617717834e-19	0.975517034398	382815310.675	-1309470.65703	-3388456.86937	-1242035.8469	2771.02420623	-7703384.5347	-3178400.76066	-7618090.40201	9716.70391049	397817752.1383727	-1290706.7294497737	-3302922.1705596107	-1290710.9379136593	2731.3170946191144	-7508928.267024772	-3302961.534561291	-7508927.744690784	9471.42549188996	398071586.002	0.03922071315328133	0.0	0.0	0.0	-0.01365367904532958	0.0	0.0	0.0	-0.02478765684898353	0.0394876583883
280	450.0	nan	nan	1	1	5.0	5.0	5.0	1.045	7.48085602381e-20	-4.35034798221e-18	-4.96308367532e-20	0.984754470093	2.36642476617e-18	-1.05164434358e-19	6.7917483991e-19	0.972533247066	392668530.202	-1322323.58677	-3102039.75714	-1246079.2712	-10100.1058584	-7879946.40906	-2886869.90401	-7782074.91743	-12862.4988135	410009272.8135443	-1301118.9350738337	-3014415.4587704344	-1301107.719505608	-9938.141548782789	-7657359.069973071	-3014357.757270607	-7657282.325247133	-12499.16774038332	410274353.789	0.04401688541677426	0.0	0.0	0.0	-0.015362937823830951	0.0	0.0	0.0	-0.027851016859509102	0.0443393752867
290	500.0	nan	nan	1	1	5.0	5.0	5.0	1.05	1.27787575957e-18	-3.14770347217e-17	-5.29064719789e-20	0.983075425892	1.51362789206e-16	-2.8706475978e-19	-8.48960278082e-20	0.969575571378	401108673.902	-1336627.31597	-2768296.88235	-1251424.09582	-7498.88499955	-8020403.28607	-2556211.68301	-7910177.01658	-9469.01775105	420817264.2615298	-1312923.3385621472	-2681862.6036689836	-1312913.17964018	-7365.898490529866	-7769982.972706128	-2681811.881187208	-7769896.584590577	-9173.367481619729	421072433.067	0.04879016416943205	0.0	0.0	0.0	-0.017069431471366903	0.0	0.0	0.0	-0.0308968585203658	0.0491679788795
300	550.0	nan	nan	1	1	5.0	5.0	5.0	1.055	4.67113854992e-19	3.03628489064e-17	-4.27486940567e-21	0.981401860029	-8.74896890148e-17	8.49150529622e-20	6.91492386412e-19	0.966643990705	408347368.15	-1349288.77706	-2403496.81906	-1255147.30199	-13006.7858996	-8135025.92825	-2202143.81122	-8012607.92096	-12127.9350499	430443673.07062095	-1323079.3553901608	-2321369.1860706042	-1323065.2553509194	-12754.134026992206	-7857051.595812219	-2321305.204012181	-7856966.057449419	-11713.522769093674	430695835.745	0.05354076692802976	0.0	0.0	0.0	-0.018773260046898745	0.0	0.0	0.0	-0.03392500984220111	0.053973565804
310	600.0	nan	nan	1	1	5.0	5.0	5.0	1.06	7.82942993394e-19	-2.54058797502e-17	-7.44197853502e-20	0.979733434612	-9.67507237436e-17	-6.56450534122e-21	3.7438029088e-19	0.963738908746	414588443.059	-1360328.79534	-2017169.35386	-1257338.21368	2582.70251422	-8230174.38053	-1834065.6503	-8095842.74616	7839.66898501	439086282.53213406	-1331614.860167254	-1942354.8173849264	-1331633.7475711515	2528.186611287737	-7924926.494322468	-1942439.7418514246	-7924955.013298416	7548.904503530451	439314683.671	0.058268908123975824	0.0	0.0	0.0	-0.02047474981568373	0.0	0.0	0.0	-0.03693486260558018	0.0587561002788
320	650.0	nan	nan	1	1	5.0	5.0	5.0	1.065	7.26062745752e-19	1.64954372522e-17	6.04966812797e-20	0.978069445943	3.02337822611e-18	3.66024112332e-19	1.38743335016e-18	0.960860630529	419954687.707	-1368682.41897	-1617228.48151	-1256948.88746	-9388.18773594	-8306574.38825	-1459022.2106	-8160311.65167	-12439.2958168	446860885.6478	-1337496.584215237	-1552573.1859663203	-1337480.7080526613	-9174.275094613015	-7974485.24428043	-1552500.7251815933	-7974376.531010045	-11941.984301089185	447098937.21	0.06297479916138839	0.0	0.0	0.0	-0.022174603346600565	0.0	0.0	0.0	-0.039925905993154445	0.0635156754308
330	700.0	nan	nan	1	1	5.0	5.0	5.0	1.07	-4.39378489053e-19	6.91245059409e-18	2.68734437406e-19	0.976409413783	1.02982742183e-16	-2.17131602073e-19	-5.97564373495e-19	0.958009689168	424601710.974	-1378846.77487	-1217699.44841	-1258231.9195	-9865.89141611	-8370565.00919	-1090192.81304	-8212743.14199	-12607.1427999	453920587.4247444	-1345124.0214407858	-1165532.4616993275	-1345113.2137594633	-9624.599178533377	-8011964.901285369	-1165470.9562196126	-8011882.308863047	-12067.045116714962	454153962.956	0.06765864847381486	0.0	0.0	0.0	-0.023873299191702207	0.0	0.0	0.0	-0.04289738710835145	0.0682522288902
340	750.0	nan	nan	1	1	5.0	5.0	5.0	1.075	-3.14437820611e-19	-5.16943016569e-17	1.5683344414e-19	0.974753079152	-9.4757019944e-17	-1.1366123361e-19	9.68941171571e-19	0.955186052189	428619465.581	-1390113.44833	-830103.386696	-1260459.94565	-8575.32392595	-8424676.89554	-737503.721117	-8255443.13876	-9934.08883983	460351224.33719325	-1353797.81371464	-792189.5436311814	-1353774.9117890063	-8351.300245883898	-8039891.237743038	-792102.944996292	-8039776.0959188165	-9480.362844608626	460578718.715	0.07232066157962608	0.0	0.0	0.0	-0.025571092209826854	0.0	0.0	0.0	-0.04584913843009972	0.07296589196
350	800.0	nan	nan	1	1	5.0	5.0	5.0	1.08	8.50004180015e-19	7.64308930299e-17	-4.08958094846e-20	0.973100601384	4.66519277568e-18	1.65039075817e-19	-3.07175174833e-18	0.952389435293	432105416.518	-1391986.96042	-466129.205312	-1254202.71678	12303.4426483	-8473918.39148	-411093.659994	-8293707.55726	24377.6312187	466248449.0373952	-1353308.6019661527	-443531.8562292341	-1353304.1918089523	11961.573810086336	-8063113.640760783	-443576.4377263352	-8063254.971903674	23195.83476359232	466446517.733	0.0769610411361284	0.0	0.0	0.0	-0.02726780914595802	0.0	0.0	0.0	-0.048781257151449355	0.0776568051749
360	850.0	nan	nan	1	1	5.0	5.0	5.0	1.085	-2.95005693661e-19	-5.55747051721e-17	1.46563169655e-19	0.971452248137	-3.21501678344e-17	5.66982679068e-20	2.03105017708e-18	0.949618942086	435094833.257	-1388093.69035	-123605.330066	-1242800.75661	-9331.4072782	-8516863.96908	-108112.304086	-8325348.74852	-12228.1932404	471642681.11324155	-1347223.5721770113	-117269.75094549787	-1347195.682718843	-9056.659456181918	-8080319.15741332	-117193.70827447246	-8080222.6525303535	-11601.418604274084	471866422.28	0.08157998699242285	0.0	0.0	0.0	-0.028963164088064878	0.0	0.0	0.0	-0.05169448844881079	0.0823253534083
370	900.0	nan	nan	1	1	5.0	5.0	5.0	1.09	1.62749439881e-19	-2.83063587896e-17	-1.92170599908e-19	0.969808240142	3.61310321041e-16	-3.20866668332e-19	8.3634577374e-20	0.94687447664	437686276.454	-1379220.90283	203004.236519	-1227108.77109	-9003.17879524	-8554039.35531	176419.623852	-8351651.53775	-12073.0507972	476633594.7543673	-1336333.705303547	192040.45822244277	-1336302.4983505749	-8723.222838539448	-8092055.937427659	192118.24547720203	-8091954.9739605095	-11421.013900959246	476855423.324	0.08617769624105241	0.0	0.0	0.0	-0.03065691760332406	0.0	0.0	0.0	-0.05458874300798793	0.0869715785993
380	950.0	nan	nan	1	1	5.0	5.0	5.0	1.095	1.54563660539e-18	1.91619763795e-17	3.04706867885e-19	0.968168499991	-2.31546594058e-16	-4.0670816358e-19	-4.4137795003e-18	0.944155696441	439917152.315	-1370175.71376	515207.108481	-1211440.21037	-8877.7064872	-8587859.60536	444306.243337	-8374747.63883	-12054.7259859	481256190.72897655	-1325313.215198955	485978.18961561634	-1325279.311958069	-8587.031290938365	-8100650.000716843	486057.7248698822	-8100540.396559513	-11370.832844702563	481476856.001	0.09075436326846412	0.0	0.0	0.0	-0.032349136615390024	0.0	0.0	0.0	-0.05746419376598336	0.0915957039612
390	1000.0	nan	nan	1	1	5.0	5.0	5.0	1.1	7.22294110881e-20	-5.99578889159e-17	3.26385617379e-19	0.9665329734	-1.54786880191e-16	3.39713151408e-19	1.82871766334e-18	0.941462361681	441828879.765	-1357168.10971	804553.386649	-1192474.67287	-8677.62449913	-8614366.4652	688686.502291	-8390809.9263	-11982.4038905	485550563.965784	-1310502.93762408	756737.9383943833	-1310477.3735816097	-8379.251115867088	-8102405.667074895	756836.2660242462	-8102298.439513958	-11270.277109729805	485770219.105	0.09531017980432493	0.0	0.0	0.0	-0.03403986461978528	0.0	0.0	0.0	-0.06032090865588316	0.0961979012978
400	1050.0	nan	nan	1	1	5.0	5.0	5.0	1.105	-2.60469248726e-19	-3.30805805874e-17	1.362531905e-19	0.964901531842	-1.23526652816e-16	1.46139653181e-19	5.6336624543e-19	0.938794298925	443457945.74	-1338452.00901	1070321.17927	-1168724.47191	-8533.7122657	-8637965.68614	909428.798314	-8404135.40473	-11842.9835566	489552194.17263424	-1290238.7539223407	1003850.0508740646	-1290204.933980926	-8226.313835616103	-8101514.257051485	1003957.349135942	-8101404.547492032	-11107.48799150372	489771103.928	0.09984533496971612	0.0	0.0	0.0	-0.03572922239150735	0.0	0.0	0.0	-0.06315888774952694	0.10077833075
410	1100.0	nan	nan	1	1	5.0	5.0	5.0	1.11	1.61120886691e-18	-1.6532084662e-17	9.95594585269e-19	0.963274329015	-6.50460422998e-18	-1.04312107454e-18	4.57284964082e-18	0.936151057238	444835160.134	-1314407.33746	1312639.86848	-1140629.0614	-8385.94220821	-8663988.63565	1107148.66728	-8419911.28598	-11740.735743	493290995.7792943	-1264914.188060804	1227644.5083731248	-1264877.6354443615	-8070.175034111537	-8102982.64175034	1227750.2263844237	-8102865.028455085	-10980.505853326273	493509572.222	0.10436001532424286	0.0	0.0	0.0	-0.03741703857707608	0.0	0.0	0.0	-0.06597842958782064	0.105337206558
420	1150.0	nan	nan	1	1	5.0	5.0	5.0	1.115	-6.8018730898e-19	8.88650719978e-17	1.34598829275e-19	0.961651528296	9.31883413954e-17	7.41894982676e-19	-1.15434708843e-18	0.93353217417	445984923.629	-1278750.91733	1524966.30501	-1102845.41484	-8274.34302361	-8687872.23887	1276860.52925	-8433709.48371	-11587.8514057	496790361.36348826	-1228518.7816737485	1422222.857780718	-1228478.684230581	-7949.308714273869	-8102533.441562455	1422317.1460041595	-8102414.910912593	-10807.128713342208	497008579.103	0.10885440491208208	0.0	0.0	0.0	-0.03910313063853638	0.0	0.0	0.0	-0.06877985042397805	0.109874745549
430	1200.0	nan	nan	1	1	5.0	5.0	5.0	1.12	1.39786906077e-19	-8.37971018208e-17	4.97989198537e-19	0.960033413532	3.8806028326e-16	4.38154261747e-19	3.19477004903e-19	0.930937069181	446930719.207	-1227781.79197	1708453.70727	-1052383.12564	-8003.87454554	-8714883.36878	1420138.9622	-8450628.75219	-11308.4777899	500073146.2541311	-1177559.4496358137	1588908.3382678956	-1177517.0470208942	-7676.476525752741	-8105078.172597146	1589000.9981983523	-8104956.277726424	-10517.191409418609	500290973.225	0.11332868530700327	0.0	0.0	0.0	-0.040787189363461394	0.0	0.0	0.0	-0.07156359885436715	0.114391187451
440	1250.0	nan	nan	1	1	5.0	5.0	5.0	1.125	-2.96633585106e-18	-2.37131241097e-17	-1.89788319744e-20	0.958420048259	-2.70635629326e-16	6.34215919257e-20	1.43168089548e-18	0.928365378095	447693474.739	-1170273.18784	1866612.17951	-996954.460769	-7871.5334209	-8747038.58929	1540432.68482	-8472614.02188	-11148.6244157	503159803.64590764	-1120510.1549242693	1731193.7800603395	-1120470.676989171	-7536.815526997565	-8112461.156072454	1731282.341507511	-8112336.6312381625	-10339.81748139842	503377566.041	0.11778303565638346	0.0	0.0	0.0	-0.04246913337250345	0.0	0.0	0.0	-0.07432989729036088	0.118886729435
450	1300.0	nan	nan	1	1	5.0	5.0	5.0	1.13	1.2428885012e-19	-1.0032046469e-18	-7.21301494146e-21	0.956811687922	-1.01473038304e-16	1.87617797817e-19	-2.55247422955e-18	0.925816556644	448290525.033	-1111929.37332	2004937.26375	-941471.264118	-6922.15735753	-8784016.75402	1642749.0306	-8499328.97434	-10361.0939296	506067147.35771686	-1062854.5016956613	1854367.778715065	-1062810.0536284752	-6616.648759739333	-8124342.806558295	1854469.9682849627	-8124212.093432922	-9582.982511559623	506284379.48	0.12221763272424911	0.0	0.0	0.0	-0.04414868022283802	0.0	0.0	0.0	-0.07707916693718608	0.12336160162
460	1350.0	nan	nan	1	1	5.0	5.0	5.0	1.135	-8.1804853859e-20	-2.7522773904e-17	-7.19448609574e-19	0.955208586268	-1.71886066646e-16	5.03984603616e-19	9.48551169472e-19	0.923290054623	448735901.344	-1053781.35734	2127443.96564	-886815.062905	-5906.23812568	-8821468.58568	1730725.64647	-8526548.11215	-9802.56401565	508808598.2290155	-1005579.6874230804	1962293.8870871686	-1005533.8289038871	-5636.077206051489	-8136672.062995503	1962419.5154921093	-8136529.960120776	-9041.60662107217	509025398.795	0.126632650933366	0.0	0.0	0.0	-0.0458255474101627	0.0	0.0	0.0	-0.07981184181685906	0.127816037048
470	1400.0	nan	nan	1	1	5.0	5.0	5.0	1.14	-8.87955226519e-19	1.30704330602e-17	2.62977260343e-20	0.953610718182	9.11632973768e-17	-5.1174024904e-19	-1.23748204871e-18	0.920785599661	449043446.335	-992397.276278	2228272.06762	-830107.039243	-5308.50070016	-8856824.88603	1799915.80006	-8551798.24382	-9315.00287174	511397640.5657781	-945414.3580005425	2049709.1564214684	-945375.7420372486	-5057.181132349362	-8147081.915857464	2049852.1933244036	-8146931.717461111	-8568.543741021207	511614036.431	0.131028262406404	0.0	0.0	0.0	-0.047499743029938396	0.0	0.0	0.0	-0.08252806064006431	0.132250213083
480	1450.0	nan	nan	1	1	5.0	5.0	5.0	1.145	-5.148795649e-18	8.84188576881e-17	-1.92435297704e-20	0.952018265406	-2.29529146866e-16	4.28810429547e-19	3.27564184315e-18	0.91830284159	449239244.867	-924959.452015	2311635.99802	-769057.681351	19163.3060572	-8888412.90916	1854081.10521	-8573568.61735	19256.6492971	513861972.38142556	-879693.2910745279	2120648.45970025	-879686.0504275608	18225.48192421217	-8154051.572624321	2120789.2777943057	-8153990.72556058	17665.663497999238	514053462.178	0.13540463700620298	0.0	0.0	0.0	-0.04917105802398686	0.0	0.0	0.0	-0.08522804996474757	0.136664289755
490	1500.0	nan	nan	1	1	5.0	5.0	5.0	1.15	2.85254226856e-18	-9.1491628523e-17	-6.30774847908e-20	0.950431202321	1.13908249593e-16	-1.08949612841e-19	-3.63384413561e-18	0.91584109738	449284230.808	-854438.765159	2376851.48899	-706144.76685	-17020.9440195	-8917151.75365	1892986.48911	-8592415.48721	-23981.5761549	516155265.44030774	-811265.4397128047	2174620.7160319868	-811246.6776705211	-16160.904909011224	-8158449.537681584	2174736.785229032	-8158255.468581618	-21941.140433517256	516383349.112	0.13976194237515863	0.0	0.0	0.0	-0.050839500187714666	0.0	0.0	0.0	-0.08791240383242639	0.141058630846
500	1550.0	nan	nan	1	1	5.0	5.0	5.0	1.155	-1.41531264552e-18	2.17754885973e-16	-2.38492714211e-20	0.948849938558	1.63260994842e-16	-4.62797626556e-19	-2.7913706079e-19	0.91340026491	449258164.298	-777105.19741	2429665.72901	-638309.120233	1840.91723114	-8946065.38519	1921692.78798	-8611571.75062	-4914.77529292	518366958.5350467	-736608.4493113488	2217006.7218220755	-736499.375091792	1744.9827789840415	-8163051.754822031	2217304.269362527	-8162802.84123601	-4484.604499520374	518576897.748	0.14410034397375687	0.0	0.0	0.0	-0.05250461873632691	0.0	0.0	0.0	-0.09058108820500478	0.145433225226
510	1600.0	nan	nan	1	1	5.0	5.0	5.0	1.16	-1.05245167185e-18	9.05854620881e-17	6.89736281971e-19	0.947274609271	-3.39523627786e-17	-1.14587675896e-18	1.5480982949e-18	0.910979639741	449134945.796	-693869.916143	2472384.0382	-566600.856045	12975.2313553	-8978605.29185	1941740.23724	-8634498.73659	12984.7328087	520465899.52153003	-656615.9052500826	2249997.5501429955	-656587.5734485246	12278.58865758051	-8170995.928719566	2250124.5754127786	-8170910.8183014225	11816.779495998748	520662066.058	0.14842000511827322	0.0	0.0	0.0	-0.05416624972070841	0.0	0.0	0.0	-0.09323473132319125	0.14978840524
520	1650.0	nan	nan	1	1	5.0	5.0	5.0	1.165	-8.00300551368e-19	-3.39972819946e-17	4.75225188079e-19	0.94570539446	-6.94687189548e-17	6.08222595688e-19	-1.17727653501e-18	0.908578595295	448901958.267	-606013.767893	2494110.96101	-491891.8805	-13071.4726651	-9020123.30368	1945275.22112	-8665788.95451	-20421.2405197	522436044.123926	-572524.4843400182	2263778.752064144	-572468.0934277631	-12349.122319729211	-8187111.076886662	2263928.3980350993	-8186903.690043331	-18535.330264763954	522659540.469	0.15272108701766393	0.0	0.0	0.0	-0.055824180778990824	0.0	0.0	0.0	-0.09587388383109027	0.1541244569
530	1700.0	nan	nan	1	1	5.0	5.0	5.0	1.17	-1.92059426834e-18	9.70304034348e-17	1.4486910376e-19	0.944142244771	2.38017369909e-16	1.47950186106e-18	-3.30829893374e-18	0.906197232513	448600748.751	-515956.826778	2505058.86313	-416358.145453	-14880.6367202	-9067577.68212	1940203.65604	-8703166.40245	-13705.5529693	524324114.9251738	-486636.600746373	2267747.2205604753	-486638.9918303603	-14035.016293285098	-8208579.202865903	2267708.1292443825	-8208592.451942925	-12407.185359923988	524545443.991	0.1570037488096647	0.0	0.0	0.0	-0.05747844116805503	0.0	0.0	0.0	-0.09849830070101456	0.158441391897
540	1750.0	nan	nan	1	1	5.0	5.0	5.0	1.175	2.47905367838e-18	1.45759864783e-16	-5.56368297448e-19	0.942585188819	-7.03528095935e-17	-5.71747239397e-20	-2.11302956604e-18	0.903835103412	448224348.107	-426322.929829	2510013.0136	-341996.833117	-16209.3440475	-9113738.89872	1930730.98802	-8739075.40725	-15237.9087509	526120989.7273743	-401431.65939970524	2266300.5036676987	-401432.2583836768	-15262.946052135512	-8228830.266836444	2266271.5727167563	-8228836.163606423	-13758.367024351377	526343611.583	0.16126814759612232	0.0	0.0	0.0	-0.059128977729686595	0.0	0.0	0.0	-0.10110834295836212	0.162739452809
550	1800.0	nan	nan	1	1	5.0	5.0	5.0	1.18	-8.07487096529e-19	-1.26747892645e-17	1.86241369278e-19	0.941034352078	3.10225287536e-17	-1.36531123186e-19	-1.4418088949e-18	0.901491931818	447789063.629	-335714.346904	2506343.67742	-267794.865919	2962.47165403	-9160784.93379	1914647.14244	-8776024.05363	6981.10299975	527844694.72773725	-315592.0466677973	2257112.1457148623	-315671.17362156895	2784.904789183521	-8249833.861421471	2256947.3408352463	-8250000.091544827	6286.90012195072	528048291.436	0.16551443847757333	0.0	0.0	0.0	-0.060775634135346354	0.0	0.0	0.0	-0.10370418610926388	0.167018778294
560	1850.0	nan	nan	1	1	5.0	5.0	5.0	1.185	-1.88852613035e-18	8.10301628194e-17	-2.66444801471e-19	0.939489614867	-9.02767715184e-18	2.08317165465e-19	3.89688095296e-18	0.899167406529	447287549.925	-246658.222555	2492571.07482	-195483.56703	10806.3641157	-9214679.86342	1891541.13219	-8819030.01756	8047.36252988	529485742.31583375	-231492.37535655446	2238912.9937056205	-231407.65178190742	10141.931909662724	-8276942.10506652	2239150.319892631	-8276789.583410283	7228.417562580074	529685448.229	0.16974277458709455	0.0	0.0	0.0	-0.062418514083271474	0.0	0.0	0.0	-0.10628604768715504	0.171279586374
570	1900.0	nan	nan	1	1	5.0	5.0	5.0	1.19	-7.45733100719e-19	-3.49912751582e-17	6.25639710666e-19	0.937950932557	-5.57727255933e-16	-2.05199025428e-18	7.31280601056e-19	0.896861410715	446730578.883	-156916.22024	2473435.21485	-123601.771081	24910.1526613	-9273972.41038	1864349.62901	-8867514.7819	20361.6432402	531055882.1233434	-147026.4729580202	2216018.8930166597	-146932.96290026078	23340.17401793085	-8308807.908665464	2216266.097780463	-8308633.870302147	18242.558302010966	531243984.281	0.17395330712343798	0.0	0.0	0.0	-0.06405764205098813	0.0	0.0	0.0	-0.10885393196496938	0.175521985959
580	1950.0	nan	nan	1	1	5.0	5.0	5.0	1.195	1.10405450719e-18	-1.14210746234e-16	-2.6983293326e-19	0.936418179082	3.1532670228e-16	3.00590817157e-19	5.17783299723e-18	0.89457353071	446085795.325	-66481.7895707	2448474.85746	-52096.6129833	-13749.7285122	-9336548.05691	1832863.50892	-8919365.14674	-14761.0091269	532515819.83052623	-62189.74159421813	2188053.351464838	-62190.437050306144	-12862.049422650227	-8343506.246262602	2187984.518491323	-8343533.127524405	-13191.017825938347	532738387.068	0.17814618538347404	0.0	0.0	0.0	-0.06569312975416848	0.0	0.0	0.0	-0.11140817627043624	0.179746244243
590	2000.0	nan	nan	1	1	5.0	5.0	5.0	1.2	-3.19109074966e-18	-1.13852874814e-17	-6.26116166699e-19	0.934891752118	2.93500516114e-16	-1.12062458922e-18	-1.1023472064e-18	0.892303670166	445433274.039	23510.5962943	2414184.8772	18422.7723175	13352.4256676	-9404216.65046	1795434.51679	-8975557.74888	10899.310081	533959906.3854827	21956.834016987606	2151929.0617787717	22084.16468939437	12469.99397368184	-8382625.25149277	2152264.1041461905	-8382383.383011891	9715.304879154539	534159181.186	0.1823215567939546	0.0	0.0	0.0	-0.06732452953150546	0.0	0.0	0.0	-0.11394876693196314	0.183952344464
600	2050.0	nan	nan	1	1	5.0	5.0	5.0	1.205	1.07581125235e-18	3.90611625906e-17	6.10618110742e-19	0.933371348793	-4.73282676833e-16	1.23455052062e-18	1.92126924772e-18	0.890051362564	444703011.776	111555.273814	2365775.50909	86305.4921469	-5347.41171075	-9478207.42368	1747250.4654	-9038513.04143	-3177.46828856	535304058.3056191	104013.08802036113	2103449.157944384	103888.84036515193	-4985.876381588443	-8427227.075248014	2103224.489687342	-8427424.543988382	-2825.1382983237604	535519355.468	0.18647956694261839	0.0	0.0	0.0	-0.06895214146678762	0.0	0.0	0.0	-0.11647610717508582	0.188140624391
610	2100.0	nan	nan	1	1	5.0	5.0	5.0	1.21	2.06069881177e-18	1.3855672307e-16	-3.35755919358e-19	0.931857359625	-1.22579114116e-16	9.70117422402e-19	4.24002194083e-18	0.887816371181	443963999.624	197822.622694	2310323.08143	152420.579243	12722.6684714	-9556226.06889	1695311.819	-9104387.49527	11311.8541862	536630270.154982	184148.18213366374	2048980.8862008215	184234.52506424286	11843.217115374362	-8475232.19447301	2049165.3381746945	-8475048.92950388	10032.26483833089	536831900.903	0.1906203596086497	0.0	0.0	0.0	-0.07057552362218751	0.0	0.0	0.0	-0.11899034658438941	0.192311133259
620	2150.0	nan	nan	1	1	5.0	5.0	5.0	1.215	1.88507182411e-18	1.39357036856e-17	-6.25136784853e-19	0.930349547554	-1.86335072297e-16	-8.94255034064e-19	-4.41145346842e-18	0.885598428009	443168575.254	281052.401474	2252343.63357	215305.839069	15936.0252239	-9636290.3937	1641970.14926	-9172579.95127	15530.4387335	537880710.1455884	261200.60925338816	1992563.7339687871	261320.10274092676	14810.403596375701	-8524863.827303592	1992885.1440236566	-8524685.998524677	13739.195268329197	538080324.169	0.19474407679251185	0.0	0.0	0.0	-0.07219490586665749	0.0	0.0	0.0	-0.12149167264687366	0.196464099577
630	2200.0	nan	nan	1	1	5.0	5.0	5.0	1.22	3.16366805799e-19	-1.49371825029e-16	8.04390132316e-19	0.92884797343	2.95620957218e-16	-5.83923338013e-19	9.27966945364e-18	0.883397232546	442327660.074	366467.013209	2192027.75437	279107.948622	2374.04162862	-9715266.53575	1587431.41937	-9239668.42877	-748.354119141	539067843.0381197	340031.3999700633	1934379.0505609827	340150.82803839433	2202.786797908688	-8573344.02810615	1934613.8811838382	-8573151.955977168	-660.3933401762997	539282285.551	0.19885085874516517	0.0	0.0	0.0	-0.07381019895256213	0.0	0.0	0.0	-0.12398031255497795	0.200599688627
640	2250.0	nan	nan	1	1	5.0	5.0	5.0	1.225	-1.13415064659e-18	-1.33190637e-17	-1.20331618069e-18	0.927352745902	2.83535173489e-16	2.07184258898e-18	8.86427920236e-18	0.881212521583	441451768.215	452522.076408	2127687.01184	342657.787461	-12478.8414096	-9791741.25873	1530680.58025	-9304443.34621	-15407.4155042	540203804.9353005	419201.6881421472	1872952.190285132	419309.7726748535	-11559.991562151388	-8619436.569001697	1873091.3162610985	-8619332.760325955	-13562.780829436531	540432841.136	0.20294084399669038	0.0	0.0	0.0	-0.07542126163111364	0.0	0.0	0.0	-0.12645645446017129	0.204718035349
650	2300.0	nan	nan	1	1	5.0	5.0	5.0	1.23	-2.26994241952e-18	1.38595395418e-16	2.75470996315e-19	0.925863932056	4.16168886326e-16	1.78575721105e-18	-5.4762003529e-18	0.87904409984	440558499.209	532794.082213	2058598.5066	401152.663811	-5315.19302167	-9870914.39126	1471374.16733	-9371646.22989	-8758.02103309	541309631.6740099	492769.271276854	1807670.9379125	492892.0928377443	-4915.9025586534935	-8667724.677005239	1807862.0886944057	-8667624.955941528	-7690.484591524715	541533803.02	0.20701416938432612	0.0	0.0	0.0	-0.07702799675712561	0.0	0.0	0.0	-0.12892021208901644	0.208819253483
660	2350.0	nan	nan	1	1	5.0	5.0	5.0	1.235	5.53435445868e-18	7.38239506113e-17	-9.37916935517e-19	0.924381514543	3.50658405273e-17	1.70534202062e-18	-3.75365297554e-18	0.876891733028	439647470.181	605634.719126	1986843.80853	453459.629739	17545.324325	-9954739.27988	1411025.35331	-9443101.43167	16795.6331844	542384600.8238416	559239.489496485	1740385.7459877254	559424.3955605121	16201.247895303866	-8719903.534110976	1740754.7521933601	-8719703.57236402	14712.218677418443	542588629.347	0.2110709700799406	0.0	0.0	0.0	-0.0786303980308846	0.0	0.0	0.0	-0.13137174573812962	0.212903497211
670	2400.0	nan	nan	1	1	5.0	5.0	5.0	1.24	1.76871067299e-18	6.90930069031e-18	-2.97387973825e-20	0.922905354858	5.59701901491e-16	-2.27820099076e-18	7.23014088886e-18	0.874755004553	438677854.311	672542.604224	1913701.32172	500622.233936	-12830.0325681	-10041558.1792	1350090.88149	-9517619.90339	-15911.7426396	543378072.5104524	620028.5395334598	1672227.2867878033	620106.8548565644	-11828.22665122938	-8774497.565813126	1672320.0719813004	-8774456.713180957	-13903.972328539458	543612205.035	0.2151113796169455	0.0	0.0	0.0	-0.08022859051918174	0.0	0.0	0.0	-0.13381142662695528	0.216971039031
680	2450.0	nan	nan	1	1	5.0	5.0	5.0	1.245	3.40782530504e-18	-8.70336941216e-18	-9.12280953972e-20	0.921435642779	2.88737120456e-16	-1.85320220947e-18	-3.05170089028e-18	0.872633953112	437708715.653	733594.265803	1838940.71545	543004.355409	2385.85960641	-10130096.6332	1289100.70191	-9593367.78697	-3044.07234899	544362349.684509	675234.2604927452	1602999.435932122	675314.6926909715	2196.056079048261	-8830376.668768153	1603207.480172706	-8830181.621143088	-2653.5092824748367	544585728.871	0.219135529916671	0.0	0.0	0.0	-0.08182234394328101	0.0	0.0	0.0	-0.13623910876769685	0.221021849072
690	2500.0	nan	nan	1	1	5.0	5.0	5.0	1.25	6.64735575137e-19	-1.01332774942e-16	2.69925577488e-19	0.919972157604	-1.66516565974e-16	2.06506632541e-18	-3.57236145505e-18	0.87052824625	436700782.51	789058.70169	1758887.88125	580793.178494	-13958.6553289	-10217360.8789	1225019.68564	-9668161.28089	-17682.9900165	545288600.7831922	725130.9352352906	1529514.0112334664	725210.2866066295	-12827.756378064247	-8884930.52268918	1529626.9140511677	-8884868.53589215	-15376.978418611283	545527688.355	0.22314355131420976	0.0	0.0	0.0	-0.08341187287091205	0.0	0.0	0.0	-0.1386550719947564	0.225056182109
700	2550.0	nan	nan	1	1	5.0	5.0	5.0	1.255	5.52016665682e-18	1.09104116944e-16	-8.08426773705e-19	0.918515119356	5.95149277422e-16	4.32092682218e-19	3.06175940653e-18	0.868437740208	435688483.661	843619.932121	1675124.39894	617431.208169	5384.3738119	-10304913.7252	1159281.17147	-9743081.40073	8774.23313101	546199228.7195485	774041.8064591348	1453172.02636672	774040.3116821556	4940.293932518637	-8939522.562658034	1453328.4800308994	-8939514.158868594	7611.655675764807	546419820.126	0.22713557258374711	0.0	0.0	0.0	-0.08499691354136965	0.0	0.0	0.0	-0.1410593824474399	0.229074085166
