inc	time	elem	node	ip	grain	1_pos	2_pos	3_pos	1_f	2_f	3_f	4_f	5_f	6_f	7_f	8_f	9_f	1_p	2_p	3_p	4_p	5_p	6_p	7_p	8_p	9_p	1_Cauchy	2_Cauchy	3_Cauchy	4_Cauchy	5_Cauchy	6_Cauchy	7_Cauchy	8_Cauchy	9_Cauchy	Mises(Cauchy)	1_ln(V)	2_ln(V)	3_ln(V)	4_ln(V)	5_ln(V)	6_ln(V)	7_ln(V)	8_ln(V)	9_ln(V)	Mises(ln(V))
0	0.0	nan	nan	1	1	5.0	5.0	5.0	1.0	0.0	0.0	0.0	1.0	0.0	0.0	0.0	1.0	5.51262176161e-06	2.50218655673e-07	8.15996049328e-08	2.50218655673e-07	5.38365587482e-06	-7.90973511055e-07	8.15996049328e-08	-7.90973511055e-07	5.92064080649e-06	5.51262176161e-06	2.50218655673e-07	8.15996049328e-08	2.50218655673e-07	5.38365587482e-06	-7.90973511055e-07	8.15996049328e-08	-7.90973511055e-07	5.92064080649e-06	1.52330337687e-06	0.0	0.0	0.0	0.0	0.0	0.0	0.0	0.0	0.0	0.0
10	2.5	nan	nan	1	1	5.0	5.0	5.0	1.00025	-7.98650636238e-21	1.79577033576e-20	2.15713194117e-22	0.999936649548	-1.81732524081e-19	4.52726289008e-22	3.37834779333e-21	0.999921295573	56702794.629	-945845.867268	-963989.832838	-945549.560046	25.8573050658	-341060.685947	-963673.043676	-341055.448775	28.8951337255	56710850.39923336	-945683.8944108073	-963809.9534102872	-945683.8943420401	25.85287709108901	-340997.044403372	-963809.9527767018	-340997.0442004166	28.889741925772267	56762100.282	0.0002499687552074404	0.0	0.0	0.0	-6.335245872486864e-05	0.0	0.0	0.0	-7.870752435590878e-05	0.000214182714256
20	5.0	nan	nan	1	1	5.0	5.0	5.0	1.0005	-5.0231576673e-21	-3.96670843835e-20	5.82076657296e-22	0.999873274701	-2.28987219901e-19	9.90548783532e-23	2.62009459026e-22	0.999842561459	113450735.255	-1892505.24946	-1928761.06215	-1891319.75983	-209.516550001	-682104.342409	-1927493.65346	-682083.389723	-238.299472438	113482980.7504351	-1891857.3209815333	-1928041.49520318	-1891857.3195253592	-209.44481876564686	-681849.8683070951	-1928041.494667588	-681849.8679121534	-238.21056955252809	113585746.832	0.0004998750416509929	0.0	0.0	0.0	-0.00012673332932984843	0.0	0.0	0.0	-0.00015745093574808617	0.00042834541163
30	7.5	nan	nan	1	1	5.0	5.0	5.0	1.00075	-2.97314561546e-21	3.61989228702e-20	3.30856735385e-21	0.999809926459	-6.2293493346e-19	1.68372613685e-21	7.77446378223e-22	0.999756955072	166483839.795	-2832657.56348	-2920370.34092	-2829996.70083	-437.051519937	-1148338.35702	-2917472.58375	-1148277.51815	-3192.881237	166555970.56768712	-2831222.7768190815	-2918736.4792193696	-2831222.824933002	-436.83014630574064	-1147695.8953312852	-2918736.6076457645	-1147695.8971001012	-3191.094913431821	166718480.522	0.0007497188905459742	0.0	0.0	0.0	-0.0001900916072652337	0.0	0.0	0.0	-0.00024307446820498845	0.000644927146364
40	10.0	nan	nan	1	1	5.0	5.0	5.0	1.001	-3.76531322364e-21	3.63051535403e-19	6.68465332519e-22	0.999738443818	7.58971299242e-20	-8.48687308479e-22	8.07276579063e-21	0.999620430066	188029096.703	-3062400.32056	-3481299.81426	-3058540.68564	2858.48776504	-2243789.372	-3476501.94943	-2243524.48373	2842.7739063	188149705.71376204	-3060502.654370947	-3478731.8760954463	-3060502.549909619	2856.7164565839757	-2242134.2682545604	-3478731.9099434796	-2242134.247277729	2840.6769689499665	188357973.175	0.0009995003330834232	0.0	0.0	0.0	-0.0002615903937835816	0.0	0.0	0.0	-0.000379641988901015	0.000882712932421
50	12.5	nan	nan	1	1	5.0	5.0	5.0	1.00125	3.20431157739e-20	4.43563402568e-19	2.17517481828e-21	0.999658257791	2.30857940555e-18	8.18908806427e-23	5.79998366007e-21	0.999469019961	197216888.161	-2878464.49286	-3837388.9437	-2873888.32199	-2071.92968587	-2903918.447	-3830562.62573	-2903368.73725	-2561.26637968	197389118.21808988	-2876398.214265703	-3833908.4042822397	-2876398.096656773	-2070.4423706818498	-2901284.572047778	-3833907.866727704	-2901284.5813786974	-2558.9432926214163	197629824.918	0.0012492194004318981	0.0	0.0	0.0	-0.00034180061617584555	0.0	0.0	0.0	-0.0005311210588222423	0.00112909000469
60	15.0	nan	nan	1	1	5.0	5.0	5.0	1.0015	1.64658572735e-20	-8.41460231468e-19	-1.4959561378e-21	0.999574564591	-2.52473265975e-18	-1.75196853739e-21	-3.75250484885e-21	0.999315451645	203435398.52	-2594696.31283	-4023065.27604	-2589708.16231	-2137.75522944	-3239174.56498	-4014289.62387	-3238335.6301	-3158.62479521	203661400.05487895	-2592584.847375944	-4018749.434774753	-2592585.1346748318	-2136.0156053098494	-3235699.6615683804	-4018749.1998486314	-3235700.3953799345	-3155.2363035258636	203909461.028	0.0014988761237359487	0.0	0.0	0.0	-0.00042552593231882853	0.0	0.0	0.0	-0.0006847827652077783	0.00137751011466
70	17.5	nan	nan	1	1	5.0	5.0	5.0	1.00175	3.78470285419e-20	2.28724951948e-19	9.38146891727e-21	0.999489011135	7.49039755217e-19	5.29395592034e-23	-1.837871244e-20	0.999161316534	208383829.07	-2275224.69891	-4073588.55442	-2270089.83739	-3655.11571196	-3422815.52159	-4063060.98143	-3421693.7807	-7164.4109213	208665369.5204845	-2273156.470137202	-4068551.2123871753	-2273156.8801558013	-3651.7931322222735	-3418582.916291951	-4068550.44778717	-3418583.3865783396	-7155.551512012055	208910777.05	0.001748470534116803	0.0	0.0	0.0	-0.0005111194643020596	0.0	0.0	0.0	-0.0008390353577425974	0.00162675290308
80	20.0	nan	nan	1	1	5.0	5.0	5.0	1.002	-1.32971351419e-20	-6.47314324256e-19	4.28458877787e-21	0.999402292288	2.78889981941e-18	-6.16994018903e-21	-1.88332481866e-20	0.999007131632	212666507.965	-1978063.49806	-4055495.99312	-1972935.6085	-1312.55164967	-3529867.38399	-4043382.07685	-3528471.76413	-3097.22906486	213005182.5063329	-1976077.2521213058	-4049821.8004608843	-1976077.5374698315	-1311.2336685303546	-3524928.6175279277	-4049821.2222679337	-3524928.696519595	-3092.895618481741	213237752.424	0.001998002662673058	0.0	0.0	0.0	-0.0005978864104638576	0.0	0.0	0.0	-0.0009933615882934982	0.00187636177383
90	22.5	nan	nan	1	1	5.0	5.0	5.0	1.00225	1.10986958689e-20	-2.75228632395e-19	2.29604658529e-21	0.999314744275	-1.42859054872e-18	3.84721702898e-21	-2.68281556021e-20	0.998853031732	216531649.73	-1734108.84643	-4011932.61403	-1729030.66233	-1749.69259811	-3595568.13288	-3998333.6879	-3593907.59129	-3269.52685764	216928941.6427573	-1732202.6422076852	-4005670.939405155	-1732203.0849292353	-1747.7692635827902	-3589956.3043909515	-4005669.8239368726	-3589957.019306454	-3264.423902199487	217152145.171	0.00224747254047937	0.0	0.0	0.0	-0.0006854906200190018	0.0	0.0	0.0	-0.0011476265394961434	0.00212616191877
100	25.0	nan	nan	1	1	5.0	5.0	5.0	1.0025	1.81700561305e-21	-3.97610004023e-19	-1.1663246637e-22	0.999226520906	-4.62887127498e-18	-9.07996158399e-21	-3.87958047045e-20	0.9986991438	220115652.247	-1543581.95233	-3962389.49883	-1538541.46216	-150.212071727	-3637360.88697	-3947366.08174	-3635441.67286	-998.427846096	220572972.61175808	-1541738.2004749193	-3955567.777239947	-1541737.992418016	-150.03264893347094	-3631098.7405301346	-3955567.274512558	-3631099.2715263646	-996.708934616996	220785674.898	0.002496880198587146	0.0	0.0	0.0	-0.0007737783832937718	0.0	0.0	0.0	-0.0013017030479244354	0.00237604464471
110	27.5	nan	nan	1	1	5.0	5.0	5.0	1.00275	-4.9977761472e-20	7.92726058498e-19	-2.21984257136e-21	0.999137775478	5.60332808688e-18	2.34919293965e-21	6.77855900423e-20	0.998545457122	223493431.136	-1398619.10098	-3914557.47464	-1393580.50347	267.784366318	-3663729.61638	-3898143.35258	-3661557.9913	-434.766791112	224012134.20257849	-1396815.1740654383	-3907190.83999272	-1396814.8467659065	267.43898034022374	-3656835.0037181247	-3907190.5039914227	-3656835.345223519	-433.94862248690254	224216954.297	0.0027462256680252286	0.0	0.0	0.0	-0.0008625964513696408	0.0	0.0	0.0	-0.0014556017524021815	0.00262596462901
120	30.0	nan	nan	1	1	5.0	5.0	5.0	1.003	1.08445446257e-20	-6.75340857771e-19	2.68502826835e-21	0.999048596125	-7.11575339068e-18	-3.23014029202e-21	-5.93760583448e-20	0.998391988445	226715792.42	-1290070.0556	-3871091.9437	-1284987.6591	321.548499537	-3679922.00188	-3853306.94705	-3677503.52629	-391.66052333	227297192.6272078	-1288282.99527851	-3863188.856337308	-1288282.939429992	321.10307677687234	-3672409.2004555645	-3863188.5412412854	-3672409.290821589	-390.8609227580133	227495584.795	0.002995508979798371	0.0	0.0	0.0	-0.000951856746932465	0.0	0.0	0.0	-0.0016093057931999147	0.00287588651154
130	32.5	nan	nan	1	1	5.0	5.0	5.0	1.00325	1.57440387915e-20	-1.98539890625e-19	1.14908828769e-20	0.998959020141	-1.49302047381e-18	2.58907531729e-22	3.25008568454e-20	0.99823876558	229814585.018	-1209767.04964	-3833133.00581	-1204592.53431	232.211056307	-3690755.46865	-3813986.21553	-3688094.65596	-292.845568901	230459960.6830692	-1207975.5716539456	-3824697.112511386	-1207975.3253017326	231.86718762946447	-3682632.9173903344	-3824696.8233455117	-3682633.1579066324	-292.20107940155503	230652889.156	0.0032447301648890294	0.0	0.0	0.0	-0.001041522054842251	0.0	0.0	0.0	-0.0017627872168346323	0.00312578565602
140	35.0	nan	nan	1	1	5.0	5.0	5.0	1.0035	5.40862383275e-20	-1.01712940534e-18	-6.36722276513e-21	0.998869145987	2.74343714576e-18	1.94354356725e-20	6.27748400842e-20	0.99808573293	232811399.097	-1150112.14631	-3799747.60489	-1144804.56607	180.793813065	-3698560.45488	-3779246.30843	-3695659.75805	-237.391778155	233521996.33309576	-1148298.9443883942	-3790781.693525607	-1148298.7891349979	180.50878373953174	-3689833.30543154	-3790781.4909498934	-3689833.389381173	-236.83162683367723	233710176.031	0.003493889254255838	0.0	0.0	0.0	-0.0011314939108652883	0.0	0.0	0.0	-0.0019161016207951483	0.00337565730063
150	37.5	nan	nan	1	1	5.0	5.0	5.0	1.00375	1.17614743347e-20	5.41522059814e-19	3.89710635968e-21	0.99877903188	2.67305069308e-18	-4.0472293011e-20	8.79795503366e-20	0.997932863088	235721624.83	-1106243.41818	-3770881.37121	-1100764.84199	155.098169663	-3704896.51697	-3749027.28475	-3701757.823	-206.367078592	236498660.36428052	-1104393.4362281824	-3761385.928280541	-1104393.4161512794	154.83879743991417	-3695567.2302666237	-3761385.6223498657	-3695567.3363042087	-205.84742638754466	236682705.734	0.003742986278834297	0.0	0.0	0.0	-0.0012217141088553128	0.0	0.0	0.0	-0.0020692763884082583	0.00362549641261
160	40.0	nan	nan	1	1	5.0	5.0	5.0	1.004	-3.21467201456e-20	1.51296131684e-18	6.4803138645e-21	0.998688715481	1.56666849965e-18	1.78009267821e-21	-4.23765661787e-20	0.997780141355	238556617.369	-1074316.59015	-3746891.322	-1068633.30923	137.891712152	-3709686.92307	-3723678.84098	-3706312.03502	-181.277731387	239401280.6996812	-1072417.0586512021	-3736863.5594626283	-1072417.0456872236	137.64790166534863	-3699758.7302414225	-3736863.362989482	-3699758.7931549447	-180.79257986072287	239581699.75	0.003992021269537457	0.0	0.0	0.0	-0.0013121450048549721	0.0	0.0	0.0	-0.002222326183603001	0.00387529852364
170	42.5	nan	nan	1	1	5.0	5.0	5.0	1.00425	-9.96322504208e-20	1.69222955355e-18	-1.1214190962e-20	0.998598219773	6.51380082403e-18	-5.36013036934e-21	8.28605431158e-20	0.997627562229	241325017.643	-1051051.33142	-3727103.10017	-1045136.20102	124.732353404	-3713551.03312	-3702524.87218	-3709941.42534	-160.945273524	242238472.849966	-1049092.1734304917	-3716539.719783514	-1049092.2148395977	124.49985249805772	-3703026.062092049	-3716539.5427535134	-3703026.1004964053	-160.48912135971923	242415683.15	0.004240994257254614	0.0	0.0	0.0	-0.0014027636400286813	0.0	0.0	0.0	-0.002375256460480995	0.00412505943523
180	45.0	nan	nan	1	1	5.0	5.0	5.0	1.0045	1.21235726479e-20	1.13447324703e-18	3.97886799335e-21	0.998507562697	9.20319991474e-18	1.26509002884e-20	-4.84545859221e-20	0.997475121722	244033470.321	-1034435.42754	-3711118.06083	-1028264.48236	113.856435088	-3716523.33764	-3685164.51381	-3712680.45482	-145.617861281	245016857.08051673	-1032408.0261921977	-3700014.8832697836	-1032408.1011673055	113.63328661121429	-3705403.9882018752	-3700014.6980275773	-3705403.9316483596	-145.18219177568093	245191202.874	0.004489905272852001	0.0	0.0	0.0	-0.0014935520968630195	0.0	0.0	0.0	-0.0025280711587148804	0.00437477580323
190	47.5	nan	nan	1	1	5.0	5.0	5.0	1.00475	3.69542938658e-21	1.2290133736e-18	7.65359201522e-21	0.998416765402	5.35316219986e-18	9.63169105257e-21	-3.70485924556e-20	0.997322808624	246687088.01	-1023410.89322	-3698779.97321	-1016960.07771	103.464190175	-3718942.42652	-3671438.21428	-3714867.55367	-125.140716352	247741522.3439626	-1021306.9070669888	-3687131.4215632277	-1021306.9514392129	103.25148262525312	-3707230.377346906	-3687131.3360375613	-3707230.3182790414	-124.74661123947672	247913315.306	0.00473875434717347	0.0	0.0	0.0	-0.0015844892383308094	0.0	0.0	0.0	-0.0026807814618275087	0.00462444657835
200	50.0	nan	nan	1	1	5.0	5.0	5.0	1.005	8.75132272663e-20	2.7999633601e-18	-2.69487688752e-21	0.998325847678	5.15266354555e-18	1.25102795843e-20	-5.94742860426e-22	0.997170609832	249288893.295	-1016689.89086	-3690153.13451	-1009938.2774	102.774603499	-3721696.15851	-3661405.28664	-3717389.46975	-108.567147569	250415463.80086893	-1014502.1546207038	-3677951.6149278777	-1014502.3262071024	102.55345078901942	-3709390.3416776047	-3677951.67645882	-3709390.3072407013	-108.20816946463631	250585024.065	0.004987541511038968	0.0	0.0	0.0	-0.0016755552810622494	0.0	0.0	0.0	-0.0028334004585986107	0.00487407193693
210	100.0	nan	nan	1	1	5.0	5.0	5.0	1.01	-1.57467064489e-19	3.61998389727e-18	4.61459248325e-20	0.996495573771	-4.41343870189e-19	-7.01813118914e-20	-1.66724869905e-19	0.994142881724	293250407.709	-1159436.20212	-3805773.07714	-1143933.16403	-744.966123094	-3885902.74678	-3746021.96913	-3876728.32715	1196.22273314	296015493.9635647	-1154719.9671858426	-3781343.59526025	-1154719.4196833558	-741.9358267757743	-3860958.907824086	-3781343.5700002615	-3860958.9717224985	1188.5441088523569	296169980.398	0.009950330853168092	0.0	0.0	0.0	-0.003510581114365425	0.0	0.0	0.0	-0.005874338466634008	0.00985679302026
220	150.0	nan	nan	1	1	5.0	5.0	5.0	1.015	-4.75364154422e-20	1.18589906572e-18	6.52231912998e-21	0.994663558921	8.67756799449e-18	2.16158837672e-20	-7.29176253578e-20	0.991135181945	327246493.282	-1381279.66618	-3986816.24304	-1353606.40722	-622.221561849	-4108368.48582	-3893076.30835	-4093793.6075	-1903.85897217	331944824.5799066	-1373038.4018016923	-3948971.2286785995	-1373040.3552641987	-618.5091403035404	-4069369.6318800384	-3948969.840107108	-4069368.4050911805	-1885.7865139096925	332099858.424	0.014888612493750559	0.0	0.0	0.0	-0.005350730740658778	0.0	0.0	0.0	-0.008904344323411651	0.0148201362879
230	200.0	nan	nan	1	1	5.0	5.0	5.0	1.02	2.0072033872e-19	-4.25944414161e-18	7.11209890673e-21	0.992838647176	1.89941447419e-17	-4.32979419835e-20	-3.03155077056e-19	0.988144163933	354299778.31	-1588017.13256	-4074983.15792	-1545739.80904	7180.57779112	-4296208.76899	-3947724.75427	-4275886.4126	5374.66868325	361136925.5319947	-1575559.1122744847	-4023898.081260271	-1575568.9291475983	7124.24604132369	-4242350.349015061	-4023906.499191219	-4242342.014007237	5307.290401901565	361282997.96	0.01980262729617973	0.0	0.0	0.0	-0.007187118395726628	0.0	0.0	0.0	-0.011926676966871028	0.0197633698036
240	250.0	nan	nan	1	1	5.0	5.0	5.0	1.025	1.86711207865e-19	-7.13311591173e-18	-4.35758746693e-21	0.991022213762	3.08032663343e-17	1.82131935994e-19	-1.03559703969e-19	0.985171266033	376159870.525	-1765500.94164	-4076464.54745	-1706984.76877	7052.61074859	-4438981.1773	-3918077.5675	-4412766.22099	7245.54740769	385280772.90730387	-1748365.9973145414	-4013067.040930285	-1748374.7273062496	6984.162134558557	-4369945.782817099	-4013080.7983592236	-4369938.431021396	7132.864068077671	385422636.684	0.024692612590371414	0.0	0.0	0.0	-0.009018329401859315	0.0	0.0	0.0	-0.014939778779227959	0.0246856576372
250	300.0	nan	nan	1	1	5.0	5.0	5.0	1.03	-1.28113733272e-19	-1.99294941088e-18	9.92947607309e-21	0.989214831271	3.09569366398e-18	-1.22237442201e-19	5.15728913953e-19	0.982217782879	394043824.949	-1920038.91969	-3990300.70824	-1844013.25327	10505.9974183	-4568313.6006	-3805206.26118	-4535991.41073	10708.6358279	405551595.4655761	-1897863.6800341357	-3916316.4916734262	-1897866.3528608961	10384.659768221358	-4483612.439589032	-3916334.6120114475	-4483603.568182454	10510.086873785367	405685530.319	0.02955880224154443	0.0	0.0	0.0	-0.010843750249739678	0.0	0.0	0.0	-0.017942220390206758	0.0295864145896
260	350.0	nan	nan	1	1	5.0	5.0	5.0	1.035	7.16483994259e-19	-2.54895242537e-17	-3.07099074216e-20	0.987416797568	8.10651823379e-17	-7.45322819135e-20	1.30019226531e-18	0.979284511496	408815376.923	-2056525.35575	-3843026.43965	-1961993.83864	3783.00330272	-4670228.19719	-3636182.42486	-4631755.80618	6904.83078811	422783301.6854741	-2029013.0158526723	-3760386.731278713	-2029028.9451196736	3732.3940202198246	-4569800.4998259675	-3760419.245195262	-4569791.853387123	6756.350622375182	422916903.817	0.03440142671733232	0.0	0.0	0.0	-0.012663041383906375	0.0	0.0	0.0	-0.020933064273445323	0.0344653234086
270	400.0	nan	nan	1	1	5.0	5.0	5.0	1.04	-7.68947097429e-21	1.09463126565e-18	-7.5227113628e-20	0.98562815029	-3.70791849034e-17	1.81582688068e-20	7.56499683572e-19	0.976372198113	421123927.795	-2178303.98774	-3642678.41767	-2064404.04767	-8766.28662958	-4749733.34615	-3419845.24753	-4705114.34877	-2034.33808115	437604132.8625002	-2145209.653841666	-3553647.8950760607	-2145192.147804601	-8633.103006724312	-4633645.348939397	-3553676.9945729887	-4633630.925811394	-1984.6169249757547	437742077.639	0.03922071315328133	0.0	0.0	0.0	-0.014476125034051743	0.0	0.0	0.0	-0.023911414739060846	0.0393221472663
280	450.0	nan	nan	1	1	5.0	5.0	5.0	1.045	4.0142744255e-19	1.35276323284e-17	1.31111435812e-19	0.983848969963	-6.57855285326e-17	-8.0944586022e-20	5.94153907829e-19	0.973481318755	431461703.366	-2297591.41298	-3394908.31332	-2163135.31103	-10452.8822494	-4817993.28443	-3162571.93539	-4767206.15007	-8550.57435344	450491080.56943494	-2258545.723968499	-3302047.5586040528	-2258539.184547696	-10275.244055211559	-4686206.958757185	-3302055.402455634	-4686191.376190809	-8316.690927310367	450626768.318	0.04401688541677426	0.0	0.0	0.0	-0.016282879519994888	0.0	0.0	0.0	-0.026876644128019368	0.0441567461344
290	500.0	nan	nan	1	1	5.0	5.0	5.0	1.05	-2.77952538153e-19	2.83697274419e-17	3.19953460936e-21	0.982078706537	-7.6772684059e-18	3.28794367322e-19	2.96633585106e-19	0.970612743242	440205645.31	-2424592.78848	-3105837.68064	-2267775.27094	4826.74608124	-4876322.44438	-2871082.60629	-4819388.43408	5844.72551897	461809990.681136	-2379049.734413843	-3011918.116684195	-2379072.799037367	4736.081471996794	-4728863.972696541	-3011989.1595707275	-4728862.029373205	5667.98283998044	461925258.724	0.04879016416943205	0.0	0.0	0.0	-0.018083824616434246	0.0	0.0	0.0	-0.029827712855502616	0.048968969483
300	550.0	nan	nan	1	1	5.0	5.0	5.0	1.055	-2.29029768004e-19	-1.9019595435e-18	-2.20354297739e-19	0.980316924588	1.40978019689e-16	1.20172799392e-20	1.2249899671e-18	0.967766836405	447621492.376	-2548286.32995	-2799920.8222	-2367875.13394	-8423.84995056	-4928935.45632	-2568443.6693	-4865812.49337	-1969.95275789	471817119.38499856	-2495887.6339947507	-2707240.198966214	-2495867.700249952	-8250.635996090869	-4765781.981997142	-2707277.7201096183	-4765760.067385219	-1904.7450391949808	471937495.197	0.05354076692802976	0.0	0.0	0.0	-0.019879367160847566	0.0	0.0	0.0	-0.03276409220219297	0.0537588461734
310	600.0	nan	nan	1	1	5.0	5.0	5.0	1.06	-1.78671012311e-21	-6.64171768832e-18	-3.38879353351e-20	0.978563608093	-3.82375553983e-17	2.01977653251e-19	6.81202673182e-19	0.964943816118	453949325.3	-2663927.6467	-2491865.70398	-2459285.58356	5305.31855481	-4974223.6749	-2268305.80101	-4904972.4354	-1474.2198407	480746672.539382	-2604441.0538326083	-2402313.6385064805	-2604461.1044177767	5186.848623656935	-4795461.230558356	-2402207.482997519	-4795442.396679967	-1421.239685515129	480855699.798	0.058268908123975824	0.0	0.0	0.0	-0.02166948854289442	0.0	0.0	0.0	-0.03568540097747485	0.0585263573325
320	650.0	nan	nan	1	1	5.0	5.0	5.0	1.065	3.57302319954e-19	-4.95853087323e-18	9.79911240855e-20	0.976818099915	-2.93688028032e-17	-1.7342999595e-19	-9.63284910543e-19	0.962144098791	459356863.873	-2779281.56503	-2173955.3045	-2549136.7563	-9212.1230612	-5007617.24604	-1963999.01402	-4932349.21774	-10110.9549934	488760827.4600408	-2712331.816981023	-2089716.1780300783	-2712309.945285711	-8990.213440489346	-4813575.859067168	-2089716.8600674563	-4813534.506207274	-9719.16312230787	488877257.292	0.06297479916138839	0.0	0.0	0.0	-0.023454826550806027	0.0	0.0	0.0	-0.03859104869092333	0.0632715608774
330	700.0	nan	nan	1	1	5.0	5.0	5.0	1.07	-8.98993124612e-19	9.58388663061e-18	-2.02619545406e-19	0.975080091737	4.30503701349e-17	5.29157364018e-19	2.35946321414e-18	0.959367996778	463994827.202	-2885077.62432	-1859417.64476	-2629127.52311	-8168.25716874	-5032388.44481	-1667143.95529	-4951244.07061	-10561.5764595	496006790.8633259	-2810531.764027966	-1782185.396360667	-2810516.47358239	-7957.202272817334	-4823364.573542142	-1782163.6679811254	-4823311.7246487895	-10122.893789736527	496119666.881	0.06765864847381486	0.0	0.0	0.0	-0.025235665986754023	0.0	0.0	0.0	-0.04148054800859293	0.0679944671929
340	750.0	nan	nan	1	1	5.0	5.0	5.0	1.075	-4.09262497312e-19	-2.98039130403e-18	-8.42797782518e-20	0.973349810328	2.9400418308e-16	-9.89916817544e-19	1.50849950461e-18	0.95661511574	467974931.11	-2984419.9285	-1558285.25305	-2702215.39516	7417.96140385	-5052997.91769	-1386567.64908	-4966095.98974	5223.65205747	502592960.5410899	-2902112.3950185548	-1489256.6494335046	-2902109.3763544858	7213.3809087308855	-4829161.242310765	-1489137.7580604013	-4829135.668558578	4992.255779670514	502688205.005	0.07232066157962608	0.0	0.0	0.0	-0.02701174411202456	0.0	0.0	0.0	-0.044354146334544084	0.0726952490227
350	800.0	nan	nan	1	1	5.0	5.0	5.0	1.08	1.71206534464e-19	1.00500194494e-17	-2.02401169724e-19	0.971627338858	7.66227062877e-17	-3.80833954019e-19	1.7313518878e-18	0.953884983116	471375135.943	-3071475.04205	-1272980.47887	-2763234.6643	-7563.25593737	-5065202.72255	-1124345.04738	-4972659.49438	-4062.38016607	508593649.06714594	-2981447.8921539644	-1213104.63533138	-2981412.2425734126	-7341.5714481090845	-4826956.110963297	-1213120.30876129	-4826907.256268471	-3871.302264047568	508698518.003	0.0769610411361284	0.0	0.0	0.0	-0.02878294427345172	0.0	0.0	0.0	-0.04721217757361435	0.0773741491931
360	850.0	nan	nan	1	1	5.0	5.0	5.0	1.085	-4.25144365073e-19	9.74394938786e-18	-1.01776302569e-20	0.969912842595	2.19452472348e-17	1.52095353591e-19	7.02514568074e-19	0.951177360561	474280562.129	-3139467.42327	-1005098.12815	-2806448.43798	-6922.37705351	-5064494.42629	-881089.014721	-4966609.64711	-10169.6478948	514092314.30523306	-3042038.7221519295	-955093.7786520761	-3042025.517518517	-6707.551379584011	-4812532.212621747	-955048.8188964303	-4812478.305185007	-9663.700651083209	514197727.551	0.08157998699242285	0.0	0.0	0.0	-0.030549064516576543	0.0	0.0	0.0	-0.05005473481290805	0.0820312885439
370	900.0	nan	nan	1	1	5.0	5.0	5.0	1.09	3.89026350806e-19	-2.0127038074e-17	-2.60211168374e-19	0.968205920037	-3.00822798305e-16	4.07846364103e-19	1.80272433977e-18	0.948492359395	476758768.135	-3195050.09545	-751321.241224	-2837996.07028	-7400.79195921	-5058542.71288	-653759.160751	-4955480.70502	-10262.9940589	519155092.44732046	-3090418.8005780056	-711920.3964183549	-3090368.1499029	-7158.431300490443	-4793262.237050237	-711895.449486232	-4793198.94185835	-9724.781355772913	519258964.591	0.08617769624105241	0.0	0.0	0.0	-0.03231048701785638	0.0	0.0	0.0	-0.052881545100769124	0.0866667828271
380	950.0	nan	nan	1	1	5.0	5.0	5.0	1.095	-6.08804930839e-21	-3.49283035525e-17	3.53609785699e-19	0.966506534023	-2.50537893298e-16	-1.92183834798e-19	8.36418565634e-19	0.945829769182	478861832.798	-3234375.29546	-504235.915329	-2854825.75163	-3295.56173702	-5047934.2331	-435603.723002	-4939913.24956	-2007.2686721	523832512.46027076	-3122937.6462412667	-476447.2915408378	-3122926.998325747	-3182.0159610093137	-4769740.7505523	-476511.9644718917	-4769712.741088348	-1896.647369104646	523928765.754	0.09075436326846412	0.0	0.0	0.0	-0.03406721985686219	0.0	0.0	0.0	-0.055692674133415415	0.0912807910307
390	1000.0	nan	nan	1	1	5.0	5.0	5.0	1.1	-3.61206612445e-19	-2.06078880902e-17	-2.14974315035e-19	0.964813892124	3.61973706658e-17	-1.27796095917e-19	-4.17358279403e-18	0.943190022596	480628106.781	-3247265.79425	-275968.039143	-2848152.63189	-3705.44973615	-5035349.68502	-236546.778184	-4922420.80773	-9325.87460822	528161108.28496975	-3129867.515804937	-260029.460222886	-3129828.300510124	-3571.486750841431	-4744532.246180729	-259940.70418321862	-4744460.712922569	-8787.257205625834	528259221.531	0.09531017980432493	0.0	0.0	0.0	-0.035820054145218	0.0	0.0	0.0	-0.05848750806344112	0.0958733893288
400	1050.0	nan	nan	1	1	5.0	5.0	5.0	1.105	-9.57888384226e-19	-1.34930230915e-17	-4.36711658759e-19	0.963127563223	7.82935317158e-17	-9.19560143363e-19	-9.25337172761e-19	0.940573292775	482097121.798	-3248700.28973	-78120.9211823	-2831607.34468	-9125.05632161	-5035802.30085	-66549.796762	-4917844.82061	-8226.35676727	532179429.7808122	-3125753.5003201393	-73404.26017063024	-3125766.8090504953	-8779.719332084855	-4731758.620675377	-73463.2738746565	-4731729.396721463	-7729.678852505943	532278336.046	0.09984533496971612	0.0	0.0	0.0	-0.037569411550622954	0.0	0.0	0.0	-0.06126570369207692	0.100444670896
410	1100.0	nan	nan	1	1	5.0	5.0	5.0	1.11	8.44783015988e-19	2.14970609266e-17	1.84812001179e-19	0.961447596713	4.04339647701e-17	1.26194674251e-19	-1.36948683959e-18	0.937979268456	483301521.724	-3253377.89378	94519.6257815	-2817941.57679	-6526.10330887	-5048539.26033	79879.1707944	-4925237.85796	-6442.95336072	535919185.60278565	-3124771.7023662208	88567.29821832219	-3124734.53326297	-6268.126117554295	-4730609.950468835	88575.71978266512	-4730542.958258923	-6037.211499596488	536015316.053	0.10436001532424286	0.0	0.0	0.0	-0.03931521703711225	0.0	0.0	0.0	-0.06402743207943666	0.104994813004
420	1150.0	nan	nan	1	1	5.0	5.0	5.0	1.115	7.82631973483e-19	-1.28718303038e-17	1.16361151129e-19	0.959774088102	-1.96323073053e-16	-5.72633977013e-19	-8.10650235192e-19	0.935407497235	484263101.975	-3261979.21684	242227.423611	-2807834.08606	-10724.2155668	-5059077.72885	203209.027518	-4930604.38728	-12251.6821927	539400708.373918	-3127558.7454226213	226349.4386873177	-3127530.6519128215	-10282.289356898953	-4727455.65770327	226346.15964782477	-4727422.784316623	-11448.585572815045	539501056.825	0.10885440491208208	0.0	0.0	0.0	-0.04105734710725305	0.0	0.0	0.0	-0.06677301871819537	0.1095240421
430	1200.0	nan	nan	1	1	5.0	5.0	5.0	1.12	-9.86449276416e-19	-6.52616651245e-17	-2.24993126614e-22	0.958106970983	-1.9846368413e-16	-1.47913128414e-19	1.43206139857e-18	0.932857824118	485017413.276	-3271031.52803	368125.450071	-2798168.5587	-5061.82368448	-5067229.49469	306650.878643	-4933629.54139	-4867.45280375	542660077.6717639	-3130770.6156335664	343055.0528467293	-3130721.3428618694	-4844.774107826755	-4722136.656816615	343095.2890918798	-4722076.893556575	-4535.965330561541	542753814.509	0.11332868530700327	0.0	0.0	0.0	-0.04279584651105151	0.0	0.0	0.0	-0.06950247547229364	0.11403249714
440	1250.0	nan	nan	1	1	5.0	5.0	5.0	1.125	3.26271797326e-18	-5.31055776611e-17	-5.08590345267e-19	0.956446419305	-1.80039870494e-16	3.49930486334e-20	-6.43745039913e-20	0.930329714963	485578016.658	-3274774.06701	466190.70209	-2784087.09079	-4829.52381871	-5071895.73842	385611.5735	-4933340.54992	-6371.08214504	545709455.2228682	-3128901.759203119	433261.8396880278	-3128853.8555856794	-4614.396371554614	-4713648.016749783	433363.6912779113	-4713588.665824021	-5921.067834661964	545803212.114	0.11778303565638346	0.0	0.0	0.0	-0.044530509125126266	0.0	0.0	0.0	-0.07221622344825288	0.118520419298
450	1300.0	nan	nan	1	1	5.0	5.0	5.0	1.13	7.98593250583e-19	-3.93824792452e-17	2.80050268186e-20	0.954792320911	2.50816514198e-16	-3.39633742069e-19	-4.72759528109e-18	0.927823059797	485972470.416	-3269683.52784	555646.715374	-2762704.92294	6042.87117895	-5075670.1255	456347.879241	-4932284.65695	4778.87675746	548576991.3320998	-3118617.515832368	515004.9347893498	-3118605.3672288596	5763.678271651399	-4704419.354366067	515136.0660008489	-4704403.099952924	4429.334403939504	548659722.737	0.12221763272424911	0.0	0.0	0.0	-0.04626142716501143	0.0	0.0	0.0	-0.07491423269765068	0.122987939111
460	1350.0	nan	nan	1	1	5.0	5.0	5.0	1.135	-1.0462974481e-18	-6.66461404767e-18	-3.34736832843e-19	0.95314468136	3.80171256617e-16	2.20731492099e-19	-5.25729527559e-19	0.925337494386	486207335.029	-3256881.19267	629468.802527	-2735026.31909	7027.47420673	-5074378.24432	513300.370319	-4926320.27781	6695.96765194	551267662.7594404	-3101029.4790566466	581861.3634911219	-3101005.3898515757	6691.1880996519285	-4690597.265911481	581986.0686026729	-4690580.804465726	6189.544028567068	551348170.419	0.126632650933366	0.0	0.0	0.0	-0.04798857010381694	0.0	0.0	0.0	-0.07759674921882077	0.127435267222
470	1400.0	nan	nan	1	1	5.0	5.0	5.0	1.14	-1.16366445085e-18	2.75862219657e-17	1.5619816943e-19	0.951503626013	1.11516916764e-16	-1.87220751123e-19	-1.65946989257e-18	0.922872549721	486290612.555	-3243977.46333	690244.004814	-2707584.85885	-12928.7607997	-5085390.26931	558684.414795	-4932391.14551	-14028.3790033	553788215.6726327	-3083409.8022952564	636337.2462828541	-3083400.232397436	-12288.8238996598	-4688230.854128692	636230.3470508376	-4688251.807769338	-12932.788988406539	553887200.575	0.131028262406404	0.0	0.0	0.0	-0.04971178141451811	0.0	0.0	0.0	-0.08026413665604067	0.131862628648
480	1450.0	nan	nan	1	1	5.0	5.0	5.0	1.145	3.7204863417e-18	-1.74893245367e-17	1.89629501067e-19	0.949868974896	-6.51888732306e-17	-3.5617735432e-19	3.45285040014e-18	0.920428288366	486255595.447	-3222101.59738	747500.444123	-2673001.54011	-12798.2022744	-5102382.2699	600815.757913	-4944246.47856	-16083.3872827	556174344.1461579	-3057340.3338771523	687293.5458276506	-3057352.7428629636	-12143.76978257204	-4691414.4734215895	687207.12571494	-4691423.818486386	-14787.96214952793	556273644.257	0.13540463700620298	0.0	0.0	0.0	-0.05143122506165439	0.0	0.0	0.0	-0.08291618643230261	0.136270094619
490	1500.0	nan	nan	1	1	5.0	5.0	5.0	1.15	1.94536998205e-18	-3.81169590825e-17	1.00611632266e-19	0.948240692848	-1.40274161779e-16	-5.81435178731e-19	-1.08229634835e-18	0.91800444303	486111254.648	-3188623.35779	795774.118209	-2629105.05582	2113.7035006	-5119195.26503	635408.914925	-4955863.08771	-1152.17616759	558434581.2741725	-3020373.141271432	729748.7856342231	-3020261.651904735	2002.1722748248108	-4694455.92989111	729944.6535154987	-4694363.07846416	-1056.5801775858545	558519230.592	0.13976194237515863	0.0	0.0	0.0	-0.05314691354381711	0.0	0.0	0.0	-0.0855530484713979	0.14065784283
500	1550.0	nan	nan	1	1	5.0	5.0	5.0	1.155	3.03640135767e-18	3.00082067993e-17	-9.12942698463e-20	0.946618830123	1.15005898413e-16	4.34951418415e-19	1.11224028653e-18	0.915600480429	485841441.402	-3148791.76096	825979.336023	-2580694.09281	-8613.62026317	-5134294.01079	654711.361016	-4966061.17128	-11426.5961544	560548772.0216556	-2977528.617709376	755461.0171545143	-2977524.7259963993	-8145.124473983182	-4695951.589343073	755385.6426637771	-4695956.53739688	-10451.045900228808	560642323.508	0.14410034397375687	0.0	0.0	0.0	-0.054858769331968156	0.0	0.0	0.0	-0.08817516618892182	0.145026146063
510	1600.0	nan	nan	1	1	5.0	5.0	5.0	1.16	-8.86631737538e-19	-8.0145198678e-18	4.89082117701e-19	0.945003540454	1.61171999835e-16	-5.57718256208e-20	1.96838545541e-18	0.913216211818	485487949.482	-3108198.78374	831665.629496	-2532045.83716	4889.61231309	-5150215.10628	654935.230679	-4976908.57197	2235.68578657	562563312.4959037	-2934115.355646685	758677.7172616967	-2934029.7633834593	4615.755802378563	-4698226.4285793835	758911.7983961566	-4698162.788383717	2039.4794841975588	562643323.379	0.14842000511827322	0.0	0.0	0.0	-0.05656660498324334	0.0	0.0	0.0	-0.09078261172673839	0.149375096351
520	1650.0	nan	nan	1	1	5.0	5.0	5.0	1.165	-7.88217096979e-19	5.82515145739e-18	1.02374519588e-18	0.943394573215	1.47623972542e-16	-5.17484191213e-20	-2.70163805505e-19	0.910851437351	485041218.64	-3066915.06903	828421.284812	-2483465.16735	6658.06332216	-5167420.44296	647964.436064	-4989166.55051	5870.84006143	564465917.9949178	-2890202.524450142	753758.026373791	-2890128.4914036677	6274.43244711031	-4701695.509203423	754067.5434893076	-4701695.819619438	5341.717914531742	564542556.271	0.15272108701766393	0.0	0.0	0.0	-0.058270660517611005	0.0	0.0	0.0	-0.09337547147393725	0.153704898629
530	1700.0	nan	nan	1	1	5.0	5.0	5.0	1.17	1.56060526576e-18	-2.40290012246e-17	2.61521422465e-19	0.941791911751	3.54896216988e-17	-6.02875700208e-19	3.22056815797e-18	0.908505941743	484507775.216	-3029752.5551	818103.422494	-2438720.06062	5766.1593554	-5186166.9818	635510.637691	-5002798.33178	3840.83780946	566262787.5448444	-2850319.386363024	742450.3074562253	-2850225.5076351757	5424.666040099142	-4706582.522804413	742745.6144596942	-4706514.0838428885	3485.6610229423322	566339986.491	0.1570037488096647	0.0	0.0	0.0	-0.059970929284522974	0.0	0.0	0.0	-0.095953850998888	0.158015701674
540	1750.0	nan	nan	1	1	5.0	5.0	5.0	1.175	4.6787982424e-19	-3.73785051711e-17	-8.07857673444e-20	0.940195657255	-2.27660751003e-16	4.55041981133e-19	-5.65299531958e-18	0.906179386111	483901757.739	-2990100.48918	803804.465424	-2392517.44803	10003.6520166	-5207508.09911	620137.679726	-5019071.4923	10611.8811673	567969193.3667964	-2808236.8819836495	727602.7085054823	-2808165.4661120623	9395.210846326387	-4713829.24636778	727873.1521374381	-4713802.003977096	9605.86039490703	568040596.827	0.16126814759612232	0.0	0.0	0.0	-0.06166727936150606	0.0	0.0	0.0	-0.09851799462314635	0.1623076773
550	1800.0	nan	nan	1	1	5.0	5.0	5.0	1.18	-7.98010915432e-19	1.83973438561e-17	8.59473743667e-20	0.938605613464	-2.43266486023e-16	-3.06202410432e-19	-5.16206031731e-18	0.903871623104	483219235.389	-2949129.93673	783139.030331	-2345718.14283	778.75800672	-5231309.73352	600050.130757	-5037650.26094	-1291.72532279	569579453.5006658	-2765063.7483927254	707088.4030822604	-2764941.376524769	730.1528177301672	-4723297.271928755	707290.1915306397	-4723231.736968265	-1166.2858832695872	569659868.707	0.16551443847757333	0.0	0.0	0.0	-0.06335989496209858	0.0	0.0	0.0	-0.10106793851502013	0.166580991832
560	1850.0	nan	nan	1	1	5.0	5.0	5.0	1.185	2.68557089883e-18	1.65701349702e-17	-2.80288496202e-19	0.937021634979	2.73483433504e-16	2.0892067644e-18	-1.59925776142e-18	0.90158264839	482481603.565	-2903372.1407	758217.861976	-2295708.44433	2784.99818465	-5254091.61905	577100.520737	-5055307.46392	1164.11272584	571117667.9566861	-2717557.9262710335	682851.1457374205	-2717450.040263736	2606.7598380678646	-4731835.876996565	683118.9026578128	-4731770.5766098155	1048.4001346733285	571195261.627	0.16974277458709455	0.0	0.0	0.0	-0.06504890738487566	0.0	0.0	0.0	-0.10360356179447072	0.17083573326
570	1900.0	nan	nan	1	1	5.0	5.0	5.0	1.19	2.47757137072e-19	1.01578308617e-17	2.9969084465e-19	0.935443771824	-2.28001152368e-17	6.59785726352e-19	6.92104996373e-18	0.899312113389	481692198.002	-2852923.37646	722527.21515	-2242544.91512	4719.32282744	-5277032.52545	546231.833003	-5073177.0314	5404.8235766	572586996.6399864	-2665831.5465503116	649067.047432374	-2665710.7237877725	4409.834408996893	-4740510.597635214	649305.1912105993	-4740483.212108519	4855.308986566441	572660950.223	0.17395330712343798	0.0	0.0	0.0	-0.0667342400193166	0.0	0.0	0.0	-0.10612512635476384	0.175072090659
580	1950.0	nan	nan	1	1	5.0	5.0	5.0	1.195	2.75550405654e-19	3.46014017745e-17	2.14696382349e-19	0.933872391518	6.79354305016e-17	6.58065190678e-19	-4.31755192528e-19	0.897059387986	480846009.737	-2806312.77475	681540.748104	-2192985.8423	7463.81663595	-5298799.92991	511874.378899	-5089865.57551	6399.6605989	573980693.3154875	-2617863.34601164	610711.9035118144	-2617743.536819343	6962.606651835182	-4748124.305884934	611018.922776505	-4748071.079654009	5734.578478332422	574052140.359	0.17814618538347404	0.0	0.0	0.0	-0.06841547587117251	0.0	0.0	0.0	-0.10863321177269804	0.179290293296
590	2000.0	nan	nan	1	1	5.0	5.0	5.0	1.2	-2.21012071762e-18	-3.9860629344e-17	-6.10843103868e-19	0.932307635581	-1.94891481493e-16	-1.30162494213e-18	3.27485436721e-18	0.894824035131	479947027.708	-2772100.21522	634956.387709	-2153653.63528	-3839.58721266	-5318827.97811	473487.496931	-5104930.85741	-6018.44340711	575302716.2832688	-2581606.4633815335	567549.0609503448	-2581540.7009119564	-3575.7376701226526	-4754178.212498304	567559.808446814	-4754129.170456262	-5379.522074598814	575384335.226	0.1823215567939546	0.0	0.0	0.0	-0.07009243766583242	0.0	0.0	0.0	-0.11112818882950326	0.183490545127
600	2050.0	nan	nan	1	1	5.0	5.0	5.0	1.205	3.02046655035e-18	1.36388186376e-18	1.02300404205e-18	0.930749592791	-1.88218767693e-16	-2.16363978464e-19	1.7476374197e-18	0.892605874567	479016828.686	-2745611.29089	584860.698168	-2120666.34348	11589.6115535	-5338787.76441	433451.829409	-5119893.86818	5984.98601292	576578143.629839	-2552655.835034566	521473.8518313179	-2552582.2692619585	10775.119426406021	-4760173.197374062	521732.9249979712	-4760079.112703133	5336.336873190691	576646691.216	0.18647956694261839	0.0	0.0	0.0	-0.07176500373571859	0.0	0.0	0.0	-0.11361014539813866	0.187672948159
610	2100.0	nan	nan	1	1	5.0	5.0	5.0	1.21	1.5082480417e-19	-3.26609022319e-17	-7.65664844759e-19	0.929197951625	-2.28599581146e-16	7.60476767957e-20	-2.10216372152e-19	0.890404777181	478032395.898	-2718364.17236	542740.179005	-2087530.12439	8306.00040023	-5357905.89127	399478.743826	-5134240.85477	9530.44372787	577778802.2784115	-2523101.8725446686	482723.40861174476	-2523114.8879029434	7709.373665334282	-4765423.115709617	482834.117779582	-4765444.176494967	8476.557402354116	577846794.633	0.1906203596086497	0.0	0.0	0.0	-0.07343348253837716	0.0	0.0	0.0	-0.11607911382742289	0.191837690901
620	2150.0	nan	nan	1	1	5.0	5.0	5.0	1.215	3.38829060769e-18	4.29440410302e-18	-5.34266031481e-19	0.927652682698	-3.15912584382e-16	-3.45774730937e-19	5.73849932514e-19	0.888220661192	477023481.441	-2696175.25188	505575.687934	-2058410.03007	10149.0921791	-5381353.11075	369844.194384	-5152560.561	9947.60666493	578939899.7658652	-2498336.7065619696	448564.08553868247	-2498190.849821239	9404.377371853292	-4774520.995953107	448861.67904953123	-4774478.652066038	8825.857717144292	579006536.194	0.19474407679251185	0.0	0.0	0.0	-0.07509788058436331	0.0	0.0	0.0	-0.11853507452573925	0.195984862471
630	2200.0	nan	nan	1	1	5.0	5.0	5.0	1.22	-3.71704527035e-18	-2.60527746939e-17	-4.18857792417e-19	0.926113529538	-4.61603204221e-16	-1.33283281228e-18	-4.80754063293e-19	0.88605346782	475972140.4	-2677459.63346	474618.480519	-2032346.7622	9125.42314592	-5410404.54167	345024.223391	-5176362.31407	8719.05044366	580039240.0302296	-2476869.764100408	420068.95375244936	-2476701.410367643	8441.764870064333	-4788568.225812771	420460.718897437	-4788559.701712622	7716.940127527273	580106776.085	0.19885085874516517	0.0	0.0	0.0	-0.07675844975810772	0.0	0.0	0.0	-0.12097798277125242	0.200114603776
640	2250.0	nan	nan	1	1	5.0	5.0	5.0	1.225	7.3633632896e-19	1.56139935914e-17	3.64647683793e-19	0.924580625344	-2.78286533832e-16	-8.27868826823e-19	7.26142155091e-19	0.883902878006	474892597.481	-2657670.76839	451257.437022	-2005817.47752	11181.475336	-5437037.03337	325879.770283	-5197780.95652	10723.9216271	581093561.4434912	-2454485.9077318907	398422.16879689135	-2454381.5334252077	10326.626595849415	-4800444.0679360675	398756.7658889685	-4800399.003893236	9468.316225154576	581159105.609	0.20294084399669038	0.0	0.0	0.0	-0.07841502228308127	0.0	0.0	0.0	-0.1234080888893099	0.204227066183
650	2300.0	nan	nan	1	1	5.0	5.0	5.0	1.23	1.74483493178e-18	-5.9546416192e-19	-6.85461412566e-19	0.92305422724	-1.75509461836e-17	4.21054784124e-19	-4.18728586806e-18	0.881768328626	473775948.681	-2635802.96219	431462.106209	-1977953.72598	692.446239317	-5453811.17298	309482.527765	-5209853.67346	-695.370704639	582091555.0288907	-2430263.333331588	380023.39387880114	-2430157.468601486	638.4493567445976	-4803610.332644206	380237.0431477861	-4803589.849566318	-612.4689315190766	582166589.818	0.20701416938432612	0.0	0.0	0.0	-0.0800672951324727	0.0	0.0	0.0	-0.1258259234350063	0.208322477969
660	2350.0	nan	nan	1	1	5.0	5.0	5.0	1.235	9.97381295392e-20	2.12217222792e-17	8.57356161299e-19	0.921534443133	-1.13462180867e-17	-1.01964238004e-18	-6.9173694236e-18	0.879649667435	472647787.341	-2607641.88141	414078.529914	-1945682.4526	12904.0441127	-5463252.598	295216.758167	-5214876.54387	13105.326333	583064116.2721334	-2400331.6255189497	363834.75575777865	-2400217.773479053	11878.15911441696	-4800348.318105776	364183.019194332	-4800288.406420177	11515.142324532895	583126859.833	0.2110709700799406	0.0	0.0	0.0	-0.08171512532389036	0.0	0.0	0.0	-0.1282315559622925	0.212400920776
670	2400.0	nan	nan	1	1	5.0	5.0	5.0	1.24	-3.88062850829e-18	-2.75631932575e-17	2.34310489034e-19	0.920021155734	2.87267094776e-16	-6.50865410626e-19	-4.98511542414e-18	0.877546575317	471486078.798	-2575488.69921	395675.238204	-1910787.83891	4930.71440231	-5464868.21107	280149.285999	-5212513.48943	4537.03759762	583983913.9808184	-2366833.93669635	346832.17015907506	-2366706.91062267	4531.249616090499	-4790272.218908822	346993.6523973604	-4790218.581061804	3976.9751658418654	584053292.385	0.2151113796169455	0.0	0.0	0.0	-0.08335861384039664	0.0	0.0	0.0	-0.13062524776633494	0.216462615295
680	2450.0	nan	nan	1	1	5.0	5.0	5.0	1.245	6.15443551563e-18	-2.05447841357e-18	-8.48779952708e-19	0.91851456643	2.79055004473e-18	-1.94240536673e-18	9.51694972787e-18	0.875458744352	470300422.391	-2542524.67399	376008.46344	-1875684.96009	3854.78343803	-5461474.02758	264702.952905	-5205407.03655	4519.12634543	584862310.7869238	-2332706.716723988	328807.8829779831	-2332588.677019036	3536.6733347360614	-4775891.735304988	329182.73796367145	-4775838.787981906	3951.8375542841027	584931293.369	0.219135529916671	0.0	0.0	0.0	-0.08499751551966506	0.0	0.0	0.0	-0.13300725075144762	0.220507687939
690	2500.0	nan	nan	1	1	5.0	5.0	5.0	1.25	-3.73451532489e-18	-3.76456381869e-17	-4.81008834922e-19	0.917014722825	4.24347307069e-16	-2.86598891659e-18	1.97146339447e-18	0.873385948977	469103048.712	-2508854.83633	353021.640237	-1840357.36143	14528.7768397	-5455244.75696	247056.490796	-5195612.17562	14142.9864752	585714190.8059777	-2298049.1859468366	307974.6760439902	-2297839.303546233	13308.001445835105	-4759133.846971886	308470.58655289863	-4759052.679247372	12338.285197106035	585773134.955	0.22314355131420976	0.0	0.0	0.0	-0.08663175142925955	0.0	0.0	0.0	-0.13537772578964807	0.224536269944
700	2550.0	nan	nan	1	1	5.0	5.0	5.0	1.255	-5.52593706877e-18	-5.00000901786e-17	4.38974824915e-19	0.91552150145	-2.79927448409e-16	-1.7029068009e-18	-1.70671183171e-18	0.871327995813	467884175.45	-2478046.62252	325902.50812	-1807692.68987	18984.0622757	-5446662.09493	226378.980484	-5183745.17837	15526.1450422	586527177.3631827	-2266126.132683065	283645.19346744363	-2266075.5515182274	17360.561030809688	-4740434.593707894	283782.6782877052	-4740435.59435867	13512.98718043884	586582546.752	0.22713557258374711	0.0	0.0	0.0	-0.0882614291247943	0.0	0.0	0.0	-0.13773679917764892	0.228548525654
