inc	time	elem	node	ip	grain	1_pos	2_pos	3_pos	1_f	2_f	3_f	4_f	5_f	6_f	7_f	8_f	9_f	1_p	2_p	3_p	4_p	5_p	6_p	7_p	8_p	9_p	1_Cauchy	2_Cauchy	3_Cauchy	4_Cauchy	5_Cauchy	6_Cauchy	7_Cauchy	8_Cauchy	9_Cauchy	Mises(Cauchy)	1_ln(V)	2_ln(V)	3_ln(V)	4_ln(V)	5_ln(V)	6_ln(V)	7_ln(V)	8_ln(V)	9_ln(V)	Mises(ln(V))
0	0.0	nan	nan	1	1	5.0	5.0	5.0	1.0	0.0	0.0	0.0	1.0	0.0	0.0	0.0	1.0	6.16577246573e-06	-1.15244191911e-06	-7.84016846474e-07	-1.15244191911e-06	6.63517260451e-06	1.49369633645e-06	-7.84016846474e-07	1.49369633645e-06	6.51906161093e-06	6.16577246573e-06	-1.15244191911e-06	-7.84016846474e-07	-1.15244191911e-06	6.63517260451e-06	1.49369633645e-06	-7.84016846474e-07	1.49369633645e-06	6.51906161093e-06	3.56386256057e-06	0.0	0.0	0.0	0.0	0.0	0.0	0.0	0.0	0.0	0.0
10	2.5	nan	nan	1	1	5.0	5.0	5.0	1.00025	-6.05257101493e-22	-8.73660278913e-20	4.89648109572e-22	0.999930947297	-4.62417517678e-20	-6.32612222844e-22	1.76192055413e-21	0.999929542207	56659838.3529	-509464.044759	-1287251.11801	-509301.539362	9.25011281658	672268.411046	-1286838.71187	672267.466779	9.52176305312	56667743.8222422	-509372.5998505548	-1287018.257753092	-509372.59970778297	9.24845249191462	672146.799502831	-1287018.258163826	672146.7998986131	9.520040591853709	56730371.9327	0.0002499687552074404	0.0	0.0	0.0	-6.905508724738345e-05	0.0	0.0	0.0	-7.046027526686183e-05	0.000213152501577
20	5.0	nan	nan	1	1	5.0	5.0	5.0	1.0005	-5.99698835518e-21	-1.49398460451e-19	-3.60287724644e-21	0.999861869227	1.90795444452e-20	-6.35016216499e-22	-1.47172233079e-21	0.999859058371	113364513.064	-1019300.73466	-2575421.60785	-1018650.61213	-132.714374984	1344760.25757	-2573771.73637	1344756.47681	-126.881743774	113396156.59415928	-1018934.9493421102	-2574490.156895163	-1018934.9489166671	-132.6667492262708	1344273.8990560686	-2574490.1554004503	1344273.898745815	-126.83585454132859	113521529.491	0.0004998750416509929	0.0	0.0	0.0	-0.00013814031393334436	0.0	0.0	0.0	-0.00014095156220476253	0.000426283743086
30	7.5	nan	nan	1	1	5.0	5.0	5.0	1.00075	-3.52733723882e-21	-3.05402009792e-19	5.06723088432e-21	0.999788988184	2.43143395034e-19	-2.58400883604e-21	2.89272815028e-21	0.9997854404	166467411.023	-1467559.35667	-3845926.77587	-1466150.02132	-5791.83287146	2010864.13896	-3842220.07146	2010857.10105	-4590.38134106	166538277.41358143	-1466774.2225264485	-3843855.591449418	-1466774.1720737321	-5788.734280782588	2009781.2087017715	-3843855.7325579324	2009781.3063568168	-4587.909238268604	166732191.256	0.0007497188905459742	0.0	0.0	0.0	-0.00021103408212538437	0.0	0.0	0.0	-0.00021458262120403456	0.000641688098723
40	10.0	nan	nan	1	1	5.0	5.0	5.0	1.001	-5.13962211261e-21	-4.42740771448e-19	-3.1185743069e-21	0.999678737508	5.18166098231e-20	-1.96331318389e-21	-7.69601087101e-22	0.999685882745	186818365.653	-1295786.93565	-5211314.98767	-1294076.67172	4995.47161778	2888513.22697	-5204473.81953	2888533.70588	4386.53933815	186937122.8502314	-1294899.1933869217	-5207781.943796265	-1294899.2938321186	4992.049225442877	2886554.9412043355	-5207782.213336526	2886554.774484345	4383.565456131312	187230139.515	0.0009995003330834232	0.0	0.0	0.0	-0.0003213141078497661	0.0	0.0	0.0	-0.0003141666001588491	0.000878170153816
50	12.5	nan	nan	1	1	5.0	5.0	5.0	1.00125	1.01402003341e-21	1.7536022191e-19	-6.65011853462e-21	0.999555774293	1.56306891981e-19	-8.25939841634e-22	-8.0239382238e-20	0.999576491646	195621020.63	-1144250.13129	-6358172.02579	-1142314.00922	-4579.62525437	3631857.72029	-6347544.83323	3631932.87796	-4796.68365574	195790878.20907146	-1143305.8038437485	-6353056.423980305	-1143305.879579947	-4575.845778446871	3628935.6323296386	-6353056.40143953	3628935.514179291	-4792.824382431523	196215226.867	0.0012492194004318981	0.0	0.0	0.0	-0.0004443244044697432	0.0	0.0	0.0	-0.0004235980589912362	0.00112218422463
60	15.0	nan	nan	1	1	5.0	5.0	5.0	1.0015	2.68882295941e-20	-2.72850901725e-19	-4.94488570184e-21	0.999429161951	2.81796808351e-19	3.16810174608e-22	4.9047390078e-20	0.999465607006	201725607.108	-1174403.47245	-7132243.6358	-1171975.34109	-2375.33713967	4148417.75756	-7117755.37274	4148569.06837	-2573.43596562	201948745.52581084	-1173271.493757787	-7125628.873943511	-1173271.7195075604	-2373.047610481772	4144570.3293244094	-7125628.665055274	4144570.3644332923	-2571.0492459656048	202465503.542	0.0014988761237359487	0.0	0.0	0.0	-0.0005710010390691555	0.0	0.0	0.0	-0.0005345358328261518	0.00136792506012
70	17.5	nan	nan	1	1	5.0	5.0	5.0	1.00175	1.9542762357e-20	-7.22585278457e-19	7.11375326796e-23	0.999301551133	1.18186221753e-19	5.31215389382e-21	-2.39472018508e-21	0.999353250705	206534094.964	-1274692.80566	-7609349.12103	-1271577.38177	-6405.01352615	4507890.17149	-7591142.79004	4508123.31015	-6054.52612865	206812204.94048446	-1273289.4892566977	-7601365.187892905	-1273289.633472577	-6397.962211115734	4503160.372246188	-7601364.698162223	4503160.292110554	-6048.173557487989	207395524.467	0.001748470534116803	0.0	0.0	0.0	-0.0006986928960446081	0.0	0.0	0.0	-0.0006469585275443487	0.00161447381784
80	20.0	nan	nan	1	1	5.0	5.0	5.0	1.002	1.05919443462e-20	4.18512030921e-20	-1.80738963843e-21	0.999174015318	4.66354348094e-19	1.43350400155e-21	4.52267074521e-20	0.999239495692	210603292.906	-1410985.70458	-7918169.62588	-1407006.30316	676.06240496	4754415.07391	-7896355.08474	4754727.33929	1077.71022902	210937810.91686347	-1409241.0997756931	-7908897.524294399	-1409241.1635143228	675.2264916577797	4748847.698919531	-7908897.495447691	4748848.385213875	1076.4482405560684	211555324.006	0.001998002662673058	0.0	0.0	0.0	-0.000826325995306781	0.0	0.0	0.0	-0.0007607936381015235	0.00186142620872
90	22.5	nan	nan	1	1	5.0	5.0	5.0	1.00225	2.19750869482e-21	1.04320296542e-18	-1.21847840132e-20	0.999046942969	-1.10899578528e-18	-1.01329625038e-21	-9.96406256245e-21	0.999124419268	214199918.772	-1558069.40817	-8133369.9524	-1553090.08613	418.244161636	4926124.5894	-8108005.42708	4926506.94786	531.612755251	214592151.0104722	-1555933.967822944	-8122852.4944378985	-1555934.0274560475	417.67092949819965	4919754.498209226	-8122852.403383447	4919754.834217727	530.9253139028021	215238018.621	0.00224747254047937	0.0	0.0	0.0	-0.0009535114786179047	0.0	0.0	0.0	-0.0008759642767081533	0.00210861564961
100	25.0	nan	nan	1	1	5.0	5.0	5.0	1.0025	-2.43852844581e-20	-2.19667737831e-18	7.28746119659e-22	0.99892030248	7.36932984676e-19	-3.9076012137e-21	-4.47489201755e-20	0.999008393762	217489034.633	-1699320.46181	-8296884.55788	-1693252.6748	-1453.69171817	5054914.72452	-8267987.1796	5055360.47224	-912.334611133	217940221.69883934	-1696765.277956737	-8285139.517287924	-1696765.37468097	-1451.5058740697411	5047759.005018927	-8285139.349511719	5047758.977559394	-911.0431134670315	218608010.802	0.002496880198587146	0.0	0.0	0.0	-0.001080280813258035	0.0	0.0	0.0	-0.0009920982047168952	0.00235592998273
110	27.5	nan	nan	1	1	5.0	5.0	5.0	1.00275	3.91471496697e-20	1.01361719646e-18	-2.49659652481e-20	0.998793996754	1.27149680118e-18	9.37526506268e-21	1.27445784928e-19	0.998891712288	220561347.942	-1830845.943	-8429406.7686	-1823623.72636	-457.405683364	5157911.97697	-8396973.25532	5158418.48964	124.53642076	221072678.95854625	-1827850.7089378277	-8416439.726180023	-1827851.4633705784	-456.6573751361596	5149977.5083602965	-8416440.097133476	5149979.401235985	124.34484511355741	221755049.96	0.0027462256680252286	0.0	0.0	0.0	-0.001206731053132435	0.0	0.0	0.0	-0.001108902316974566	0.00260330768582
120	30.0	nan	nan	1	1	5.0	5.0	5.0	1.003	2.91148964055e-20	8.75521047551e-20	1.13745606032e-20	0.998667978191	-1.23115292796e-18	1.62706426489e-20	-9.39925330044e-21	0.998774524795	223476317.065	-1950971.9587	-8543110.78767	-1942546.18383	-362.625991844	5243849.91914	-8507120.2024	5244411.04443	80.5979057162	224048955.87214658	-1947523.190433881	-8528918.81920438	-1947523.7910509566	-361.98497134775346	5235138.741848669	-8528918.96492184	5235140.404581047	80.46401503343236	224743906.873	0.002995508979798371	0.0	0.0	0.0	-0.0013329097386316632	0.0	0.0	0.0	-0.0012262267137718467	0.00285071695217
130	32.5	nan	nan	1	1	5.0	5.0	5.0	1.00325	4.58733688207e-21	-1.05883419746e-18	3.26554362224e-20	0.998542193838	-8.40250066231e-19	1.0700408404e-20	9.39418681919e-20	0.998656959387	226269857.979	-2060442.3241	-8647054.67957	-2050774.15001	-291.408826757	5318672.49329	-8607467.11377	5319285.18489	47.9521511963	226904939.69200173	-2056529.5822174873	-8631626.028112736	-2056530.1493808436	-290.8554467822052	5309182.56323229	-8631626.076028803	5309183.960660373	47.86659177117248	227610790.436	0.0032447301648890294	0.0	0.0	0.0	-0.001458869795242476	0.0	0.0	0.0	-0.0013439433003648576	0.00309813509694
140	35.0	nan	nan	1	1	5.0	5.0	5.0	1.0035	-2.21622365618e-21	1.20191493674e-18	-9.58950484133e-21	0.998416593151	9.15668878966e-19	1.08112506061e-20	1.20837645809e-19	0.998539112653	228965770.063	-2160140.92388	-8745312.67978	-2149198.9126	-244.32435792	5386596.62887	-8702079.58625	5387258.89778	20.651840752	229664404.82274428	-2155756.1169141387	-8728631.817235393	-2155756.683508437	-243.82841104231957	5376322.201729484	-8728631.918851255	5376323.458299758	20.612449305463286	230380150.075	0.003493889254255838	0.0	0.0	0.0	-0.0015846617624921304	0.0	0.0	0.0	-0.0014619554833314075	0.00334554876162
150	37.5	nan	nan	1	1	5.0	5.0	5.0	1.00375	-9.23605056558e-20	5.70931639313e-19	-1.0608591356e-20	0.998291132394	9.50279563362e-20	3.32526606246e-21	2.13826188345e-20	0.998421060041	231580473.711	-2249799.2171	-8838406.33996	-2237564.28236	-199.86605452	5449132.15395	-8791483.0662	5449842.47081	1.38060854832	232343748.33470508	-2244938.6129202964	-8820459.138820147	-2244939.1529968292	-199.43425164061495	5438067.187366327	-8820459.239456892	5438068.296967727	1.3778050950323522	233068448.964	0.003742986278834297	0.0	0.0	0.0	-0.0017103293858102045	0.0	0.0	0.0	-0.0015801877983788355	0.00359294898462
160	40.0	nan	nan	1	1	5.0	5.0	5.0	1.004	1.83055069558e-20	-7.40814684796e-19	3.71263474332e-20	0.998165776312	2.96326390906e-19	1.24110179107e-20	9.49648838145e-20	0.998302859686	234125695.599	-2330740.50245	-8927175.1264	-2317197.08635	-172.055277303	5508315.26931	-8876518.3567	5509072.79295	-9.73851348161	234954674.6806467	-2325401.2158648088	-8907947.860610867	-2325401.6873346213	-171.66113113655493	5496451.511712128	-8907947.833147388	5496452.54696838	-9.717538762905097	235687614.874	0.003992021269537457	0.0	0.0	0.0	-0.001835907936109788	0.0	0.0	0.0	-0.0016985820881158578	0.00384032937791
170	42.5	nan	nan	1	1	5.0	5.0	5.0	1.00425	-4.67658967016e-20	-1.79735097451e-18	-2.35200535373e-20	0.998040504814	-1.56382537648e-18	1.12794348328e-20	1.74042936784e-20	0.998184550081	236610603.761	-2404555.10539	-9011402.29392	-2389687.70936	-141.445328514	5565095.90564	-8956975.3182	5565900.05286	-20.3087986439	237506332.23045686	-2398733.7757014832	-8990883.506735742	-2398734.2663627747	-141.10289515145652	5552424.290854269	-8990883.425720142	5552425.236188757	-20.262555905672315	238246834.54	0.004240994257254614	0.0	0.0	0.0	-0.0019614175082897822	0.0	0.0	0.0	-0.00181709984541218	0.00408768457834
180	45.0	nan	nan	1	1	5.0	5.0	5.0	1.0045	4.3085356566e-20	7.15393770211e-19	6.08143186349e-21	0.997915294925	2.93540550001e-19	-1.05713682284e-21	1.63635350317e-19	0.99806616737	239041900.856	-2472884.84285	-9092051.81358	-2456675.00648	-113.159341204	5620346.96319	-9033817.03988	5621197.54594	-27.2428825846	240005404.0468121	-2466576.6590708136	-9070229.623393806	-2466577.0956077036	-112.87067838061196	5606857.3479900565	-9070229.532886323	5606858.201638777	-27.177495873527608	240752979.929	0.004489905272852001	0.0	0.0	0.0	-0.0020868810973943726	0.0	0.0	0.0	-0.0019357048984795307	0.00433501093878
190	47.5	nan	nan	1	1	5.0	5.0	5.0	1.00475	1.01519049398e-19	1.49803732422e-18	2.7382986998e-20	0.997790126591	1.6265091233e-18	1.01329625038e-20	1.77703624585e-19	0.997947741227	241424550.565	-2536596.79009	-9170098.40544	-2519026.2206	-90.9856368607	5674715.45278	-9108015.81917	5675612.64379	-32.4245184949	242456834.0421023	-2529796.714236204	-9146959.983870456	-2529797.076918578	-90.74172374265967	5660396.745103347	-9146959.887688765	5660397.5348513955	-32.34270343196809	243211156.711	0.00473875434717347	0.0	0.0	0.0	-0.0022123187825508206	0.0	0.0	0.0	-0.002054367541689198	0.00458230585444
200	50.0	nan	nan	1	1	5.0	5.0	5.0	1.005	-2.00020543921e-20	-1.23226088469e-18	-1.2030514829e-20	0.997664989002	-2.31654481881e-18	-7.25602833332e-21	3.74855919732e-19	0.997829290574	243762626.664	-2596228.31327	-9245962.83379	-2577280.04505	-74.4520318235	5728312.58576	-9179992.47439	5729256.666	-32.8189814894	244864677.31314278	-2588931.572665566	-9221495.311667267	-2588931.926167055	-74.24278321432413	5713153.795114011	-9221495.213361844	5713154.499817485	-32.73213286475235	245625471.823	0.004987541511038968	0.0	0.0	0.0	-0.002337741387334594	0.0	0.0	0.0	-0.0021730688307121764	0.00482956697066
210	100.0	nan	nan	1	1	5.0	5.0	5.0	1.01	-1.84378558538e-20	-9.61587535926e-19	-8.47860127867e-20	0.995165255964	-7.14874300787e-20	-7.66796427837e-20	7.26449866279e-19	0.995463343555	283594990.401	-3431936.9766	-10466026.9747	-3381533.44626	-1234.75870901	6709068.19013	-10315386.1477	6711083.50688	-3211.64954708	286271476.0935293	-3413443.0208544573	-10412745.906416958	-3413447.359389871	-1228.1048651088581	6674913.269526602	-10412739.713072207	6674918.949597296	-3195.2994918744394	287135017.553	0.009950330853168092	0.0	0.0	0.0	-0.004846469218382929	0.0	0.0	0.0	-0.00454697830048882	0.00976623389103
220	150.0	nan	nan	1	1	5.0	5.0	5.0	1.015	-1.99668164981e-19	1.25476681479e-18	7.32236821844e-20	0.992673559413	-7.99148785083e-18	3.52378940948e-20	-8.97888011314e-19	0.993109651332	314945515.728	-4002969.50058	-11361285.4942	-3914914.89658	10181.3494251	7557497.12341	-11116261.335	7560810.49438	9297.24347987	319471243.6103335	-3971175.0968815577	-11275997.650193047	-3971171.7366352077	10100.48197563033	7500763.874687973	-11276000.627540253	7500757.211158404	9227.45015832987	320395443.507	0.014888612493750559	0.0	0.0	0.0	-0.007353410763844681	0.0	0.0	0.0	-0.006914196731164101	0.0146838005802
230	200.0	nan	nan	1	1	5.0	5.0	5.0	1.02	-7.51450573113e-19	-7.41711017708e-18	-1.13793582508e-19	0.990192276562	9.56473574506e-18	-3.99296625292e-20	7.93961039153e-19	0.990770071355	340271117.902	-4455981.513	-12039317.0252	-4325751.83395	-7923.63090833	8293139.80785	-11694314.0878	8297965.13264	-8400.49443704	346842792.51263124	-4409306.91466687	-11920161.634134041	-4409295.314437955	-7840.634089580263	8211061.039187239	-11920167.011942906	8211047.314776895	-8317.353159366372	347839601.05	0.01980262729617973	0.0	0.0	0.0	-0.009856135962026098	0.0	0.0	0.0	-0.009272788368375697	0.0195809563294
240	250.0	nan	nan	1	1	5.0	5.0	5.0	1.025	-2.0003212445e-19	-5.55673465734e-18	-5.48222222776e-20	0.98772344908	-3.62849724014e-18	3.85135293205e-21	-1.37880089329e-18	0.988445139917	361026585.755	-4827514.78499	-12550097.2239	-4651938.93609	8710.77250939	8920503.46231	-12102528.9675	8927009.97835	7749.1802644	369786668.17317367	-4764827.436287405	-12396179.62195212	-4764815.300580549	8597.659394653801	8811100.126495853	-12396189.200310614	8811088.92739344	7654.142335842201	370807474.598	0.024692612590371414	0.0	0.0	0.0	-0.012352530254396234	0.0	0.0	0.0	-0.011622136225160085	0.0244569329655
250	300.0	nan	nan	1	1	5.0	5.0	5.0	1.03	6.24422100804e-20	-9.4001466555e-18	1.31793032637e-19	0.985267966409	2.96581307292e-18	6.18334051496e-20	3.06364041524e-18	0.986135138158	378175672.047	-5141870.66659	-12932313.7961	-4918561.53682	-7119.96891099	9454513.86894	-12381558.4528	9462834.49414	-5704.18548185	389226849.00153595	-5062295.470594435	-12743380.369905343	-5062293.399874419	-7009.780818306947	9316389.034789871	-12743376.527173165	9316388.393416865	-5620.850718734284	390290792.948	0.02955880224154443	0.0	0.0	0.0	-0.014841627692418443	0.0	0.0	0.0	-0.013961876815572542	0.0293114374549
260	350.0	nan	nan	1	1	5.0	5.0	5.0	1.035	-2.51608490004e-19	1.34808602278e-17	-4.5389054572e-20	0.982826285706	1.84561398541e-17	-6.39774572973e-20	-7.43967897291e-19	0.983840790278	392479446.24	-5414469.51818	-13208471.4185	-5141525.73315	-10382.9625704	9915953.0376	-12555583.2673	9926187.55049	-9075.04169525	405896522.35208166	-5317294.796927002	-12984805.473175919	-5317290.968131798	-10196.617169401405	9748041.02570454	-12984801.1994562	9748039.995113593	-8921.369274323191	406983360.74	0.03440142671733232	0.0	0.0	0.0	-0.017322892960173277	0.0	0.0	0.0	-0.016291193518640622	0.034144176
270	400.0	nan	nan	1	1	5.0	5.0	5.0	1.04	6.15422375739e-20	1.61772440316e-17	2.15464005958e-20	0.980398625262	9.45998820974e-18	-1.37616384149e-19	1.36756943493e-19	0.981562508472	404494087.59	-5652726.95453	-13398095.5716	-5328775.76808	-4920.56132123	10312516.0326	-12645242.089	10324764.8603	-4398.34122244	420331098.2904483	-5537410.335503678	-13140353.190538969	-5537411.398237624	-4820.181009242392	10114131.685901765	-13140336.678556131	10114137.850449925	-4313.729276411373	421424908.372	0.03922071315328133	0.0	0.0	0.0	-0.019796029550704714	0.0	0.0	0.0	-0.018609580618034603	0.0389550352134
280	450.0	nan	nan	1	1	5.0	5.0	5.0	1.045	-3.7282684569e-19	5.02854344027e-18	-1.39988738146e-19	0.97798600768	-1.3021569847e-17	2.59549423884e-19	3.32584508889e-19	0.979299610467	414640651.909	-5860993.41947	-13524646.0085	-5485140.43226	-6500.70432159	10657665.7724	-12674327.5491	10671991.9515	-3514.40519215	432935955.48691714	-5727160.598337121	-13233568.663126795	-5727162.7928599175	-6352.26402547601	10428291.557433086	-13233560.391054034	10428302.411560921	-3438.7681859574586	434036647.578	0.04401688541677426	0.0	0.0	0.0	-0.022259916125331985	0.0	0.0	0.0	-0.02091764602224002	0.0437439760548
290	500.0	nan	nan	1	1	5.0	5.0	5.0	1.05	5.76617678843e-19	-4.18651328136e-17	-4.61540312025e-19	0.975589321465	-1.91856403624e-17	-1.87008992886e-19	4.38451219587e-19	0.977051461432	423253885.71	-6045804.74693	-13600786.3184	-5617354.83652	-6697.7680645	10954591.9139	-12655854.9607	10971027.2526	-4739.83670235	444034257.21547073	-5893148.426748667	-13277236.171052454	-5893148.454303628	-6528.649697474905	10693992.287900468	-13277215.748354755	10694009.267551528	-4627.080364036382	445137621.284	0.04879016416943205	0.0	0.0	0.0	-0.024713558308106294	0.0	0.0	0.0	-0.023215955417618738	0.0485109868208
300	550.0	nan	nan	1	1	5.0	5.0	5.0	1.055	-7.40253856341e-19	1.05764768959e-17	-2.17201085244e-19	0.973208817254	-3.48144437956e-17	7.24742565494e-20	-1.34441768356e-18	0.974817892606	430598656.695	-6211104.57586	-13633764.504	-5729553.6276	-13684.2187202	11208318.3866	-12597546.1208	11226841.5273	-12968.6079743	453882192.10233706	-6039387.418062736	-13278753.028893916	-6039364.776989984	-13305.89388013223	10916463.43760788	-13278726.62749389	10916455.299767949	-12630.91660184907	454990902.077	0.05354076692802976	0.0	0.0	0.0	-0.027156608050104284	0.0	0.0	0.0	-0.025504602243610237	0.0532561229428
310	600.0	nan	nan	1	1	5.0	5.0	5.0	1.06	2.05034912795e-19	-1.88458478017e-17	3.33909652231e-19	0.970844465651	-5.33454732736e-18	7.2103679635e-20	2.17409224566e-18	0.972598988229	436878209.351	-6361175.02893	-13626304.8209	-5826139.28748	-13124.6912942	11426570.6605	-12502727.5754	11447224.0225	-12044.1736671	462675934.47294384	-6170177.627663252	-13241054.569332011	-6170173.704037066	-12730.615998642259	11103512.481530957	-13241015.552142685	11103515.504801257	-11703.65428226558	463778371.574	0.058268908123975824	0.0	0.0	0.0	-0.029589003077054792	0.0	0.0	0.0	-0.02778342128751435	0.0579794524587
320	650.0	nan	nan	1	1	5.0	5.0	5.0	1.065	-1.77929858483e-19	-2.44564881652e-17	-1.49587341974e-19	0.968496349864	4.16947997819e-18	-8.06269486668e-20	-3.72597964814e-18	0.970394562241	442261183.348	-6501474.51628	-13589839.6963	-5912356.82236	-13610.9813241	11606655.1397	-12382604.8826	11629419.5163	-12456.8918704	470578933.50151265	-6290916.236388652	-13175488.851524793	-6290921.909276673	-13170.172887789171	11252771.100621998	-13175456.537951404	11252786.405863987	-12077.08432409183	471673398.617	0.06297479916138839	0.0	0.0	0.0	-0.03201056499711892	0.0	0.0	0.0	-0.030052524994336517	0.0626810911848
330	700.0	nan	nan	1	1	5.0	5.0	5.0	1.07	1.51041856363e-18	1.63198896739e-17	-4.47531181171e-19	0.96616456244	-2.35459277469e-17	9.968518998e-20	1.98628729823e-18	0.968204410668	446884442.734	-6628400.1322	-13528640.4733	-5985146.02523	-12915.9919652	11743375.0983	-12241542.3116	11768174.0281	-12303.1615421	477724016.5704865	-6398201.051798132	-13086372.362335904	-6398182.003027735	-12467.429806373553	11359469.536516596	-13086333.295330385	11359474.676031973	-11900.955864090456	478806389.677	0.06765864847381486	0.0	0.0	0.0	-0.03442110478554473	0.0	0.0	0.0	-0.03231204595293936	0.067361155801
340	750.0	nan	nan	1	1	5.0	5.0	5.0	1.075	-8.63973606199e-20	1.31742475358e-17	-6.92515608829e-21	0.963848738791	2.86665066108e-18	2.05246671032e-19	1.46558702879e-18	0.96602871238	450845677.596	-6736057.52322	-13439907.8097	-6039567.08298	-12740.4567751	11845116.3054	-12077479.7212	11871918.0004	-11777.9250901	484204690.49947596	-6486453.188500207	-12971163.75195851	-6486447.260088136	-12268.359672839031	11431993.837595139	-12971117.659594541	11432004.56674493	-11367.146052276212	485271750.945	0.07232066157962608	0.0	0.0	0.0	-0.036820906651090925	0.0	0.0	0.0	-0.034561722250674984	0.0720197963576
350	800.0	nan	nan	1	1	5.0	5.0	5.0	1.08	-1.05175022269e-18	-7.34605205374e-18	-1.16784667603e-18	0.961548694411	-4.23551413736e-17	-7.04360835201e-20	2.28026894229e-18	0.963867474999	454246739.567	-6826867.41846	-13324094.5329	-6078086.95419	-12785.3062652	11909817.5149	-11891323.3885	11938525.6801	-12202.7258223	490120886.8548752	-6558135.5316690905	-12830473.005901327	-6558104.018992649	-12282.027196596307	11468591.111600013	-12830440.941866353	11468579.168052645	-11750.647961468492	491169763.738	0.0769610411361284	0.0	0.0	0.0	-0.039210071022469206	0.0	0.0	0.0	-0.036801467889444744	0.0766571546694
360	850.0	nan	nan	1	1	5.0	5.0	5.0	1.085	-5.79317596363e-19	-1.23042123501e-18	4.9877667448e-19	0.959264614633	5.5483199144e-17	3.69094606766e-19	4.56937879097e-19	0.961720306951	457156517.897	-6893943.71551	-13195894.4993	-6095019.20595	-5859.24485252	11949227.5104	-11696517.9788	11979811.7436	-5884.77108461	495538846.1029696	-6606770.31530019	-12678581.655544186	-6606749.911793658	-5615.172760202363	11480787.203877533	-12678543.990360605	11480781.95538994	-5654.0729940187875	496561117.411	0.08157998699242285	0.0	0.0	0.0	-0.04158831449237532	0.0	0.0	0.0	-0.03903161180502905	0.0812733726844
370	900.0	nan	nan	1	1	5.0	5.0	5.0	1.09	1.35043521572e-18	1.59321603423e-19	-6.55954225755e-20	0.956996450941	-1.69286151954e-17	-2.0003212445e-19	-1.10533167405e-18	0.959586953272	459635829.985	-6941878.21174	-13054765.6139	-6094792.44073	-11229.3576291	11975339.0331	-11492801.488	12007741.7777	-10516.750845	500517439.4356618	-6636913.502611655	-12515040.338224415	-6636884.479666348	-10736.039008605667	11480240.664266275	-12515011.227266265	11480227.844607435	-10081.955122357132	501523217.098	0.08617769624105241	0.0	0.0	0.0	-0.04395559606166063	0.0	0.0	0.0	-0.04125234411569393	0.0858686290174
380	950.0	nan	nan	1	1	5.0	5.0	5.0	1.095	9.9018151534e-19	-2.0046331716e-17	-5.22404261497e-19	0.954744050396	-9.43785285654e-18	-7.8085849825e-19	8.96531435109e-20	0.957467394279	461744432.29	-6971562.3428	-12898866.0891	-6078581.90677	-9808.10315466	11985795.989	-11278733.2689	12019982.4068	-8882.83913895	505115520.772468	-6649546.12425723	-12338161.602425084	-6649535.653670567	-9355.06721613725	11464782.00676465	-12338130.85849214	11464779.843692204	-8496.708472485469	506097193.194	0.09075436326846412	0.0	0.0	0.0	-0.04631198447906437	0.0	0.0	0.0	-0.04346361147947519	0.0904430596306
390	1000.0	nan	nan	1	1	5.0	5.0	5.0	1.1	-4.000642489e-19	2.47206300958e-17	1.34954516938e-18	0.952507007584	1.73928686598e-17	1.8208561388e-19	-9.93632512856e-19	0.955361771803	463526601.027	-6986823.60195	-12728146.8477	-6050034.99963	-3317.8765349	11975204.1962	-11054532.0395	12011121.7194	-421.532830109	509376170.3239855	-6648432.046812405	-12147986.835464569	-6648472.065270091	-3157.1824249059555	11429363.965401232	-12147987.154412117	11429389.248518623	-402.3189967992681	510326478.33	0.09531017980432493	0.0	0.0	0.0	-0.04865781496477417	0.0	0.0	0.0	-0.04566519159318781	0.0949968357989
400	1050.0	nan	nan	1	1	5.0	5.0	5.0	1.105	5.27595647021e-19	2.36454541182e-19	-1.66130954225e-20	0.950285243042	6.90289500365e-17	-1.8475906162e-20	2.65339688172e-19	0.953269844326	465010177.065	-6984907.14146	-12551389.7717	-6006922.32039	2875.38401984	11958871.0413	-10827939.8781	11996402.5909	2491.6865519	513325238.8009352	-6631053.075970628	-11952962.395725736	-6631048.064442353	2729.7176130214366	11388693.877891708	-11952974.575158402	11388667.12039668	2372.887480870762	514246847.82	0.09984533496971612	0.0	0.0	0.0	-0.050993083621627654	0.0	0.0	0.0	-0.04785726291485676	0.0995301398422
410	1100.0	nan	nan	1	1	5.0	5.0	5.0	1.11	-1.65928460411e-18	-1.67408121091e-17	-4.3268266879e-20	0.948078655933	-8.05957143268e-18	-1.10484860057e-19	8.67607576066e-18	0.951191534318	466233987.302	-6963116.84923	-12371997.3404	-5947463.74653	19421.8117517	11941031.8857	-10601884.8415	11980310.3807	17326.6191318	517001238.57549816	-6594968.538116057	-11756348.990834769	-6595070.730755567	18394.957348710534	11346828.995877901	-11756302.079153005	11346897.050322916	16464.421688772432	517883798.72	0.10436001532424286	0.0	0.0	0.0	-0.05331780977550805	0.0	0.0	0.0	-0.050039833647272644	0.104043105403
420	1150.0	nan	nan	1	1	5.0	5.0	5.0	1.115	-1.86590770368e-18	-3.67289367797e-18	1.77428587031e-19	0.945886898731	2.19139070158e-17	4.6057416507e-21	5.58906087567e-19	0.949126681488	467208686.248	-6931670.23313	-12191792.1577	-5880334.61205	-3007.23753417	11915534.4937	-10378050.6411	11956307.6427	-3567.75472384	520412256.1466762	-6549962.95537461	-11559883.911069423	-6549959.990962026	-2841.6375540602517	11297944.855344437	-11559855.172881924	11297907.93688477	-3382.8357551774725	521291360.766	0.10885440491208208	0.0	0.0	0.0	-0.05563227444461858	0.0	0.0	0.0	-0.0522129998311862	0.108535982764
430	1200.0	nan	nan	1	1	5.0	5.0	5.0	1.12	-6.09863722023e-20	2.48484261918e-17	1.73496170399e-19	0.943710045571	-1.74182796482e-17	2.7443867491e-19	-2.43529913269e-18	0.947075144857	467970097.474	-6897414.94999	-12003432.8591	-5811730.05971	-14235.8765684	11880627.8643	-10150107.9959	11922998.9279	-13194.776998	523594512.28319013	-6502552.874279136	-11356614.05465801	-6502530.786819085	-13420.903449903079	11240426.548442189	-11356582.128690906	11240433.047855938	-12483.761242515151	524459326.258	0.11332868530700327	0.0	0.0	0.0	-0.05793631513389729	0.0	0.0	0.0	-0.054376838514360135	0.113008861963
440	1250.0	nan	nan	1	1	5.0	5.0	5.0	1.125	-3.729697825e-18	8.43933336063e-18	5.36936170498e-19	0.941548167355	-3.7802471631e-17	1.76712248621e-19	-1.29860738726e-19	0.945036617311	468553707.502	-6858605.8115	-11806861.9273	-5740169.16345	-6780.51919809	11841918.7856	-9918118.45015	11885768.4551	-6004.64461486	526584655.5824905	-6451113.520297399	-11146523.081559146	-6451096.114542321	-6377.666288984621	11179619.266016454	-11146489.515454939	11179595.924765728	-5668.814474855357	527418503.628	0.11778303565638346	0.0	0.0	0.0	-0.060229771965210774	0.0	0.0	0.0	-0.0565316037618485	0.117461889461
450	1300.0	nan	nan	1	1	5.0	5.0	5.0	1.13	2.01646781006e-18	3.28680017875e-17	1.14084750083e-19	0.939401161817	3.30420141186e-17	7.40836191492e-19	-5.1249199078e-18	0.943010783044	468957689.445	-6814930.14087	-11599656.6598	-5665412.91371	-12191.3703669	11797928.1385	-9680141.57308	11843260.9679	-10630.8818539	529378025.26885146	-6395379.286778633	-10927368.734485844	-6395342.624921802	-11440.827111980185	11114148.879866801	-10927327.444709715	11114148.540978618	-10014.741763255213	530192368.391	0.12221763272424911	0.0	0.0	0.0	-0.06251266862505106	0.0	0.0	0.0	-0.058677561584788436	0.1218952771
460	1350.0	nan	nan	1	1	5.0	5.0	5.0	1.135	-1.7969803976e-18	-1.13446828395e-17	-2.97619584397e-19	0.937268639818	4.25469678664e-17	-7.32101164224e-19	-5.51457491587e-18	0.940997871971	469211152.933	-6772303.94135	-11386305.1988	-5592455.81613	-3332.37261019	11748450.3643	-9440042.2553	11795146.7592	-3713.8460521	532004859.2578905	-6340915.097954776	-10703427.526651459	-6340884.377467155	-3120.1038788210685	11043853.544168096	-10703386.567063428	11043807.958963886	-3491.1133479878085	532787852.596	0.126632650933366	0.0	0.0	0.0	-0.06478533578793409	0.0	0.0	0.0	-0.06081440085414927	0.126309154404
470	1400.0	nan	nan	1	1	5.0	5.0	5.0	1.14	2.85026586751e-19	1.1735429726e-17	-1.15096557409e-18	0.935150361069	1.11419852082e-16	5.45383338913e-19	1.14720024794e-18	0.938997744913	469318727.294	-6733142.61711	-11172506.8782	-5523218.27669	-7370.69159355	11692826.1484	-9202535.06279	11740964.718	-7370.43488411	534468222.9331838	-6289967.665633204	-10480073.620243061	-6289935.784653538	-6885.55321536831	10968145.305243954	-10480004.899545731	10968175.284434756	-6913.640872255602	535231484.847	0.131028262406404	0.0	0.0	0.0	-0.06704794864509205	0.0	0.0	0.0	-0.06294220136035797	0.130703722092
480	1450.0	nan	nan	1	1	5.0	5.0	5.0	1.145	1.50538930551e-18	1.39127808564e-17	-4.26540645947e-19	0.933046087784	-1.30565046622e-16	5.88052623631e-19	-1.15220303628e-17	0.937010420047	469297179.955	-6697889.97196	-10957473.0491	-5458005.67659	-7285.78129177	11628967.101	-8966984.74721	11678332.5804	-6954.25445278	536785069.7498621	-6242924.774237993	-10256562.438901383	-6242901.263724698	-6790.8826087763655	10885103.402662084	-10256493.621884989	10885062.623182382	-6509.415509518963	537525177.679	0.13540463700620298	0.0	0.0	0.0	-0.06930068194430186	0.0	0.0	0.0	-0.06506087615773667	0.135079125394
490	1500.0	nan	nan	1	1	5.0	5.0	5.0	1.15	7.69847069936e-19	-5.77663235138e-18	2.70388798631e-20	0.930955699011	-8.53047939971e-17	-1.36372304508e-19	1.92633159307e-18	0.935035790107	469165945.616	-6671709.39514	-10748383.3777	-5400901.08421	4571.49626954	11554379.3306	-8739197.91127	11604950.1597	4380.58866874	538975757.9100189	-6204560.822097124	-10039597.306685964	-6204531.216427349	4251.403197058657	10792443.061585542	-10039551.80840766	10792379.409648051	4091.7172987732	539682932.525	0.13976194237515863	0.0	0.0	0.0	-0.0715435871433615	0.0	0.0	0.0	-0.06717047223673643	0.139435508913
500	1550.0	nan	nan	1	1	5.0	5.0	5.0	1.155	-4.03611199367e-19	-2.44471708028e-17	-1.72622667672e-19	0.928879032419	-1.50739889118e-16	-6.75402896317e-19	2.36761590625e-18	0.933073651168	468919589.792	-6655987.58477	-10543662.4115	-5353012.32899	8614.56253482	11472500.1265	-8517748.27827	11524356.5338	8403.16034319	541032421.4695138	-6176103.897521903	-9827665.095223026	-6176225.70171205	7993.469424203409	10693427.449381476	-9827650.788708469	10693472.966760907	7832.519894060442	541714640.765	0.14410034397375687	0.0	0.0	0.0	-0.07377676132808375	0.0	0.0	0.0	-0.06927114109177573	0.143773065216
510	1600.0	nan	nan	1	1	5.0	5.0	5.0	1.16	1.2735140362e-18	-4.34417787658e-17	1.15871460206e-19	0.926815939023	-7.77978586229e-18	-5.89799629085e-19	2.98421618719e-18	0.93112394006	468582537.73	-6644140.44985	-10340440.4014	-5308611.23242	12893.3063043	11384116.6284	-8300183.04665	11437052.0399	12951.4284472	542981600.3058122	-6151390.849197118	-9618061.563792735	-6151484.509740146	11937.09961654355	10588827.006490307	-9618042.309758587	10588845.583723385	12046.647077755146	543639041.432	0.14842000511827322	0.0	0.0	0.0	-0.0760002886617856	0.0	0.0	0.0	-0.07136288482974665	0.148091932775
520	1650.0	nan	nan	1	1	5.0	5.0	5.0	1.165	3.04465992891e-18	-3.28495788209e-17	-2.58702390937e-19	0.924766187017	-4.36772009856e-17	9.57676625989e-20	-4.58158797681e-19	0.929186477564	468139644.997	-6634443.51839	-10141804.3658	-5266338.66471	-10573.4447413	11299464.8495	-8088954.32304	11353389.9801	-10310.2834177	544804390.2872461	-6128803.46501471	-9413635.138272708	-6128778.999889804	-9767.596119855141	10488177.006216584	-9413639.44524167	10488098.309500117	-9570.01759900889	545463929.173	0.15272108701766393	0.0	0.0	0.0	-0.078214344214066	0.0	0.0	0.0	-0.07344583096405309	0.152392320386
530	1700.0	nan	nan	1	1	5.0	5.0	5.0	1.17	1.41888606577e-18	-6.42947770152e-17	-9.97844516535e-19	0.922729897185	-1.46987003766e-16	4.91384988526e-19	4.26612114352e-18	0.927261217714	467640417.604	-6625171.99137	-9943028.44611	-5224957.26752	9365.32882113	11210682.1414	-7880155.69564	11265628.0373	9584.18776897	546556862.1590456	-6106736.759167069	-9209970.260128338	-6106692.538858099	8632.469896354194	10384165.11404433	-9209967.76198433	10384066.246143883	8877.585415561563	547178827.682	0.1570037488096647	0.0	0.0	0.0	-0.08041872307471687	0.0	0.0	0.0	-0.07551996485439315	0.156674258968
540	1750.0	nan	nan	1	1	5.0	5.0	5.0	1.175	2.13473478532e-18	-4.87658043558e-17	1.16967309082e-18	0.920706646994	-1.66905459976e-16	1.00135176233e-18	-9.29408224864e-18	0.925348019428	467054002.729	-6617066.15671	-9742395.19267	-5185016.50572	4495.18559789	11117581.2021	-7672392.00781	11173674.7911	4624.23560393	548202131.8847537	-6085867.746025133	-9005474.426675344	-6085885.327360348	4134.325454014365	10276640.520323567	-9005428.988427833	10276685.377668934	4274.455577971616	548809807.924	0.16126814759612232	0.0	0.0	0.0	-0.08261380921401724	0.0	0.0	0.0	-0.07758537500972709	0.160938013788
550	1800.0	nan	nan	1	1	5.0	5.0	5.0	1.18	1.4823076577e-21	1.48207472363e-17	5.30269094761e-19	0.918696234031	-3.07360198592e-17	-1.13978870965e-19	1.0121051103e-18	0.923446968986	466403066.274	-6607736.98741	-9536281.24	-5144534.61524	9624.17646713	11021040.4202	-7462894.8573	11078076.4325	9549.22719926	549765522.856419	-6063994.247686433	-8796807.880365971	-6064041.956659902	8832.214545855986	10166434.14537628	-8796773.842039235	10166474.82944714	8808.749969066092	550349861.207	0.16551443847757333	0.0	0.0	0.0	-0.08479975095008396	0.0	0.0	0.0	-0.07964190493751895	0.165183688676
560	1850.0	nan	nan	1	1	5.0	5.0	5.0	1.185	1.15799991802e-18	2.53085239008e-17	-7.52985820329e-19	0.91669848384	5.77778113981e-17	-2.3595161537e-19	-1.73655650821e-18	0.921557945945	465689523.063	-6596216.8439	-9324318.80184	-5102778.56784	10954.2611641	10926119.0222	-7251375.45552	10984092.8324	10938.3262039	551248354.7382538	-6040236.255207246	-8583654.931452617	-6040286.82374906	10030.95061885337	10058218.452165982	-8583634.785582209	10058267.841540104	10069.455973922262	551813070.077	0.16974277458709455	0.0	0.0	0.0	-0.08697666794835918	0.0	0.0	0.0	-0.08168962165175732	0.16941144846
570	1900.0	nan	nan	1	1	5.0	5.0	5.0	1.19	-1.37251101191e-18	5.02325213133e-17	3.45298274904e-20	0.91471324165	1.82558364144e-17	6.54756468228e-19	-4.61644867654e-18	0.919680850106	464916289.782	-6582518.48201	-9112271.28766	-5059787.15017	9383.7040786	10834060.8679	-7042334.59582	10892900.7271	9279.33716037	552653154.9563572	-6014617.065806369	-8371334.8416752815	-6014646.923342434	8574.132658476288	9953122.37280551	-8371331.60996182	9953124.596369456	8524.81626435478	553201607.937	0.17395330712343798	0.0	0.0	0.0	-0.08914465992957625	0.0	0.0	0.0	-0.08372857118218552	0.173621443051
580	1950.0	nan	nan	1	1	5.0	5.0	5.0	1.195	1.28749007983e-18	-2.43186864926e-17	6.8183505276e-19	0.912740396243	-1.61311548514e-16	-1.19008129089e-19	3.30229691121e-18	0.917815536619	464089501.448	-6567690.3167	-8903066.44027	-5016388.2325	112.329237373	10745470.3266	-6837956.27724	10805247.3113	263.585829238	553986353.6350737	-5988104.298892333	-8162523.357396934	-5988091.988010524	102.41639857512932	9851678.982239317	-8162508.422459328	9851705.052363219	241.6611739639102	554526202.142	0.17814618538347404	0.0	0.0	0.0	-0.09130378028426991	0.0	0.0	0.0	-0.08575884905507239	0.177813821149
590	2000.0	nan	nan	1	1	5.0	5.0	5.0	1.2	-8.83349484868e-19	-1.71391822921e-19	-6.4598173629e-19	0.91078001457	-8.10621118434e-17	1.09383717226e-18	3.21700466389e-18	0.915961788057	463222680.39	-6554074.94771	-8698009.20403	-4974409.75849	8079.77116698	10660725.7097	-6639220.00448	10721345.6141	7900.33478701	555263296.1119335	-5962835.125117451	-7958388.2907009525	-5962806.3901902	7350.89905162093	9754208.424974032	-7958408.211351118	9754178.389219744	7228.542806373096	555779938.017	0.1823215567939546	0.0	0.0	0.0	-0.09345388775398213	0.0	0.0	0.0	-0.08778063127312519	0.181988689303
600	2050.0	nan	nan	1	1	5.0	5.0	5.0	1.205	5.91017238947e-19	-1.35572917164e-18	-1.9259676336e-18	0.908831893175	1.27911768854e-16	3.58665513603e-19	5.09920451692e-18	0.914119417986	462302292.472	-6544355.53002	-8497984.57798	-4935786.20744	-3190.61453251	10580282.1895	-6446613.21653	10641754.2695	-3021.27164765	556467177.9447668	-5941237.362418442	-7759707.171677737	-5941140.821747475	-2896.572196094734	9661101.50364062	-7759703.385250152	9661025.86841521	-2758.79334173005	556978821.751	0.18647956694261839	0.0	0.0	0.0	-0.09559513790852872	0.0	0.0	0.0	-0.08979406181086921	0.186146244505
610	2100.0	nan	nan	1	1	5.0	5.0	5.0	1.21	-2.05310198503e-18	4.96981758725e-17	3.09643481781e-19	0.906896028721	1.41776321772e-16	-1.35281749588e-18	5.61041537037e-18	0.912288239786	461334045.13	-6540424.61855	-8308399.57174	-4901977.44098	-18868.927325	10502235.4476	-6264130.7419	10564588.0966	-18222.7253979	557604062.0846049	-5925001.952645349	-7571370.597731733	-5924909.644522998	-17093.451536442288	9570593.70963327	-7571313.637015926	9570510.899814645	-16606.207500839297	558115721.68	0.1906203596086497	0.0	0.0	0.0	-0.09772746749839654	0.0	0.0	0.0	-0.09179928644491345	0.190286607928
620	2150.0	nan	nan	1	1	5.0	5.0	5.0	1.215	-9.795936035e-19	9.61453863539e-18	9.72473232787e-19	0.904972413646	1.03112285285e-16	-1.03359195389e-18	5.564821175e-18	0.910468195024	460349768.129	-6541506.98223	-8128399.46744	-4872229.159	-3374.63370888	10420729.606	-6091027.53817	10483937.1703	-3067.47339743	558711754.749845	-5913393.123889834	-7392535.52159585	-5913268.326455287	-3050.6022272757705	9477341.02905286	-7392484.8445388125	9477272.154956982	-2789.775052627043	559196205.346	0.19474407679251185	0.0	0.0	0.0	-0.0998508179059169	0.0	0.0	0.0	-0.09379631175462547	0.194409856203
630	2200.0	nan	nan	1	1	5.0	5.0	5.0	1.22	-1.94754050397e-18	8.57651299342e-17	-4.50515648821e-20	0.903060921569	-2.73354472738e-17	-1.28849593145e-18	-9.42993839244e-18	0.908658969882	459322424.7	-6544583.95566	-7954810.10486	-4844289.13328	-634.640895315	10339759.5756	-5924750.34493	10403767.6248	-484.859261614	559757190.7322867	-5903659.410423768	-7220261.6631843615	-5903534.2724902155	-572.4892092839182	9384984.517058058	-7220247.544051954	9384905.298509322	-440.08727958613815	560226618.917	0.19885085874516517	0.0	0.0	0.0	-0.10196526209446127	0.0	0.0	0.0	-0.0957854258456365	0.198516200923
640	2250.0	nan	nan	1	1	5.0	5.0	5.0	1.225	2.70394092587e-18	-7.99582955643e-17	-1.39178101146e-19	0.901161574091	6.83449709316e-18	-1.07170843651e-18	4.49456857637e-19	0.906860361074	458261900.808	-6549942.96173	-7785584.65453	-4818308.07722	-1402.74774344	10255101.7249	-5763608.97905	10319853.7341	-1488.4975797	560751789.1758586	-5896047.995001995	-7052652.368396056	-5895918.622817441	-1262.7084034970032	9289689.943346279	-7052635.275622524	9289600.42448723	-1348.3709248109963	561209794.077	0.20294084399669038	0.0	0.0	0.0	-0.10407070993607262	0.0	0.0	0.0	-0.09776679763909812	0.202605758006
650	2300.0	nan	nan	1	1	5.0	5.0	5.0	1.23	4.30144506439e-18	-4.36160557947e-17	-6.29266070471e-19	0.899274243801	-2.20882899238e-17	4.49192159841e-19	-3.3053607882e-18	0.905072304839	457175116.927	-6558943.05609	-7615335.00344	-4795238.68672	2912.70686666	10166239.6379	-5603623.6424	10231652.8651	2588.44075968	561703531.0552883	-5891765.774768722	-6884806.624640201	-5891620.962856637	2616.4256164696762	9191006.564396268	-6884834.869837349	9190886.649631456	2340.1352772639993	562145738.763	0.20701416938432612	0.0	0.0	0.0	-0.10616723674646589	0.0	0.0	0.0	-0.09974044362391091	0.206678649877
660	2350.0	nan	nan	1	1	5.0	5.0	5.0	1.235	2.73824576024e-18	-7.15779898121e-18	9.42588851616e-20	0.897398737908	5.64028122269e-17	5.23413421844e-19	-2.19840784015e-18	0.903294728049	456059739.55	-6574846.21909	-7441700.07106	-4777442.68598	984.37421784	10081713.4863	-5443025.50959	10147832.0345	651.625767485	562609168.0121051	-5893715.478910506	-6714593.880285283	-5893598.6268747235	882.3965415164863	9096659.504077155	-6714681.845059819	9096552.641104113	587.9573684521741	563041701.909	0.2110709700799406	0.0	0.0	0.0	-0.10825499182858456	0.0	0.0	0.0	-0.10170639116685093	0.210735026793
670	2400.0	nan	nan	1	1	5.0	5.0	5.0	1.24	3.03746014885e-18	4.89436548049e-17	-2.086612726e-19	0.895535015537	2.25969543844e-16	-4.01705375235e-19	-1.21249987073e-17	0.901527543237	454927045.262	-6593053.99334	-7264497.35777	-4761568.57253	14490.1610189	10002751.9078	-5281638.4827	10069648.6931	14340.2335019	563482178.606503	-5897744.408114364	-6541861.021025357	-5897778.689522058	12962.015206949029	9007727.525516108	-6541948.186724643	9007694.208389295	12913.737862144168	563891604.952	0.2151113796169455	0.0	0.0	0.0	-0.11033395658529575	0.0	0.0	0.0	-0.10366468412994803	0.214774985544
680	2450.0	nan	nan	1	1	5.0	5.0	5.0	1.245	1.29956029932e-18	2.64699913599e-17	2.30551780331e-20	0.893682869611	-3.13180903127e-17	7.77364487343e-19	1.914029763e-18	0.899770573532	453760100.387	-6612104.26113	-7085412.66071	-4746434.31687	6097.65121647	9932889.57005	-5120677.18258	10000585.6116	5902.79653813	564301346.0459872	-5902534.794537391	-6368136.505818427	-5902721.000908309	5443.289616854052	8927355.357868467	-6368133.787727038	8927385.625968795	5305.23992333252	564708083.955	0.219135529916671	0.0	0.0	0.0	-0.11240429871964194	0.0	0.0	0.0	-0.10561546645279651	0.218798718186
690	2500.0	nan	nan	1	1	5.0	5.0	5.0	1.25	5.35960097375e-19	-1.7112050768e-17	1.69491292746e-18	0.89184225721	-2.51109058202e-16	-2.17475709208e-19	-8.30891675653e-18	0.898023886254	452596785.238	-6630773.52669	-6905018.27714	-4730947.73697	24664.551295	9867614.45763	-4960697.31183	9936057.06912	24267.0249287	565113302.0661992	-5906990.78560102	-6193936.850439318	-5907071.337539098	21972.289755349346	8851443.741631538	-6193937.142008226	8851485.775566243	21767.99740762749	565493718.207	0.22314355131420976	0.0	0.0	0.0	-0.11446600373328816	0.0	0.0	0.0	-0.10755861164171235	0.222806265775
700	2550.0	nan	nan	1	1	5.0	5.0	5.0	1.255	-5.42101086243e-19	1.97705430823e-17	-1.56150523826e-18	0.890012819665	-5.45648036709e-17	1.7690812499e-18	-7.10031985481e-18	0.896287302602	451388760.73	-6650876.00322	-6727148.04861	-4716541.26093	5201.12895228	9803253.64233	-4804428.0995	9872211.40102	4415.75170362	565857706.5839267	-5912727.733646837	-6022696.76473573	-5912622.229676471	4623.881032743216	8776679.74138673	-6022796.538916481	8776542.836609038	3953.34446441432	566246304.143	0.22713557258374711	0.0	0.0	0.0	-0.11651941224171206	0.0	0.0	0.0	-0.10949426717905675	0.226797878825
