inc	time	elem	node	ip	grain	1_pos	2_pos	3_pos	1_f	2_f	3_f	4_f	5_f	6_f	7_f	8_f	9_f	1_p	2_p	3_p	4_p	5_p	6_p	7_p	8_p	9_p	1_Cauchy	2_Cauchy	3_Cauchy	4_Cauchy	5_Cauchy	6_Cauchy	7_Cauchy	8_Cauchy	9_Cauchy	Mises(Cauchy)	1_ln(V)	2_ln(V)	3_ln(V)	4_ln(V)	5_ln(V)	6_ln(V)	7_ln(V)	8_ln(V)	9_ln(V)	Mises(ln(V))
0	0.0	nan	nan	1	1	5.0	5.0	5.0	1.0	0.0	0.0	0.0	1.0	0.0	0.0	0.0	1.0	7.67054043305e-06	7.2694919303e-07	-7.96099603826e-08	7.2694919303e-07	8.52665291278e-06	-5.95502834826e-07	-7.96099603826e-08	-5.95502834826e-07	1.00960976239e-05	7.67054043305e-06	7.2694919303e-07	-7.96099603826e-08	7.2694919303e-07	8.52665291278e-06	-5.95502834826e-07	-7.96099603826e-08	-5.95502834826e-07	1.00960976239e-05	2.68476367426e-06	0.0	0.0	0.0	0.0	0.0	0.0	0.0	0.0	0.0	0.0
10	2.5	nan	nan	1	1	5.0	5.0	5.0	1.00025	1.29148743014e-21	2.01059980372e-19	-1.20122134579e-21	0.999932535449	-1.18051417163e-19	-2.88524475068e-22	1.92112697265e-22	0.999925212014	56610488.773	503309.493089	-840563.973679	503149.75037	37.9111595147	374511.068523	-840291.0371	374508.325394	29.4032871318	56618542.61865775	503221.33207464695	-840410.5831303447	503221.33234217594	37.90451889630509	374442.7257673299	-840410.5833972866	374442.7255308864	29.397921464835143	56647636.7092	0.0002499687552074404	0.0	0.0	0.0	-6.746682683455447e-05	0.0	0.0	0.0	-7.479078276044891e-05	0.000214106799196
20	5.0	nan	nan	1	1	5.0	5.0	5.0	1.0005	6.56750387094e-21	1.82150172742e-19	1.10118419046e-22	0.999865043899	4.75217329863e-20	-2.04874543153e-21	9.56466357356e-22	0.999850395691	113265492.748	1006955.12933	-1681707.91239	1006316.07367	-313.103012344	749078.879533	-1680616.01017	749067.904094	-372.850963	113297730.50916296	1006602.4954490802	-1681094.3525899132	1006602.4925646725	-312.99336423043997	748805.5831512745	-1681094.349125917	748805.5818569914	-372.7149308385081	113356312.297	0.0004998750416509929	0.0	0.0	0.0	-0.00013496520839401224	0.0	0.0	0.0	-0.00014961550084112107	0.000428193813576
30	7.5	nan	nan	1	1	5.0	5.0	5.0	1.00075	-4.70552031208e-21	2.77892360763e-20	-3.02070850068e-21	0.999792984993	-2.19781061575e-19	5.12386690688e-22	-1.58154348181e-21	0.999773659342	166388011.579	1423670.84815	-2524285.99522	1422309.39861	-3423.1890581	1269853.7026	-2521823.12887	1269829.26874	-1387.65376716	166460140.22412097	1422925.9612269276	-2522916.481143326	1422925.9649652983	-3421.3979918799564	1269164.7622325772	-2522916.3307407	1269164.8741448252	-1386.9009161077527	166552635.815	0.0007497188905459742	0.0	0.0	0.0	-0.0002070364375640671	0.0	0.0	0.0	-0.00022636627691229649	0.000644376814309
40	10.0	nan	nan	1	1	5.0	5.0	5.0	1.001	9.98841269173e-21	3.68019892355e-19	-2.2664748784e-21	0.999689975195	4.0462180728e-19	-1.6243759279e-21	4.82142899542e-21	0.999673076254	190279081.214	1189638.91175	-3616361.94371	1188081.59807	4069.91494117	1948688.47834	-3611568.35915	1948655.42382	4225.62731105	190400337.13492256	1188839.121027549	-3613869.583728475	1188838.7066674668	4067.1787493903253	1947345.462000521	-3613869.8420275166	1947345.3485409957	4222.715051555284	190540039.464	0.0009995003330834232	0.0	0.0	0.0	-0.00031007287262486044	0.0	0.0	0.0	-0.00032697719721777797	0.000878737778571
50	12.5	nan	nan	1	1	5.0	5.0	5.0	1.00125	-2.64145652958e-20	-8.09178267292e-19	5.17504870728e-21	0.999575928882	3.25567328958e-19	4.92131105438e-21	-1.11043827356e-20	0.999556632532	200104419.807	452156.350326	-4300829.87975	451400.262771	-3221.25844343	2340021.77723	-4293556.1008	2339976.56842	-3503.2003516	200278111.11235225	451792.17045104963	-4297282.907624428	451792.07970814034	-3218.663948193417	2338091.9189819098	-4297282.921849081	2338091.883236524	-3500.3111989608947	200462165.4	0.0012492194004318981	0.0	0.0	0.0	-0.00042416106158535795	0.0	0.0	0.0	-0.0004434657844166706	0.00112207723818
60	15.0	nan	nan	1	1	5.0	5.0	5.0	1.0015	-1.26302207731e-20	1.09741638277e-19	-4.92420618653e-21	0.99945812566	-3.25439891445e-19	3.06056826645e-21	7.87972251518e-21	0.999437326509	206461218.495	-121267.137966	-4593901.03683	-121019.065789	-9413.1745789	2546190.79016	-4584439.28868	2546137.62203	-12842.9096857	206689453.86368713	-121153.67966533263	-4589507.442387162	-121152.84796513878	-9404.36755327442	2543755.6202213434	-4589507.219591688	2543755.4395796997	-12830.626761846705	206900394.038	0.0014988761237359487	0.0	0.0	0.0	-0.000542021206958166	0.0	0.0	0.0	-0.0005628318511349218	0.00136758788229
70	17.5	nan	nan	1	1	5.0	5.0	5.0	1.00175	5.7592450149e-21	7.77976600996e-19	-2.30245723504e-21	0.999338370695	2.1554796479e-19	4.78193112117e-21	2.1869414625e-20	0.999317449991	211455062.46	-467642.294381	-4711391.90524	-466515.975042	-3962.63400947	2669334.83852	-4699951.32246	2669279.05668	-5709.48125308	211739582.8066081	-467144.1992959014	-4706275.182415615	-467143.6889655778	-3958.413329373529	2666435.8552112696	-4706275.274999848	2666435.9546020566	-5703.280573189511	211953127.146	0.001748470534116803	0.0	0.0	0.0	-0.0006618482782598285	0.0	0.0	0.0	-0.0006827830523060941	0.00161390272621
80	20.0	nan	nan	1	1	5.0	5.0	5.0	1.002	1.67466850914e-20	-2.59466705823e-19	2.80124714441e-21	0.99921793034	1.86886549476e-18	5.04497455596e-21	-4.61289676299e-20	0.999196962274	215747942.669	-689785.921586	-4766662.40882	-687870.104803	-2592.8575818	2742349.84562	-4753328.63796	2742292.59342	-3410.42180019	216090333.34089836	-688962.366151055	-4760871.445707658	-688961.7504727045	-2589.761893867397	2739018.1964627746	-4760872.141578023	2739018.4906892166	-3406.2785181304434	216305932.028	0.001998002662673058	0.0	0.0	0.0	-0.0007823756360164825	0.0	0.0	0.0	-0.0008033603335166901	0.00186061987746
90	22.5	nan	nan	1	1	5.0	5.0	5.0	1.00225	-1.48429289117e-20	1.24592838995e-18	-3.43693544516e-22	0.99909727048	-9.06837898747e-19	-5.92261318588e-22	-2.16183653091e-21	0.99907599222	219631099.88	-841179.447215	-4802915.83275	-838532.805769	2352.84569108	2796389.31608	-4787705.73735	2796329.65035	2767.51329165	220032858.57417285	-840067.2710638547	-4796463.441442511	-840066.6861950915	2349.7348460948897	2792632.556906251	-4796463.615474604	2792632.4473831938	2763.7953254544154	220245012.266	0.00224747254047937	0.0	0.0	0.0	-0.0009031372256771631	0.0	0.0	0.0	-0.0009244349383405663	0.00210754161922
100	25.0	nan	nan	1	1	5.0	5.0	5.0	1.0025	3.96963975964e-20	1.85653367939e-18	-8.04019555402e-21	0.998976559576	7.78201800918e-19	-3.53785147989e-21	-2.00678152508e-20	0.998954565936	223229344.603	-946036.952271	-4837278.71327	-942711.595883	-461.677128126	2840727.86281	-4820171.81998	2840665.75824	-445.223668622	223691895.72244155	-944665.3432051763	-4830159.05411512	-944664.9784222074	-461.007766815215	2836546.790075965	-4830159.6460662065	2836547.226825742	-444.5683744047001	223908627.064	0.002496880198587146	0.0	0.0	0.0	-0.0010239644967530112	0.0	0.0	0.0	-0.0010459809113529143	0.00235460291229
110	27.5	nan	nan	1	1	5.0	5.0	5.0	1.00275	-1.88928051907e-20	6.55414076815e-19	-1.27410629752e-20	0.998855938104	3.01330399343e-18	1.85032031222e-20	-2.78428994185e-21	0.998832755789	226626731.899	-1021840.26561	-4873188.25451	-1017871.35436	-184.542659359	2881651.62678	-4854151.89515	2881585.71965	21.7048191564	227151445.08328024	-1020228.7674765098	-4865390.046588605	-1020228.0512732834	-184.25162546542202	2877040.329746306	-4865390.805390383	2877041.300952684	21.670086516526766	227369273.86	0.0027462256680252286	0.0	0.0	0.0	-0.0011447168343848746	0.0	0.0	0.0	-0.001167925971095383	0.00260173255416
120	30.0	nan	nan	1	1	5.0	5.0	5.0	1.003	-2.43836300968e-20	1.02418194724e-19	-3.99156004587e-21	0.998735477763	-2.86011676143e-18	5.99375071856e-21	-2.48931733542e-20	0.998710568766	229870002.767	-1076730.33598	-4912372.10281	-1072151.75543	-141.787600485	2921794.60476	-4891364.47237	2921722.41244	39.278992808	230458206.53806823	-1074895.8107920503	-4903880.131086503	-1074895.2352147049	-141.5460238193041	2916743.7257455024	-4903880.759809355	2916744.4033891642	39.2110915803909	230677569.486	0.002995508979798371	0.0	0.0	0.0	-0.0012653224198811174	0.0	0.0	0.0	-0.001290263265762391	0.00284890427292
130	32.5	nan	nan	1	1	5.0	5.0	5.0	1.00325	5.55617217452e-21	-3.25800800686e-19	-1.42597665798e-20	0.998615171982	2.6404060102e-19	-1.63947197408e-20	4.20075402279e-20	0.998588076576	232991026.045	-1117863.2128	-4954911.50269	-1112698.39185	-106.195606754	2961423.22215	-4931887.22635	2961343.47557	19.3890791425	233644013.4391094	-1115817.3752277396	-4945709.163635877	-1115816.8725728735	-106.00125474400492	2955923.220675063	-4945709.476256543	2955923.8252252005	19.353069441798258	233865074.301	0.0032447301648890294	0.0	0.0	0.0	-0.0013857877784910785	0.0	0.0	0.0	-0.0014129211271082208	0.0030960960436
140	35.0	nan	nan	1	1	5.0	5.0	5.0	1.0035	6.70016296168e-21	-7.23510066382e-20	2.73796782755e-22	0.998494984445	1.33082607212e-18	-1.25532929761e-20	1.01392490764e-19	0.998465360622	236011756.535	-1150098.6421	-5000697.5303	-1144362.12111	-86.9018692966	3000985.29216	-4975608.91278	3000896.76555	20.0192860148	236730789.68092585	-1147848.870499182	-4990767.316273967	-1147848.5334315747	-86.73187574087413	2995026.038264007	-4990767.597169192	2995026.545315853	19.97953240171523	236953727.724	0.003493889254255838	0.0	0.0	0.0	-0.0015061492285173988	0.0	0.0	0.0	-0.0015358181431509132	0.00334329250813
150	37.5	nan	nan	1	1	5.0	5.0	5.0	1.00375	4.49804273494e-20	-2.84584955022e-18	5.84692615983e-21	0.998374901791	1.65554243902e-18	-2.08052467669e-20	3.49004044048e-20	0.998342464652	238947219.2	-1176210.89762	-5049083.28448	-1169911.92195	-82.2620284888	3040819.15684	-5021882.42881	3040720.79931	35.5632067173	239733530.77277556	-1173762.1376579695	-5038407.867232634	-1173761.7900775194	-82.09076671748646	3034389.868305023	-5038408.104581044	3034390.3058890244	35.48801444001524	239958515.863	0.003742986278834297	0.0	0.0	0.0	-0.0016264201134382856	0.0	0.0	0.0	-0.0016589105795882912	0.00359048341854
160	40.0	nan	nan	1	1	5.0	5.0	5.0	1.004	-1.10958007368e-20	1.47989229031e-19	1.36873575959e-20	0.998254921109	2.04834941882e-18	-4.96473803654e-21	4.29290194303e-20	0.998219412326	241807989.606	-1196847.6969	-5099356.73493	-1189998.74235	-68.9893149757	3079940.89873	-5069997.03894	3079831.73017	23.6551899363	242662783.6510802	-1194205.7674522153	-5087919.393371925	-1194205.4016926922	-68.83702750980403	3073032.9027084303	-5087919.537218578	3073033.289430018	23.602133737060484	242889907.773	0.003992021269537457	0.0	0.0	0.0	-0.0017466033149191183	0.0	0.0	0.0	-0.001782174804528948	0.0038376618389
170	42.5	nan	nan	1	1	5.0	5.0	5.0	1.00425	2.51181664808e-20	1.52910870957e-18	3.1168165481e-20	0.998135035391	2.22192127624e-18	-1.68744844961e-22	1.6503080401e-20	0.998096227917	244602602.745	-1212983.25157	-5151194.36766	-1205596.98002	-65.5247861854	3118138.19063	-5119629.34124	3118017.33323	29.4229429281	245527057.84091026	-1210153.746458102	-5138978.454228088	-1210153.4330556013	-65.37193764669512	3110743.6130841374	-5138978.552493549	3110743.9879699214	29.353167241517873	245756375.038	0.004240994257254614	0.0	0.0	0.0	-0.0018667058206986453	0.0	0.0	0.0	-0.0019055865603383381	0.00408482197902
180	45.0	nan	nan	1	1	5.0	5.0	5.0	1.0045	-3.82256704673e-20	-2.62430493958e-19	-1.10116351095e-20	0.998015251982	-2.39450051693e-18	-9.61845616277e-21	-1.02936009787e-19	0.997972917546	247337626.123	-1225377.91906	-5203945.40101	-1217466.96147	-70.838576947	3155178.31207	-5170131.11121	3155044.82656	40.1080766007	248332896.4995769	-1222366.2583594406	-5190935.252969582	-1222365.9686295884	-70.66447412129442	3147290.1937730666	-5190935.37952398	3147290.5457256082	40.00780421619503	248564420.97	0.004489905272852001	0.0	0.0	0.0	-0.001986720240356238	0.0	0.0	0.0	-0.0020291397663358213	0.00433195941495
190	47.5	nan	nan	1	1	5.0	5.0	5.0	1.00475	1.10147370368e-20	9.60234268443e-19	8.5234758269e-21	0.99789557863	5.68521235008e-21	-3.13468364933e-20	4.49142529004e-20	0.997849484222	250018001.707	-1234741.21468	-5257150.02648	-1226317.53012	-62.9998869102	3191314.22158	-5221044.60691	3191167.07895	39.3789315285	251085217.2159562	-1231552.393909525	-5243330.794921465	-1231552.1335410075	-62.837184519182046	3182925.3587965677	-5243330.921252983	3182925.627427667	39.275417919305404	251318946.725	0.00473875434717347	0.0	0.0	0.0	-0.002106638776101724	0.0	0.0	0.0	-0.0021528314575878726	0.00457907064031
200	50.0	nan	nan	1	1	5.0	5.0	5.0	1.005	3.73223892384e-21	-4.80786323337e-18	1.24106043204e-20	0.997776007253	1.92635061822e-18	4.1001688603e-20	-7.81851114985e-20	0.997725944062	252647646.197	-1242323.07209	-5310674.12939	-1233392.98376	-51.7422919505	3226905.8869	-5272236.25974	3226744.24055	33.8472112171	253787913.05730888	-1238959.8242337995	-5296031.200041456	-1238959.6184240824	-51.602213933440915	3218008.4562226427	-5296031.281689314	3218008.7184516466	33.75388552803975	254023866.961	0.004987541511038968	0.0	0.0	0.0	-0.002226469491725633	0.0	0.0	0.0	-0.002276645529867087	0.0048261529595
210	100.0	nan	nan	1	1	5.0	5.0	5.0	1.01	8.06567271688e-20	6.41691646761e-18	-1.56673177896e-20	0.995395740717	3.27626967324e-18	-2.15530180407e-20	1.34387071038e-19	0.995248051975	297164650.402	-1280931.95081	-6273595.28095	-1262407.18863	432.338935757	3842748.95082	-6181958.65527	3842179.01296	-680.869497129	299964618.57230306	-1274304.8868377814	-6240212.030356777	-1274301.9410554452	430.10217541769026	3822300.7954247026	-6240206.792931966	3822301.0123406067	-677.2464331559443	300240518.037	0.009950330853168092	0.0	0.0	0.0	-0.004614891533082338	0.0	0.0	0.0	-0.004763274425906646	0.00975998521119
220	150.0	nan	nan	1	1	5.0	5.0	5.0	1.015	1.35882613585e-19	6.74993276478e-18	5.36550704333e-21	0.993031726547	-9.23869258046e-18	1.25466755312e-20	-1.13952401185e-19	0.992771387477	331627377.841	-1220480.19409	-6975926.4076	-1194067.12204	-784.834814372	4324534.26684	-6823153.14358	4323396.5771	1873.53413182	336386068.41276	-1211198.8279912297	-6921061.749972206	-1211201.4008582726	-778.866393684412	4290522.426965751	-6921062.051901786	4290518.512698346	1858.7990554028652	336687620.446	0.014888612493750559	0.0	0.0	0.0	-0.006992665248972228	0.0	0.0	0.0	-0.007254865534240372	0.0146756993687
230	200.0	nan	nan	1	1	5.0	5.0	5.0	1.02	-2.54573105319e-19	-1.25817413717e-17	-1.73353481744e-19	0.990684266766	5.44592388812e-18	-1.66891960389e-20	-2.58450928031e-19	0.990301092116	359007841.256	-1130423.78908	-7457136.03201	-1097947.77675	5599.86544491	4710663.04465	-7240016.09742	4708834.26373	6910.74184396	365932860.34243226	-1119112.7885934724	-7379664.665824373	-1119126.4487347098	5543.833290081247	4661724.484304223	-7379671.124132796	4661717.751177328	6838.94690690781	366243986.659	0.01980262729617973	0.0	0.0	0.0	-0.00935939605587287	0.0	0.0	0.0	-0.009746248642198741	0.0195715742291
240	250.0	nan	nan	1	1	5.0	5.0	5.0	1.025	1.52108588481e-19	2.46983160716e-17	-3.72992281812e-20	0.988353745098	9.84272964225e-18	8.92031572577e-21	8.36577384312e-20	0.987839646744	381079346.18	-1008102.63578	-7755683.77156	-972073.855634	5885.63722833	5036183.0334	-7474519.03087	5033558.66891	6486.37069143	390316172.782203	-995621.8803895744	-7655680.762348108	-995635.5567312436	5812.77044279017	4971245.695427468	-7655690.844339004	4971240.99185977	6402.734405176887	390633957.881	0.024692612590371414	0.0	0.0	0.0	-0.011714603718699982	0.0	0.0	0.0	-0.012234895272876606	0.0244467536571
250	300.0	nan	nan	1	1	5.0	5.0	5.0	1.03	1.78353374956e-19	6.90689194037e-18	-3.30193956919e-20	0.986040829615	3.71204314375e-17	4.46148135187e-20	1.5152625333e-19	0.985388284958	399077707.713	-855559.077731	-7926796.02033	-819057.707789	10850.9334736	5320074.11815	-7583493.26226	5316545.1361	11599.7291119	410728818.42851967	-842956.9277126504	-7804867.947856358	-842970.1735855418	10691.102206499276	5238242.015875728	-7804894.051883987	5238233.887784864	11421.304864801552	411042914.892	0.02955880224154443	0.0	0.0	0.0	-0.014057515891002972	0.0	0.0	0.0	-0.014719517558735021	0.0293007055584
260	350.0	nan	nan	1	1	5.0	5.0	5.0	1.035	5.11952007276e-19	-2.29149676105e-17	1.99846835993e-20	0.983745490886	-3.42901403274e-17	-2.1533165706e-19	7.78449748306e-19	0.982948135338	413886594.196	-695448.547128	-8004492.62045	-661008.656617	-4378.00706345	5563104.93486	-7601901.41519	5558600.02358	-8386.15652381	428023882.3603507	-683587.4032943181	-7861595.673648679	-683586.9908485735	-4303.338460432898	5463791.868108473	-7861562.569744413	5463795.951207046	-8236.44607750527	428352875.015	0.03440142671733232	0.0	0.0	0.0	-0.016388062858487887	0.0	0.0	0.0	-0.01719892183627277	0.0341331566223
270	400.0	nan	nan	1	1	5.0	5.0	5.0	1.04	3.93843850694e-19	-1.52852389288e-18	1.64867022249e-19	0.98146826944	-3.00676976289e-17	-1.03576247581e-19	-3.23063660039e-19	0.980519635557	426184470.066	-533507.844203	-8008982.225	-503479.48811	-9031.14722616	5770939.44519	-7550899.73154	5765367.0005	-10956.6702813	442858578.3165529	-523180.0497725293	-7846350.908022061	-523177.69880589657	-8856.319746046116	5653754.08307975	-7846322.320479645	5653759.409638178	-10734.18287060521	443185973.772	0.03922071315328133	0.0	0.0	0.0	-0.018705594428040487	0.0	0.0	0.0	-0.019672607480982738	0.0389438782511
280	450.0	nan	nan	1	1	5.0	5.0	5.0	1.045	-2.92305776142e-19	-1.77498401075e-18	2.7780033692e-20	0.979209782535	-3.79670276334e-18	3.53133329666e-19	-7.2834245552e-19	0.978102656146	436470069.088	-362370.183296	-7954993.675	-339565.859921	-3122.23753047	5947397.23055	-7445704.10198	5940680.93644	-8072.17590761	455716009.21588343	-354528.96836867806	-7774058.5056745885	-354538.85502961813	-3054.676410214806	5812124.549147769	-7774018.883463335	5812132.401862531	-7888.575445518134	456031901.018	0.04401688541677426	0.0	0.0	0.0	-0.02100937694003215	0.0	0.0	0.0	-0.022140649071341913	0.0437328098096
290	500.0	nan	nan	1	1	5.0	5.0	5.0	1.05	1.16890546721e-19	1.45129301694e-17	1.7211974186e-20	0.97696997957	-1.71150914839e-17	-3.28225267061e-20	-1.37579326458e-18	0.975697553167	445118321.008	-182997.079063	-7846675.02779	-170296.305422	6294.92303082	6099174.62967	-7291441.90569	6091233.37647	4542.3123665	466959306.58503956	-178623.9310278582	-7649184.716279229	-178652.37385369712	6144.490956031853	5945666.565004887	-7649217.063399437	5945668.947746366	4427.988441899795	467255536.694	0.04879016416943205	0.0	0.0	0.0	-0.02329935456599732	0.0	0.0	0.0	-0.024602624643232793	0.0484999396886
300	550.0	nan	nan	1	1	5.0	5.0	5.0	1.055	4.11552133247e-19	2.03469225331e-17	-3.2264676101e-19	0.974749279738	2.94113331216e-17	-2.19196244882e-19	1.26843183851e-19	0.973303996071	452419295.483	-15099.9320408	-7708409.72672	-13985.3144613	6707.33804899	6227462.32394	-7111518.64111	6218239.77458	5417.71420149	476869657.39679325	-14705.304663296354	-7495824.470846398	-14741.131031174356	6532.045920710802	6055719.160497477	-7495850.623118403	6055729.9269659	5268.302558802988	477155762.561	0.05354076692802976	0.0	0.0	0.0	-0.025574990039426388	0.0	0.0	0.0	-0.02705881386511423	0.0532453381532
310	600.0	nan	nan	1	1	5.0	5.0	5.0	1.06	1.0032046469e-20	-1.25314289382e-17	-2.13571416716e-19	0.972547912417	-2.75973260383e-17	4.55809604741e-20	4.40695360589e-19	0.970921778993	458598448.047	139472.010643	-7543590.71959	127978.749519	-6115.87030254	6328718.94926	-6909583.87905	6318158.42505	-7318.07573495	485665587.1850315	135517.9906125896	-7317474.982589592	135532.23914526013	-5942.485882482346	6139018.446850168	-7317397.444570349	6139039.153356841	-7098.7197081263475	485953854.833	0.058268908123975824	0.0	0.0	0.0	-0.0278359374362898	0.0	0.0	0.0	-0.029509371100493356	0.0579690935141
320	650.0	nan	nan	1	1	5.0	5.0	5.0	1.065	5.00225894913e-19	-1.83754798182e-17	2.94429975955e-19	0.970365607907	3.69850782195e-17	4.02340649946e-21	-1.22682134498e-18	0.968551234683	463849576.189	276853.370435	-7362362.84356	252263.282261	-9967.0985378	6405916.93515	-6695523.86782	6393951.41687	-10401.8663112	493536377.78992707	268396.969682222	-7124136.199990897	268408.36548649264	-9662.656589176815	6198638.3585748	-7124043.583869614	6198650.144250894	-10065.289352032712	493817412.026	0.06297479916138839	0.0	0.0	0.0	-0.03008236313142084	0.0	0.0	0.0	-0.031953896467700756	0.062671268173
330	700.0	nan	nan	1	1	5.0	5.0	5.0	1.07	-2.53606958364e-19	-3.64753562911e-20	-5.68901738089e-20	0.968202116818	-5.56535454106e-17	9.02619484418e-20	-1.04396810749e-19	0.966192512355	468314773.456	388386.354392	-7179403.07713	351467.197472	-8175.73213496	6461843.93837	-6482765.37896	6448444.09183	13.8945868482	500619961.9698504	375678.65271095064	-6930084.519998968	375712.0317465575	-7908.228491177903	6237444.00012829	-6929958.0996014355	6237455.979350652	13.412070640693946	500884732.311	0.06765864847381486	0.0	0.0	0.0	-0.03231441513520208	0.0	0.0	0.0	-0.03439217647269078	0.0673519799458
340	750.0	nan	nan	1	1	5.0	5.0	5.0	1.075	1.59988641869e-18	2.163957422e-18	-9.07913440338e-20	0.966057386732	-7.78506658332e-18	5.14837213253e-20	1.48071947092e-18	0.96384544768	472106574.554	465508.444481	-6982990.65445	418366.269235	-7101.02797419	6497662.39323	-6260841.88457	6482801.36403	2154.48551201	507025407.0357539	449274.4269192047	-6724036.635057095	449310.26039893227	-6853.38861510533	6256706.064251846	-6723918.021920089	6256721.875159225	2074.5895604518855	507277899.214	0.07232066157962608	0.0	0.0	0.0	-0.0345320399792524	0.0	0.0	0.0	-0.03682432120825731	0.0720113905364
350	800.0	nan	nan	1	1	5.0	5.0	5.0	1.08	-2.90294072892e-19	1.41920899708e-17	2.91167575619e-22	0.963931636753	-3.12811385003e-17	-4.94693710976e-19	8.3803322219e-19	0.961509661397	475321670.665	515961.493564	-6772592.90258	460556.700271	-5890.97808899	6523507.9882	-6029431.90595	6507135.78484	3541.58881436	512846892.3181145	496866.6908414085	-6505564.414676033	496916.27175301814	-5672.963632765242	6266300.372302269	-6505437.488436046	6266318.445463832	3401.9517330412878	513087326.814	0.0769610411361284	0.0	0.0	0.0	-0.03673490311759362	0.0	0.0	0.0	-0.039250665748975115	0.0766496468333
360	850.0	nan	nan	1	1	5.0	5.0	5.0	1.085	7.24689625935e-19	2.7067361346e-17	-3.21210775467e-19	0.961824973026	-1.12104856891e-16	2.42357302033e-19	-8.63973606199e-19	0.959184844511	478036219.301	549675.974795	-6559499.37625	487308.571665	-3524.44484184	6536102.61033	-5798755.94413	6518183.97595	4036.1142186	518158284.09612393	528171.1909372945	-6285573.482159369	528208.8743997003	-3386.5592000852544	6263153.7694649035	-6285451.412648461	6263175.309071582	3867.5653503761546	518386728.056	0.08157998699242285	0.0	0.0	0.0	-0.038922785591064935	0.0	0.0	0.0	-0.04167147552814313	0.0812669079982
370	900.0	nan	nan	1	1	5.0	5.0	5.0	1.09	-1.1763170055e-19	2.20171391562e-17	6.74979379843e-21	0.959736878192	-1.30540826773e-16	4.86091032606e-19	-6.72332401883e-20	0.956871257092	480316981.048	559901.36875	-6341072.35757	493122.563675	-7325.07173537	6526665.98788	-5566505.58582	6507225.22071	-4948.60647514	523024759.6915284	536823.5033683325	-6061554.690606017	536968.961209416	-7023.1488809985985	6238967.2601076355	-6061455.999312474	6239012.14599113	-4730.469406414916	523248422.849	0.08617769624105241	0.0	0.0	0.0	-0.0410961173051402	0.0	0.0	0.0	-0.04408642417339803	0.0858633366553
380	950.0	nan	nan	1	1	5.0	5.0	5.0	1.095	-2.66868317944e-19	-3.13707651741e-17	-1.49117503386e-19	0.957667280404	-7.58362494311e-18	-1.26790244292e-19	2.05193731472e-18	0.954568762244	482213751.193	557869.830048	-6120086.89505	487826.895995	115.207556594	6502879.3804	-5335280.48673	6481845.44379	-3866.40988265	527494241.7101216	533717.6163503766	-5836181.904160535	533634.4680176764	110.21980250407653	6201217.011399817	-5836270.176235702	6201222.7825862	-3687.0508177653815	527703009.492	0.09075436326846412	0.0	0.0	0.0	-0.04325486780377659	0.0	0.0	0.0	-0.046495598344044944	0.0904390873088
390	1000.0	nan	nan	1	1	5.0	5.0	5.0	1.1	-1.5553642494e-19	-3.31115766994e-18	8.1010760471e-20	0.955615911019	-2.54186712712e-17	-9.74617284934e-20	3.87199936014e-19	0.952277362434	483780390.36	537969.018774	-5905755.82094	467372.217554	-3524.49433216	6472543.81498	-5112652.49657	6449952.35574	-5169.59708078	531620143.1776572	513571.74247003684	-5618228.899519157	513589.40991474333	-3364.6560160998415	6157422.321083473	-5618229.069230333	6157442.444799393	-4917.910695719419	531821028.671	0.09531017980432493	0.0	0.0	0.0	-0.045399213377133985	0.0	0.0	0.0	-0.04889893952955679	0.0949943290842
400	1050.0	nan	nan	1	1	5.0	5.0	5.0	1.105	-1.47891952591e-18	6.86829370775e-17	3.86326433287e-19	0.953582578764	-1.3855211071e-16	3.74653260482e-19	-2.11112374191e-18	0.949997005903	485054417.368	497458.835958	-5690411.41855	429411.474765	-5358.66566976	6435384.15032	-4892050.62338	6411224.97473	-3128.86282736	535438899.3693624	473884.64281450835	-5400364.589423198	474016.1086922102	-5104.722608829933	6107365.202352822	-5400206.8791686	6107401.934679648	-2969.3810825269265	535629724.45	0.09984533496971612	0.0	0.0	0.0	-0.047529251751520986	0.0	0.0	0.0	-0.051296446073569764	0.0995292235602
410	1100.0	nan	nan	1	1	5.0	5.0	5.0	1.11	-1.45186741115e-18	7.10161422703e-17	2.85450103225e-19	0.951567214615	5.91058664152e-17	-4.23516473627e-22	-5.29289712916e-19	0.947727496086	486072133.099	442216.172372	-5480801.87813	379214.846877	858.021492297	6401081.49226	-4679447.46757	6375290.16315	3445.34415345	538986356.7244928	420366.5607763807	-5188975.906094476	420496.4959232537	815.6272120366095	6060255.118657397	-5188856.077695596	6060291.249548489	3261.8963790304433	539161924.27	0.10436001532424286	0.0	0.0	0.0	-0.04964495405248153	0.0	0.0	0.0	-0.05368826943525928	0.104043942968
420	1150.0	nan	nan	1	1	5.0	5.0	5.0	1.115	-1.81561512244e-18	4.49642146094e-18	-7.17860422798e-20	0.949569206193	1.03620425644e-16	-2.37645681264e-19	-1.00479283368e-19	0.945469031447	486842630.511	371471.16073	-5279333.5081	316445.475247	-23817.0431037	6359504.05064	-4476601.08205	6332103.96068	-22845.8350285	542268865.1870571	352373.2460874092	-4986290.864852768	352472.27338258433	-22592.57158526574	6006503.833116004	-4986254.770068984	6006560.570685934	-21577.719673849628	542459833.956	0.10885440491208208	0.0	0.0	0.0	-0.05174686440014177	0.0	0.0	0.0	-0.05607414504563149	0.108538697302
430	1200.0	nan	nan	1	1	5.0	5.0	5.0	1.12	-8.91502176985e-20	1.01971226026e-16	-2.17899225681e-19	0.947588122182	5.75584828043e-17	-1.08631975485e-19	9.71229153145e-19	0.943222092152	487428766.197	294214.196845	-5078069.83796	249061.33911	-6403.99982925	6319569.92982	-4276424.01786	6290518.33337	-5738.28407723	545352845.4550563	278504.12895195704	-4784769.691192025	278658.789542162	-6062.047356583767	5954562.978936612	-4784617.0933	5954625.398360698	-5406.851147838851	545519261.756	0.11332868530700327	0.0	0.0	0.0	-0.05383534140882208	0.0	0.0	0.0	-0.05845350748026853	0.113013530207
440	1250.0	nan	nan	1	1	5.0	5.0	5.0	1.125	-5.648650967e-20	-9.96518380577e-18	-6.54862347346e-20	0.94562381654	1.2716518872e-17	6.1605765045e-19	-9.64347010449e-19	0.940986279792	487819712.257	207923.991463	-4870211.01359	174903.177352	-5239.30900032	6281305.5257	-4073510.89669	6250582.68461	-4683.58956953	548223505.9695545	196412.34916383965	-4578011.235339189	196560.3904145066	-4949.236408494039	5904443.809315724	-4577909.357242317	5904521.263221024	-4402.586584276259	548380996.327	0.11778303565638346	0.0	0.0	0.0	-0.05591044595120503	0.0	0.0	0.0	-0.060826719957888326	0.11746870988
450	1300.0	nan	nan	1	1	5.0	5.0	5.0	1.13	2.17046898778e-18	-5.51422683827e-17	-2.01646781006e-19	0.943676119671	1.88138312798e-16	-1.96670462441e-19	1.24979711367e-18	0.93876153395	488035697.263	121707.838127	-4661543.46292	101746.425152	-7059.11908298	6247602.75172	-3872569.33684	6215158.04412	-6844.93188718	550900718.1454773	114732.06724462862	-4371478.323661864	114852.62041142338	-6654.520676565156	5858844.869996421	-4371404.060600163	5858931.861971715	-6419.005123467353	551052766.308	0.12221763272424911	0.0	0.0	0.0	-0.05797226527555628	0.0	0.0	0.0	-0.06319378948126811	0.121904387981
460	1350.0	nan	nan	1	1	5.0	5.0	5.0	1.135	-2.6327901583e-18	9.26783216821e-17	-1.15090601708e-19	0.941744700981	5.59790575253e-17	1.19696343359e-19	-4.13034440905e-19	0.93654800265	488101860.911	30620.8613763	-4459655.56433	25356.7045407	8489.39262764	6214872.80268	-3679859.08198	6180557.74154	8171.78459512	553410297.8786314	28806.566682961755	-4172268.712378786	28749.45280253339	7986.393714425237	5814377.135632278	-4172227.3029425447	5814357.948054646	7645.182615272302	553541284.132	0.126632650933366	0.0	0.0	0.0	-0.06002105920468535	0.0	0.0	0.0	-0.06555450091027916	0.12632069226
470	1400.0	nan	nan	1	1	5.0	5.0	5.0	1.14	1.46028480107e-18	-2.55737246226e-17	7.59179748756e-19	0.939829132649	-9.62052212906e-17	4.83867571119e-20	4.33151473402e-19	0.93434570893	488028564.564	-64530.9731391	-4261099.90949	-53207.8634354	6242.42222614	6173550.93358	-3492345.7214	6137546.70192	6596.09439541	555761865.6413771	-60583.69642806841	-3977113.294640857	-60592.56280637578	5860.581279458664	5762106.501751131	-3977047.0716687194	5762120.856301167	6156.488998126067	555888155.192	0.131028262406404	0.0	0.0	0.0	-0.06205719401860197	0.0	0.0	0.0	-0.06790877119679474	0.13071782823
480	1450.0	nan	nan	1	1	5.0	5.0	5.0	1.145	-5.78735261212e-19	3.52763811543e-17	1.9206472079e-19	0.937928904267	2.59129745529e-17	1.79994501292e-20	2.32743478082e-18	0.932154966465	487829166.87	-163500.623382	-4065417.02939	-134062.734827	11108.4387843	6120958.26743	-3309724.37473	6083238.06745	10674.6599591	557968556.0541093	-153188.3746811717	-3785556.1783694318	-153338.08565001196	10407.811587583063	5699595.2000249885	-3785591.8746189163	5699558.405805378	9939.822819659696	558084289.348	0.13540463700620298	0.0	0.0	0.0	-0.06408112787302038	0.0	0.0	0.0	-0.07025620508725812	0.135095919783
490	1500.0	nan	nan	1	1	5.0	5.0	5.0	1.15	6.7852633031e-19	3.80215090572e-17	-8.98199031224e-19	0.936043488499	1.46968064638e-16	1.0037340425e-19	-6.43850919032e-19	0.92997597613	487514749.752	-270143.049516	-3863612.91083	-219729.372604	-228.783170529	6067006.16061	-3124307.72394	6027796.40916	827.765586073	560041233.7308794	-252594.6966465444	-3589217.212663008	-252418.02218836625	-213.92153402023303	5636124.385016598	-3589104.028463491	5636233.869969377	768.9772651021158	560160699.863	0.13976194237515863	0.0	0.0	0.0	-0.06609334151229268	0.0	0.0	0.0	-0.0725965252867701	0.139455136626
500	1550.0	nan	nan	1	1	5.0	5.0	5.0	1.155	1.29183112368e-18	-8.39439296882e-17	-1.1098778587e-19	0.934172462487	2.84704714231e-17	-3.29495816482e-19	5.49364393765e-18	0.927808949733	487096719.248	-385907.835436	-3657228.42798	-312009.325905	-3797.54871446	6015952.26648	-2937694.25521	5975064.95561	-3112.38032759	561991291.6529609	-360116.52844691585	-3389557.7813831004	-359982.9708231827	-3543.747843612044	5575647.848865538	-3389385.5649772566	5575734.544565743	-2884.5868300966667	562108480.662	0.14410034397375687	0.0	0.0	0.0	-0.06809420845520286	0.0	0.0	0.0	-0.07492944052326148	0.143795607238
510	1600.0	nan	nan	1	1	5.0	5.0	5.0	1.16	-2.18322742155e-19	6.05646556737e-17	2.72532850779e-19	0.932315910488	1.68074458088e-16	2.38810351567e-19	8.60691353529e-19	0.925653570617	486593682.802	-508139.356712	-3458982.44329	-408279.694779	949.671175735	5966492.6894	-2760042.32834	5923948.62003	1670.11461594	563838711.4878194	-473234.4620972241	-3198359.4649462877	-473092.6544406121	884.4367634239703	5516937.041034703	-3198189.3005715576	5517023.23715183	1544.2769591961785	563946267.75	0.14842000511827322	0.0	0.0	0.0	-0.07008356197935166	0.0	0.0	0.0	-0.07725522813852181	0.148117485302
520	1650.0	nan	nan	1	1	5.0	5.0	5.0	1.165	-5.53536031031e-19	-1.18238599657e-16	-2.64115460866e-19	0.930473924763	-1.21962368251e-16	-5.38607075335e-19	-6.33474765428e-19	0.923509425339	486001211.196	-629030.238251	-3264712.76069	-502470.961584	2196.51293283	5916066.90805	-2587937.37525	5871748.28527	2003.25489526	565577094.1685563	-584661.188998895	-3011721.7424037717	-584743.5352216635	2041.5804914722532	5457615.613547539	-3011675.8289184747	5457580.773085713	1848.017502880159	565679098.375	0.15272108701766393	0.0	0.0	0.0	-0.07206122611569116	0.0	0.0	0.0	-0.07957427328880627	0.152420958456
530	1700.0	nan	nan	1	1	5.0	5.0	5.0	1.17	8.54020969069e-19	-6.00345189278e-18	7.38506850887e-20	0.928646676384	7.70459315938e-17	4.58456582701e-20	2.07957176463e-18	0.921376160419	485344411.825	-742384.223604	-3075532.50192	-589061.829452	9626.42029113	5868982.32205	-2421881.73421	5823162.63097	10506.8642684	567234390.6817217	-688661.653826837	-2830635.509607228	-688451.5815205151	8929.805223956839	5401649.878738282	-2830514.942249177	5401769.973610775	9670.228838157167	567324684.541	0.1570037488096647	0.0	0.0	0.0	-0.07402693933112406	0.0	0.0	0.0	-0.08188690003079728	0.156706165197
540	1750.0	nan	nan	1	1	5.0	5.0	5.0	1.175	2.79542048418e-18	-7.38189213532e-17	5.34530729277e-19	0.926833744354	-5.94099512432e-17	-7.21777950179e-19	-1.5680697436e-19	0.919253736788	484595880.699	-841430.996275	-2899192.99756	-663733.314442	-6531.04402662	5822529.49856	-2268170.44784	5774974.99991	-7393.9085079	568777590.1574732	-779013.9517884167	-2662180.041271062	-779033.9334932205	-6046.5735621877	5346529.821858693	-2662186.3139405223	5346589.460187761	-6789.446467786699	568879677.384	0.16126814759612232	0.0	0.0	0.0	-0.07598107755500476	0.0	0.0	0.0	-0.08419309376903938	0.160973326333
550	1800.0	nan	nan	1	1	5.0	5.0	5.0	1.18	-8.2871585977e-19	-4.44422305557e-17	-5.66347404358e-19	0.925034723512	-5.55872253778e-17	6.60897457095e-19	2.19699170694e-18	0.917142593038	483801318.434	-926293.19027	-2734730.9588	-725951.878275	3019.31491481	5767778.10363	-2125419.8313	5718695.43498	2285.74071688	570259001.3142804	-855912.957266666	-2505385.5279655103	-855683.0610700429	2789.905814703018	5284069.258385784	-2505242.8428552337	5284186.014618529	2094.0493960932645	570348434.248	0.16551443847757333	0.0	0.0	0.0	-0.07792400324238852	0.0	0.0	0.0	-0.08649231931828241	0.165222474206
560	1850.0	nan	nan	1	1	5.0	5.0	5.0	1.185	2.4642306018e-18	1.45117919688e-17	3.1763735522e-21	0.923248958264	-2.47675874849e-17	2.58027411557e-19	-4.2330471539e-19	0.915042926296	482941361.232	-1000032.74873	-2575218.58956	-779025.375778	5088.58953827	5709511.51612	-1988490.96078	5658868.52806	5707.0568193	571655133.0889475	-922262.1893982777	-2353839.909487357	-922128.213938806	4692.860043307435	5218693.327550554	-2353766.225222499	5218789.569475088	5216.449648756047	571738405.907	0.16974277458709455	0.0	0.0	0.0	-0.07985635358587094	0.0	0.0	0.0	-0.08878430082234257	0.169453816551
570	1900.0	nan	nan	1	1	5.0	5.0	5.0	1.19	-3.01543729223e-18	-1.08338690327e-17	8.98278440563e-19	0.921476220191	-1.12105075267e-16	4.17481363878e-19	-1.30104260698e-18	0.912954749819	482026361.72	-1073152.74021	-2419528.19854	-830850.019984	291.922381969	5648000.40329	-1856149.18438	5595897.05395	1158.7643204	572977285.3850805	-987791.5916044515	-2206477.963307168	-987618.5761166012	268.70217398225566	5150668.809782567	-2206375.844550943	5150785.950837036	1056.729960482384	573061368.22	0.17395330712343798	0.0	0.0	0.0	-0.08177830774944929	0.0	0.0	0.0	-0.09106896169755588	0.173667484366
580	1950.0	nan	nan	1	1	5.0	5.0	5.0	1.195	-1.24619722365e-19	-8.50971650459e-18	-4.7116207691e-20	0.919716415698	-1.92171129304e-16	2.07734830314e-19	-1.86103726424e-18	0.910877957462	481067757.484	-1145154.42269	-2274463.30611	-881187.537752	-832.505045244	5584394.19389	-1733581.94546	5530876.49806	-1209.73296878	574238252.6814978	-1052048.9731625163	-2069460.2615156588	-1051850.9795997904	-764.8191900140671	5081058.831702783	-2069332.3378136628	5081195.011939356	-1100.6967222598582	574320696.69	0.17814618538347404	0.0	0.0	0.0	-0.0836899002624597	0.0	0.0	0.0	-0.09334635616067825	0.177863607546
590	2000.0	nan	nan	1	1	5.0	5.0	5.0	1.2	2.00905627177e-18	-5.08555405158e-17	8.39092013374e-20	0.917969155676	4.2743744208e-17	4.07634605866e-20	-3.12798679509e-18	0.908812634783	480058506.132	-1215093.85192	-2137946.16208	-929383.861451	-8944.45738197	5515463.65326	-1619094.03294	5460561.41136	-9800.59353437	575428972.0854775	-1114177.08246883	-1940829.7007771821	-1114019.2148173922	-8201.596456407686	5006943.515074105	-1940750.1443755596	5007047.292962129	-8896.988780224667	575515920.422	0.1823215567939546	0.0	0.0	0.0	-0.08559148840760351	0.0	0.0	0.0	-0.09561632840172492	0.182042342592
600	2050.0	nan	nan	1	1	5.0	5.0	5.0	1.205	-5.6751207466e-20	8.92532380807e-17	3.25207712186e-19	0.916234212311	-1.16954709467e-16	-3.73223892384e-19	6.66911391021e-18	0.906758906126	479025292.798	-1288395.78166	-2008977.48201	-979587.682782	8623.64898809	5446630.17831	-1511677.02314	5390407.0452	7992.60641284	576580712.8686838	-1179153.69822857	-1819623.4188621573	-1179084.6390526658	7892.456449546191	4933263.769795161	-1819536.105365562	4933358.594294328	7239.271687605308	576648688.633	0.18647956694261839	0.0	0.0	0.0	-0.08748325669534789	0.0	0.0	0.0	-0.09787867883703331	0.186203774565
610	2100.0	nan	nan	1	1	5.0	5.0	5.0	1.21	-1.43730903237e-18	-8.89755171531e-17	-1.52942386539e-19	0.914511312748	-8.79082556396e-17	8.29986409191e-19	1.59242194084e-18	0.90471664425	477943281.238	-1358105.03192	-1882779.00808	-1026228.34317	7704.59697553	5380850.23824	-1407687.19455	5323337.68055	8556.14596773	577663195.650861	-1240610.3722750717	-1701472.3464506727	-1240344.5501891444	7038.043963748504	4862688.526623333	-1701392.4354668704	4862796.165534034	7732.211637059779	577728721.106	0.1906203596086497	0.0	0.0	0.0	-0.0893654408089218	0.0	0.0	0.0	-0.10013348458457945	0.190348100487
620	2150.0	nan	nan	1	1	5.0	5.0	5.0	1.215	1.34667650702e-18	-1.80970706763e-17	1.0302038221e-19	0.912800324473	4.93612685177e-17	-4.49033341163e-19	3.82382436126e-18	0.902685795317	476828683.549	-1419043.06843	-1760496.29391	-1065927.73869	6329.20373309	5314675.86027	-1307908.04132	5255879.73653	7090.66100278	578695330.6922178	-1293846.30609507	-1587387.8484567322	-1293645.7610814618	5770.802206618123	4792087.270085565	-1587321.1964793843	4792173.496124387	6393.440958822288	578759639.55	0.19474407679251185	0.0	0.0	0.0	-0.09123812496435191	0.0	0.0	0.0	-0.1023807425756259	0.194475440285
630	2200.0	nan	nan	1	1	5.0	5.0	5.0	1.22	1.26684365174e-18	-7.56082784543e-17	-4.29022187784e-19	0.911101110827	1.37591317268e-16	-6.37392292809e-20	4.47868670861e-20	0.900666294162	475686357.748	-1476422.956	-1642734.86344	-1102431.28426	10212.2485083	5247453.26314	-1212696.02304	5187452.93681	9779.55588788	579682527.0498387	-1343652.7587008835	-1477886.4501701875	-1343448.560904883	9293.892258281396	4720871.424896982	-1477819.7518784574	4720961.172304986	8798.177634773148	579741471.07	0.19885085874516517	0.0	0.0	0.0	-0.09310139904783299	0.0	0.0	0.0	-0.10462046271790047	0.198585919054
640	2250.0	nan	nan	1	1	5.0	5.0	5.0	1.225	-4.04468820226e-18	1.67476624881e-16	-9.68793933422e-20	0.909413555777	1.16808860981e-16	-2.02334995275e-19	-3.50565761045e-19	0.898657970824	474512287.21	-1527915.94253	-1528089.54007	-1134299.62355	5607.46105154	5181437.14974	-1121025.88428	5120192.77142	4698.75697741	580619487.9663783	-1387934.409894562	-1371675.2128732153	-1387943.9676861055	5093.727952527089	4651068.356264794	-1371702.0453880318	4651101.238579875	4217.795036364897	580680553.197	0.20294084399669038	0.0	0.0	0.0	-0.09495533141576212	0.0	0.0	0.0	-0.10685277204765489	0.202679695283
650	2300.0	nan	nan	1	1	5.0	5.0	5.0	1.23	-2.59859120306e-18	1.50917130762e-16	-4.66821033056e-19	0.907737621893	-1.48790575138e-16	7.22624983126e-19	1.56065820532e-19	0.896660740667	473320820.243	-1573557.30829	-1415826.92458	-1161143.95835	11493.3804113	5121766.83175	-1032154.40527	5059378.29809	11114.9671096	581523296.706883	-1426754.6539809168	-1268074.3561901508	-1426584.7470312233	10421.12283130908	4587270.566036244	-1268107.8177693354	4587371.235239193	9955.033709901963	581576784.587	0.20701416938432612	0.0	0.0	0.0	-0.09679990481150841	0.0	0.0	0.0	-0.10907770399776186	0.20675686658
660	2350.0	nan	nan	1	1	5.0	5.0	5.0	1.235	-3.12025761945e-19	-1.9976425028e-16	-4.14463809003e-19	0.906073057022	-2.14549660361e-16	3.68459332056e-20	3.53403321418e-18	0.89467450697	472097288.418	-1611245.08253	-1309223.0638	-1181955.92209	2664.60488353	5068837.33291	-948414.909441	5005187.71247	2536.26759502	582375675.1225959	-1458241.9399729318	-1169993.5657350414	-1458051.962973464	2411.575145673742	4529791.163355358	-1169957.5209019117	4529897.232207712	2266.5478856924724	582435186.202	0.2110709700799406	0.0	0.0	0.0	-0.09863533930051194	0.0	0.0	0.0	-0.11129530621778742	0.210817608861
670	2400.0	nan	nan	1	1	5.0	5.0	5.0	1.24	1.7435114428e-18	-7.95088651764e-18	7.80329102658e-20	0.904419654391	1.75246616924e-17	1.40311007713e-18	5.78142338148e-18	0.892699331027	470855123.505	-1643832.8695	-1205999.84837	-1198682.20003	1339.85614135	5022787.85017	-868144.786145	4957878.4243	1551.90324444	583192727.3220233	-1485014.7444677735	-1075364.2052747386	-1484666.3156686143	1210.4065822554057	4478712.225430193	-1075268.5916922402	4478875.375939885	1383.7988465555245	583251666.293	0.2151113796169455	0.0	0.0	0.0	-0.10046180684740866	0.0	0.0	0.0	-0.11350545017875306	0.214862019534
680	2450.0	nan	nan	1	1	5.0	5.0	5.0	1.245	3.62805387133e-18	1.85554849074e-16	7.00549186939e-19	0.902777358229	-4.68147698409e-17	-1.93970544921e-19	-5.27066251429e-19	0.890735063277	469600648.468	-1670882.77415	-1110156.60067	-1211441.17991	10219.9529411	4980778.57435	-794202.108098	4914464.82937	9884.33660379	583982026.9589847	-1506704.4879226908	-987720.8822341065	-1506513.8391384354	9215.756605395063	4431463.997692429	-987647.1815259291	4431577.324697026	8794.223864184745	584031798.523	0.219135529916671	0.0	0.0	0.0	-0.10227931385148008	0.0	0.0	0.0	-0.11570824334068909	0.218890226385
690	2500.0	nan	nan	1	1	5.0	5.0	5.0	1.25	9.58841296292e-19	-1.09326118986e-16	1.72969421785e-18	0.901145760597	8.22998916772e-17	-9.0844283593e-20	-2.89960553669e-18	0.888781791343	468318855.79	-1690850.27952	-1024457.53048	-1218678.58043	-3589.5285716	4944261.47322	-728344.088097	4876620.62025	-4035.64745883	584724715.8976109	-1521948.6231508213	-909471.0980397284	-1521594.6953713316	-3230.9649964143105	4389311.198618501	-909382.111616691	4389487.42447223	-3582.6811912482963	584785607.31	0.22314355131420976	0.0	0.0	0.0	-0.10408825799094143	0.0	0.0	0.0	-0.11790352765437713	0.222902384599
700	2550.0	nan	nan	1	1	5.0	5.0	5.0	1.255	-3.02253119316e-18	-2.07975387671e-16	-7.70058828173e-19	0.899524568694	2.08883645219e-16	6.85779049921e-19	-3.12237520182e-18	0.886839725712	467031113.166	-1703659.93137	-948695.715284	-1220806.49843	-1793.59899779	4911871.50458	-670301.132697	4842801.67509	-2123.98261137	585447081.2013276	-1530713.9654721725	-840369.309713538	-1530342.5854701463	-1611.5229241580569	4351011.603831063	-840256.3139812055	4351187.710396619	-1881.4565852932592	585505142.571	0.22713557258374711	0.0	0.0	0.0	-0.10588891224138317	0.0	0.0	0.0	-0.12009100554508217	0.22689855957
