inc	time	elem	node	ip	grain	1_pos	2_pos	3_pos	1_f	2_f	3_f	4_f	5_f	6_f	7_f	8_f	9_f	1_p	2_p	3_p	4_p	5_p	6_p	7_p	8_p	9_p	1_Cauchy	2_Cauchy	3_Cauchy	4_Cauchy	5_Cauchy	6_Cauchy	7_Cauchy	8_Cauchy	9_Cauchy	Mises(Cauchy)	1_ln(V)	2_ln(V)	3_ln(V)	4_ln(V)	5_ln(V)	6_ln(V)	7_ln(V)	8_ln(V)	9_ln(V)	Mises(ln(V))
0	0.0	nan	nan	1	1	5.0	5.0	5.0	1.0	0.0	0.0	0.0	1.0	0.0	0.0	0.0	1.0	1.27371259495e-05	-3.15502570016e-07	-6.92420200697e-07	-3.15502570016e-07	1.71935763272e-05	-7.70809767733e-08	-6.92420200697e-07	-7.70809767733e-08	1.80852405399e-05	1.27371259495e-05	-3.15502570016e-07	-6.92420200697e-07	-3.15502570016e-07	1.71935763272e-05	-7.70809767733e-08	-6.92420200697e-07	-7.70809767733e-08	1.80852405399e-05	5.13648319413e-06	0.0	0.0	0.0	0.0	0.0	0.0	0.0	0.0	0.0	0.0
10	2.5	nan	nan	1	1	5.0	5.0	5.0	1.00025	-4.66033557112e-21	5.26856018306e-20	-7.66925674807e-22	0.999931215048	2.08065030475e-19	7.15524154555e-22	-1.8357722732e-21	0.999926716509	55369860.614	-2358495.12492	131238.335839	-2357743.4604	1.34629590504	332383.609922	131195.919035	332382.114898	1.58932694888	55377727.76241196	-2358078.4567292337	131214.56004260038	-2358078.4570482597	1.346058059019928	332323.39363698266	131214.55982178627	332323.3939564156	1.5890390184234953	55531586.8665	0.0002499687552074404	0.0	0.0	0.0	-6.878731779309947e-05	0.0	0.0	0.0	-7.328617636599863e-05	0.000214019430369
20	5.0	nan	nan	1	1	5.0	5.0	5.0	1.0005	1.1182447906e-22	5.0342082833e-20	-1.83215335802e-21	0.999862404894	-2.0441390695e-19	-9.2524933652e-21	-1.01606213555e-21	0.999853405533	110783756.012	-4718735.09986	262614.394447	-4715727.95958	-113.686247774	664761.375716	262444.672847	664755.393571	-120.202909073	110815246.31431293	-4717068.407533304	262519.2742379305	-4717068.406089654	-113.64609294589343	664520.5959172667	262519.2727918464	664520.5970227411	-120.15937099556193	111123032.896	0.0004998750416509929	0.0	0.0	0.0	-0.0001376045730749999	0.0	0.0	0.0	-0.00014660521301892253	0.000428018169497
30	7.5	nan	nan	1	1	5.0	5.0	5.0	1.00075	6.37053148758e-21	-3.03785440381e-20	-4.51387290391e-21	0.999791326025	-2.61871785153e-19	-2.35371658363e-21	1.97843507947e-21	0.999775976978	162910456.622	-6905413.01828	442184.444749	-6898798.05089	-1614.64134523	991305.161196	441754.011682	991289.89741	-3939.540964	162980970.37945372	-6901783.99840859	441945.27743555664	-6901784.109505078	-1613.7927985157735	990768.9872192325	441945.21939131373	990768.9422221631	-3937.410157636844	163432359.536	0.0007497188905459742	0.0	0.0	0.0	-0.00020869575044352585	0.0	0.0	0.0	-0.00022404811890564986	0.000644121539252
40	10.0	nan	nan	1	1	5.0	5.0	5.0	1.001	-9.18377275087e-21	-2.21072393908e-19	-5.18083897157e-21	0.999699317371	3.18949470467e-19	8.27800998012e-21	-2.84477752415e-21	0.999659332965	183880363.013	-7919401.48062	1117855.07372	-7909111.17051	4196.60721353	1572430.00765	1116357.8297	1572367.1147	4286.72097848	183998351.44643623	-7914186.092940092	1117074.2201979326	-7914186.120448049	4193.843502962679	1571331.620624219	1117074.15040615	1571331.6192653556	4283.726582110686	184534244.336	0.0009995003330834232	0.0	0.0	0.0	-0.00030072784308504935	0.0	0.0	0.0	-0.0003407250751961273	0.000880454079019
50	12.5	nan	nan	1	1	5.0	5.0	5.0	1.00125	-7.57883556736e-21	1.07537095962e-18	2.38724324783e-21	0.999596261806	1.31268186538e-19	-6.80162183369e-21	-1.79239698983e-21	0.999528502677	191907253.711	-8424747.29331	2135958.02999	-8410832.2561	1532.58145898	1981537.3777	2132285.61266	1981402.74739	545.860798411	192075328.2965212	-8418198.664561788	2134153.0548204225	-8418198.559968125	1531.3901701909322	1979862.8945340759	2134153.0929851597	1979862.5859416386	545.399522874054	192692901.901	0.0012492194004318981	0.0	0.0	0.0	-0.0004038197182087572	0.0	0.0	0.0	-0.0004716085128146413	0.00112530315475
60	15.0	nan	nan	1	1	5.0	5.0	5.0	1.0015	-6.08660174232e-21	-1.02661401334e-18	-8.70607594712e-22	0.999488999849	-1.11648496384e-18	-6.37890669128e-21	2.33306291771e-21	0.999397052207	197439375.23	-8851844.56267	2900723.58023	-8834070.22599	-4413.1124582	2236317.87423	2894632.58353	2236112.13557	-3595.19724599	197659496.71982455	-8843919.10415135	2897859.8185172705	-8843919.166694427	-4409.161198157197	2234110.0521716145	2897859.755597573	2234110.042803002	-3591.6478597978967	198357428.22	0.0014988761237359487	0.0	0.0	0.0	-0.0005111307560718933	0.0	0.0	0.0	-0.0006031296391199906	0.00137169964954
70	17.5	nan	nan	1	1	5.0	5.0	5.0	1.00175	1.09415315525e-20	1.38397366725e-18	9.88853063277e-21	0.999379128597	-6.79958386745e-19	-2.04484217302e-21	5.81983599477e-21	0.999266143098	201862815.578	-9240490.6254	3423538.68278	-9218620.93583	-4206.905369	2406129.37045	3415050.2204	2405857.23692	-2954.73662805	202136563.60255083	-9231122.339213187	3419681.1385827013	-9231122.392638877	-4202.6402823227545	2403418.2135883537	3419681.401476612	2403418.10678787	-2951.407316425332	202900688.098	0.001748470534116803	0.0	0.0	0.0	-0.0006210642234648491	0.0	0.0	0.0	-0.0007341263067874192	0.0016186939232
80	20.0	nan	nan	1	1	5.0	5.0	5.0	1.002	2.5696365729e-21	-1.35238808575e-18	4.8431424865e-22	0.999267579487	1.46434646467e-18	-2.53445037759e-20	-3.62499495742e-20	0.999135775781	205653289.863	-9580816.04737	3791632.41594	-9554689.57171	-3418.85387052	2535779.0708	3780794.11665	2535444.552	-3100.33678268	205982039.61985168	-9569963.25606674	3786837.845082412	-9569963.345718602	-3414.9811202897818	2532572.5436105425	3786837.954545241	2532572.4949176186	-3096.416364570783	206801732.766	0.001998002662673058	0.0	0.0	0.0	-0.0007326888639422427	0.0	0.0	0.0	-0.0008645978760479654	0.00186598547364
90	22.5	nan	nan	1	1	5.0	5.0	5.0	1.00225	-4.34915022468e-20	1.64277640553e-18	-2.23793714726e-21	0.999155071684	-3.5552756259e-18	-9.87105644232e-21	-6.72824574348e-20	0.999005699256	209054021.169	-9868658.21322	4058688.44393	-9838184.13198	-2119.73075484	2643898.58376	4045550.35879	2643503.52235	-1716.24245718	209439051.60657445	-9856303.710276848	4053001.391554705	-9856303.852041313	-2117.0770790024694	2640193.941255769	4053001.351677695	2640194.139114561	-1713.837650583602	210302523.027	0.00224747254047937	0.0	0.0	0.0	-0.0008452854691229785	0.0	0.0	0.0	-0.0009947953888959989	0.00211343883269
100	25.0	nan	nan	1	1	5.0	5.0	5.0	1.0025	1.22017412158e-20	1.74440521146e-18	-5.38163706527e-21	0.999041982446	6.37294271906e-19	1.11620785834e-20	3.2452363382e-21	0.998875789805	212193533.201	-10115644.2071	4261787.17813	-10080751.8076	-830.951101396	2734922.7993	4246380.3655	2734467.95273	-908.359632874	212636060.89561152	-10101774.679778362	4255235.870590611	-10101775.124333892	-829.8117870065432	2730718.6193149826	4255236.153351972	2730718.732492112	-906.9632836283452	213535226.222	0.002496880198587146	0.0	0.0	0.0	-0.0009584767461162073	0.0	0.0	0.0	-0.0011248425932911912	0.00236098120806
110	27.5	nan	nan	1	1	5.0	5.0	5.0	1.00275	-2.05008443015e-20	1.2808225905e-18	4.91055770642e-21	0.998928529769	-1.58770370262e-18	-2.9346506977e-20	1.2289835951e-21	0.998745981725	215151104.466	-10331878.1222	4424373.08915	-10292503.8725	-216.686655192	2813687.14247	4406706.74635	2813173.17947	-332.289646601	215652311.67832714	-10316480.432907289	4416972.08481557	-10316480.868512204	-216.3637251544004	2808980.461926214	4416972.4301323965	2808980.6826139838	-331.73379901192334	216581456.033	0.0027462256680252286	0.0	0.0	0.0	-0.0010720446655909544	0.0	0.0	0.0	-0.0012548052138765702	0.00260856869552
120	30.0	nan	nan	1	1	5.0	5.0	5.0	1.003	2.17862829734e-20	8.3476544518e-19	1.27162475568e-20	0.998814843819	4.28734453008e-18	-2.74237256431e-20	-1.88700577239e-20	0.998616225888	217968897.068	-10526501.7764	4561081.86904	-10482578.9325	-155.981282483	2883379.79879	4541147.16784	2882806.98649	-207.173138645	218529926.83040747	-10509559.582700398	4552835.3713702895	-10509560.024054926	-155.73023373408017	2878166.6091401903	4552835.618581831	2878167.1664053085	-206.79856681004594	219485300.539	0.002995508979798371	0.0	0.0	0.0	-0.0011858590339683794	0.0	0.0	0.0	-0.0013847324115452433	0.00285617863328
130	32.5	nan	nan	1	1	5.0	5.0	5.0	1.00325	-1.7461782731e-21	-7.93683933648e-20	1.59157821661e-20	0.998701027407	1.56028390609e-18	-8.44323930748e-21	-3.60774824165e-21	0.998486481156	220677263.009	-10703707.787	4678741.27657	-10655175.1758	-116.297056547	2947439.26646	4656526.34859	2946806.52715	-151.147931716	221299230.1201264	-10685205.688519428	4669650.374388989	-10685206.21947108	-116.0960290492301	2941712.324004336	4669650.520067504	2941712.76845876	-150.85424779956438	222277545.268	0.0032447301648890294	0.0	0.0	0.0	-0.0012998169892091836	0.0	0.0	0.0	-0.0015146653706511449	0.00310379389803
140	35.0	nan	nan	1	1	5.0	5.0	5.0	1.0035	2.29129029677e-20	-1.79311250106e-19	1.40579345103e-20	0.998587129008	1.64894195132e-18	-2.98800384721e-20	5.66974407262e-20	0.998356736414	223295171.932	-10868204.6971	4783375.97837	-10814997.2879	-93.9009636451	3007146.71636	4758859.69267	3006453.31164	-131.889405828	223979162.37811697	-10848124.980575591	4773436.804823176	-10848125.432837935	-93.72747549466816	3000898.2940679174	4773436.87558011	3000898.6931980313	-131.61535843982904	224978075.346	0.003493889254255838	0.0	0.0	0.0	-0.0014138700353440727	0.0	0.0	0.0	-0.0016446152245417256	0.00335140344949
150	37.5	nan	nan	1	1	5.0	5.0	5.0	1.00375	1.60257971876e-20	1.6945268409e-18	6.2137807615e-21	0.998473174907	9.47386499169e-19	-4.95799651455e-20	-3.19403385828e-20	0.998226993354	225836923.657	-11022365.2346	4878527.0251	-10964419.8572	-80.1211710108	3063617.58094	4851683.63879	3062862.70846	-112.620555955	226583999.35062462	-11000690.084525846	4867733.073740249	-11000690.505229417	-79.96361513519211	3056839.1949674697	4867733.161875079	3056839.680965501	-112.37137811979883	227601659.005	0.003742986278834297	0.0	0.0	0.0	-0.001527991878235031	0.0	0.0	0.0	-0.0017745802826041207	0.00359899854384
160	40.0	nan	nan	1	1	5.0	5.0	5.0	1.004	7.29076991904e-20	-5.8556909656e-18	-1.1795595535e-21	0.998359193973	6.92512051953e-18	7.5318930676e-21	-2.18297099556e-20	0.998097243924	228313105.623	-11167967.0461	4966460.30789	-11105222.1083	-67.3197725254	3116764.71921	4937261.32191	3115947.44282	-94.4330002469	229124306.49399376	-11144678.758709257	4954803.484856809	-11144679.176794821	-67.17939225713627	3109449.3330968344	4954803.5066817785	3109449.8341466133	-94.21135571455117	230159189.858	0.003992021269537457	0.0	0.0	0.0	-0.0016421536235069548	0.0	0.0	0.0	-0.0019045686159213178	0.00384657309623
170	42.5	nan	nan	1	1	5.0	5.0	5.0	1.00425	7.73844006656e-20	-3.77162161319e-18	5.70092878172e-21	0.998245204936	2.83180650496e-18	-1.06286504858e-20	-2.41123148559e-21	0.997967483873	230731227.761	-11306654.5409	5048242.06899	-11239048.0646	-65.2534680193	3166648.52069	5016660.65168	3165767.95998	-75.4195589406	231607571.6460397	-11281734.92944428	5035714.485099911	-11281735.268844765	-65.1096508483236	3158790.2495430885	5035714.508967029	3158790.6788367317	-75.23239975950894	232658422.417	0.004240994257254614	0.0	0.0	0.0	-0.0017563365204154545	0.0	0.0	0.0	-0.0020345844910334854	0.00409412280704
180	45.0	nan	nan	1	1	5.0	5.0	5.0	1.0045	5.86735752096e-20	-2.58062008386e-18	1.03645730753e-21	0.998131225656	3.70934876834e-18	-1.5780538136e-20	5.34685412051e-20	0.997837707068	233097440.875	-11439532.6236	5124605.16352	-11367003.4749	-59.7853264952	3214217.25533	5090616.59057	3213272.49985	-61.9229053744	234039925.8440255	-11412963.509902563	5111199.42700733	-11412963.781790279	-59.64647089773018	3205809.0076222224	5111199.52619415	3205809.4499861244	-61.760917840324595	235105693.762	0.004489905272852001	0.0	0.0	0.0	-0.001870522681278968	0.0	0.0	0.0	-0.0021646340627772655	0.00434164431303
190	47.5	nan	nan	1	1	5.0	5.0	5.0	1.00475	-2.85129157147e-20	-1.99924384175e-18	-9.1990755922e-21	0.998017265815	-2.70118186494e-18	-2.15122793955e-20	-6.22598167553e-20	0.997707912911	235416444.511	-11567711.8259	5196826.94229	-11490197.9827	-51.7160863844	3260119.33708	5160403.53762	3259109.28671	-53.1889210799	236426049.15396374	-11539474.43772513	5182534.301325516	-11539474.73248697	-51.58984471897822	3251153.1514240806	5182534.393355119	3251153.6308795097	-53.042637557142044	237505928.051	0.00473875434717347	0.0	0.0	0.0	-0.0019847024044916052	0.0	0.0	0.0	-0.002294717941475666	0.00458913481945
200	50.0	nan	nan	1	1	5.0	5.0	5.0	1.005	2.1996386849e-20	-2.11285172221e-18	-3.57557091582e-20	0.997903331951	-8.8960975318e-18	-3.81326126484e-20	4.70066062599e-20	0.997578102225	237692014.928	-11691826.757	5266009.90013	-11609266.853	-43.3279944945	3304628.67479	5227120.61768	3303552.09839	-47.670180575	238769699.07765958	-11661902.400151812	5250820.0725777205	-11661902.709868966	-43.21709973054408	3295096.4595746165	5250820.130849337	3295096.9036703543	-47.53267574002006	239863038.214	0.004987541511038968	0.0	0.0	0.0	-0.002098869134622377	0.0	0.0	0.0	-0.002424835313319563	0.00483659200436
210	100.0	nan	nan	1	1	5.0	5.0	5.0	1.01	-4.61599869029e-20	-2.17999314535e-20	5.27741230809e-22	0.995632600911	-6.61936892253e-18	3.05717682593e-20	-1.04886501672e-20	0.994980493371	276416805.293	-13668521.5855	6319188.70682	-13474081.6416	-1781.40663394	4031286.99321	6225219.04233	4028651.89893	3431.6129593	279029915.85920936	-13601462.318887612	6284067.512730313	-13601459.08187651	-1772.666857537494	4008881.6466554725	6284069.247328345	4008886.890689062	3412.5405197233517	280319313.634	0.009950330853168092	0.0	0.0	0.0	-0.004376964035854589	0.0	0.0	0.0	-0.005032146667979265	0.00977724428104
220	150.0	nan	nan	1	1	5.0	5.0	5.0	1.015	-9.76602518405e-20	-1.18128422508e-18	3.39474923392e-21	0.993377111424	-7.12756883855e-18	1.79475031867e-19	-1.05096605547e-19	0.992388427917	306849396.603	-15121502.5037	7117189.1994	-14799365.7961	9738.49195231	4621038.47403	6958639.34535	4616436.75087	7064.62395897	311264386.2409574	-15012299.221001979	7058758.434041836	-15012301.025438769	9668.163273697488	4583100.6298583355	7058761.167143091	4583098.129430798	7006.624744206251	312680232.96	0.014888612493750559	0.0	0.0	0.0	-0.006644917218578723	0.0	0.0	0.0	-0.00764068793683052	0.0146988573939
230	200.0	nan	nan	1	1	5.0	5.0	5.0	1.02	-1.16526587252e-19	-3.45262209829e-18	7.277204157e-20	0.991135489232	2.71246618014e-17	1.24616413642e-19	1.10107665698e-19	0.989807593136	331433707.857	-16238999.5514	7755727.70719	-15779459.9141	10196.3658912	5124434.32957	7526161.71777	5117564.87371	7737.34999373	337841399.37042534	-16084527.847527536	7671660.128711557	-16084528.194667405	10099.374077909213	5068888.44123777	7671666.901534921	5068884.598597134	7653.481618979034	339353199.163	0.01980262729617973	0.0	0.0	0.0	-0.008904034288052278	0.0	0.0	0.0	-0.010244705109658529	0.0195999546613
240	250.0	nan	nan	1	1	5.0	5.0	5.0	1.025	1.26982150194e-19	1.33900688838e-17	7.24477867698e-20	0.988907796944	3.22460149064e-18	-9.51439684171e-20	-5.14175468763e-20	0.98724016028	351577529.428	-17087400.1794	8277118.33458	-16485720.5617	7471.24886418	5554800.51625	7972204.16724	5545425.82487	5515.79538092	360116064.2661469	-16886098.228254564	8165814.269586076	-16886098.536871072	7383.232140859772	5480104.00320077	8165819.905792881	5480096.691897248	5441.623377723399	361696721.732	0.024692612590371414	0.0	0.0	0.0	-0.011154180275750998	0.0	0.0	0.0	-0.012841945661704313	0.0244798519148
250	300.0	nan	nan	1	1	5.0	5.0	5.0	1.03	1.06593802456e-19	8.38156637537e-18	1.69671287247e-20	0.986694358783	-2.8072829159e-17	-2.81966018485e-19	8.7323802906e-20	0.984687163079	368250621.625	-17708513.1017	8714772.64016	-16963982.0689	-9409.34763607	5927245.27632	8331390.14077	5915172.38369	-9811.59486221	379020383.88569283	-17460094.750234578	8575040.726158377	-17460106.292860594	-9277.351538221998	5832208.336010096	8575047.81803672	5832193.233280754	-9654.276595157664	380658416.622	0.02955880224154443	0.0	0.0	0.0	-0.013394954391871203	0.0	0.0	0.0	-0.015431289190932403	0.0293381821577
260	350.0	nan	nan	1	1	5.0	5.0	5.0	1.035	2.67609471773e-19	-7.73519586419e-18	1.17711109889e-19	0.984495431853	-6.01553071496e-17	-1.72986627142e-19	6.16242938907e-19	0.982149430884	382190023.681	-18141903.348	9075234.60348	-17256648.4822	-6967.58376233	6245252.69869	8611828.20429	6230354.77134	-8365.20272342	395264737.67174417	-17846987.92332173	8906433.009602038	-17846998.123382412	-6854.318473411535	6129089.463713653	8906438.695751958	6129073.903062827	-8209.607897002606	396921129.885	0.03440142671733232	0.0	0.0	0.0	-0.015626020981776786	0.0	0.0	0.0	-0.018011812261368814	0.034174666197
270	400.0	nan	nan	1	1	5.0	5.0	5.0	1.04	-6.34123275028e-19	1.87737904442e-17	-6.13966537861e-20	0.982311739966	8.80182706611e-17	1.39283980264e-19	2.02533518622e-19	0.979626746342	393922776.261	-18433842.9727	9368647.64747	-17411341.9823	-7646.19486807	6515690.63954	8824800.09092	6497859.26744	-8615.16710824	409355965.394381	-18093471.90488363	9170525.688673973	-18093487.189615387	-7505.011962484772	6377901.127009533	9170539.95942968	6377879.765571915	-8432.979257115025	411017373.432	0.03922071315328133	0.0	0.0	0.0	-0.017846566865046064	0.0	0.0	0.0	-0.020583650946922945	0.0389892522039
280	450.0	nan	nan	1	1	5.0	5.0	5.0	1.045	4.23040017594e-19	1.28809028208e-17	1.15156776157e-19	0.980143743226	-1.80731684653e-18	-6.5805526451e-19	-7.44998564335e-19	0.977119017064	403861013.719	-18600014.417	9605230.80059	-17445655.1501	-11453.7922433	6740246.39274	8981306.53525	6719432.77935	-11304.9182899	421691350.74446297	-18215853.49127167	9377816.759166762	-18215875.350588873	-11217.227941109772	6580663.900222772	9377828.400477435	6580650.977410908	-11037.262341840156	423346405.345	0.04401688541677426	0.0	0.0	0.0	-0.02005604131227962	0.0	0.0	0.0	-0.023146815460004466	0.0437819230579
290	500.0	nan	nan	1	1	5.0	5.0	5.0	1.05	1.3425472214e-19	-3.45751470618e-17	1.79862152394e-19	0.977992162699	-3.73818138936e-18	-1.94030101925e-19	-2.38095667517e-20	0.974625828746	412335855.849	-18668388.0061	9793199.36442	-17388157.4211	5925.37749443	6922024.11156	9090201.98036	6898179.09205	4713.82579658	432591329.68296224	-18242300.403163444	9536739.549939945	-18242328.511651214	5790.136578488493	6740753.318081951	9536746.576826144	6740734.936025482	4590.382288049545	434209943.958	0.04879016416943205	0.0	0.0	0.0	-0.022253622579632804	0.0	0.0	0.0	-0.025701647029789363	0.0485526940413
300	550.0	nan	nan	1	1	5.0	5.0	5.0	1.055	3.11231668557e-19	2.0865829475e-18	-3.0969642134e-21	0.975856739583	-1.85862851429e-18	-3.82600811808e-19	4.81432351396e-19	0.97214728726	419572484.75	-18658779.7518	9940276.3728	-17259101.5669	-7121.39141403	7072177.31329	9159637.52596	7045282.10233	-8007.17527927	442271409.325483	-18192765.01604242	9655170.201143296	-18192821.14801384	-6943.530193618996	6869333.717855687	9655175.07643692	6869321.759749816	-7777.514150742059	443874614.599	0.05354076692802976	0.0	0.0	0.0	-0.02443948655689461	0.0	0.0	0.0	-0.028247955898343946	0.0533016980215
310	600.0	nan	nan	1	1	5.0	5.0	5.0	1.06	-8.17598552337e-19	-2.15437006783e-17	2.75497466094e-19	0.973737371548	2.75390131138e-17	-5.07723459985e-20	-9.4569905072e-19	0.969683705869	425791755.515	-18598556.785	10037871.1558	-17084967.6499	-1491.71323078	7203147.1556	9182609.50165	7173159.39183	176.915745674	450946802.4007115	-18094362.297252223	9725096.362038761	-18094318.246071793	-1451.2738785787644	6978700.873011202	9725102.3272046	6978699.818062762	171.40314394724834	452510387.338	0.058268908123975824	0.0	0.0	0.0	-0.026613650766513695	0.0	0.0	0.0	-0.030785337082896328	0.0580289398296
320	650.0	nan	nan	1	1	5.0	5.0	5.0	1.065	8.41024307285e-19	-2.80120280753e-17	-8.87134663351e-20	0.971634380152	5.60665004422e-18	-3.12350016745e-19	-6.99516865534e-19	0.967234541087	431138623.604	-18501373.6687	10094791.3724	-16879381.421	-5634.91780892	7315687.26429	9168112.07773	7282564.14946	-2737.86485796	458756531.16451555	-17960671.492378004	9755395.176006129	-17960641.995306704	-5470.23747884084	7069727.111186133	9755403.630851815	7069731.396858541	-2645.815316295121	460287388.965	0.06297479916138839	0.0	0.0	0.0	-0.028775697391643772	0.0	0.0	0.0	-0.03331426786368736	0.0627346026585
330	700.0	nan	nan	1	1	5.0	5.0	5.0	1.07	-1.10431920498e-19	6.23197344102e-17	-2.22213799756e-19	0.969547718694	-2.06030110333e-17	-1.91938989337e-19	-5.03964751282e-19	0.96479977878	435746280.12	-18377093.0326	10124627.6895	-16651799.0998	-2571.57030498	7408850.89567	9129193.16007	7372578.9742	-400.483515115	465829839.2157442	-17801468.946451373	9759466.900130972	-17801425.39639475	-2491.021232058488	7141638.91273595	9759465.028029026	7141648.3244473925	-386.03944062717625	467320237.784	0.06765864847381486	0.0	0.0	0.0	-0.030925585609709993	0.0	0.0	0.0	-0.035834682300287114	0.0674187905803
340	750.0	nan	nan	1	1	5.0	5.0	5.0	1.075	3.86617600862e-19	-2.32361452988e-17	-1.58712798492e-19	0.967477514302	9.16241230048e-17	1.92441915149e-19	2.16719997e-18	0.962379082042	439714708.984	-18235510.5673	10134141.4802	-16411527.5736	-1075.63997866	7488691.50761	9072453.53988	7449235.85909	617.200857608	472263018.5546377	-17626386.48380316	9744007.704898173	-17626332.239167884	-1039.7101803816188	7200399.54961407	9744009.483649865	7200407.675822313	593.4404925915445	473714058.935	0.07232066157962608	0.0	0.0	0.0	-0.03306309537980167	0.0	0.0	0.0	-0.03834684975946074	0.072081670281
350	800.0	nan	nan	1	1	5.0	5.0	5.0	1.08	1.8809425385e-19	3.78306222416e-17	-3.8015897464e-19	0.965423694118	3.41235163735e-18	-1.5419970107e-19	-1.36873906831e-18	0.959972272049	443127080.313	-18080424.3335	10122057.2047	-16162352.257	-13578.037694	7560866.46297	8997108.48124	7518195.41605	-12886.1375536	478136225.6919983	-17439184.57810947	9707939.888609674	-17439254.89953817	-13096.47944022316	7251533.521687211	9707922.811494576	7251555.33611373	-12358.935168694523	479561557.337	0.0769610411361284	0.0	0.0	0.0	-0.035188212740166674	0.0	0.0	0.0	-0.040850878219676784	0.0767234127205
360	850.0	nan	nan	1	1	5.0	5.0	5.0	1.085	-1.82927352871e-18	2.03629036626e-17	-7.12037071286e-20	0.963385832853	9.6277483789e-17	-6.16944388067e-19	-1.21010567916e-18	0.957579682209	446064774.277	-17919739.5907	10091681.3057	-15911254.2774	-8760.11629728	7631324.11801	8906527.26759	7585325.82497	-7200.39824715	483529249.2580561	-17247534.93681782	9654583.287226988	-17247622.496027146	-8431.507116672823	7300790.825363963	9654576.401318522	7300785.344069053	-6888.529519758854	484912277.433	0.08157998699242285	0.0	0.0	0.0	-0.03730129025743804	0.0	0.0	0.0	-0.04334634237261368	0.0813441092646
370	900.0	nan	nan	1	1	5.0	5.0	5.0	1.09	4.040876554e-19	-3.86192496202e-17	1.13330361365e-19	0.96136346304	-4.80238961382e-17	1.17364355776e-18	-1.15307653901e-18	0.955201481722	448586293.394	-17753182.7442	10042971.3864	-15658056.1146	2945.94087101	7694751.23252	8801004.06177	7645392.90412	410.458637224	488498685.5647722	-17051191.743515678	9584028.903850043	-17051211.646726277	2829.4533650905687	7343117.428401103	9584062.150665727	7343081.082475431	391.7015484398244	489835633.472	0.08617769624105241	0.0	0.0	0.0	-0.03940272815540662	0.0	0.0	0.0	-0.04583298512850335	0.0859439238263
380	950.0	nan	nan	1	1	5.0	5.0	5.0	1.095	-5.95411222361e-19	1.58958702744e-17	-8.09975255812e-21	0.959356682946	4.84186598138e-17	2.86747122425e-19	5.3662845931e-19	0.952837224323	450730819.44	-17586168.8021	9972871.82142	-15407770.6266	-11595.6283131	7739619.76314	8678097.92697	7687034.2064	-10505.5988324	493081188.5153749	-16855374.37014258	9493492.52568489	-16855474.543265704	-11113.771195633006	7367589.164757828	9493486.256829588	7367598.980938469	-10000.612238795662	494393577.058	0.09075436326846412	0.0	0.0	0.0	-0.04149234108356606	0.0	0.0	0.0	-0.0483111933551186	0.0905230683887
390	1000.0	nan	nan	1	1	5.0	5.0	5.0	1.1	4.76985428423e-20	6.08672581941e-18	-1.10749557853e-19	0.95736603302	-6.00681090781e-17	-3.84380904486e-19	-2.35352074862e-18	0.950486236926	452555626.397	-17421135.7435	9889767.63938	-15162261.1699	-14776.1645724	7772880.6521	8545546.9134	7717040.50624	-13540.9359021	497333966.3137611	-16662414.99895339	9391076.708268799	-16662498.588176833	-14132.63692007174	7380933.618442998	9391090.27236638	7380949.977769411	-12858.135033630002	498613499.93	0.09531017980432493	0.0	0.0	0.0	-0.04356948101115305	0.0	0.0	0.0	-0.05078159698384198	0.0950816982625
400	1050.0	nan	nan	1	1	5.0	5.0	5.0	1.105	5.56712404583e-19	-4.69068582042e-17	6.08804930839e-22	0.955391534483	5.63687720904e-17	1.13244334581e-19	2.01083636445e-18	0.948148221977	454095168.303	-17259614.3158	9791086.23601	-14922908.5014	-10881.8340994	7796582.00304	8401260.99551	7737479.19031	-10119.2876742	501290249.3283217	-16473753.897063391	9274429.59874643	-16473878.265048953	-10386.365165650075	7385171.487113235	9274422.000238864	7385178.233567505	-9585.31248337525	502531345.264	0.09984533496971612	0.0	0.0	0.0	-0.04563403876994889	0.0	0.0	0.0	-0.053244436652448365	0.0996199941053
410	1100.0	nan	nan	1	1	5.0	5.0	5.0	1.11	-3.39342574494e-20	3.11027983603e-17	1.33487098531e-19	0.953432799344	-5.88473823999e-17	8.22151354429e-20	2.0467757077e-19	0.945823236621	455372924.884	-17102860.3341	9685722.37819	-14690561.9137	-14604.3526844	7807994.54916	8253155.2535	7745698.44754	-13599.0768417	504971813.8392128	-16290551.644743627	9152061.920243502	-16290647.270625632	-13910.711833910089	7377792.465716931	9152082.942388734	7377812.723680932	-12849.799782992124	506182550.421	0.10436001532424286	0.0	0.0	0.0	-0.047686334302639945	0.0	0.0	0.0	-0.055699580855716455	0.104138133569
420	1150.0	nan	nan	1	1	5.0	5.0	5.0	1.115	-1.10791909501e-18	-3.93898775486e-17	-3.65124139826e-19	0.951489813739	7.52903102268e-18	-1.59850999015e-19	-2.03301142231e-19	0.943511106776	456426191.942	-16955220.6269	9572077.42625	-14468926.1478	-6653.18636631	7809830.61859	8099851.82362	7744328.86045	-4975.94921267	508416220.90812004	-16116901.84604812	9022506.263179537	-16117034.654308245	-6324.232163582755	7361437.077113676	9022479.70599358	7361425.183071225	-4690.260111505059	509586804.972	0.10885440491208208	0.0	0.0	0.0	-0.04972629777985254	0.0	0.0	0.0	-0.058147142355167644	0.108636260244
430	1200.0	nan	nan	1	1	5.0	5.0	5.0	1.12	2.53940477587e-18	1.31519771867e-16	-1.36848760541e-19	0.949562228062	-5.92856623931e-17	-1.82923382404e-18	5.35946862485e-19	0.941211771861	457263317.403	-16826826.1359	9443702.59883	-14266281.0841	-16115.8677399	7816065.75138	7936226.60231	7747338.69956	-16241.7047102	511629504.93183064	-15962350.191761453	8879752.238663588	-15962466.374365972	-15287.917188350008	7349313.113900585	8879801.92819213	7349320.209158273	-15271.797502176687	512780040.491	0.11332868530700327	0.0	0.0	0.0	-0.05175421316060608	0.0	0.0	0.0	-0.06058711491751508	0.113114582111
440	1250.0	nan	nan	1	1	5.0	5.0	5.0	1.125	8.13151629364e-19	-6.38165872118e-17	-2.30419431433e-19	0.947649849617	-1.64775569161e-17	9.57147230397e-20	2.58059175293e-18	0.938925289367	457920782.349	-16714673.7282	9298972.85825	-14079804.9547	-14818.1780825	7816270.55821	7760940.13144	7744320.6793	-14472.6005969	514649339.0647757	-15823929.684987552	8722371.090037575	-15824052.092430947	-14028.500457146352	7331606.768628971	8722387.939411705	7331616.989955757	-13575.197494212016	515770144.531	0.11778303565638346	0.0	0.0	0.0	-0.05377020190028567	0.0	0.0	0.0	-0.06301936697866405	0.11757321045
450	1300.0	nan	nan	1	1	5.0	5.0	5.0	1.13	-2.7179169695e-19	2.71871635685e-17	3.0440246542e-21	0.945752608774	-3.48849460535e-17	-2.71447589815e-19	-2.31189702019e-18	0.93665148394	458418263.509	-16612141.8382	9137734.04449	-13903467.9939	6529.47174972	7808215.88321	7574189.68834	7733092.01181	6787.07822018	517495214.7789725	-15695283.38805782	8550323.022995522	-15695225.797945533	6169.096705549982	7306271.74195197	8550285.255960869	7306286.677145026	6350.776995952199	518568519.758	0.12221763272424911	0.0	0.0	0.0	-0.05577425705461643	0.0	0.0	0.0	-0.06544401477055393	0.122012304463
460	1350.0	nan	nan	1	1	5.0	5.0	5.0	1.135	-6.39403996059e-19	-2.79006035381e-18	-3.03184855558e-19	0.943870004455	-1.83558842403e-16	5.95239168793e-19	-1.70370089428e-18	0.934390313511	458743340.346	-16520482.6295	8962658.49605	-13738617.1781	-12549.0642817	7791877.4384	7378495.41246	7713666.56066	-11815.9206086	520150787.3773101	-15577528.034116203	8366210.789357175	-15577670.37506044	-11832.789939263897	7273342.962160227	8366181.829596132	7273386.606753301	-11029.593789099974	521215314.094	0.126632650933366	0.0	0.0	0.0	-0.057766829464263154	0.0	0.0	0.0	-0.06786103349551202	0.126432111435
470	1400.0	nan	nan	1	1	5.0	5.0	5.0	1.14	-1.44069716416e-18	5.58436513677e-17	-4.25475237318e-19	0.942001560473	-1.31376729178e-16	7.80593800454e-20	-4.81604404963e-19	0.932142329978	458947608.29	-16439519.9031	8765523.59033	-13584182.477	11338.374175	7771157.99438	7167274.3797	7689824.00569	11243.2387182	522672027.88794386	-15470418.014690658	8162466.076096925	-15470332.722525194	10669.982403873588	7236511.6410265835	8162443.308997474	7236512.533738533	10469.717373644298	523688815.598	0.131028262406404	0.0	0.0	0.0	-0.05974834785406706	0.0	0.0	0.0	-0.07026976138755885	0.130832640804
480	1450.0	nan	nan	1	1	5.0	5.0	5.0	1.145	-1.1602233795e-18	-4.13883591435e-17	3.10225816932e-19	0.940146869812	-1.0722500082e-16	5.29448531593e-19	7.79826176846e-19	0.929907371171	459020143.763	-16374185.1642	8561348.0914	-13444746.2902	4655.4312426	7743518.60541	6952968.69908	7659254.4683	4944.39079247	525044785.8952305	-15378519.237537583	7953182.790097505	-15378614.714997094	4372.348193537838	7193448.771135742	7953071.366361594	7193517.784535329	4593.160252144196	526043549.704	0.13540463700620298	0.0	0.0	0.0	-0.06171917144213424	0.0	0.0	0.0	-0.07267029868673124	0.135214152702
490	1500.0	nan	nan	1	1	5.0	5.0	5.0	1.15	2.73909279318e-19	3.43459154617e-17	1.13899461626e-19	0.938306004565	-7.90330708881e-18	-9.01295995438e-20	4.18923966866e-19	0.927685139302	458966482.769	-16321579.4734	8358343.18429	-13317257.3651	-10382.1751001	7716426.66238	6742553.45749	7629044.29341	-10401.2283595	527273416.4077742	-15299024.638505302	7746006.604154445	-15299234.370480148	-9731.72681703821	7151117.221366666	7746032.292802818	7151080.984738433	-9639.22894616696	528264211.103	0.13976194237515863	0.0	0.0	0.0	-0.06367915229810468	0.0	0.0	0.0	-0.075062893312916	0.1395768037
500	1550.0	nan	nan	1	1	5.0	5.0	5.0	1.155	-2.62066699925e-18	6.62294135016e-17	-3.10887561422e-19	0.936479018815	8.33273955817e-18	-1.46369940264e-18	1.11530416352e-19	0.925475468082	458820274.024	-16278438.9196	8160330.12491	-13198785.9897	-9782.12895532	7686698.90586	6538696.3851	7596408.65522	-9829.95994296	529394758.3777028	-15228806.161318399	7544451.87283335	-15228987.286491932	-9151.377871143419	7106566.654601015	7544460.846370764	7106592.683971528	-9088.071017514061	530364488.748	0.14410034397375687	0.0	0.0	0.0	-0.06562816117704645	0.0	0.0	0.0	-0.07744765398439814	0.143920704774
510	1600.0	nan	nan	1	1	5.0	5.0	5.0	1.16	1.32073612301e-18	1.11413591979e-16	9.30253934322e-19	0.934665533719	2.04949653635e-16	-4.3728075902e-20	3.0935893165e-18	0.923278379661	458576889.4	-16239216.6702	7963742.96749	-13084818.8998	-6290.61874483	7659442.66037	6338550.27163	7566146.65196	-6305.61311023	531402104.61976284	-15162625.94693248	7345189.711139289	-15162779.596285017	-5873.577583186418	7064524.7657638835	7345156.357507343	7064543.436619601	-5815.848744586493	532349235.847	0.14842000511827322	0.0	0.0	0.0	-0.06756653163737114	0.0	0.0	0.0	-0.07982448685268204	0.148246033967
520	1650.0	nan	nan	1	1	5.0	5.0	5.0	1.165	1.05222667873e-18	1.07769007731e-16	-4.09487490438e-20	0.932865267981	1.43763355187e-16	-9.37387539925e-19	-9.24523227038e-19	0.921093859193	458243379.725	-16199626.2989	7769954.80265	-12971888.963	-9690.16062819	7637423.58945	6143222.89533	7541050.88789	-9888.55176795	533302216.31740534	-15096462.19750947	7149466.627074558	-15096643.923023537	-9030.278903481896	7027519.008345046	7149463.648285369	7027519.49693166	-9098.878005177809	534234164.678	0.15272108701766393	0.0	0.0	0.0	-0.06949449587121444	0.0	0.0	0.0	-0.08219333782919193	0.152552951002
530	1700.0	nan	nan	1	1	5.0	5.0	5.0	1.17	1.56658743595e-18	-4.76031325217e-17	2.55115735801e-19	0.93107793821	-9.53986209317e-17	-6.459685014e-19	6.92952360193e-19	0.918922052467	457839668.264	-16162062.247	7577418.42782	-12861522.3711	11016.8471485	7622560.62293	5951260.50652	7523040.58459	10918.0727332	535116950.5828536	-15032535.544395799	6955836.607120892	-15032377.288696699	10246.906849881158	6997275.751106803	6955754.590790137	6997273.817007675	10022.454312140973	536012372.528	0.1570037488096647	0.0	0.0	0.0	-0.07141229069765527	0.0	0.0	0.0	-0.0845539779962591	0.156841552338
540	1750.0	nan	nan	1	1	5.0	5.0	5.0	1.175	-9.55188466707e-19	-7.33560707871e-17	3.52815692311e-19	0.929303227534	3.58255761415e-17	-2.51490699485e-18	1.26258201722e-18	0.916762848659	457355685.668	-16131022.6738	7386979.36262	-12757781.9507	13465.0742967	7613462.9594	5763442.65082	7510741.42448	13595.0128756	536833527.51444685	-14975006.84635118	6765058.767301682	-14974789.430793373	12500.111360404759	6972474.378857302	6764995.704268765	6972490.618058621	12450.428860144653	537710636.098	0.16126814759612232	0.0	0.0	0.0	-0.07332019134406084	0.0	0.0	0.0	-0.08690645668413906	0.16111204492
550	1800.0	nan	nan	1	1	5.0	5.0	5.0	1.18	2.57259787949e-18	-1.55170639055e-16	-2.35422219777e-19	0.927541100342	1.70651304367e-16	-7.59523855891e-19	2.80513489329e-18	0.914616079366	456803762.759	-16108281.9564	7202724.9593	-12661988.6758	8617.03604434	7602489.23957	5582733.24922	7496561.59035	8492.46953222	538465245.5342314	-14925482.627849236	6580844.989559989	-14925535.639388679	7984.3041071347	6946093.80520761	6580742.268052033	6946103.879248011	7759.233607544614	539332292.036	0.16551443847757333	0.0	0.0	0.0	-0.07521817244514324	0.0	0.0	0.0	-0.08925088714954667	0.165364565723
560	1850.0	nan	nan	1	1	5.0	5.0	5.0	1.185	4.94773120315e-19	3.76794136257e-17	-6.75694063893e-19	0.925791321889	-2.97867076836e-18	-1.51423021189e-18	1.17208184076e-19	0.912481686058	456180309.861	-16093234.557	7020526.88574	-12573137.7126	-6268.61716502	7581804.31568	5406079.02991	7472663.10212	-7159.60270815	540006855.8972244	-14883354.771059992	6399385.176931025	-14883545.865915956	-5797.34626128144	6911003.53888042	6399486.511294503	6910872.742178828	-6526.156254214107	540874063.018	0.16974277458709455	0.0	0.0	0.0	-0.07710642406359396	0.0	0.0	0.0	-0.09158726380032206	0.169599273162
570	1900.0	nan	nan	1	1	5.0	5.0	5.0	1.19	4.48821582926e-19	-5.61962420669e-17	-1.49130738276e-19	0.924053525664	-8.72943685111e-17	1.22465082305e-18	1.52105941503e-18	0.910359914296	455510372.028	-16079865.9104	6840014.22251	-12486488.1115	-10794.2538244	7550572.06104	5232712.05654	7438635.24778	-11621.917644	541486976.4874868	-14843022.138260735	6220322.688799491	-14843285.926379459	-9963.97291957267	6866505.416046887	6220375.219362278	6866464.451661498	-10568.995276416841	542344674.428	0.17395330712343798	0.0	0.0	0.0	-0.07898528081043475	0.0	0.0	0.0	-0.09391524744940526	0.17381624761
580	1950.0	nan	nan	1	1	5.0	5.0	5.0	1.195	-1.04015645923e-18	9.61828013873e-17	-4.39186583151e-19	0.922327417941	-1.9011432155e-16	-3.10918001668e-18	-2.27356877933e-18	0.908250779955	454793737.963	-16063922.3945	6661296.12657	-12398734.2241	-4310.13271641	7511866.9462	5062894.6791	7397151.4218	-5010.10689703	542904670.3866515	-14800551.983112864	6043739.211950355	-14800843.009176034	-3971.156094803212	6815455.123908404	6043770.917493893	6815391.749078218	-4545.628798705705	543742786.438	0.17814618538347404	0.0	0.0	0.0	-0.08085500139201922	0.0	0.0	0.0	-0.09623474913635544	0.178015635156
590	2000.0	nan	nan	1	1	5.0	5.0	5.0	1.2	-3.49491087993e-18	-1.2952334168e-16	-9.53944387066e-19	0.920612896665	9.24447258771e-17	-7.32842318053e-19	-2.20143862991e-18	0.906154065021	454023853.468	-16049283.0248	6487574.27467	-12312905.5478	-6161.46485985	7467143.09638	4898958.8513	7349830.49717	-7425.89632011	544251422.4798304	-14759523.834787099	5872513.751592192	-14759833.22916372	-5666.314645683758	6759213.638571989	5872522.562689763	6759180.346997311	-6721.877301352696	545078358.746	0.1823215567939546	0.0	0.0	0.0	-0.08271563871927977	0.0	0.0	0.0	-0.09854593770391444	0.182197611179
600	2050.0	nan	nan	1	1	5.0	5.0	5.0	1.205	-3.33286288921e-18	8.5579709128e-17	-1.18531673056e-19	0.91890983099	-2.82887510922e-16	7.13188506698e-19	-4.87374816916e-19	0.904069742624	453216496.261	-16033815.2459	6318398.9376	-12227341.8579	1859.14190392	7419164.13208	4740438.56071	7299304.53821	1481.18183588	545545372.9015454	-14717969.329297015	5706201.434225088	-14718285.473927801	1706.567844335661	6700312.124847719	5706156.646226961	6700273.058593737	1337.6682921919153	546351833.666	0.18647956694261839	0.0	0.0	0.0	-0.08456727788196748	0.0	0.0	0.0	-0.1008487726454315	0.186362283912
610	2100.0	nan	nan	1	1	5.0	5.0	5.0	1.21	5.10972625431e-19	-1.8840405615e-16	4.96043669736e-20	0.917217843725	1.12740561736e-16	1.18012865376e-18	-2.54604869055e-18	0.901997859024	452362221.626	-16017208.9784	6151966.89599	-12141781.9603	3645.2733418	7369304.28336	4586044.73063	7246856.17465	3369.82385224	546774593.783174	-14675603.3394464	5543143.536465664	-14675889.324453108	3339.944287439285	6640008.325334478	5543196.634874694	6639857.594453705	3036.332545571335	547566935.593	0.1906203596086497	0.0	0.0	0.0	-0.08641027362482512	0.0	0.0	0.0	-0.10314313250991328	0.190509812881
620	2150.0	nan	nan	1	1	5.0	5.0	5.0	1.215	5.46579772951e-18	-6.14623451617e-17	4.38074852408e-20	0.915536829641	-1.66322251322e-16	1.42669465075e-18	9.30915678812e-19	0.899938393689	451481362.839	-15999970.7031	5985483.7962	-12056581.2936	18385.6701851	7318855.93955	4433270.13912	7194160.42497	18226.1562701	547962990.9088392	-14632890.717307614	5380803.865673513	-14633074.340507258	16814.749700190634	6579472.883518652	5380660.5651744865	6579472.253719123	16384.869703729913	548729756.134	0.19474407679251185	0.0	0.0	0.0	-0.08824468668602055	0.0	0.0	0.0	-0.10542896945740063	0.194640293604
630	2200.0	nan	nan	1	1	5.0	5.0	5.0	1.22	-4.47429272519e-18	-8.47097401168e-17	5.60603462184e-19	0.913866771611	-9.56687715023e-17	-1.28898562237e-18	5.08775633724e-19	0.89789098712	450556286.734	-15984783.0466	5818434.99885	-11973843.9077	17613.7288509	7272093.73977	4282132.98676	7144984.28617	17198.3426273	549088761.8265502	-14592285.003064219	5218713.672063457	-14592412.355939351	16079.326857907285	6522540.001179991	5218595.698043876	6522556.280073172	15425.664431013114	549844808.531	0.19885085874516517	0.0	0.0	0.0	-0.09007048225435729	0.0	0.0	0.0	-0.10770661323823985	0.19875392828
640	2250.0	nan	nan	1	1	5.0	5.0	5.0	1.225	-3.90641007362e-18	3.64708948098e-16	-6.8847896744e-19	0.912207647896	1.20993124331e-16	-1.17838164831e-18	-1.03912413782e-18	0.895855489697	449597913.189	-15967970.748	5659473.82562	-11890925.0494	13703.0807005	7230962.30477	4138720.82409	7101299.49363	13193.6240049	550164569.447758	-14550425.05353339	5064612.913315437	-14550702.901925232	12486.59907271764	6470924.0104000885	5064475.3755624285	6470886.482410403	11806.857062604184	550913252.361	0.20294084399669038	0.0	0.0	0.0	-0.09188763072740468	0.0	0.0	0.0	-0.1099761628351528	0.202850836093
650	2300.0	nan	nan	1	1	5.0	5.0	5.0	1.23	1.10251925997e-18	3.77205278108e-17	1.23719749858e-19	0.910559326674	-6.06422915373e-17	-1.2162863727e-19	5.07208622772e-18	0.89383175122	448602290.859	-15947082.1321	5508226.92326	-11805759.1599	-3908.5889511	7192301.24058	4002794.22858	7060044.49983	-5978.54518855	551185091.2947599	-14505087.122688737	4918112.570765413	-14505406.175909813	-3555.1596707695153	6421766.50251243	4918121.345500352	6421648.782629561	-5338.044103182047	551939663.225	0.20701416938432612	0.0	0.0	0.0	-0.09369622359122375	0.0	0.0	0.0	-0.11223771926053201	0.20693117262
660	2350.0	nan	nan	1	1	5.0	5.0	5.0	1.235	9.95263713024e-20	2.11122432708e-17	8.51532809787e-20	0.908921778819	8.7513564756e-17	7.02110903935e-19	9.25621722892e-19	0.891819803705	447598922.703	-15926190.0213	5357541.22363	-11721413.0267	11700.4939726	7148307.09584	3868677.88522	7013773.72188	11662.8059751	552186024.6099912	-14459984.369635008	4772787.010622734	-14460268.185944533	10623.316671127111	6368097.944723097	4772642.992605446	6368067.833857421	10389.85731362331	552915076.955	0.2110709700799406	0.0	0.0	0.0	-0.09549624041162563	0.0	0.0	0.0	-0.11449118059329227	0.210994984802
670	2400.0	nan	nan	1	1	5.0	5.0	5.0	1.24	3.9966190825e-18	-1.93008914372e-16	-3.33519222981e-20	0.907294861965	-2.72605642673e-17	-1.9708603798e-18	2.99760989566e-18	0.889819345237	446565610.843	-15901830.3454	5208096.47261	-11635300.6913	14643.7484813	7104289.02478	3737239.85623	6967581.2242	14351.3288505	553139892.5893785	-14411977.890574688	4629231.329928944	-14412101.64499994	13271.766505085328	6314667.461200204	4629143.853583884	6314784.170930469	12756.219376933714	553855919.817	0.2151113796169455	0.0	0.0	0.0	-0.09728778581718778	0.0	0.0	0.0	-0.11673681973953973	0.21504249239
680	2450.0	nan	nan	1	1	5.0	5.0	5.0	1.245	5.55050102424e-18	1.69477224058e-16	3.21025487009e-19	0.905678579097	-7.6613071288e-17	2.66635383884e-18	-4.65629892973e-19	0.887830155969	445496848.263	-15875207.3197	5059708.09452	-11548706.1056	7540.19744493	7060326.96126	3608019.23238	6921083.69514	7732.78181112	554039396.7341013	-14362173.274002729	4487268.06582035	-14362476.836264225	6821.556408267123	6261542.9814667925	4487090.776751681	6261449.143415293	6857.918329038912	554751229.554	0.219135529916671	0.0	0.0	0.0	-0.09907080509325053	0.0	0.0	0.0	-0.1189748200842784	0.219073833435
690	2500.0	nan	nan	1	1	5.0	5.0	5.0	1.25	3.16620915684e-18	2.02514946763e-16	-1.33301810074e-19	0.904072912024	1.60531457639e-16	3.60049883076e-18	1.50845979994e-18	0.885852188057	444420980.388	-15845654.3126	4911218.88432	-11460656.6911	17417.1223391	7013933.14253	3480392.65831	6872499.01144	17569.3881313	554919305.1914766	-14309975.886478629	4345860.887104757	-14310169.70105892	15729.145402736687	6206519.8939121	4345737.849857482	6206452.140973018	15546.877157919864	555611945.266	0.22314355131420976	0.0	0.0	0.0	-0.10084526694858634	0.0	0.0	0.0	-0.12120517293027477	0.223089082366
700	2550.0	nan	nan	1	1	5.0	5.0	5.0	1.255	-1.70888897109e-19	1.24203873855e-16	-1.0888608537e-18	0.902477668186	-7.12513527318e-19	-2.02996739765e-19	2.9771884607e-18	0.883885265836	443316366.164	-15814281.3766	4764140.14517	-11372398.9707	14813.9501833	6967212.92724	3355338.24663	6823423.20249	12597.7428401	555752475.9718903	-14256398.996868454	4206339.657515791	-14256723.568307424	13354.611537730409	6151469.76058584	4206335.882483447	6151240.222848595	11122.759551316152	556438278.067	0.22713557258374711	0.0	0.0	0.0	-0.10261133347349193	0.0	0.0	0.0	-0.12342801454619576	0.227088423741
