inc	time	elem	node	ip	grain	1_pos	2_pos	3_pos	1_f	2_f	3_f	4_f	5_f	6_f	7_f	8_f	9_f	1_p	2_p	3_p	4_p	5_p	6_p	7_p	8_p	9_p	1_Cauchy	2_Cauchy	3_Cauchy	4_Cauchy	5_Cauchy	6_Cauchy	7_Cauchy	8_Cauchy	9_Cauchy	Mises(Cauchy)	1_ln(V)	2_ln(V)	3_ln(V)	4_ln(V)	5_ln(V)	6_ln(V)	7_ln(V)	8_ln(V)	9_ln(V)	Mises(ln(V))
0	0.0	nan	nan	1	1	5.0	5.0	5.0	1.0	0.0	0.0	0.0	1.0	0.0	0.0	0.0	1.0	5.56083855519e-06	6.18424331916e-08	-1.19765273238e-07	6.18424331916e-08	4.56167554432e-06	-1.14749381619e-07	-1.19765273238e-07	-1.14749381619e-07	6.34343941809e-06	5.56083855519e-06	6.18424331916e-08	-1.19765273238e-07	6.18424331916e-08	4.56167554432e-06	-1.14749381619e-07	-1.19765273238e-07	-1.14749381619e-07	6.34343941809e-06	1.5769412008e-06	0.0	0.0	0.0	0.0	0.0	0.0	0.0	0.0	0.0	0.0
10	2.5	nan	nan	1	1	5.0	5.0	5.0	1.00025	6.36043729916e-22	-1.36898391378e-20	3.48100866217e-22	0.999927450012	-4.86453334483e-20	-4.08678921389e-23	-2.51760174249e-22	0.999931015838	57742361.5425	1861645.0822	-142341.604132	1861044.75838	8.88221295249	-191548.670948	-142296.210536	-191549.354005	9.59730723198	57750534.92634295	1861308.188038762	-142316.35267477247	1861308.1877367636	8.880605575385115	-191514.690137534	-142316.35244770985	-191514.69011574946	9.595604665857147	57841917.4755	0.0002499687552074404	0.0	0.0	0.0	-7.255261987766776e-05	0.0	0.0	0.0	-6.898654151692191e-05	0.000213835469259
20	5.0	nan	nan	1	1	5.0	5.0	5.0	1.0005	1.76922947033e-22	1.66519108728e-19	1.9059016795e-21	0.999854872046	-2.40911228764e-19	-6.97003063652e-22	2.34919293965e-22	0.999862005328	115530172.2	3724508.50918	-284777.8864	3722106.92496	-283.046011152	-383213.399273	-284596.293005	-383216.129489	-271.291276926	115562888.35405436	3723160.9619629565	-284676.8831893006	3723160.961505128	-282.9436035823345	-383077.4835802511	-284676.88577126997	-383077.4798315898	-271.19505706022784	115745904.261	0.0004998750416509929	0.0	0.0	0.0	-0.00014513848608054073	0.0	0.0	0.0	-0.00013800419414080475	0.000427650757961
30	7.5	nan	nan	1	1	5.0	5.0	5.0	1.00075	2.19166673175e-21	-7.50738784195e-20	-1.47724117644e-21	0.999775848161	1.20789898747e-19	1.04224757182e-22	-1.47726702584e-21	0.999790360147	168229484.999	5474127.54771	-334410.66769	5468799.10181	-1832.71704859	-744103.416183	-334090.180712	-744114.175962	424.268902349	168302485.31014177	5471172.004633086	-334234.96703677875	5471172.193756433	-1831.7275440273654	-743712.4613812568	-334235.15343863895	-743712.4203430398	424.0459898330832	168575677.719	0.0007497188905459742	0.0	0.0	0.0	-0.00022417696477845724	0.0	0.0	0.0	-0.00020966183050587591	0.000644480013321
40	10.0	nan	nan	1	1	5.0	5.0	5.0	1.001	-8.6505514485e-21	-1.90136769577e-19	2.24910408553e-21	0.999659541554	-2.75488496355e-19	-1.49823088449e-21	-8.26172486181e-21	0.999698417097	189792029.65	6374234.21106	94971.1686125	6365698.34112	2985.55130051	-1342877.70307	94847.6397601	-1342930.04782	2099.88090541	189913942.7543111	6369787.363679917	94908.60475626717	6369787.353958447	2983.468494867914	-1341993.0597747706	94908.56523848315	-1341993.1815601406	2098.497573510525	190245875.003	0.0009995003330834232	0.0	0.0	0.0	-0.00034051641513399024	0.0	0.0	0.0	-0.0003016283882687267	0.000880668068844
50	12.5	nan	nan	1	1	5.0	5.0	5.0	1.00125	-3.33214717118e-20	-5.87790407377e-20	8.57372704911e-22	0.999528405664	3.59962636201e-19	-4.49365867769e-22	-2.71749510739e-21	0.999599071724	199690614.51	6966324.95604	111747.620784	6954346.54963	-19.5055703382	-1710816.80849	111563.205431	-1710937.70486	356.749658237	199864963.4203621	6960418.549747965	111660.76923201611	6960418.355989972	-19.489032518890962	-1709487.141746896	111660.61072644228	-1709487.0844411948	356.47238824887654	200250051.111	0.0012492194004318981	0.0	0.0	0.0	-0.0004717055715820429	0.0	0.0	0.0	-0.0004010086692299355	0.00112445873332
60	15.0	nan	nan	1	1	5.0	5.0	5.0	1.0015	-4.77908768781e-21	-2.65571712334e-19	2.76629876353e-21	0.999395215566	2.82797541795e-19	1.92216094842e-21	-1.01178664576e-20	0.999496102613	206584927.229	7437283.33953	-3764.12324724	7421652.95635	-1886.98337352	-2087299.68725	-3756.59166437	-2087510.42278	-1744.57176786	206814155.29683486	7429888.024506234	-3760.7599680502444	7429888.073936478	-1885.1070383241074	-2085434.6655331745	-3760.7600045312042	-2085434.6921015945	-1743.0129767321641	207247441.591	0.0014988761237359487	0.0	0.0	0.0	-0.000604967389875239	0.0	0.0	0.0	-0.000504024385953028	0.00137015469293
70	17.5	nan	nan	1	1	5.0	5.0	5.0	1.00175	4.7857568315e-21	-5.94382209679e-19	-9.73591580975e-22	0.999262373763	-1.50068275122e-18	4.02257931885e-21	-3.08706906532e-20	0.999390280603	212143971.237	7821425.89439	-108327.551143	7802003.10198	-5767.68391281	-2416083.06205	-108071.997658	-2416392.31327	-6557.4602703	212430092.45522267	7812525.758841622	-108218.13363676103	7812525.76080975	-5761.120765716699	-2413642.669179245	-108217.75570827763	-2413642.6587419696	-6550.836831087475	212907910.777	0.001748470534116803	0.0	0.0	0.0	-0.0007378984170857895	0.0	0.0	0.0	-0.0006099053514619062	0.0016166047826
80	20.0	nan	nan	1	1	5.0	5.0	5.0	1.002	-1.27494381789e-20	-3.89537548425e-19	1.83861570655e-21	0.999130295151	2.24517632179e-18	3.48532551099e-21	-1.25100727891e-20	0.999282370617	216965594.065	8132746.72911	-187149.986556	8109454.47238	-3829.29829642	-2679914.44845	-186642.059384	-2680322.25388	-3891.3201886	217310402.67712012	8122342.533367322	-186939.01545683283	8122342.274954058	-3824.3994878919534	-2676893.4250063556	-186938.67687184078	-2676893.326567779	-3886.933567406444	217818746.509	0.001998002662673058	0.0	0.0	0.0	-0.0008700832616827231	0.0	0.0	0.0	-0.0007178870022229245	0.00186339816481
90	22.5	nan	nan	1	1	5.0	5.0	5.0	1.00225	2.51917855553e-20	1.86581340509e-19	4.55156132057e-22	0.99899875031	9.24243226401e-19	2.54730269636e-21	-8.60226478025e-21	0.999173133134	221327100.901	8399346.75194	-249246.567734	8372099.14728	2207.19609811	-2892461.62785	-248480.649608	-2892966.60926	2866.99267131	221732269.7621627	8387425.932576718	-248936.26929711056	8387425.394554896	2204.0635228321835	-2888860.67025189	-248935.52667191488	-2888860.7503888877	2863.42342117922	222261883.864	0.00224747254047937	0.0	0.0	0.0	-0.0010017512753062738	0.0	0.0	0.0	-0.0008272089089691276	0.0021103757674
100	25.0	nan	nan	1	1	5.0	5.0	5.0	1.0025	-1.40347734532e-20	2.08203179977e-18	-1.20623612826e-20	0.998867560734	2.07493686486e-18	-1.80987118027e-21	-3.60923716675e-20	0.999062960371	225364491.723	8639139.649	-297845.004046	8607836.35806	310.805705518	-3067687.98095	-296822.969621	-3068288.33016	683.219865581	225831605.82602468	8625678.262209069	-297439.0801185068	8625677.863297304	310.3214124067819	-3063507.1219910276	-297438.1960666197	-3063507.3661200027	682.2887259365185	226387538.599	0.002496880198587146	0.0	0.0	0.0	-0.0011330809598440236	0.0	0.0	0.0	-0.0009374789250796465	0.00235747985772
110	27.5	nan	nan	1	1	5.0	5.0	5.0	1.00275	3.06726842941e-20	-7.16643640117e-19	-2.73507269541e-21	0.998736656643	-4.55503547915e-20	-9.69786550157e-21	-2.8349961134e-20	0.998952135908	229165465.93	8860846.8649	-338641.9408	8825382.5908	-216.632751116	-3215473.33783	-337359.30438	-3216167.35832	79.051316902	229696037.0474275	8845815.574908791	-338140.41686848144	8845815.395035679	-216.26526144449716	-3210711.2672303813	-338140.3692859755	-3210711.5429831315	78.93424301814876	230274434.87	0.0027462256680252286	0.0	0.0	0.0	-0.0012641420479698386	0.0	0.0	0.0	-0.0010484134854037925	0.0026046485937
120	30.0	nan	nan	1	1	5.0	5.0	5.0	1.003	2.20230634238e-20	1.61016000189e-18	5.68769389191e-21	0.998605934805	2.33506655594e-18	-7.79700445392e-21	5.50333601289e-21	0.99884086333	232782617.628	9067965.2349	-375118.208246	9028238.8143	-128.23107348	-3342639.30091	-373562.267115	-3343426.41871	165.047630262	233378101.91456246	9051334.44044201	-374518.32254558895	9051334.071171116	-127.99589562357252	-3337293.7818864794	-374517.8816810117	-3337294.5207467205	164.783687560461	233976373.191	0.002995508979798371	0.0	0.0	0.0	-0.0013950378079128779	0.0	0.0	0.0	-0.001159808988499219	0.00285185713801
130	32.5	nan	nan	1	1	5.0	5.0	5.0	1.00325	-4.63655412851e-21	7.80347300632e-19	-5.79398660063e-21	0.998475358909	5.30882035595e-19	2.15066959264e-23	3.05043530394e-21	0.998729245928	236251429.434	9262752.22758	-407710.596524	9218668.90657	-89.2015250349	-3452648.9812	-405873.012513	-3453527.90271	146.665960883	236913236.54338503	9244493.281198576	-407010.37431902194	9244493.00691958	-89.02568897422178	-3446719.2322475743	-407009.9776769025	-3446720.2305135466	146.4140695576327	237529759.433	0.0032447301648890294	0.0	0.0	0.0	-0.001525804538939389	0.0	0.0	0.0	-0.0012715621646200129	0.00309908721153
140	35.0	nan	nan	1	1	5.0	5.0	5.0	1.0035	-2.34506737635e-20	-9.8752130249e-19	-8.7970658145e-22	0.998344899287	-8.48166184693e-19	4.73891772932e-21	1.6249135953e-20	0.998617362055	239596404.064	9447860.83564	-436613.952168	9399325.83562	-56.2627941665	-3549688.85359	-434489.254086	-3550658.68251	106.231923844	240325901.38214123	9427944.088586506	-435812.4466930496	9427943.890286582	-56.144188287406365	-3543172.5820957078	-435812.1401570791	-3543173.6473170514	106.0369106792747	240959368.551	0.003493889254255838	0.0	0.0	0.0	-0.0016564719053680493	0.0	0.0	0.0	-0.001383594670815258	0.00334632572961
150	37.5	nan	nan	1	1	5.0	5.0	5.0	1.00375	1.93432050342e-20	1.43291008587e-18	2.80662381839e-21	0.998214532351	-4.58646834242e-19	-2.51793778461e-21	1.44436074709e-20	0.998505272369	242836318.806	9623175.44422	-462230.272731	9570105.48876	-62.542435678	-3636639.57176	-459814.611711	-3637699.66467	90.8341166462	243634838.44341403	9601575.096230084	-461327.06959548156	9601574.904877298	-62.4020518324982	-3629533.5372621785	-461326.62193593866	-3629534.4203496478	90.65662576382617	244283968.703	0.003742986278834297	0.0	0.0	0.0	-0.001787063496201866	0.0	0.0	0.0	-0.001495845850774122	0.00359356277293
160	40.0	nan	nan	1	1	5.0	5.0	5.0	1.004	8.21375872604e-20	-1.854775507e-18	-5.47345411326e-21	0.998084253851	1.74391841567e-18	-4.76786905076e-21	-3.22268532675e-20	0.998393009868	245985674.511	9790053.02291	-486465.273182	9732368.1949	-49.3107358126	-3715827.09333	-483748.148705	-3716977.51205	75.8250100548	246854517.91473228	9766743.888650436	-485457.17724170955	9766743.789843252	-49.19333189673354	-3708126.831021234	-485456.79043344845	-3708127.761423991	75.66787882874421	247518225.52	0.003992021269537457	0.0	0.0	0.0	-0.0019175835376756027	0.0	0.0	0.0	-0.0016082827256181777	0.0038407898727
170	42.5	nan	nan	1	1	5.0	5.0	5.0	1.00425	4.22570515049e-20	6.35086113261e-19	-1.57470373212e-20	0.997954051659	2.30116559251e-18	-4.98210882941e-21	1.31997346248e-21	0.998280608363	249055038.792	9949335.54002	-510294.161234	9886960.07631	-44.7155727744	-3788039.63504	-507260.546348	-3789280.19527	73.1730328115	249995477.32638922	9924293.560664758	-509176.3377131942	9924293.50384806	-44.60302591680514	-3779741.7548691733	-509175.975833285	-3779742.7667613826	73.01274381864224	250672781.776	0.004240994257254614	0.0	0.0	0.0	-0.002048044152409322	0.0	0.0	0.0	-0.0017208714873385748	0.00408800112056
180	45.0	nan	nan	1	1	5.0	5.0	5.0	1.0045	7.72752128247e-20	1.9510378236e-19	1.30140325773e-20	0.997823926076	1.44473215119e-18	9.23298999732e-21	3.58804066356e-20	0.998168083203	252052292.078	10102307.5517	-533868.694821	10035165.9977	-32.8657942733	-3854592.73903	-530503.093579	-3855923.14413	64.2965131933	253065567.70804793	10075508.315918762	-532636.1036406431	10075508.376914738	-32.77860843330202	-3845693.2904200954	-532635.769508891	-3845694.2144557605	64.14806598922408	253755670.696	0.004489905272852001	0.0	0.0	0.0	-0.002178445013263293	0.0	0.0	0.0	-0.0018335968086505893	0.00433519176552
190	47.5	nan	nan	1	1	5.0	5.0	5.0	1.00475	7.22338571839e-20	8.35136435685e-19	1.38370772868e-20	0.997693868097	-2.26502731232e-18	-1.07119889326e-20	6.65436817502e-20	0.998055455597	254983712.626	10250021.216	-557197.970369	10178037.7662	-14.6518505915	-3916777.05691	-553485.094278	-3918197.46516	44.8719902334	256071039.40706655	10221439.83162215	-555845.6457320786	10221439.96208115	-14.61099504936306	-3907271.002701152	-555845.3201909873	-3907271.8772553382	44.763085497332355	256773305.087	0.00473875434717347	0.0	0.0	0.0	-0.0023087951204515613	0.0	0.0	0.0	-0.0019464374839854711	0.00458235859634
200	50.0	nan	nan	1	1	5.0	5.0	5.0	1.005	-8.19094922065e-21	-6.27034337178e-19	-1.07277053642e-20	0.997563857359	3.6730376074e-18	2.94426667232e-20	-5.09064526553e-20	0.997942756441	257854715.354	10393283.0215	-580233.803089	10316381.7186	-12.8102111151	-3974752.96181	-576159.045194	-3976263.54614	39.8439191369	259017281.90713257	10362894.142999431	-578757.0023624814	10362894.268579654	-12.772755390264514	-3964636.4914656603	-578756.7220846777	-3964637.3651209776	39.742509104572754	259731157.134	0.004987541511038968	0.0	0.0	0.0	-0.0024391148646380656	0.0	0.0	0.0	-0.002059362591272359	0.00482949949417
210	100.0	nan	nan	1	1	5.0	5.0	5.0	1.01	-5.8183884287e-20	-5.89478683007e-18	2.91630796762e-20	0.994973227354	-7.5330792446e-18	-1.00717511384e-20	-9.19220999312e-20	0.995681070492	305924456.663	12678419.1764	-973539.728439	12489792.2951	3004.33799434	-4734623.15683	-959742.234528	-4737995.4604	805.781064042	308803740.2285677	12607340.488516625	-968770.5103283025	12607343.059379857	2987.494853280829	-4711428.982162791	-968775.0855566504	-4711432.961098077	801.8336692602302	309685038.927	0.009950330853168092	0.0	0.0	0.0	-0.00503944936745881	0.0	0.0	0.0	-0.004328283025217582	0.0097647675391
220	150.0	nan	nan	1	1	5.0	5.0	5.0	1.015	4.34435257713e-20	-5.28381137731e-18	2.02427639504e-20	0.992399678642	8.92433913227e-18	-2.29890035841e-20	-3.04954194888e-19	0.993417721289	342646067.677	14343186.3084	-1261189.57752	14023817.3932	-3423.51693236	-5288877.65548	-1234369.89332	-5294299.64194	-1789.28129137	347557955.73143023	14224849.9649238	-1252067.422675696	14224851.13509633	-3395.271710768867	-5250623.326562425	-1252064.7899077593	-5250619.803484048	-1776.3394614573308	348558143.276	0.014888612493750559	0.0	0.0	0.0	-0.007629350983568167	0.0	0.0	0.0	-0.006604037441425321	0.0146821429579
230	200.0	nan	nan	1	1	5.0	5.0	5.0	1.02	-1.5151301844e-19	-1.1511918907e-17	-9.21413027935e-20	0.98984306938	-2.12176459331e-17	2.6119055022e-20	1.7329433833e-20	0.991159323335	371617723.277	15652057.6097	-1473337.98983	15189282.9913	5935.66354139	-5723066.90588	-1431696.92846	-5730663.43135	5363.9251089	378779617.5081606	15482026.106238063	-1459270.7211073397	15482014.019496335	5871.183214192674	-5668423.693909291	-1459288.890119657	-5668410.062280945	5312.710943219096	379857371.415	0.01980262729617973	0.0	0.0	0.0	-0.01020886419623342	0.0	0.0	0.0	-0.008879987306897302	0.0195797396184
240	250.0	nan	nan	1	1	5.0	5.0	5.0	1.025	9.32331812021e-20	1.55117143631e-17	-3.00167300683e-20	0.987303756647	-9.77547489536e-18	-1.16467030247e-19	-1.09518713102e-21	0.988908728449	394850513.374	16730073.8591	-1639796.92107	16114773.1541	7085.37390336	-6059804.586	-1582075.05848	-6069637.31176	7595.83039215	404413558.4231	16505085.664245395	-1620374.5437450276	16505063.394099554	6990.088879646921	-5988029.959720002	-1620391.977270406	-5988012.044968231	7505.862493029562	405557841.125	0.024692612590371414	0.0	0.0	0.0	-0.012777529401851472	0.0	0.0	0.0	-0.01115323832285737	0.0244566504935
250	300.0	nan	nan	1	1	5.0	5.0	5.0	1.03	3.16413127914e-19	1.08431599254e-17	9.91293246084e-20	0.984782284173	1.66978913615e-17	1.27849035476e-19	2.59926618244e-19	0.986667465502	413728782.308	17627407.2554	-1759626.46752	16853531.1117	7178.05594058	-6326924.70261	-1685617.95017	-6339017.28107	7611.49651081	425799061.421044	17345243.686427448	-1734774.5168051275	17345222.36756034	7063.156122748876	-6237566.862302233	-1734794.8022686352	-6237548.034124596	7503.996118172875	426997610.308	0.02955880224154443	0.0	0.0	0.0	-0.015334693537512226	0.0	0.0	0.0	-0.013422210702063463	0.0293123069622
260	350.0	nan	nan	1	1	5.0	5.0	5.0	1.035	-4.66794563276e-20	-3.10947250775e-17	6.69685423923e-21	0.982279721782	1.38365875959e-17	-9.06325253562e-20	1.78287200507e-19	0.984435825662	429234803.93	18365232.0032	-1826717.77795	17429756.7223	-4617.04372313	-6541193.71148	-1737494.62228	-6555543.74725	-6945.38799877	443886912.1207395	18024725.48010511	-1796784.229438535	18024728.702426426	-4531.439930873825	-6434006.305932761	-1796804.7223776295	-6433998.568404255	-6831.577255204873	445139508.038	0.03440142671733232	0.0	0.0	0.0	-0.017879162124290804	0.0	0.0	0.0	-0.015686567728435317	0.0341463342019
270	400.0	nan	nan	1	1	5.0	5.0	5.0	1.04	-5.908187156e-19	2.57058882322e-17	1.80365078206e-19	0.979796041311	6.11813221291e-18	1.13171542687e-19	-1.95128597779e-19	0.982214927326	442096634.375	18978818.7938	-1865325.69719	17880133.833	7691.63257474	-6709017.97641	-1761732.6613	-6725559.51291	6370.03501269	459383083.1215328	18579298.397030815	-1830567.1032762667	18579266.088377286	7529.717118807226	-6584001.722276329	-1830618.2826477147	-6583980.722665669	6251.335387977867	460654051.909	0.03922071315328133	0.0	0.0	0.0	-0.020410850088947576	0.0	0.0	0.0	-0.01794512764478939	0.0389584863841
280	450.0	nan	nan	1	1	5.0	5.0	5.0	1.045	7.02838822874e-19	-6.19993706677e-18	-1.6345088904e-19	0.977331100667	1.81706169589e-17	2.60594980179e-20	-4.771442471e-19	0.980005315685	452834993.09	19500659.1905	-1892550.19332	18237858.9037	8646.48377051	-6833301.95151	-1774909.30184	-6851973.77687	6823.43871077	472791684.29062057	19041649.65942292	-1853059.638988437	19041611.53734263	8442.961498662731	-6690716.099397566	-1853130.5466343265	-6690690.958707334	6681.058668176232	474085620.744	0.04401688541677426	0.0	0.0	0.0	-0.02292978909344903	0.0	0.0	0.0	-0.020197283163862805	0.0437487352532
290	500.0	nan	nan	1	1	5.0	5.0	5.0	1.05	8.66302946804e-19	-8.78037000102e-18	-1.13290656695e-20	0.974885264637	-1.50597693461e-17	4.77779521811e-20	2.1198322994e-19	0.977807022619	461862054.182	19930985.6601	-1916714.9216	18505118.4929	7048.26711365	-6926489.16442	-1784989.20174	-6947214.62105	5285.08761071	484513212.56831956	19412717.096278604	-1872469.3547972506	19412667.32949508	6864.9899121751305	-6766597.656518012	-1872530.6500152687	-6766565.10347905	5163.086318654084	485824723.461	0.04879016416943205	0.0	0.0	0.0	-0.02543549220419045	0.0	0.0	0.0	-0.022442946802633684	0.0485170290627
300	550.0	nan	nan	1	1	5.0	5.0	5.0	1.055	-9.10295720502e-20	3.12574745174e-17	1.8208561388e-19	0.972458658842	2.70654290521e-17	-2.09759768454e-19	-1.42936809849e-20	0.975620094557	469484627.523	20266027.9155	-1921502.29811	18680404.7783	5130.13331856	-6996287.98194	-1776986.54379	-7019000.53033	3548.67295056	494845348.35587126	19689534.113068692	-1872911.6924005377	19689486.871417716	4984.199933086965	-6819367.105449414	-1872976.1822550404	-6819335.834225319	3458.934745041276	496166106.918	0.05354076692802976	0.0	0.0	0.0	-0.02792771458129393	0.0	0.0	0.0	-0.02468201572559319	0.0532633953242
310	600.0	nan	nan	1	1	5.0	5.0	5.0	1.06	1.18028747244e-19	9.74577580265e-18	-2.89552919063e-19	0.970051554396	1.26030561618e-17	-5.31698462859e-19	-6.20623687431e-19	0.973444299227	475942694.024	20525953.7912	-1910332.00543	18784223.312	-4872.78607862	-7047474.63531	-1754314.56295	-7072156.74752	197.212280055	504021128.66356057	19892362.98940317	-1857839.407560948	19892406.278444074	-4722.373948204945	-6853822.301070643	-1857811.07085214	-6853854.908313135	191.7932299200861	505349366.701	0.058268908123975824	0.0	0.0	0.0	-0.03040606003520337	0.0	0.0	0.0	-0.026914672830978474	0.0579878957234
320	650.0	nan	nan	1	1	5.0	5.0	5.0	1.065	9.48041626214e-19	3.97695733021e-17	-5.77041195317e-20	0.967664177568	5.45874088627e-17	-5.03825784939e-19	-3.59684600118e-19	0.971279443333	481443130.457	20735856.9949	-1894435.99697	18840657.7422	5861.36763317	-7083627.53038	-1727808.61346	-7110051.91405	4054.97688793	512243118.88520205	20046021.14434614	-1838254.6175941648	20045975.678481787	5666.372966316385	-6873555.526745193	-1838343.9642296766	-6873516.2979518995	3934.7225244859965	513561579.027	0.06297479916138839	0.0	0.0	0.0	-0.03287017589761288	0.0	0.0	0.0	-0.02914106287379529	0.0626905939542
330	700.0	nan	nan	1	1	5.0	5.0	5.0	1.07	-5.80720494682e-19	3.35938560837e-18	-7.00919763853e-20	0.965295881208	4.45072932739e-17	-4.78811843215e-19	-2.66947727283e-19	0.969126023106	486124754.308	20917449.8389	-1882301.4631	18870540.1374	5087.78710245	-7100400.22908	-1704942.60908	-7128536.18982	3910.19340696	519645329.2838869	20171802.299121447	-1822405.2128828987	20171752.120343838	4906.421975960708	-6874460.146101939	-1822506.3744525418	-6874424.167890983	3785.768107776089	520959874.749	0.06765864847381486	0.0	0.0	0.0	-0.03532061198842656	0.0	0.0	0.0	-0.03136062074281017	0.0673716479969
340	750.0	nan	nan	1	1	5.0	5.0	5.0	1.075	6.459685014e-19	-1.1193540398e-17	-2.73379883726e-19	0.962946419366	1.14788475644e-16	4.13987352971e-19	6.20663392101e-19	0.966984115241	490103950.983	21065319.7002	-1863691.34418	18869584.0134	-10942.8818984	-7101991.94394	-1676471.05886	-7131778.39518	-10262.4175418	526340442.2546581	20264703.34299172	-1800376.7725939606	20264731.950954795	-10526.982668408396	-6860718.313120027	-1800423.1893615455	-6860725.379112483	-9913.775814120572	527662704.038	0.07232066157962608	0.0	0.0	0.0	-0.03775750801957639	0.0	0.0	0.0	-0.033573210508645174	0.0720312029823
350	800.0	nan	nan	1	1	5.0	5.0	5.0	1.08	3.74865018719e-19	-3.54520346117e-17	-6.02452183735e-20	0.960615786685	-6.40279881066e-17	-1.35419392442e-19	1.29172524456e-19	0.964853678681	493490766.972	21170110.7373	-1841300.96058	18829962.0913	-5413.34941614	-7098834.60293	-1645006.32932	-7130174.90935	-4338.50347839	532436543.0844165	20315986.578592595	-1774807.7019604484	20316003.040582176	-5194.943732143607	-6842480.723115936	-1774828.511401149	-6842502.599957917	-4181.830973467427	533743190.047	0.0769610411361284	0.0	0.0	0.0	-0.04018075569428155	0.0	0.0	0.0	-0.03577881744972977	0.0766693526181
360	850.0	nan	nan	1	1	5.0	5.0	5.0	1.085	3.52445115397e-19	-1.83617155328e-17	-2.58609746709e-19	0.958303575453	-3.7843314501e-18	2.75868043009e-19	9.87613946719e-19	0.96273480974	496350533.615	21229705.2185	-1828693.16321	18750597.1567	5150.67463712	-7086749.23665	-1622754.46788	-7119507.01134	3857.69651264	537995582.4760828	20323923.463163737	-1758765.7293595842	20323819.06718744	4930.9171291396	-6815758.893146749	-1758907.6187836754	-6815747.750837371	3710.1819797868757	539279538.959	0.08157998699242285	0.0	0.0	0.0	-0.0425906666021271	0.0	0.0	0.0	-0.037977284401724286	0.0812862919325
370	900.0	nan	nan	1	1	5.0	5.0	5.0	1.09	4.66185758345e-19	2.45556439596e-17	1.25996150904e-19	0.956009363815	-8.3838262328e-18	-1.13740642948e-19	-4.9379373847e-20	0.960627655964	498747812.167	21271155.9594	-1808345.2654	18656364.0551	-8436.38650809	-7078559.07373	-1593772.82984	-7112754.40695	-7736.9265418	543079953.2336891	20314657.67193386	-1735372.4935889072	20314670.20282755	-8057.02822296465	-6792915.570842635	-1735438.3373311188	-6792915.775593982	-7424.71571245427	544361797.161	0.08617769624105241	0.0	0.0	0.0	-0.044987571193139266	0.0	0.0	0.0	-0.04016839986395071	0.0858822032973
380	950.0	nan	nan	1	1	5.0	5.0	5.0	1.095	-1.97660432198e-18	-5.41197937363e-17	-8.51162232872e-19	0.953732937905	-1.35374393817e-17	-2.72797548575e-19	-4.60640339519e-19	0.95853226758	500746086.278	21298497.516	-1769696.77007	18550779.5667	-10809.1553156	-7072914.8394	-1549219.34473	-7108510.22335	-9292.33735125	547752091.7221366	20292152.200698163	-1694563.928350837	20292177.191565655	-10298.427138363366	-6772632.779722204	-1694647.5666334883	-6772636.0164173525	-8897.829250641937	549021316.079	0.09075436326846412	0.0	0.0	0.0	-0.047371586027106054	0.0	0.0	0.0	-0.04235205239954317	0.090457223136
390	1000.0	nan	nan	1	1	5.0	5.0	5.0	1.1	1.18214035701e-18	4.12393872239e-18	-7.22095587534e-19	0.951474417354	-4.81638286281e-17	-2.8709122956e-19	-6.70823624446e-19	0.956448240272	502391844.017	21304125.4318	-1721839.06142	18427609.3283	-10273.565914	-7068077.19163	-1497212.06667	-7105035.35978	-8662.08483906	552057090.3488961	20249278.46662566	-1645139.5950377572	20249318.35382908	-9764.883224320925	-6753229.096303693	-1645222.8415020385	-6753238.473739647	-8276.231538481656	553310068.076	0.09531017980432493	0.0	0.0	0.0	-0.049742479255835144	0.0	0.0	0.0	-0.044528605238792346	0.0950115129691
400	1050.0	nan	nan	1	1	5.0	5.0	5.0	1.105	-1.27425519003e-18	3.98775700029e-17	-4.15046144155e-20	0.94923392269	-9.4351794088e-17	-1.36319364949e-20	2.42055546546e-18	0.954375177824	503725512.748	21288078.1921	-1672783.81025	18287230.2705	-9275.40054451	-7065998.319	-1444788.64696	-7104277.82337	-7266.88826367	556034273.7039331	20186221.91856183	-1594792.8811885435	20186245.374077335	-8795.312197063278	-6736557.197996359	-1594820.9602994374	-6736565.293474124	-6928.080963170906	557269308.709	0.09984533496971612	0.0	0.0	0.0	-0.052100016869068184	0.0	0.0	0.0	-0.04669841668417631	0.0995452307901
410	1100.0	nan	nan	1	1	5.0	5.0	5.0	1.11	1.31501865061e-19	-2.36094022784e-17	-2.65333070727e-19	0.947011138108	-5.74513331365e-17	-6.33951221461e-20	1.28948854819e-18	0.952313120352	504780284.761	21258771.9824	-1624197.93632	18137185.6613	-3972.36245953	-7068962.29705	-1393583.31241	-7108545.80749	-4795.18630251	559715752.2830886	20111081.556780282	-1545115.2844890824	20111063.80971103	-3757.9078162572514	-6724772.545516324	-1545247.6168795615	-6724779.05134389	-4561.707340158298	560930099.309	0.10436001532424286	0.0	0.0	0.0	-0.054444424399543466	0.0	0.0	0.0	-0.04886139033635568	0.104058551358
420	1150.0	nan	nan	1	1	5.0	5.0	5.0	1.115	-1.18161096142e-18	-6.76969907269e-18	-1.68453677385e-19	0.944805915989	6.12622402453e-17	6.48403721123e-19	1.49689250626e-18	0.950261939233	505585366.8	21204091.2613	-1580066.0003	17967490.5581	-6066.98477257	-7071281.68386	-1346666.8344	-7112099.66544	-5376.6326531	563129860.4521589	20012505.418025624	-1499884.2914263285	20012506.522287935	-5726.044287205235	-6712443.857318999	-1499941.169838507	-6712427.867537392	-5103.791142663306	564326819.451	0.10885440491208208	0.0	0.0	0.0	-0.05677575248755519	0.0	0.0	0.0	-0.05101760688442144	0.108551642023
430	1200.0	nan	nan	1	1	5.0	5.0	5.0	1.12	-2.72066982658e-18	-6.98923942471e-17	1.78406314515e-20	0.94261817258	-5.14876388527e-17	9.43912340597e-20	-1.10752204831e-18	0.948221442418	506172977.559	21128534.3875	-1538314.2344	17782269.3233	-8229.62924331	-7075070.75898	-1302426.88742	-7117115.51667	-7946.34579808	566308885.9174942	19894891.638261516	-1457106.2728225605	19894892.805471934	-7749.12159148989	-6701576.149423189	-1457161.7852077794	-6701564.78363728	-7526.856379194636	567488262.714	0.11332868530700327	0.0	0.0	0.0	-0.05909398547189829	0.0	0.0	0.0	-0.053167214956266313	0.113024666739
440	1250.0	nan	nan	1	1	5.0	5.0	5.0	1.125	-5.07425674965e-19	5.33534406772e-17	1.1164953036e-19	0.940447141942	1.07774407566e-16	-2.80659073117e-19	1.56450955825e-18	0.946192078246	506556779.714	21043281.6483	-1492820.45271	17591149.6075	-20489.8445595	-7083339.56078	-1255599.10559	-7126576.40392	-19600.0568334	569264935.3020281	19768860.54426488	-1410979.3675164755	19768809.823956292	-19248.94065670404	-6695008.736804429	-1411033.4166537684	-6694977.401422778	-18525.52042938155	570435739.365	0.11778303565638346	0.0	0.0	0.0	-0.06139983390231954	0.0	0.0	0.0	-0.05530968799726551	0.117477829211
450	1300.0	nan	nan	1	1	5.0	5.0	5.0	1.13	-3.33254525185e-19	-4.88437313869e-17	-4.18222517707e-19	0.938292814567	-1.31471265996e-16	-3.29998742294e-19	-6.58409297813e-19	0.94417379431	506782823.894	20945016.5017	-1446202.38342	17391691.5988	2318.06957841	-7101922.87301	-1208292.71192	-7146480.08523	3325.94807545	572046791.7910441	19631357.007645473	-1363993.305929137	19631409.972556066	2172.6815760042377	-6698215.525757028	-1363897.7818690033	-6698256.9285534695	3136.885240123554	573176105.998	0.12221763272424911	0.0	0.0	0.0	-0.06369320964255738	0.0	0.0	0.0	-0.05744502563977474	0.12191121717
460	1350.0	nan	nan	1	1	5.0	5.0	5.0	1.135	7.32418801579e-19	-3.31377817812e-17	-4.26851665857e-19	0.936154757308	-8.55862736334e-17	-2.63639004833e-19	7.35806933368e-19	0.942166391061	506825972.51	20839741.9984	-1398337.10408	17188717.8563	-20767.8029494	-7130562.52471	-1160828.32005	-7176326.04399	-19602.2765155	574623794.5986142	19488071.68266143	-1316037.82393499	19488042.867963288	-19420.798616429867	-6710892.503010392	-1316111.6642093644	-6710867.935609022	-18448.582430059505	575755089.732	0.126632650933366	0.0	0.0	0.0	-0.06597447716725845	0.0	0.0	0.0	-0.05957338405820581	0.126325124848
470	1400.0	nan	nan	1	1	5.0	5.0	5.0	1.14	-1.06673211795e-19	-2.28346318294e-17	-6.40356908124e-19	0.934033194583	-9.48422791041e-18	2.87594155372e-19	-8.64000075979e-19	0.940169755104	506749621.283	20727229.4888	-1351727.15779	16982463.0753	-3826.70753037	-7166850.13877	-1114738.92317	-7213973.80354	-2802.44823571	577065148.1958854	19338827.009301208	-1269468.3485399468	19338914.44549543	-3570.3775550419177	-6730714.373433556	-1269417.7851976582	-6730749.592543234	-2631.906382255401	578161294.86	0.131028262406404	0.0	0.0	0.0	-0.06824330114607567	0.0	0.0	0.0	-0.06169482948642518	0.130719571493
480	1450.0	nan	nan	1	1	5.0	5.0	5.0	1.145	-3.894233975e-19	-3.43562386758e-17	7.44753718873e-19	0.931927782493	-5.63253616518e-17	-9.56723713924e-19	8.07725324546e-19	0.938183689672	506532498.668	20612053.9522	-1301290.79999	16776409.4866	-6830.64445885	-7208440.0072	-1066265.17577	-7256851.95058	-6258.44143878	579344885.078914	19187920.279247016	-1219513.503755476	19187963.361895733	-6358.699702428074	-6755438.469140926	-1219537.2998663315	-6755459.549491681	-5865.140864066445	580425257.082	0.13540463700620298	0.0	0.0	0.0	-0.07049995389428146	0.0	0.0	0.0	-0.06380951794151779	0.135094816101
490	1500.0	nan	nan	1	1	5.0	5.0	5.0	1.15	1.96088127289e-19	-7.53166873622e-17	-1.01389843786e-18	0.929838513958	5.73607006111e-17	-6.04834463899e-20	-2.00646223337e-18	0.936208065574	506200507.588	20486900.7384	-1250471.75203	16564847.1572	-3895.31409656	-7252428.56649	-1017997.13945	-7302139.43837	-2791.75497829	581490558.0513736	19028565.28301588	-1169414.607561381	19028630.104250573	-3618.030834957893	-6782317.067283406	-1169409.5834358176	-6782345.4012380885	-2610.7899255177977	582548930.416	0.13976194237515863	0.0	0.0	0.0	-0.07274434881753894	0.0	0.0	0.0	-0.06591753492789822	0.139450968339
500	1550.0	nan	nan	1	1	5.0	5.0	5.0	1.155	2.85344224106e-20	-5.24472213028e-18	1.00267525131e-19	0.927765038377	-7.00413661667e-17	1.16149392892e-19	1.31149816993e-18	0.934242901289	505755272.511	20349630.3042	-1204778.04204	16345952.1945	-3417.25470536	-7300519.69991	-974630.53022	-7351471.94169	-3444.43491542	583502350.3443916	18858829.445527352	-1124312.5454704168	18858728.801290683	-3166.908818338514	-6812927.859445682	-1124455.3166539683	-6812907.824340046	-3214.385764290412	584541458.995	0.14410034397375687	0.0	0.0	0.0	-0.07497676965838627	0.0	0.0	0.0	-0.0680188089445812	0.143788216153
510	1600.0	nan	nan	1	1	5.0	5.0	5.0	1.16	-8.60797232647e-20	-4.34935007152e-17	2.51251147979e-19	0.925706836951	-7.22873269659e-17	-8.22945447817e-20	-6.90305382233e-19	0.932288511713	505218310.385	20208101.9308	-1148548.53125	16126433.527	-959.557006728	-7356444.33681	-923212.644012	-7408725.30573	-1011.08636889	585403450.8846717	18686036.894890554	-1069591.370246566	18685921.794825662	-887.2836099035607	-6850724.339691414	-1069739.2723021796	-6850703.489177202	-941.5790672438544	586421348.348	0.14842000511827322	0.0	0.0	0.0	-0.07719768522705267	0.0	0.0	0.0	-0.07011295027713225	0.148106709474
520	1650.0	nan	nan	1	1	5.0	5.0	5.0	1.165	-5.9408773338e-19	-1.3821555408e-16	-4.45539330256e-19	0.923663824785	1.01773496772e-16	-9.02778303095e-19	-1.60089227031e-18	0.930344680728	504588810.399	20063533.5678	-1084986.78732	15907179.2486	191.604824912	-7416756.86857	-866563.764722	-7470369.25406	122.514960885	587191556.1613361	18511329.813917086	-1008287.978544102	18511233.59183642	176.78142765245303	-6892458.855499353	-1008422.927804872	-6892428.426246242	113.85425490506623	588189870.109	0.15272108701766393	0.0	0.0	0.0	-0.07940709953144649	0.0	0.0	0.0	-0.07220013706039824	0.152406614277
530	1700.0	nan	nan	1	1	5.0	5.0	5.0	1.17	-5.00755290505e-19	1.24440627836e-16	7.04519653879e-19	0.92163564311	-3.17338829046e-16	3.61841887155e-19	1.64017342324e-18	0.92841153767	503878833.391	19922655.7345	-1017187.13783	15693628.4454	5035.27533146	-7480564.79772	-807034.618876	-7535647.52986	6105.49044998	588879348.2278776	18340908.30766962	-943312.8184586199	18341023.82920755	4635.502635238598	-6937280.66406098	-943175.2017895363	-6937359.267054968	5662.072582562839	589855104.436	0.1570037488096647	0.0	0.0	0.0	-0.0816053145388127	0.0	0.0	0.0	-0.07428017718169515	0.156688081637
540	1750.0	nan	nan	1	1	5.0	5.0	5.0	1.175	-7.54812235122e-19	3.32474725478e-17	2.87991202066e-20	0.919622053401	2.72813430443e-17	1.01188673461e-18	-9.9952534754e-19	0.926488978148	503088217.195	19781340.6911	-945983.954155	15482030.3564	9143.70182149	-7547967.79934	-745811.102138	-7604409.74591	8929.30328958	590465477.7809426	18170948.56384176	-875460.4393870113	18170977.05523769	8399.316207932803	-6985263.520660624	-875344.9071289881	-6985337.369649423	8263.619849977647	591421064.519	0.16126814759612232	0.0	0.0	0.0	-0.08379250486587297	0.0	0.0	0.0	-0.07635312955198377	0.160951296321
550	1800.0	nan	nan	1	1	5.0	5.0	5.0	1.18	2.21557349222e-18	-7.23419076514e-18	-1.75124061845e-19	0.917622695574	-3.04557048932e-17	7.41365587084e-19	1.94499940513e-19	0.924577072962	502226719.923	19634050.4473	-881478.24507	15268284.6904	-6268.07835267	-7615492.92525	-690832.906583	-7673204.59096	-5361.70300754	591960254.725629	17996364.272251938	-814076.9245647835	17996289.994165026	-5745.254736124703	-7033182.15089933	-814264.9666597146	-7033178.677271946	-4951.7259435725455	592912526.656	0.16551443847757333	0.0	0.0	0.0	-0.0859689798481741	0.0	0.0	0.0	-0.07841886444538412	0.165196428674
560	1850.0	nan	nan	1	1	5.0	5.0	5.0	1.185	-8.55079760253e-19	6.21734359383e-17	4.78573615199e-19	0.915637512141	-8.76607632003e-17	-1.61995051162e-20	3.07499429633e-18	0.922675800615	501316738.438	19488171.0878	-813786.889579	15058340.4064	-1774.89912626	-7685538.19655	-633667.914756	-7744648.06169	-1358.401165	593389009.8006005	17823935.54397085	-750012.9495570025	17823968.397375092	-1623.327683288852	-7083246.542236038	-750047.9191080853	-7083276.68309097	-1251.947503074678	594321048.193	0.16974277458709455	0.0	0.0	0.0	-0.08813472173314327	0.0	0.0	0.0	-0.08047735145120904	0.169423565134
570	1900.0	nan	nan	1	1	5.0	5.0	5.0	1.19	1.5312238104e-18	-5.14385109417e-17	5.44642185085e-19	0.913666206693	-1.59679686601e-16	-7.01502099004e-19	-1.68075159537e-18	0.920785113038	500351802.51	19347069.6356	-745268.948976	14854548.6177	3838.18922896	-7758072.12564	-576605.850031	-7818600.47728	4198.15069779	594743380.9194278	17656716.513310183	-685454.2973387645	17656865.47466038	3502.8467058137867	-7135415.858785858	-685382.7866414123	-7135489.49573951	3861.2106953198263	595654891.436	0.17395330712343798	0.0	0.0	0.0	-0.09028997478465381	0.0	0.0	0.0	-0.0825285891269647	0.173632891306
580	1950.0	nan	nan	1	1	5.0	5.0	5.0	1.195	1.94314652056e-18	-1.79925679865e-18	8.60479595292e-19	0.911708741457	-2.32602658854e-17	6.55974078089e-19	3.08274994175e-18	0.91890482571	499339921.007	19203914.4702	-671682.514735	14651483.9967	8440.63355886	-7831676.24226	-516434.42361	-7893553.33349	8838.90178075	596032082.6017725	17488450.233742207	-616509.8486277858	17488596.75018297	7686.64118789131	-7188374.609576462	-616436.7639798606	-7188431.028181522	8112.865646109524	596924225.866	0.17814618538347404	0.0	0.0	0.0	-0.0924347023523488	0.0	0.0	0.0	-0.08457272487302482	0.177824541054
590	2000.0	nan	nan	1	1	5.0	5.0	5.0	1.2	2.15024607616e-18	-3.03640665163e-17	-9.68158658712e-19	0.909764807922	1.27358709279e-16	3.39183755816e-19	-1.08579035926e-19	0.917034937647	498275719.709	19058695.3516	-599063.888516	14449208.8309	2408.69764902	-7906054.94695	-457886.753325	-7969279.13598	2619.41878311	597248008.0916582	17319128.720531896	-548735.1266498626	17319248.864454653	2188.8457663340714	-7241848.733967734	-548836.5989709958	-7241889.784145157	2399.3552695348385	598130874.718	0.1823215567939546	0.0	0.0	0.0	-0.09456916570889812	0.0	0.0	0.0	-0.08660970750925404	0.181998687482
600	2050.0	nan	nan	1	1	5.0	5.0	5.0	1.205	-1.30871884307e-18	-1.06152286532e-17	-1.00426343809e-18	0.907834411388	2.43241869128e-16	6.33951221461e-19	-2.03123794708e-18	0.915175316621	497177024.88	18912386.3489	-529454.835536	14248568.4229	7023.56540465	-7980779.4	-402076.248135	-8045365.59106	7203.87410895	598411749.9495825	17149639.140805326	-483988.7106528219	17149848.720949914	6368.927217826253	-7295442.165336439	-483946.64117414004	-7295489.532475417	6585.252428880496	599275884.612	0.18647956694261839	0.0	0.0	0.0	-0.09669328332437752	0.0	0.0	0.0	-0.0886396291956193	0.18615542882
610	2100.0	nan	nan	1	1	5.0	5.0	5.0	1.21	5.95728859716e-19	1.18941319366e-16	2.10911203866e-19	0.905917403009	6.67152266015e-17	1.02496280574e-18	4.71056197792e-19	0.91332572985	496029184.849	18770080.8811	-459472.615137	14053091.6256	-796.054167857	-8053380.02357	-346761.328643	-8119296.34855	-470.232685683	599505172.4987569	16984590.52571185	-419165.6245218944	16984688.353994437	-720.3300914361904	-7346901.547299716	-419098.7476015222	-7346954.161283695	-428.98177360614636	600362418.764	0.1906203596086497	0.0	0.0	0.0	-0.09880714375182233	0.0	0.0	0.0	-0.09066269328453498	0.190294956796
620	2150.0	nan	nan	1	1	5.0	5.0	5.0	1.215	-1.71423586657e-18	-3.79630637839e-17	-6.37604051046e-19	0.904013725463	3.99068985187e-18	6.04622705662e-19	1.00394580073e-18	0.91148618037	494860047.769	18629346.0875	-396755.391387	13861017.8915	15194.7964397	-8129389.43229	-297751.474596	-8196610.65206	15624.8800013	600561212.8997166	16821752.719850134	-361219.7890743902	16821704.953699812	13720.455196685487	-7401276.453408238	-361350.6233372974	-7401298.836911893	14225.42952384736	601390578.461	0.19474407679251185	0.0	0.0	0.0	-0.10091073567092966	0.0	0.0	0.0	-0.09267884639360413	0.194417345423
630	2200.0	nan	nan	1	1	5.0	5.0	5.0	1.22	3.64012409083e-19	-5.70649272939e-17	-6.39509875177e-20	0.902123057678	2.87209602414e-16	3.60730156412e-19	8.62835405677e-19	0.90965654304	493642519.202	18492480.543	-337722.626698	13674300.5507	4725.9084251	-8208712.75696	-251829.257288	-8277342.01102	4802.11298096	601546672.835822	16663180.244083308	-306855.9469866721	16663333.64663962	4258.415398697744	-7458464.809439595	-306876.0205040676	-7458536.541424618	4363.2164676581215	602373120.165	0.19885085874516517	0.0	0.0	0.0	-0.10300434064397877	0.0	0.0	0.0	-0.09468817594483993	0.198522814183
640	2250.0	nan	nan	1	1	5.0	5.0	5.0	1.225	1.99613901932e-18	-1.64177431551e-16	6.99437456195e-19	0.900245387448	-1.92369440893e-16	6.26910260087e-19	1.3626642539e-19	0.907836777406	492399975.163	18354880.9353	-276887.40168	13489021.0416	8346.2641849	-8284171.8603	-205093.010232	-8354098.61418	8478.40604563	602489309.1609713	16504702.878999334	-251076.57882526965	16504856.57705628	7504.958000381926	-7511939.931050084	-250947.10048983517	-7512002.716603151	7688.068041060414	603300021.131	0.20294084399669038	0.0	0.0	0.0	-0.10508790010082367	0.0	0.0	0.0	-0.09669067710578927	0.202611433802
650	2300.0	nan	nan	1	1	5.0	5.0	5.0	1.23	7.88058278302e-19	1.80076663487e-16	4.0869339705e-20	0.898380358674	-9.25452316302e-17	2.34045791238e-19	1.36229367698e-18	0.906026939406	491127797.913	18216910.044	-215776.893259	13305621.192	8493.76485936	-8357279.57307	-158849.470162	-8428509.05454	8435.18754046	603383120.350983	16346639.73727052	-195271.82090465815	16346839.391199151	7621.737925570458	-7563095.2665716745	-195157.12484559184	-7563181.719847545	7633.599714130675	604181554.146	0.20701416938432612	0.0	0.0	0.0	-0.1071617383592257	0.0	0.0	0.0	-0.09868623893750894	0.206683372844
660	2350.0	nan	nan	1	1	5.0	5.0	5.0	1.235	4.369948854e-18	4.11597661268e-17	5.78099986501e-20	0.896527638588	1.01945179762e-16	7.12937043792e-19	-3.91366279323e-18	0.904227158262	489831600.281	18079430.2179	-156726.316975	13124571.4408	8482.75773915	-8428561.50993	-114652.034743	-8501017.64018	8334.34371025	604234570.9308494	16189753.445886124	-141550.4608251502	16189890.134964157	7596.132991073723	-7612421.377923582	-141429.67293156203	-7612484.352376292	7527.326715967364	605021088.898	0.2110709700799406	0.0	0.0	0.0	-0.10922615697769936	0.0	0.0	0.0	-0.10067466889253533	0.210738764545
670	2400.0	nan	nan	1	1	5.0	5.0	5.0	1.24	-2.07131319339e-18	9.57726389175e-17	3.67400540872e-19	0.894686887818	-2.70656672801e-17	-3.56442052116e-19	4.00223067578e-20	0.902437553177	488513230.656	17945433.0129	-101831.480435	12948123.3593	8260.29469705	-8495845.39294	-74013.6383512	-8569522.60553	7727.77559627	605045588.2199318	16036703.422360243	-91788.7171023733	16036832.623246962	7381.705202803751	-7657973.212083841	-91669.21700844028	-7658042.711887067	6965.651535326712	605820911.951	0.2151113796169455	0.0	0.0	0.0	-0.11128146793108212	0.0	0.0	0.0	-0.10265578432473628	0.214777747569
680	2450.0	nan	nan	1	1	5.0	5.0	5.0	1.245	-2.38863291126e-19	1.25772745964e-16	1.926999955e-20	0.89285775997	2.42889238724e-16	5.44853943321e-19	-3.25260651746e-19	0.900658264761	487179237.098	17821043.5266	-46993.3916736	12780525.2114	3780.12225002	-8565840.5225	-33975.4213073	-8640714.61055	4222.62946599	605823973.1650747	15892921.595320622	-42275.15043901451	15893018.365947394	3371.1374112624526	-7705811.047656937	-42249.5934944891	-7705845.038088652	3798.668058752372	606592323.587	0.219135529916671	0.0	0.0	0.0	-0.11332799414084196	0.0	0.0	0.0	-0.10462937771432479	0.218800455093
690	2500.0	nan	nan	1	1	5.0	5.0	5.0	1.25	4.3423144041e-18	-3.59703128963e-18	-1.33831205666e-19	0.891040125276	8.65728023191e-17	-5.2298990537e-19	-1.18513144211e-18	0.89888916212	485818501.702	17697414.3756	6323.12751266	12615423.4893	-994.912275303	-8634617.88817	4507.89629917	-8710762.93219	-825.57320218	606555638.8124985	15750475.250017468	5677.075438730532	15750648.084901985	-885.4593578210453	-7752394.212770541	5628.212819940615	-7752468.97995384	-741.2220202085889	607318096.972	0.22314355131420976	0.0	0.0	0.0	-0.11536581854552878	0.0	0.0	0.0	-0.1065955423004761	0.222807032148
700	2550.0	nan	nan	1	1	5.0	5.0	5.0	1.255	-2.67725938803e-18	-3.53135447249e-17	-3.29389937364e-19	0.889233895053	-3.52080997108e-16	-9.3173624198e-19	-2.76042743554e-18	0.897130252688	484455926.316	17571345.2431	56685.9001691	12450264.4312	15353.8814095	-8710308.88745	40340.7917148	-8787795.99881	15783.8971774	607271308.2939978	15606509.606495036	50794.33903136748	15606555.641161416	13637.00356456751	-7805016.439312858	50567.66577003929	-7805140.743518337	14143.42229855143	608009069.716	0.22713557258374711	0.0	0.0	0.0	-0.117394979025473	0.0	0.0	0.0	-0.10855421822549403	0.226797558138
