inc	time	elem	node	ip	grain	1_pos	2_pos	3_pos	1_f	2_f	3_f	4_f	5_f	6_f	7_f	8_f	9_f	1_p	2_p	3_p	4_p	5_p	6_p	7_p	8_p	9_p	1_Cauchy	2_Cauchy	3_Cauchy	4_Cauchy	5_Cauchy	6_Cauchy	7_Cauchy	8_Cauchy	9_Cauchy	Mises(Cauchy)	1_ln(V)	2_ln(V)	3_ln(V)	4_ln(V)	5_ln(V)	6_ln(V)	7_ln(V)	8_ln(V)	9_ln(V)	Mises(ln(V))
0	0.0	nan	nan	1	1	5.0	5.0	5.0	1.0	0.0	0.0	0.0	1.0	0.0	0.0	0.0	1.0	6.25954800657e-06	9.51907866771e-08	-1.33812915783e-07	9.51907866771e-08	5.19601926398e-06	-1.43838457109e-07	-1.33812915783e-07	-1.43838457109e-07	7.14418908437e-06	6.25954800657e-06	9.51907866771e-08	-1.33812915783e-07	9.51907866771e-08	5.19601926398e-06	-1.43838457109e-07	-1.33812915783e-07	-1.43838457109e-07	7.14418908437e-06	1.7313273775e-06	0.0	0.0	0.0	0.0	0.0	0.0	0.0	0.0	0.0	0.0
10	2.5	nan	nan	1	1	5.0	5.0	5.0	1.00025	-9.83756855221e-22	7.83459464289e-20	2.32499144438e-22	0.999927414332	2.43802018209e-20	4.51201174754e-22	6.21858874881e-22	0.999931109046	55617388.4805	1933850.67641	-125467.598886	1933226.9999	-3.32675194501	-254384.736021	-125427.598418	-254385.676302	-0.848788711787	55625257.875928275	1933500.5352727901	-125445.34536023393	1933500.5353559153	-3.3261496065133205	-254339.61714307612	-125445.34537442023	-254339.61747694341	-0.8486381666133026	55728144.5454	0.0002499687552074404	0.0	0.0	0.0	-7.25883024672524e-05	0.0	0.0	0.0	-6.889332709118415e-05	0.000213817022411
20	5.0	nan	nan	1	1	5.0	5.0	5.0	1.0005	-3.22110592877e-21	1.12347153809e-19	-1.49350690771e-21	0.999854801787	9.92350486304e-20	-1.08859553551e-21	1.02911607959e-21	0.999862192818	111278912.743	3869057.99288	-250992.379735	3866562.93179	-84.8110651394	-508881.976807	-250832.375683	-508885.737952	-80.2079227002	111310411.96285543	3867657.4216348836	-250903.37698384275	3867657.4223171906	-84.7803641420719	-508701.52552796924	-250903.3776720897	-508701.52496451396	-80.17948069812623	111516221.619	0.0004998750416509929	0.0	0.0	0.0	-0.0001452087552812079	0.0	0.0	0.0	-0.00013781667828255726	0.000427613137086
30	7.5	nan	nan	1	1	5.0	5.0	5.0	1.00075	-6.5023633977e-21	1.43452763756e-19	-1.58952448225e-21	0.99977672698	3.69975980633e-19	-2.14911862899e-22	-2.44225075856e-22	0.999791358044	163118551.126	5727967.52588	-316020.21146	5722397.02705	-4335.47702252	-929735.30888	-315717.582243	-929748.928816	-2132.72399407	163189027.30879635	5724869.217714075	-315853.89558269834	5724869.41719893	-4333.131924751662	-929246.0055444939	-315853.9895975565	-929246.0194183132	-2131.6015789545954	163502066.633	0.0007497188905459742	0.0	0.0	0.0	-0.0002232979491312707	0.0	0.0	0.0	-0.00020866372476088308	0.000643855257741
40	10.0	nan	nan	1	1	5.0	5.0	5.0	1.001	-1.6627881276e-21	-3.28056108626e-19	-1.94428802981e-21	0.999661571054	-3.21680924247e-19	-1.42933901792e-21	3.69729054296e-21	0.999698964478	184639601.348	6510344.12215	104577.08496	6501639.03181	5254.38701241	-1783748.19282	104441.083589	-1783814.95366	3623.33444887	184757728.52762434	6505798.758393393	104507.98087346795	6505798.596043004	5250.718527328216	-1782569.4997103657	104507.90203179997	-1782569.5374904808	3620.9401650994682	185122448.239	0.0009995003330834232	0.0	0.0	0.0	-0.0003384862259993633	0.0	0.0	0.0	-0.00030108084228832937	0.000879787674985
50	12.5	nan	nan	1	1	5.0	5.0	5.0	1.00125	6.10283516184e-21	1.01151781206e-19	4.90497423729e-21	0.99952755499	7.38446880293e-19	9.628899318e-22	3.74857574094e-21	0.999600366722	193322531.386	6973937.35746	254766.15848	6961939.96767	509.192784027	-2268337.24714	254346.149288	-2268502.39325	-56.8329337784	193491234.3583385	6968015.469799681	254568.3679121777	6968015.306935255	508.7604052558832	-2266576.1980477613	254568.1045411208	-2266576.1046068105	-56.7888108921026	193907288.553	0.0012492194004318981	0.0	0.0	0.0	-0.00047255664730654735	0.0	0.0	0.0	-0.0003997131526594994	0.00112435635888
60	15.0	nan	nan	1	1	5.0	5.0	5.0	1.0015	-1.45501069748e-21	5.15566993348e-19	-5.51150442144e-21	0.999390185557	8.66178869712e-19	2.68316711197e-21	-9.60501447781e-21	0.999499451854	199048670.944	7355848.4966	293139.575257	7340352.00178	-3436.41538153	-2642603.67061	292554.109343	-2642892.78594	-3036.13091561	199269871.92947292	7348509.5325477915	292879.12639162136	7348509.268486736	-3432.986854016805	-2640255.768157551	292879.22207539814	-2640255.959588992	-3033.433371781541	199732176.654	0.0014988761237359487	0.0	0.0	0.0	-0.0006100004554533556	0.0	0.0	0.0	-0.0005006734620425427	0.00137092923585
70	17.5	nan	nan	1	1	5.0	5.0	5.0	1.00175	1.02557988247e-20	4.06968932268e-19	-5.89614340628e-21	0.999252379101	-5.78261286721e-19	-3.00866268301e-21	-1.80736895891e-20	0.99939669596	203554645.967	7683311.50946	314020.036337	7664154.74586	-5272.93488936	-2957194.80491	313282.828443	-2957621.97635	-5253.75736571	203829912.9437138	7674519.271835887	313705.9944373434	7674518.983413692	-5266.900916057386	-2954237.404213466	313706.48085649405	-2954237.4831941063	-5248.503242556878	204332937.421	0.001748470534116803	0.0	0.0	0.0	-0.0007479005068730575	0.0	0.0	0.0	-0.0006034861011110223	0.0016182585914
80	20.0	nan	nan	1	1	5.0	5.0	5.0	1.002	5.71974714065e-21	4.42068480405e-19	-1.22306925372e-20	0.99911501604	1.27368236745e-19	-3.73885636874e-21	3.7805255921e-21	0.999292381795	207425622.801	7951871.03235	329256.623275	7928975.68408	749.194816136	-3218504.99456	328366.89254	-3219076.44072	889.531660384	207756365.93575463	7941618.6682282435	328890.48723194463	7941618.549690011	748.2288776767474	-3214925.990828682	328890.4782664004	-3214926.078664106	888.5424939427421	208285638.514	0.001998002662673058	0.0	0.0	0.0	-0.0008853757894965841	0.0	0.0	0.0	-0.0007078686849313053	0.0018658998318
90	22.5	nan	nan	1	1	5.0	5.0	5.0	1.00225	2.16032692629e-20	1.37970210656e-19	2.01749351402e-20	0.998978137496	2.80909191855e-18	7.60592573243e-22	1.74007781608e-20	0.999186905841	210909894.786	8170611.51081	332326.372245	8143938.40237	1223.96124038	-3436854.93095	331310.530735	-3437573.17459	1877.34574164	211297440.87220708	8158902.862032979	331919.4926166528	8158902.856538223	1222.2072795826457	-3432647.0606941986	331919.3125071203	-3432647.0638707066	1875.0472369126217	211852158.064	0.00224747254047937	0.0	0.0	0.0	-0.001022384961438247	0.0	0.0	0.0	-0.0008134248993496559	0.00211369742014
100	25.0	nan	nan	1	1	5.0	5.0	5.0	1.0025	1.22958330104e-20	-7.84042109633e-19	-5.7919186491e-21	0.998841729256	-2.04779438063e-18	-1.52159873679e-21	-4.55672861446e-20	0.999080539339	214137501.687	8350463.00041	326547.535893	8319990.93864	-205.110560003	-3620521.23586	325433.779059	-3621386.78734	46.3258661873	214583119.24516752	8337304.7268672455	326110.9276325611	8337304.739430821	-204.78735626508077	-3615680.4414735157	326111.00282796635	-3615680.3734621587	46.26392648901381	215160450.621	0.002496880198587146	0.0	0.0	0.0	-0.0011589420579836013	0.0	0.0	0.0	-0.0009198836242388267	0.00236156540961
110	27.5	nan	nan	1	1	5.0	5.0	5.0	1.00275	3.77481804587e-20	-1.10007783639e-18	-6.63812441574e-21	0.998705683818	-2.05994525023e-18	8.87812951453e-21	-2.90657308578e-20	0.998973542725	217177576.187	8504653.44903	315617.518263	8470352.24075	-391.330935395	-3779170.76285	314429.225572	-3780184.2801	12.2930173158	217682478.70133325	8490044.460002761	315159.8669150667	8490044.430978518	-390.65872113306295	-3773690.894041682	315160.2223413648	-3773690.814963544	12.27519220908327	218277361.792	0.0027462256680252286	0.0	0.0	0.0	-0.0012951545326617235	0.0	0.0	0.0	-0.001026984443043171	0.00260946072188
120	30.0	nan	nan	1	1	5.0	5.0	5.0	1.003	1.76687846793e-20	2.30947793049e-19	-1.68025197828e-20	0.998569938415	-5.78976177565e-19	-1.12877066389e-20	-1.06242043901e-20	0.99886606429	220077174.231	8641910.31271	301803.313856	8603740.58617	-310.151207318	-3919570.87662	300559.695681	-3920733.24362	4.79674029876	220642543.32175428	8625843.278052855	301331.5346720238	8625843.237248128	-309.5745743726635	-3913443.8002599603	301331.8210159345	-3913443.8186401995	4.789242030450849	221252417.428	0.002995508979798371	0.0	0.0	0.0	-0.001431085098976199	0.0	0.0	0.0	-0.001134579101519141	0.00285736002881
130	32.5	nan	nan	1	1	5.0	5.0	5.0	1.00325	3.10010749973e-20	1.06995398643e-18	-8.53484956032e-21	0.998434435889	-2.02103239947e-18	-7.0310352067e-22	2.99276013573e-20	0.998758210635	222861577.903	8768723.01109	286915.90476	8726633.52308	-250.545347077	-4045493.59264	285631.678052	-4046805.53952	-14.3070512124	223488554.78984317	8751184.108258862	286434.88097118255	8751184.177214306	-250.04421475799634	-4038711.191862336	286435.2461769945	-4038711.2561170016	-14.283064978570556	224111852.806	0.0032447301648890294	0.0	0.0	0.0	-0.0015667908870574511	0.0	0.0	0.0	-0.0012425610243049557	0.00310525153942
140	35.0	nan	nan	1	1	5.0	5.0	5.0	1.0035	-2.94604511064e-20	-1.14534653618e-18	5.79026428787e-24	0.998299128156	4.9208966369e-18	5.45277459795e-21	4.28475421399e-20	0.998650067366	225550203.404	8888350.5571	271817.806703	8842284.69052	-205.147253954	-4158549.69749	270504.501297	-4160011.69218	-26.5043455299	226239897.6358856	8869322.821003154	271331.2622384689	8869322.896009082	-204.70808497838735	-4151106.037487248	271331.658140257	-4151106.147317644	-26.45690366889774	226875415.488	0.003493889254255838	0.0	0.0	0.0	-0.0017023199687974137	0.0	0.0	0.0	-0.0013508446138912485	0.00335312694753
150	37.5	nan	nan	1	1	5.0	5.0	5.0	1.00375	-1.17412911278e-19	-1.16857459497e-19	3.35504456452e-21	0.998163982293	-2.78046257716e-18	-1.58487805365e-21	5.5261661978e-20	0.99854169697	228158052.886	9002167.32856	255487.358405	8952069.0408	-181.342834406	-4260829.32037	254162.046024	-4262441.86744	-17.8654084295	228911548.04180798	8981633.264109254	255001.04661621846	8981633.373819932	-180.92918896778792	-4252718.971813352	255001.4197302834	-4252719.18035487	-17.831402211795755	229558279.032	0.003742986278834297	0.0	0.0	0.0	-0.0018377052534037557	0.0	0.0	0.0	-0.0014593673887615146	0.00360097953342
160	40.0	nan	nan	1	1	5.0	5.0	5.0	1.004	-1.68877193859e-20	-6.56075407714e-19	-4.65040940377e-21	0.998028979224	-1.10300564217e-18	-1.06673211795e-20	-3.67321958713e-20	0.998433140677	230696433.77	9110789.57758	237495.723608	9056605.67133	-145.076606318	-4353987.54926	236179.21371	-4355750.97763	-27.7268239739	231514790.3494317	9088732.376193346	237016.6903268691	9088732.44813939	-144.72537617544833	-4345205.475587096	237017.01952392634	-4345205.714161276	-27.67089845548723	232171841.961	0.003992021269537457	0.0	0.0	0.0	-0.0019729657936500534	0.0	0.0	0.0	-0.0015680881308161444	0.00384880394494
170	42.5	nan	nan	1	1	5.0	5.0	5.0	1.00425	-3.64017372166e-20	-1.76604094756e-18	-2.31709833188e-20	0.997894094832	3.29354409956e-18	1.15987265492e-20	-9.59074561225e-21	0.998324438877	233173744.602	9215491.36648	219007.115404	9157166.48297	-125.009579329	-4439353.51942	217715.278346	-4441268.26751	-28.2763892057	234058001.15279505	9191892.856863922	218540.4998064461	9191892.881789507	-124.68946186130955	-4429895.052322272	218540.9123015477	-4429895.318662189	-28.216143655131678	234724671.84	0.004240994257254614	0.0	0.0	0.0	-0.0021081257043284347	0.0	0.0	0.0	-0.0016769664455602315	0.00409659700166
180	45.0	nan	nan	1	1	5.0	5.0	5.0	1.0045	-5.11396141905e-20	7.04317821809e-19	8.16592700712e-21	0.997759318302	3.58857957173e-18	6.59097512082e-21	1.14018575634e-20	0.998215614926	235596222.996	9317228.86603	201464.841458	9254705.8061	-107.325072418	-4518188.02139	200204.786231	-4520254.57848	-23.9916440291	236547396.2877812	9292069.795438	201012.7165733291	9292069.85580382	-107.03526531849315	-4508048.36018009	201013.07357588215	-4508048.652697879	-23.93780228077701	237223139.848	0.004489905272852001	0.0	0.0	0.0	-0.002243195781444867	0.0	0.0	0.0	-0.001785978985429355	0.00434435573102
190	47.5	nan	nan	1	1	5.0	5.0	5.0	1.00475	-9.3219532722e-20	-4.91873438678e-19	9.55889915866e-21	0.99762464415	7.38697929609e-19	-1.04721065549e-21	-2.14148788784e-20	0.998106684602	237969115.433	9416285.22767	184501.899092	9349508.05431	-90.5330203992	-4591266.24068	183282.27729	-4593485.05168	-19.7176106184	238988202.70136273	9389546.696725076	184066.88256176084	9389546.714815442	-90.27594237863018	-4580441.004087563	184067.17172877162	-4580441.368398351	-19.671120654892555	239672528.745	0.00473875434717347	0.0	0.0	0.0	-0.002378181483183719	0.0	0.0	0.0	-0.0018951099851023572	0.00459207746897
200	50.0	nan	nan	1	1	5.0	5.0	5.0	1.005	3.10416068473e-20	6.93668698603e-19	2.48667035746e-20	0.997490065962	7.52296944315e-18	-8.78300374409e-21	4.18751913299e-20	0.997997662167	240296288.541	9512968.07169	168084.160333	9441881.79294	-85.3745621484	-4659361.42764	166913.311608	-4661732.81064	-11.2610326599	241384266.84481445	9484631.308429284	167668.75825280117	9484631.360984813	-85.12025258512554	-4647846.312678511	167669.03722802486	-4647846.66931751	-11.233202218394931	242076752.297	0.004987541511038968	0.0	0.0	0.0	-0.002513089203047664	0.0	0.0	0.0	-0.002004345191453039	0.00483976035309
210	100.0	nan	nan	1	1	5.0	5.0	5.0	1.01	-1.01652225477e-19	1.34095274805e-17	1.07798177428e-20	0.994814533561	5.24729714353e-18	-2.78792953655e-20	-4.33839687672e-20	0.995807106731	279821914.209	11148368.2118	-98774.9741324	10980753.3684	-4058.08236882	-5551362.50264	-97386.6479201	-5556905.21673	-6773.83282514	282464829.6052551	11084464.304286763	-98306.77055090334	11084466.482585004	-4034.8209088959047	-5525048.470884968	-98306.46391058553	-5525052.307830395	-6741.724157767036	283283652.283	0.009950330853168092	0.0	0.0	0.0	-0.005198957629046895	0.0	0.0	0.0	-0.004201708094359368	0.00978406475999
220	150.0	nan	nan	1	1	5.0	5.0	5.0	1.015	-5.42855474961e-19	-5.90534165469e-19	1.28179907721e-20	0.992162163937	1.22192857166e-17	7.01449159445e-22	-5.62813688781e-20	0.993613799537	310862596.155	12447140.1235	-317841.886694	12167061.8502	9897.77494512	-6145745.4444	-311154.136724	-6154725.85434	7052.83138595	315332107.9453338	12342010.794954572	-315618.4818740617	12341997.101548394	9814.17771525427	-6102754.005526658	-315627.8402184069	-6102742.652574129	7003.494593179102	316224666.773	0.014888612493750559	0.0	0.0	0.0	-0.007868713346622936	0.0	0.0	0.0	-0.0064066794764591406	0.0147084471764
230	200.0	nan	nan	1	1	5.0	5.0	5.0	1.02	-6.54911978183e-19	9.38894993873e-18	1.6146565557e-21	0.989530035183	-6.32174205894e-17	-2.74623963368e-20	5.56527116126e-20	0.991425015372	335923504.633	13514844.3604	-517445.563331	13111106.3154	9314.32506628	-6622565.3272	-502966.570443	-6635236.48864	6281.50134162	342414020.48443663	13364447.342682078	-512667.17922242667	13364431.379577765	9210.672617560516	-6561408.824641994	-512684.5939012558	-6561397.696780242	6223.494416223717	343377119.042	0.01980262729617973	0.0	0.0	0.0	-0.010525160501247842	0.0	0.0	0.0	-0.008611961343608894	0.0196119231947
240	250.0	nan	nan	1	1	5.0	5.0	5.0	1.025	5.86537228749e-20	7.55503261806e-18	8.37172954353e-20	0.986918321865	-2.55078165258e-17	-6.34612965951e-20	1.34956171299e-19	0.989242880382	356449402.916	14403574.6335	-693257.465255	13868451.9516	-7932.37399465	-7001642.37945	-669069.77424	-7018152.31984	385.443885565	365101608.7995339	14205073.611139474	-685313.8011584725	14205085.14719387	-7823.054996571255	-6921414.328583063	-685310.3104558461	-6921432.550892504	381.02729157439205	366131645.743	0.024692612590371414	0.0	0.0	0.0	-0.013167996909121852	0.0	0.0	0.0	-0.01081539572809692	0.0244938955603
250	300.0	nan	nan	1	1	5.0	5.0	5.0	1.03	-3.49506969861e-19	-8.55112516605e-18	1.1164953036e-19	0.984327672815	2.9604761036e-18	-8.49150529622e-20	4.08481638813e-19	0.987068305751	373450014.376	15140555.4529	-842017.427656	14469178.5419	-2402.93611026	-7291165.62216	-806941.164119	-7311459.9827	-6316.47885113	384366543.7635574	14892149.120004198	-830508.6515264038	14892135.314389061	-2363.5118930184876	-7191509.2610050505	-830529.3194089492	-7191503.157597586	-6230.144603598629	385439351.102	0.02955880224154443	0.0	0.0	0.0	-0.015796436534101482	0.0	0.0	0.0	-0.013016036521760472	0.0293539518609
260	350.0	nan	nan	1	1	5.0	5.0	5.0	1.035	1.3659068019e-19	1.10760112678e-17	-2.76873894634e-20	0.981757836807	1.93428245312e-17	6.24951496396e-20	-2.2861948642e-19	0.984902468451	387640125.379	15756416.2515	-962209.750497	14945889.3699	-3826.97036305	-7510090.96094	-915628.382	-7534168.56483	1346.39676594	400895445.8987733	15456952.40778738	-946945.5925530861	15456962.762669647	-3754.2355966920836	-7390953.512434892	-946938.2152339693	-7390975.402020025	1325.037999953825	401996833.563	0.03440142671733232	0.0	0.0	0.0	-0.018410603068482505	0.0	0.0	0.0	-0.01521265951355019	0.0341919252508
270	400.0	nan	nan	1	1	5.0	5.0	5.0	1.04	6.09109333304e-19	1.24225124125e-17	3.00061421565e-19	0.97920922559	-2.76613564351e-17	1.64271452208e-19	-6.93256762658e-19	0.982745542568	399571527.168	16268614.6519	-1062778.31634	15317675.2638	-5541.76611149	-7663600.03725	-1004258.33927	-7691298.61251	697.137206934	415219703.8348354	15917547.346868386	-1043599.4683713036	15917552.062710095	-5422.178000547031	-7525303.068119618	-1043587.4977398738	-7525324.832082918	684.5567013859117	416344368.424	0.03922071315328133	0.0	0.0	0.0	-0.02100994571004343	0.0	0.0	0.0	-0.017405050362801818	0.0390077047414
280	450.0	nan	nan	1	1	5.0	5.0	5.0	1.045	-6.46577306331e-19	7.28473067339e-18	2.05273140811e-20	0.976682325108	-7.29108226244e-17	-1.75521108539e-19	3.91223342513e-20	0.980597457175	409667274.697	16698581.6847	-1143923.68683	15606906.5413	-4977.34581026	-7768578.46465	-1073410.79219	-7799744.0261	1014.42591216	427747206.14545304	16295681.665882459	-1120798.223749241	16295689.409294078	-4857.253412085727	-7611529.549112561	-1120783.855008305	-7611553.371694483	993.9183649783955	428886404.815	0.04401688541677426	0.0	0.0	0.0	-0.023593833233865037	0.0	0.0	0.0	-0.019593242900122394	0.043801223788
290	500.0	nan	nan	1	1	5.0	5.0	5.0	1.05	3.33955974345e-19	-4.81060450992e-17	-1.19511054902e-19	0.974177228132	1.03079925979e-16	6.68097237147e-20	5.83036600397e-19	0.978458311392	418250766.423	17060201.2211	-1207852.36158	15828253.6893	-6197.47035695	-7836022.01809	-1125535.32001	-7870488.14944	638.003770069	438789720.96760166	16605521.66361285	-1180827.8301299748	16605528.494616602	-6032.298619354148	-7660698.584360109	-1180806.7519639328	-7660728.016917689	623.7290511564037	439938933.779	0.04879016416943205	0.0	0.0	0.0	-0.026162032824383393	0.0	0.0	0.0	-0.02177709766066023	0.0485725069304
300	550.0	nan	nan	1	1	5.0	5.0	5.0	1.055	-6.97240464488e-19	-1.50934778867e-17	9.5966185946e-20	0.971694072077	4.63141468993e-17	9.82293521019e-20	-8.30767267689e-19	0.976328062829	425578527.737	17367563.5776	-1256679.13659	15996170.8091	-5272.63644552	-7872910.02816	-1162940.86568	-7910488.92152	884.126725734	448594951.8193757	16861284.84669821	-1225864.2844584067	16861286.474108104	-5118.93476616752	-7679859.510092682	-1225835.8155017104	-7679891.677749712	862.44717880287	449748483.847	0.05354076692802976	0.0	0.0	0.0	-0.028714264724457775	0.0	0.0	0.0	-0.02395661910031351	0.0533216034294
310	600.0	nan	nan	1	1	5.0	5.0	5.0	1.06	4.33813217892e-19	-3.25733723576e-17	6.92317085482e-20	0.969232877945	-1.00332376091e-18	1.02543926177e-19	4.61249144449e-19	0.974206669822	431855946.629	17623957.5953	-1284831.08978	16114830.8862	-7340.81343735	-7880404.64918	-1180803.41179	-7920876.6232	864.232668768	457361567.75197434	17066578.99698378	-1250581.5983555885	17066580.594065715	-7108.651490631384	-7670338.241541002	-1250542.2325169595	-7670369.489044598	841.1949873068992	458516596.587	0.058268908123975824	0.0	0.0	0.0	-0.03125036784893123	0.0	0.0	0.0	-0.02613181117244576	0.0580486037939
320	650.0	nan	nan	1	1	5.0	5.0	5.0	1.065	5.3431897104e-19	-5.12035552518e-18	-4.52633231189e-20	0.966793651702	4.79383855152e-17	1.5749518863e-19	-1.14720024794e-19	0.972094027865	437247146.957	17842994.7538	-1296177.2628	16197675.6512	-11958.1023354	-7867677.42253	-1183040.83066	-7910822.61594	-11654.9460473	465248433.30704457	17234943.53845158	-1258870.3393446666	17234974.024147417	-11550.595705564472	-7641227.809658747	-1258802.7087960807	-7641238.649100371	-11319.490247741083	466409472.303	0.06297479916138839	0.0	0.0	0.0	-0.03377019647349891	0.0	0.0	0.0	-0.028302742713744666	0.0627536220854
330	700.0	nan	nan	1	1	5.0	5.0	5.0	1.07	7.6090028443e-19	-1.70187629929e-17	-2.61547892244e-19	0.964376012663	6.98468132866e-17	5.69100261436e-21	6.60791577977e-19	0.969990479816	441888680.328	18037576.3787	-1296881.11491	16257015.0331	-9055.50347771	-7844555.49373	-1175608.57032	-7890253.31002	-4589.18397676	472388161.5782006	17379086.0511068	-1256811.04593492	17379086.150237974	-8724.917964093538	-7602180.2473802855	-1256749.9372394593	-7602207.101492573	-4447.390780472413	473540931.85	0.06765864847381486	0.0	0.0	0.0	-0.0362740057934547	0.0	0.0	0.0	-0.030469022155552503	0.0674367756597
340	750.0	nan	nan	1	1	5.0	5.0	5.0	1.075	6.70717745327e-19	3.21315513076e-17	-4.69547420355e-19	0.961979324358	-6.03056224105e-17	1.34413540817e-19	1.04666802501e-18	0.967896401013	445883729.516	18214357.4575	-1303730.70489	16299435.2591	-12457.1484708	-7813763.9585	-1173776.26781	-7861835.27882	-11861.9099958	478880344.72415066	17505580.4679354	-1260705.6285167632	17505638.03743077	-11972.40229118301	-7555897.9821784	-1260638.9212004417	-7555906.949787434	-11470.449104691506	480034366.434	0.07232066157962608	0.0	0.0	0.0	-0.03876232089874576	0.0	0.0	0.0	-0.032630221179910705	0.0720982654056
350	800.0	nan	nan	1	1	5.0	5.0	5.0	1.08	1.8675752998e-19	2.0901428847e-17	-3.4688646168e-19	0.959603317312	-5.05347797266e-18	-6.81332126948e-20	3.90535128243e-19	0.965811927772	449321113.644	18369177.72	-1315190.30508	16321431.8514	-10557.9604517	-7781499.01675	-1176064.47725	-7831879.61091	-7716.68264424	484811062.79957795	17610569.304238386	-1269033.5464983198	17610591.80619206	-10121.938884810914	-7508406.392714984	-1268956.7701644914	-7508439.450733462	-7445.864758428442	485957448.44	0.0769610411361284	0.0	0.0	0.0	-0.041235291048834506	0.0	0.0	0.0	-0.034786155471929855	0.0767382278216
360	850.0	nan	nan	1	1	5.0	5.0	5.0	1.085	-1.06479982404e-18	-5.79061261363e-17	5.87629107158e-20	0.957247991874	1.07373072768e-17	-1.58289282018e-20	3.86697010201e-19	0.963736780725	452273739.281	18508601.9881	-1329786.97659	16329397.5346	-12784.5668955	-7743819.29249	-1181094.53407	-7796323.56336	-11902.6028433	490250983.6643313	17700496.32331985	-1280347.5453350807	17700570.492353298	-12226.378819671514	-7455916.020536376	-1280270.568105274	-7455927.6090863645	-11460.08240552663	491395213.62	0.08157998699242285	0.0	0.0	0.0	-0.04369278643419348	0.0	0.0	0.0	-0.03693707069672405	0.0813568277821
370	900.0	nan	nan	1	1	5.0	5.0	5.0	1.09	1.77147676495e-18	-6.05038897451e-17	-1.85447275889e-19	0.95491291275	-4.96367527489e-17	-9.95263713024e-20	6.30298391876e-19	0.961671214014	454803940.717	18643512.8297	-1347262.70727	16332982.1554	-8412.43388748	-7694212.1415	-1188576.28664	-7748699.68855	-3788.02552093	495260665.12105554	17785850.258885823	-1294380.687342735	17785869.649548918	-8025.434412614211	-7392203.12900689	-1294305.149028445	-7392234.157828676	-3639.340012155906	496393870.502	0.08617769624105241	0.0	0.0	0.0	-0.046135133497240126	0.0	0.0	0.0	-0.03908266010848117	0.0859542244674
380	950.0	nan	nan	1	1	5.0	5.0	5.0	1.095	1.18858574834e-18	3.32992677027e-17	-2.47148332141e-19	0.952598207108	6.06034868404e-18	2.31451752837e-19	-5.92870123519e-19	0.959614791619	456960019.001	18769278.3666	-1366090.14834	16328408.6178	2710.74317051	-7634465.72202	-1197231.64094	-7690682.19189	-3448.47785642	499886617.5412488	17862264.770388175	-1309650.7031159939	17862291.260464862	2579.748208238723	-7319050.952023973	-1309698.9901025584	-7319034.802153301	-3306.005430775086	501009009.208	0.09075436326846412	0.0	0.0	0.0	-0.04856207272086408	0.0	0.0	0.0	-0.04122333377628961	0.0905305828538
390	1000.0	nan	nan	1	1	5.0	5.0	5.0	1.1	-3.34829477072e-19	-3.95526666932e-18	1.46563169655e-19	0.95030390082	3.25121288356e-17	-9.61911790726e-20	7.9417279739e-19	0.957567176579	458782116.359	18894731.5528	-1382864.47051	16323463.024	-11124.3314794	-7570132.43654	-1203735.08798	-7628036.13573	-8036.10978448	504167350.3765774	17938197.031492043	-1322892.0954240877	17938269.187764663	-10561.168829706918	-7241829.2429763	-1322815.1408310393	-7241871.353593731	-7687.597981259939	505293816.844	0.09531017980432493	0.0	0.0	0.0	-0.0509734499432381	0.0	0.0	0.0	-0.04335940208126504	0.0950860744534
400	1050.0	nan	nan	1	1	5.0	5.0	5.0	1.105	5.99328749742e-19	7.25170929246e-17	-1.15831755537e-19	0.948030243584	-6.24325750806e-17	-1.55218787584e-19	9.07754621661e-19	0.955527918137	460312486.743	19018583.2704	-1394536.46254	16316997.9817	-12704.6438151	-7511956.67274	-1205829.29245	-7571382.57053	-12537.6873203	508144446.1385162	18012438.201261345	-1331206.4214628385	18012528.751329426	-12032.526731088317	-7170816.417584546	-1331129.3427755837	-7170831.744446261	-11968.313715280749	509269968.72	0.09984533496971612	0.0	0.0	0.0	-0.053368874721221475	0.0	0.0	0.0	-0.045491297374915377	0.0996208222069
410	1100.0	nan	nan	1	1	5.0	5.0	5.0	1.11	1.26784950336e-18	-1.40994589771e-17	1.67606644438e-19	0.945776958009	9.3796458112e-18	4.12319756856e-19	-1.22660958674e-18	0.953497043172	461585056.32	19143105.915	-1395511.06064	16310921.8016	-5479.32658904	-7457417.25879	-1198703.26514	-7518309.96638	-5223.83894919	511851123.06334484	18087147.189772535	-1329295.6241970358	18087161.895812035	-5177.079777798536	-7103571.164369501	-1329240.6330768438	-7103590.168912716	-4975.973643292855	512966751.333	0.10436001532424286	0.0	0.0	0.0	-0.0557485115041063	0.0	0.0	0.0	-0.04761895497216605	0.104134995148
420	1150.0	nan	nan	1	1	5.0	5.0	5.0	1.115	1.17157891495e-18	4.47388906105e-17	-7.17860422798e-19	0.943543676377	9.34700857295e-19	3.4892463471e-19	1.94947279789e-18	0.951474546826	462619069.747	19264343.4685	-1381320.43203	16302130.7424	-13437.6426326	-7401986.48845	-1178598.94063	-7464264.97881	-5825.35364591	515304989.7482716	18158591.993843846	-1312978.3352107154	18158718.186177604	-12666.337180057815	-7035766.40980738	-1312825.0751764528	-7035824.6314377	-5537.138924948944	516421825.231	0.10885440491208208	0.0	0.0	0.0	-0.05811262337745302	0.0	0.0	0.0	-0.049742343180719684	0.108628805912
430	1200.0	nan	nan	1	1	5.0	5.0	5.0	1.12	7.20957387011e-19	-4.41094061644e-17	1.05521776382e-18	0.941329795844	1.57131996784e-16	-1.74012331102e-19	-1.87623091773e-18	0.949460850307	463452628.179	19378587.0258	-1355662.27	16287198.0858	-4824.98739354	-7352734.59102	-1149202.86332	-7416272.51307	-4525.58654299	518545036.80288136	18223299.927395355	-1285854.0613666307	18223320.394150414	-4537.337644965533	-6974114.309468816	-1285813.057950953	-6974138.938460266	-4292.546871847249	519654381.715	0.11332868530700327	0.0	0.0	0.0	-0.06046172700026512	0.0	0.0	0.0	-0.05186098148401442	0.11310241794
440	1250.0	nan	nan	1	1	5.0	5.0	5.0	1.125	7.64870751371e-19	-1.29692754887e-17	4.91014411611e-20	0.939134592847	-1.90943196228e-17	8.76414402612e-20	-1.13105368238e-19	0.947456339804	464095844.203	19476049.4209	-1326354.02753	16258377.5205	-4428.66519589	-7310174.35976	-1116969.78361	-7374984.90227	-4648.88695565	521579646.1022777	18272128.437359154	-1255391.257849789	18272171.361289687	-4154.905212887999	-6919064.438391664	-1255319.804560481	-6919096.806832551	-4400.161587116621	522685137.118	0.11778303565638346	0.0	0.0	0.0	-0.06279647368026749	0.0	0.0	0.0	-0.05397442244977481	0.117556050173
450	1300.0	nan	nan	1	1	5.0	5.0	5.0	1.13	1.79229524661e-18	4.14881038904e-18	9.50503315717e-19	0.936957692205	5.44720006237e-17	1.56965793038e-19	-2.20588555289e-18	0.945461132185	464569733.33	19561675.0082	-1296279.02879	16219927.492	-5523.38450902	-7270409.46767	-1084485.92871	-7336434.2439	-2502.743018	524429666.5523552	18309813.309203934	-1224334.4523917004	18309869.4466406	-5169.912042436007	-6866895.627071996	-1224222.2279472372	-6866934.518887102	-2363.8386754435164	525530338.912	0.12221763272424911	0.0	0.0	0.0	-0.06511715015905922	0.0	0.0	0.0	-0.056082499941176235	0.12198987489
460	1350.0	nan	nan	1	1	5.0	5.0	5.0	1.135	-6.41793555412e-18	-7.075451166e-17	-9.83590540219e-19	0.93479878618	1.00751604461e-16	-2.42410241592e-19	-2.07319254774e-18	0.943475232153	464886166.183	19645473.0997	-1265691.19863	16180342.4435	-9453.16962764	-7239657.03349	-1051999.11956	-7306870.38116	-7354.56168978	527106023.83697474	18345777.697294626	-1192926.6993039148	18345901.836013388	-8827.771550391619	-6823449.6521756025	-1192797.534811969	-6823466.098037357	-6931.748447735713	528207084.741	0.126632650933366	0.0	0.0	0.0	-0.06742397479923591	0.0	0.0	0.0	-0.058185165548303386	0.126404074193
470	1400.0	nan	nan	1	1	5.0	5.0	5.0	1.14	-2.51177032596e-18	1.07361730467e-16	2.04955503456e-19	0.932657593487	-1.76465814973e-17	3.47283508374e-20	-6.4930369363e-20	0.941498672537	465059591.577	19722580.7992	-1238453.7668	16135434.8816	-5963.51304631	-7216152.81675	-1022941.14336	-7284579.23487	-9514.55386	529622788.2239579	18375500.65404108	-1164803.6331014722	18375481.693047047	-5556.196676212595	-6787012.356290265	-1164953.8045182435	-6787032.176853722	-8948.728810526023	530719528.447	0.131028262406404	0.0	0.0	0.0	-0.06971714068479135	0.0	0.0	0.0	-0.06028234083069287	0.130798810071
480	1450.0	nan	nan	1	1	5.0	5.0	5.0	1.145	-1.29822357546e-18	4.6005261115e-17	-1.79809212834e-19	0.930534127881	3.46365007022e-17	3.77723754916e-19	-2.50742928211e-18	0.939531177334	465107756.786	19797436.5895	-1210271.68266	16089157.1349	-6252.74668349	-7198296.74803	-993203.316194	-7267877.26042	-6426.22134344	531998099.0178678	18403154.73278268	-1135913.0253409178	18403049.37013729	-5812.382032439251	-6756035.9822559785	-1136042.7093383512	-6756019.608787139	-6031.3966131090265	533090146.062	0.13540463700620298	0.0	0.0	0.0	-0.0719965266449558	0.0	0.0	0.0	-0.06237427565102161	0.135174232168
490	1500.0	nan	nan	1	1	5.0	5.0	5.0	1.15	-8.90079426332e-19	8.50769288994e-17	1.74136739066e-18	0.928428518409	8.08472037028e-17	1.35525271561e-19	-1.15937634655e-19	0.93757229648	465040711.769	19863594.3741	-1176985.47347	16036477.4674	-9930.27672242	-7187920.21153	-959660.973664	-7258727.20176	-11858.6211967	534241641.65065277	18422782.781589378	-1102363.4117338492	18422804.351661034	-9209.981213509198	-6732198.847188972	-1102464.453161659	-6732213.313981226	-11106.772696448877	535334285.797	0.13976194237515863	0.0	0.0	0.0	-0.07426188724988807	0.0	0.0	0.0	-0.0644614078655422	0.139530503098
500	1550.0	nan	nan	1	1	5.0	5.0	5.0	1.155	1.03923663439e-18	8.19452760398e-17	6.13304793371e-20	0.926340791536	6.28188485744e-17	-3.6353595305e-19	2.86482424629e-19	0.935621867198	464879728.729	19917025.5626	-1135201.56922	15974019.2865	8016.75092381	-7178317.25259	-919465.097111	-7250256.6143	8245.58750425	536376147.69128114	18430712.8561669	-1061011.7901204193	18430751.86664857	7418.499004871277	-6709186.671981057	-1060874.7085474336	-6709204.513078115	7706.706716843319	537446510.338	0.14410034397375687	0.0	0.0	0.0	-0.07651308662385362	0.0	0.0	0.0	-0.06654387216602124	0.143867729985
510	1600.0	nan	nan	1	1	5.0	5.0	5.0	1.16	-2.67105222472e-18	5.16998007536e-17	-9.68026309814e-19	0.924270807933	-3.82273115936e-17	2.48815928256e-19	-7.52535834076e-20	0.933679550173	464610987.399	19964175.3719	-1091967.35466	15907162.7525	5720.71297532	-7178933.97754	-878842.556824	-7252050.7474	6930.91322311	538384307.291882	18432979.50251745	-1018479.8218560452	18432983.79022014	5281.950446212127	-6695804.015897365	-1018389.6937589602	-6695838.93588681	6464.47463346622	539451829.567	0.14842000511827322	0.0	0.0	0.0	-0.07875016810207314	0.0	0.0	0.0	-0.06862199365670835	0.148186141765
520	1650.0	nan	nan	1	1	5.0	5.0	5.0	1.165	-9.16539279766e-19	-4.58784146224e-18	6.66323761914e-19	0.922218440441	1.160859713e-16	-5.25160427298e-20	-8.58467892042e-19	0.93174532024	464255166.775	20008498.0424	-1042677.54002	15838784.4568	9308.75061575	-7194218.18339	-833835.378517	-7268537.51289	7652.38433407	540288499.8738883	18432801.386993565	-970488.2715712048	18432779.442038406	8575.673741104843	-6696130.0134750875	-970396.6655454908	-6696130.217525455	7122.575255268003	541350001.953	0.15272108701766393	0.0	0.0	0.0	-0.08097316326870167	0.0	0.0	0.0	-0.07069576318434928	0.152485858378
530	1700.0	nan	nan	1	1	5.0	5.0	5.0	1.17	3.11215124945e-19	4.94391955489e-18	1.51904771178e-18	0.920183275762	-1.59083693044e-16	4.44692297309e-21	1.13915343494e-18	0.929819305522	463818068.165	20055460.3257	-991059.434387	15773224.1497	8635.10997738	-7220958.52941	-787563.819013	-7296580.25508	7494.76557643	542094209.0170847	18435215.293977674	-920533.2980307302	18435188.39813501	7937.49477374024	-6707098.019941023	-920476.83094236	-6707102.491176121	6961.420309071207	543152945.736	0.1570037488096647	0.0	0.0	0.0	-0.08318241599450013	0.0	0.0	0.0	-0.07276500685021514	0.156767058086
540	1750.0	nan	nan	1	1	5.0	5.0	5.0	1.175	1.63561896679e-18	-1.18533473001e-16	-6.74079407337e-19	0.91816484116	-3.73999456926e-18	3.69147546325e-19	6.12140123069e-19	0.927901734728	463306360.543	20104183.7752	-935157.245855	15709751.9368	8888.78121331	-7254045.19212	-738428.720483	-7330976.41193	8104.22627586	543808031.4200221	18439391.79991252	-866814.4013281248	18439395.61899279	8152.716929404147	-6723907.522809942	-866734.2023088769	-6723911.194158858	7511.9559610689	544863815.103	0.16126814759612232	0.0	0.0	0.0	-0.08537833894783832	0.0	0.0	0.0	-0.07482944110432856	0.161029907478
550	1800.0	nan	nan	1	1	5.0	5.0	5.0	1.18	2.66716778456e-18	-4.6647765384e-17	3.60968384428e-19	0.916162956462	9.67220569723e-17	7.99387343971e-21	1.0662821317e-18	0.925992485849	462723601.084	20152060.9433	-875657.02383	15646405.8665	-2874.33765098	-7295044.85344	-687069.328544	-7373374.59155	-866.537484453	545433063.4663125	18442933.403397195	-809989.3347036077	18443120.39414034	-2630.5606173516517	-6747971.370829772	-809879.4351608326	-6748027.257999605	-801.5536921726267	546496211.245	0.16551443847757333	0.0	0.0	0.0	-0.08756103006266092	0.0	0.0	0.0	-0.0768891590027901	0.16527457671
560	1850.0	nan	nan	1	1	5.0	5.0	5.0	1.185	2.88974347584e-18	-3.17974712561e-17	1.54681451058e-18	0.914177377088	-4.0062276125e-17	-4.74920785614e-19	-1.92120307327e-18	0.924091576898	462075491.623	20203227.0101	-817797.363567	15586094.2921	-11741.7566206	-7337459.21059	-637721.555929	-7417063.74505	-10587.4533223	546974969.6708986	18449618.136997506	-754912.9684644059	18449806.594946478	-10722.590297051442	-6773246.479412481	-754893.3778927575	-6773274.077726844	-9773.332823126668	548045020.75	0.16974277458709455	0.0	0.0	0.0	-0.08973065952063355	0.0	0.0	0.0	-0.07894410305447538	0.169501213315
570	1900.0	nan	nan	1	1	5.0	5.0	5.0	1.19	-2.90202173126e-18	7.09430592088e-17	1.31808914505e-18	0.912207690238	-2.64076285592e-17	-3.04243646742e-19	6.13145974694e-19	0.922199278204	461380197.461	20256744.7013	-774157.148633	15528175.785	396.461947277	-7379948.97666	-599836.534629	-7460855.07163	3989.44919603	548454297.0096093	18458564.153356463	-713162.400080495	18458734.8587359	361.2682292289462	-6798493.218024246	-713040.8429556341	-6798558.900223449	3675.126127381049	549510921.437	0.17395330712343798	0.0	0.0	0.0	-0.09188758431034283	0.0	0.0	0.0	-0.08099394189906003	0.173709943928
580	1950.0	nan	nan	1	1	5.0	5.0	5.0	1.195	4.90749713815e-19	4.49190836352e-18	2.35316340659e-19	0.910253492618	2.99060943305e-16	3.61894826714e-19	-4.84079329356e-19	0.920315535831	460617718.667	20309362.0142	-742723.942786	15470076.6886	-10724.2072539	-7418972.55333	-572011.829151	-7500994.267	-8655.31731918	549846585.7239475	18466799.003784213	-682805.7425709252	18466872.86092833	-9751.255588150583	-6820457.469551888	-682819.4802461915	-6820467.987146817	-7957.061875696793	550912907.54	0.17814618538347404	0.0	0.0	0.0	-0.09403215494631513	0.0	0.0	0.0	-0.08303869401174832	0.177901000155
590	2000.0	nan	nan	1	1	5.0	5.0	5.0	1.2	1.34415856923e-18	-6.64582050416e-17	6.79532181935e-19	0.908314680259	-2.10418760087e-16	-2.28434197963e-19	-9.88116872531e-19	0.918440463287	459822927.015	20363515.7085	-714630.399447	15413846.1673	9371.43342504	-7453212.25565	-546793.933777	-7536370.52344	11288.3286462	551192474.2927544	18476533.9747964	-655637.6835203081	18476668.970107324	8503.031134159732	-6837949.8295355495	-655445.1367688795	-6838014.025489231	10356.477488415885	552239500.751	0.1823215567939546	0.0	0.0	0.0	-0.09616439625843713	0.0	0.0	0.0	-0.08507819593028107	0.182074439992
600	2050.0	nan	nan	1	1	5.0	5.0	5.0	1.205	-3.84725011621e-19	-6.81422918292e-17	9.64876406041e-19	0.906390855017	-1.55584996985e-16	4.43209989651e-19	-1.02051588276e-18	0.916573963878	458967828.763	20418295.0538	-688255.551081	15358519.1369	7260.56327487	-7491960.74494	-523374.875764	-7576148.11924	7640.35128462	552457931.7404462	18486934.89664701	-630154.6725354508	18486994.480280347	6573.7888605224925	-6859507.435081332	-629984.4635489665	-6859522.632947668	6995.371202242448	553506931.656	0.18647956694261839	0.0	0.0	0.0	-0.0982846586650015	0.0	0.0	0.0	-0.08711251241855389	0.186230506468
610	2100.0	nan	nan	1	1	5.0	5.0	5.0	1.21	-1.49668074802e-18	-4.91214787843e-17	7.39195065157e-19	0.904481757368	-4.96836704333e-17	2.26157796917e-19	2.72921956539e-18	0.914716205046	458077506.534	20477064.3332	-667180.627943	15306858.0027	7108.46830758	-7533439.88235	-504182.093573	-7618748.7794	9030.19842258	553672281.1102214	18501031.87244901	-609618.6509252982	18501198.74060246	6422.502590354813	-6883481.422511271	-609398.2914718178	-6883541.1024874225	8251.104947296635	554720656.766	0.1906203596086497	0.0	0.0	0.0	-0.10039314309755393	0.0	0.0	0.0	-0.08914142023535883	0.190369298112
620	2150.0	nan	nan	1	1	5.0	5.0	5.0	1.215	-3.64598052956e-19	-3.95320070302e-17	-8.44174211057e-19	0.902587014415	-1.26178262988e-17	3.828059526e-19	1.81654156473e-18	0.912867211166	457136612.126	20546300.1531	-649816.562738	15263316.0075	-9104.8149051	-7572104.51505	-488249.345307	-7658388.26893	-7348.95907043	554816433.4543102	18524638.521995295	-592550.5664897963	18524743.64410154	-8208.942907962091	-6904802.181414821	-592577.2585569386	-6904838.0139434775	-6701.321742162766	555880493.366	0.19474407679251185	0.0	0.0	0.0	-0.10249017855844993	0.0	0.0	0.0	-0.09116485128037162	0.194491005644
630	2200.0	nan	nan	1	1	5.0	5.0	5.0	1.22	-3.79890968121e-18	1.37687587856e-17	-1.23751513594e-18	0.900706511218	2.68565374924e-16	-4.05517023498e-19	-2.43871373426e-18	0.911027068481	456175447.367	20620278.7573	-630170.528625	15223782.6183	1395.92179011	-7604888.47903	-470518.116154	-7692113.50236	2866.58131183	555926431.9725871	18552541.871268183	-573475.6146993244	18552737.112370178	1255.9431307794794	-6920695.108905669	-573405.3838314466	-6920772.483764781	2608.6819443528307	556982339.748	0.19885085874516517	0.0	0.0	0.0	-0.10457581115450763	0.0	0.0	0.0	-0.09318266923165622	0.19859569714
640	2250.0	nan	nan	1	1	5.0	5.0	5.0	1.225	1.95573290076e-18	1.92173379235e-17	4.45804028052e-19	0.898840026093	1.8074656067e-16	-1.61285661069e-18	1.11453653991e-18	0.909195656251	455180263.573	20694808.3428	-608909.552027	15184905.4354	13079.3662397	-7633784.06365	-451795.94441	-7721776.15738	13641.5224202	556985214.9961107	18580952.273598902	-553011.6679644034	18581139.156257495	11743.38393683701	-6933002.847247125	-552843.9639633389	-6933040.976801779	12389.230949088616	558032231.781	0.20294084399669038	0.0	0.0	0.0	-0.10665020684876814	0.0	0.0	0.0	-0.09519496456575541	0.202683552853
650	2300.0	nan	nan	1	1	5.0	5.0	5.0	1.23	1.43363635045e-18	-1.2202735156e-16	3.57289085064e-19	0.896987350951	-2.06935178272e-17	-1.00177527881e-18	-1.53850299979e-18	0.907372848363	454143090.746	20768563.1242	-586278.971619	15145841.3193	-298.640360785	-7663153.81821	-432434.564909	-7751953.88805	1262.94014514	557982544.3811604	18608679.662989378	-531389.4002146187	18608925.795290787	-267.58244058823414	-6945701.4635300385	-531310.3815141751	-6945768.265350041	1144.6990915939675	559042457.899	0.20701416938432612	0.0	0.0	0.0	-0.1087135185266697	0.0	0.0	0.0	-0.09720183465642816	0.206754749452
660	2350.0	nan	nan	1	1	5.0	5.0	5.0	1.235	3.14674063394e-18	-6.31416078319e-17	-1.5881867761e-20	0.895148445339	-1.45933453598e-17	-1.15487648402e-18	5.52794877202e-19	0.905558691651	453090073.364	20837045.986	-562223.436751	15103127.4156	17789.9529037	-7695843.67909	-412099.054301	-7785328.57265	17241.8858932	558949899.451903	18631704.569247212	-508565.5363213973	18631817.483180474	15907.108283259624	-6961361.999989723	-508381.7512389359	-6961348.649784272	15596.341904812962	559995505.421	0.2110709700799406	0.0	0.0	0.0	-0.11076571374668273	0.0	0.0	0.0	-0.09920318691656162	0.210809337545
670	2400.0	nan	nan	1	1	5.0	5.0	5.0	1.24	-1.60235472563e-18	-4.94585581926e-17	-9.01719511911e-19	0.893322961202	3.45171405251e-16	1.59453952321e-19	-4.72919670276e-18	0.903753097427	452002436.708	20902862.4448	-543025.031651	15059047.4965	9916.29694715	-7729480.70318	-395672.76495	-7819757.27116	10199.8035738	559863919.7660518	18652381.03293455	-490218.46705085423	18652592.717725094	8848.6708259387	-6977825.994303923	-490092.2807915869	-6977852.559280542	9207.921883390532	560917138.963	0.2151113796169455	0.0	0.0	0.0	-0.11280710480752391	0.0	0.0	0.0	-0.10119907820991843	0.214847534798
680	2450.0	nan	nan	1	1	5.0	5.0	5.0	1.245	1.32902116402e-18	-1.71705172172e-16	-8.88325803433e-19	0.891510608735	-1.4465419562e-16	1.29754859608e-18	9.42959428531e-19	0.901956274081	450894447.441	20967864.765	-523757.404338	15014705.4228	14526.4793832	-7760806.63794	-379296.455411	-7851780.04413	14756.1194615	560741743.6683817	18672366.864949234	-471882.9748757156	18672600.976195566	12936.164713920742	-6992154.179424229	-471700.98674198263	-6992191.106249851	13294.631238512255	561791704.039	0.219135529916671	0.0	0.0	0.0	-0.11483794187874094	0.0	0.0	0.0	-0.103189236723146	0.2188694321
690	2500.0	nan	nan	1	1	5.0	5.0	5.0	1.25	1.33365337545e-18	6.67248880711e-18	5.40407020348e-19	0.889711009526	5.65571839816e-18	8.84990611203e-19	2.69218834373e-18	0.900168251467	449753752.12	21030363.4103	-506180.73302	14968746.0046	-4127.32252496	-7790954.33419	-364698.57624	-7882528.50555	-629.892577123	561567724.2041535	18690162.31223611	-455141.7056553417	18690148.97234347	-3668.0454066081647	-7005379.725122824	-455366.8502246264	-7005382.376198121	-566.3794831165269	562633540.069	0.22314355131420976	0.0	0.0	0.0	-0.1168585773828902	0.0	0.0	0.0	-0.10517358705562148	0.22287521664
700	2550.0	nan	nan	1	1	5.0	5.0	5.0	1.255	-1.22232148245e-18	4.05109918288e-17	-1.22565667468e-18	0.887923890115	1.02730670472e-16	6.6989718216e-19	-7.61164982226e-19	0.898389305634	448608131.369	21094988.4903	-486171.105918	14924790.3059	2731.02071526	-7822346.66597	-348076.828005	-7914394.74447	2567.84084614	562376062.4819276	18709879.629857443	-436284.39295923867	18709747.369016346	2422.2373419468877	-7019684.479675892	-436349.81688202615	-7019552.206928188	2304.351021969389	563438324.171	0.22713557258374711	0.0	0.0	0.0	-0.11886924899317651	0.0	0.0	0.0	-0.1071517794199384	0.226864947274
