inc	time	elem	node	ip	grain	1_pos	2_pos	3_pos	1_f	2_f	3_f	4_f	5_f	6_f	7_f	8_f	9_f	1_p	2_p	3_p	4_p	5_p	6_p	7_p	8_p	9_p	1_Cauchy	2_Cauchy	3_Cauchy	4_Cauchy	5_Cauchy	6_Cauchy	7_Cauchy	8_Cauchy	9_Cauchy	Mises(Cauchy)	1_ln(V)	2_ln(V)	3_ln(V)	4_ln(V)	5_ln(V)	6_ln(V)	7_ln(V)	8_ln(V)	9_ln(V)	Mises(ln(V))
0	0.0	nan	nan	1	1	5.0	5.0	5.0	1.0	0.0	0.0	0.0	1.0	0.0	0.0	0.0	1.0	1.27697267975e-05	-3.28116759209e-07	-7.06132106659e-07	-3.28116759209e-07	1.73400429869e-05	-9.05459710617e-08	-7.06132106659e-07	-9.05459710617e-08	1.82407347408e-05	1.27697267975e-05	-3.28116759209e-07	-7.06132106659e-07	-3.28116759209e-07	1.73400429869e-05	-9.05459710617e-08	-7.06132106659e-07	-9.05459710617e-08	1.82407347408e-05	5.25917550657e-06	0.0	0.0	0.0	0.0	0.0	0.0	0.0	0.0	0.0	0.0
10	2.5	nan	nan	1	1	5.0	5.0	5.0	1.00025	-2.79378838251e-21	1.52782895777e-19	-4.77451234505e-22	0.999931268546	-2.11706538025e-22	4.74394543648e-21	1.08319301214e-21	0.999926575778	54672394.5582	-2386010.02778	80953.3518307	-2385249.72164	12.3297174347	298435.522739	80927.1755095	298434.122548	11.7891539483	54680167.37841108	-2385588.8343655844	80938.68158433237	-2385588.834594438	12.32754091585698	298381.4406961391	80938.68099394985	298381.44109000504	11.78701753530441	54838665.5187	0.0002499687552074404	0.0	0.0	0.0	-6.873381611483434e-05	0.0	0.0	0.0	-7.342691769032622e-05	0.000214049898346
20	5.0	nan	nan	1	1	5.0	5.0	5.0	1.0005	6.43994680437e-21	4.62527138496e-19	9.89825000496e-22	0.999862511797	1.61649806654e-19	-3.91209900828e-21	-1.61103764052e-21	0.999853124021	109388052.05	-4773807.15545	162015.290581	-4770765.4335	-141.54223451	596803.999638	161910.538435	596798.395928	-160.834115193	109419164.73169468	-4772122.354870416	161956.59053988772	-4772122.357803805	-141.4922805778504	596587.7705451219	161956.5898176779	596587.7702678901	-160.7758431055925	109736286.526	0.0004998750416509929	0.0	0.0	0.0	-0.0001374976553691319	0.0	0.0	0.0	-0.00014688676633242204	0.000428079158458
30	7.5	nan	nan	1	1	5.0	5.0	5.0	1.00075	-1.25426882622e-20	-2.47684758768e-20	-1.59495931737e-21	0.99979179995	-1.75378523281e-19	-6.31242204955e-22	4.87628140979e-21	0.999775769461	161152188.872	-6983858.02632	288279.256773	-6977171.22688	-2612.18164704	888281.814777	287998.550618	888267.506093	-4690.12688195	161221898.62596893	-6980189.229869628	288123.19662992	-6980189.348402452	-2610.8094022552023	887800.9429006769	288123.13042201946	887800.8768085769	-4687.5878790385395	161686301.27	0.0007497188905459742	0.0	0.0	0.0	-0.00020822172663917632	0.0	0.0	0.0	-0.00022425568242622165	0.00064403826363
40	10.0	nan	nan	1	1	5.0	5.0	5.0	1.001	1.67970397112e-20	-4.59268460473e-19	-5.54583241686e-21	0.999700874204	-1.35485318737e-18	7.07265273127e-21	-7.84249938762e-21	0.999658894329	182413991.943	-8006560.587	861767.139318	-7996169.35717	5260.29808536	1338379.02554	860612.538068	1338322.87519	5906.34696016	182530835.3031979	-8001291.310816468	861163.829400871	-8001291.219185362	5256.8361789498385	1337442.0469733484	861163.7943598295	1337442.0983850926	5902.212017514254	183071357.799	0.0009995003330834232	0.0	0.0	0.0	-0.00029917054304491256	0.0	0.0	0.0	-0.00034116386077233065	0.000880112362009
50	12.5	nan	nan	1	1	5.0	5.0	5.0	1.00125	5.64860960797e-22	8.19654716545e-19	1.62913221642e-21	0.999599640097	3.18575067842e-19	1.64106429676e-20	-4.64648029586e-21	0.999525849494	190199642.72	-8476101.88156	1797413.79915	-8462130.64111	-159.8102091	1699082.66947	1794318.63482	1698957.18289	-834.102401296	190366083.70436442	-8469535.816275893	1795888.8387352074	-8469535.730486535	-159.6864111229718	1697641.1350756234	1795888.8173690941	1697641.0750926142	-833.3947327866888	190978940.172	0.0012492194004318981	0.0	0.0	0.0	-0.0004004400684231626	0.0	0.0	0.0	-0.00047426295089641514	0.00112518814195
60	15.0	nan	nan	1	1	5.0	5.0	5.0	1.0015	5.14402943431e-21	-9.89105766954e-19	-1.3772557199e-22	0.999494248285	-9.86974122515e-19	-1.23070516475e-20	1.13799372772e-21	0.999392107218	195456090.576	-8850086.16376	2551037.39278	-8832361.65279	-4412.66383354	1972709.64057	2545668.47028	1972507.66864	-2766.70279078	195673941.62575	-8842206.030606886	2548505.478944771	-8842206.008379849	-4408.734789469154	1970751.719119697	2548505.8162380187	1970751.344149277	-2763.95682825755	196355252.043	0.0014988761237359487	0.0	0.0	0.0	-0.0005058796505366225	0.0	0.0	0.0	-0.0006080776237305435	0.00137183933576
70	17.5	nan	nan	1	1	5.0	5.0	5.0	1.00175	-2.40283560237e-20	-1.66690645307e-18	2.86576723219e-21	0.99938583561	-1.9303494161e-18	-1.17831878258e-21	-2.49409430345e-20	0.99925933981	199617972.854	-9208452.95936	3083604.74773	-9186720.76161	-3096.90768841	2161679.88476	3075938.39882	2161406.04404	-1832.74302105	199888696.04587504	-9199179.784550037	3080109.5600727834	-9199179.85200096	-3093.7890140255354	2159229.6755178366	3080110.006463509	2159229.446497487	-1830.665653387773	200630999.426	0.001748470534116803	0.0	0.0	0.0	-0.0006143530662052363	0.0	0.0	0.0	-0.0007409346142705002	0.00161905982645
80	20.0	nan	nan	1	1	5.0	5.0	5.0	1.002	-4.00272698414e-21	-1.78225989142e-19	4.03540061834e-21	0.999275511987	9.23570108177e-19	2.00332804603e-21	-1.0256212415e-20	0.999127392041	203174725.503	-9532200.18408	3446056.84173	-9506281.63218	-535.344756347	2301502.14649	3436178.08004	2301160.7264	-993.752716575	203499605.2516202	-9521482.357693987	3441671.9348219363	-9521482.333838781	-534.7428247840444	2298573.6188642047	3441672.585658718	2298573.344612419	-992.4882240399235	204293322.582	0.001998002662673058	0.0	0.0	0.0	-0.0007247505812667041	0.0	0.0	0.0	-0.0008729889029512311	0.00186654478157
90	22.5	nan	nan	1	1	5.0	5.0	5.0	1.00225	-1.80213704154e-20	1.12258335291e-19	1.99557322778e-21	0.999164065728	-3.79980696538e-18	5.43767855177e-21	5.08240447868e-20	0.998995931375	206362455.262	-9815992.69889	3697151.47959	-9785768.98598	57.8617499639	2417609.41379	3685147.78148	2417202.49399	-264.584538076	206742688.8820242	-9803799.98519216	3691937.780893103	-9803799.777295869	57.78987829762054	2414200.1168975504	3691937.8590621706	2414200.02048956	-264.21142270082487	207579627.756	0.00224747254047937	0.0	0.0	0.0	-0.0008362838598885886	0.0	0.0	0.0	-0.0010045730395744855	0.00211416782891
100	25.0	nan	nan	1	1	5.0	5.0	5.0	1.0025	-1.12517242823e-20	1.63843262164e-18	8.85869077014e-21	0.999051988165	-7.26326202777e-19	-3.52699473435e-21	1.49430177658e-21	0.998864710082	209305143.306	-10066206.9963	3879491.52243	-10031585.249	-33.1509082027	2517351.43175	3865423.86193	2516879.65592	-294.513296979	209741873.17954773	-10052516.75663506	3873489.093483416	-10052516.855782706	-33.10582231498153	2513456.533922463	3873489.340148856	2513456.6500440007	-294.0576199582565	210615396.91	0.002496880198587146	0.0	0.0	0.0	-0.0009484614824226486	0.0	0.0	0.0	-0.0011359348477669431	0.00236186699798
110	27.5	nan	nan	1	1	5.0	5.0	5.0	1.00275	1.82471907226e-20	-3.86265842307e-19	-5.27038127288e-21	0.998939500319	3.86272852663e-18	-3.17223764914e-21	-8.68250129966e-21	0.998733657697	212077177.076	-10289771.7027	4017497.88964	-10250670.2212	-60.691601708	2604098.18946	4001406.74279	2603562.08121	-270.394413391	212571511.9204347	-10274563.547973515	4010733.4509943705	-10274563.709122714	-60.601900274756794	2599713.5543180075	4010733.70011275	2599714.0488031525	-269.93913837412424	213475880.146	0.0027462256680252286	0.0	0.0	0.0	-0.0010610624086706392	0.0	0.0	0.0	-0.0012671447919695912	0.00260960000753
120	30.0	nan	nan	1	1	5.0	5.0	5.0	1.003	-8.92279726761e-21	1.18672541915e-18	-5.08261127383e-21	0.998826717108	-4.10333179217e-18	-2.20965274019e-20	5.77525095975e-20	0.998602744147	214722236.49	-10492658.7067	4126151.23002	-10449001.1772	-66.9492645716	2680519.48192	4108061.97437	2679919.0067	-248.965431228	215275256.96168667	-10475912.411987005	4118642.132971032	-10475912.742830694	-66.84241347250692	2675641.2601076383	4118642.352107869	2675641.8530492764	-248.51234420314066	216206163.64	0.002995508979798371	0.0	0.0	0.0	-0.001173971727223904	0.0	0.0	0.0	-0.0013982329252115494	0.00285734260299
130	32.5	nan	nan	1	1	5.0	5.0	5.0	1.00325	1.42254385844e-20	3.98939945011e-18	-1.30653177753e-21	0.998713707497	-7.88478486053e-19	1.16396719895e-20	8.13912635528e-20	0.998471952386	217266590.08	-10680244.9619	4214786.719	-10631953.5298	-65.7237787682	2748175.35141	4194713.65678	2747510.74168	-215.129185789	217879348.42555308	-10661938.560193667	4206543.882490538	-10661938.895946348	-65.61112536932592	2742800.759139675	4206544.034379478	2742801.389459233	-214.70845875698203	218833626.913	0.0032447301648890294	0.0	0.0	0.0	-0.0012871204872980688	0.0	0.0	0.0	-0.0015292162694145069	0.00310507989731
140	35.0	nan	nan	1	1	5.0	5.0	5.0	1.0035	2.39088284252e-20	-1.8385623534e-18	2.29873492228e-21	0.998600537278	-1.29878212916e-18	2.23620006798e-20	-1.34598829275e-20	0.998341252659	219728542.466	-10855585.0667	4288373.95328	-10802584.3883	-59.8796809812	2809567.26383	4266328.54775	2808838.48147	-181.608443478	220402066.6526886	-10835696.71919459	4279405.862778961	-10835697.072626801	-59.76997635482472	2803691.737636322	4279405.936026557	2803692.452447814	-181.2286536148473	221377241.594	0.003493889254255838	0.0	0.0	0.0	-0.0014004428845293413	0.0	0.0	0.0	-0.001660124585581894	0.0033528024872
150	37.5	nan	nan	1	1	5.0	5.0	5.0	1.00375	3.68169818841e-20	-2.35503655709e-18	1.32158646468e-20	0.998487254686	-4.32193598253e-19	-1.3603088571e-20	-2.28893283203e-20	0.998210622449	222121131.215	-11020699.2149	4350709.54491	-10962917.1106	-57.4682193525	2865585.19843	4326699.49448	2864791.98713	-150.751159965	222856427.27518195	-10999207.727815334	4341022.198383344	-10999208.073622888	-57.35615046559053	2859204.6491121715	4341022.332989241	2859205.3506751712	-150.41549546917443	223850485.34	0.003742986278834297	0.0	0.0	0.0	-0.0015138906684248564	0.0	0.0	0.0	-0.0017909803993626018	0.00360050370405
160	40.0	nan	nan	1	1	5.0	5.0	5.0	1.004	1.74609555504e-20	-9.61384876675e-19	2.35349427884e-20	0.998373895617	-7.12698857135e-18	1.74255935792e-20	3.44735792088e-20	0.998080044108	224453623.728	-11177563.7827	4405145.3062	-11114928.5431	-54.7705504114	2916495.71359	4379171.01611	2915637.96965	-126.387735244	225251676.50322345	-11154447.70366636	4394741.23447756	-11154448.063537687	-54.65728061518999	2909607.5343193472	4394741.313102933	2909608.2015314563	-126.08923270414837	226263037.879	0.003992021269537457	0.0	0.0	0.0	-0.0016274279257392748	0.0	0.0	0.0	-0.0019218013698493197	0.00384817888222
170	42.5	nan	nan	1	1	5.0	5.0	5.0	1.00425	-3.47812903966e-20	1.46547825454e-18	-5.54128292349e-21	0.998260489177	6.61256670616e-18	-1.70105557068e-20	-1.36070383584e-19	0.997949502047	226732927.584	-11327378.5071	4453931.98418	-11259820.5406	-50.8733783023	2963798.44419	4425988.69921	2962875.82068	-106.489849726	227594701.70161283	-11302616.876113795	4442811.200098907	-11302617.244255934	-50.762169180085515	2956398.2946873168	4442811.145541325	2956398.978956768	-106.2239609271061	228622107.464	0.004240994257254614	0.0	0.0	0.0	-0.0017410255287714236	0.0	0.0	0.0	-0.002052603102156198	0.00409582467689
180	45.0	nan	nan	1	1	5.0	5.0	5.0	1.0045	8.47860127867e-20	-4.99864416985e-19	-1.21388754892e-20	0.998147055081	-2.44959157291e-18	-1.11446043929e-20	6.05529295613e-20	0.997818987728	228964675.329	-11471006.0788	4498638.54088	-11398458.2845	-39.8842408191	3008502.7578	4468717.64788	3007514.64099	-94.0114168469	229891117.19639927	-11444578.565003967	4486799.148459227	-11444578.975228343	-39.792353384190854	3000585.0634965124	4486799.070774746	3000585.7688300046	-93.7640002016262	230933532.117	0.004489905272852001	0.0	0.0	0.0	-0.0018546637450248039	0.0	0.0	0.0	-0.0021833941431558214	0.00434343808502
190	47.5	nan	nan	1	1	5.0	5.0	5.0	1.00475	1.03123779786e-19	2.82191838792e-18	1.11884449654e-20	0.998033597126	-2.36045462887e-18	-1.05792264442e-20	-6.45473847394e-20	0.997688505561	231153049.92	-11610065.3641	4540345.01398	-11532456.5633	-35.4249302556	3051089.54219	4508434.86656	3050035.21781	-81.6600772893	232145087.59055942	-11581949.88007074	4527783.779437832	-11581950.313647848	-35.33914356710869	3042648.454292362	4527783.679930357	3042649.108105555	-81.4341580297717	233201777.687	0.00473875434717347	0.0	0.0	0.0	-0.0019683387823978197	0.0	0.0	0.0	-0.0023141700661973583	0.0045910163558
200	50.0	nan	nan	1	1	5.0	5.0	5.0	1.005	-4.65537248745e-20	-3.51745320598e-19	-1.29701920048e-21	0.997920121125	-1.71338565414e-18	1.5361984746e-20	1.69643990287e-19	0.997558056601	233301507.093	-11745179.2151	4579594.62463	-11662438.9265	-26.3169343681	3091602.6817	4545682.99515	3090481.58414	-72.3142547221	234360051.29090318	-11715353.718341146	4566307.939190613	-11715354.174296174	-26.250105618511604	3082633.07724759	4566307.8355977945	3082633.670814628	-72.10445083463111	235430385.962	0.004987541511038968	0.0	0.0	0.0	-0.0020820448268664134	0.0	0.0	0.0	-0.0024449298055292373	0.00483855732329
210	100.0	nan	nan	1	1	5.0	5.0	5.0	1.01	-4.63121881356e-20	2.30184181267e-18	3.37382156442e-20	0.995652347308	-8.1456958237e-18	-1.19477967677e-20	-1.47641813173e-19	0.99495467435	270013100.095	-13912425.7772	5227582.63687	-13714792.0808	-3828.95562758	3706703.93649	5149706.83177	3704108.04479	-8214.47491549	272567340.36697775	-13844529.145335868	5198425.3408679785	-13844529.764794799	-3810.269224875482	3686029.473478009	5198421.462926629	3686030.9341315385	-8168.657968489901	273848615.863	0.009950330853168092	0.0	0.0	0.0	-0.004357131216830699	0.0	0.0	0.0	-0.005058096278217721	0.00978033977892
220	150.0	nan	nan	1	1	5.0	5.0	5.0	1.015	2.21684404164e-20	-4.90727214503e-18	7.43713952843e-20	0.993396629335	3.71105019614e-17	-3.30839157797e-20	2.89959891924e-19	0.992361066521	299060030.452	-15540973.0585	5781119.36002	-15210201.3821	9316.96471415	4201624.77778	5652184.79344	4197252.84442	8487.35507553	303365349.45557904	-15429165.877687443	5733544.820214137	-15429170.025150176	9249.935220276257	4167048.3657062147	5733554.605936034	4167056.343472113	8417.510122201467	304778718.191	0.014888612493750559	0.0	0.0	0.0	-0.006625269373834292	0.0	0.0	0.0	-0.0076682595735321464	0.0147025879735
230	200.0	nan	nan	1	1	5.0	5.0	5.0	1.02	-1.6729893325e-19	-2.13531844396e-17	-4.24740700934e-20	0.991155078976	-1.84178182306e-17	7.32848935497e-20	-7.63421530937e-20	0.9897789365	322655716.041	-16815190.4671	6270051.71162	-16339673.728	10068.2014667	4631913.75345	6084294.27307	4625489.35485	7000.1380038	328896722.1112377	-16655720.022081958	6201965.415489664	-16655725.785510095	9972.717530816622	4581615.946354867	6201980.449398322	4581622.540062064	6924.1237233760185	330421099.514	0.01980262729617973	0.0	0.0	0.0	-0.008884269532759252	0.0	0.0	0.0	-0.010273657252515559	0.0196041454809
240	250.0	nan	nan	1	1	5.0	5.0	5.0	1.025	2.63059978404e-19	-2.9533127195e-18	-5.08277670995e-20	0.988928094921	-2.69798522546e-17	-9.12314041197e-20	-1.69763931475e-19	0.987209981852	342086154.717	-17816951.1509	6709544.57718	-17189941.2827	8810.22368772	5016219.05399	6462197.23005	5007517.69375	7759.55616471	350397697.9121359	-17607592.798162803	6619184.126820878	-17607599.049677465	8706.699021637245	4948663.378995282	6619206.891716903	4948676.78170019	7655.054736697311	352005405.081	0.024692612590371414	0.0	0.0	0.0	-0.011133654834702848	0.0	0.0	0.0	-0.012872514605794914	0.0244843889138
250	300.0	nan	nan	1	1	5.0	5.0	5.0	1.03	4.83933745568e-20	8.76534840109e-18	9.64823466482e-20	0.986716314612	3.93654194723e-17	-4.67522482215e-21	2.6516101716e-20	0.984654865795	358246941.129	-18599809.7618	7104415.97635	-17818199.6436	9679.95548236	5356858.88888	6791678.26673	5345682.04427	8675.96851898	368728027.8190862	-18339489.659986615	6990348.833835805	-18339499.545107283	9544.476301175664	5270850.188328059	6990379.666553367	5270864.693348253	8536.668829772949	370395253.932	0.02955880224154443	0.0	0.0	0.0	-0.013372702734578449	0.0	0.0	0.0	-0.01546408926682445	0.0293429862031
260	350.0	nan	nan	1	1	5.0	5.0	5.0	1.035	4.92662155392e-19	3.24918397495e-17	-1.79509773453e-19	0.984520033268	1.43702845271e-17	-5.0041118337e-20	-2.90208046108e-19	0.982114104287	371792213.409	-19191612.3169	7464467.4276	-18255594.8367	7657.43813409	5657270.09739	7083081.37601	5643463.63171	5909.56737802	384515440.7420013	-18880311.88545074	7325443.444587479	-18880325.734307542	7533.229508177027	5551904.747544851	7325473.9041880565	5551922.9818463875	5799.503049554256	386225135.337	0.03440142671733232	0.0	0.0	0.0	-0.0156010324375655	0.0	0.0	0.0	-0.018047781566272434	0.0341797599381
270	400.0	nan	nan	1	1	5.0	5.0	5.0	1.04	1.75494638759e-19	-1.08056522477e-17	-5.73401600622e-20	0.982338999386	-1.86855468164e-18	1.39767053742e-19	2.94635116746e-19	0.979588432052	383218496.166	-19615279.3498	7794610.30826	-18527750.5903	-13852.1925565	5913491.69068	7341829.75299	5896929.13426	-12107.2759837	398236835.5049528	-19253846.729432028	7629563.326693438	-19253853.448947188	-13596.951009119823	5788276.456631494	7629556.185044733	5788271.872178153	-11850.910459693563	399987483.207	0.03922071315328133	0.0	0.0	0.0	-0.017818816976013882	0.0	0.0	0.0	-0.020622762822358552	0.0389946199324
280	450.0	nan	nan	1	1	5.0	5.0	5.0	1.045	2.40256263277e-19	1.18237858503e-17	3.10053763364e-19	0.980173567835	6.45465575587e-19	-1.90602265467e-19	-3.59750774567e-19	0.97707800218	392935214.032	-19892480.7581	8084838.988	-18658477.0956	-13505.2072909	6132237.78862	7559342.7535	6112842.62987	-12705.6446204	410287918.3470716	-19482443.276474297	7893181.657492557	-19482467.983785234	-13226.82867871314	5986868.372315208	7893176.512688307	5986840.517413236	-12404.447536087442	412043474.221	0.04401688541677426	0.0	0.0	0.0	-0.020025612963935943	0.0	0.0	0.0	-0.02318879166158713	0.0437874927091
290	500.0	nan	nan	1	1	5.0	5.0	5.0	1.05	-3.96884566625e-19	-6.08916898007e-17	3.03575284807e-20	0.978023677597	-8.29106289019e-18	-5.21269369696e-19	-2.48088009317e-19	0.974582938004	401224533.891	-20054193.433	8335754.33406	-18679512.573	-13673.5140604	6315489.47435	7737025.74057	6293268.30168	-12620.5691151	420939138.8378489	-19597338.611394804	8117199.852452801	-19597350.79043173	-13362.017572264023	6149904.15683141	8117192.936378563	6149901.2808679575	-12289.671414664168	422686473.49	0.04879016416943205	0.0	0.0	0.0	-0.022221399018501432	0.0	0.0	0.0	-0.025745655391273988	0.0485584433371
300	550.0	nan	nan	1	1	5.0	5.0	5.0	1.055	1.27523457187e-18	7.76085996988e-18	-7.04327747977e-20	0.975889365346	-1.81023249276e-17	4.67098965741e-19	4.46095195627e-19	0.972103287087	408337154.99	-20122453.7443	8544290.355	-18613578.6722	-14189.4326117	6467023.12736	7872913.16509	6441909.06959	-13264.6371093	430433338.56141156	-19620770.883853007	8298946.278803005	-19620807.73826898	-13835.668839586888	6281326.510203461	8298936.935917005	6281302.644059675	-12883.751160619051	432162316.968	0.05354076692802976	0.0	0.0	0.0	-0.024406054172507016	0.0	0.0	0.0	-0.028293217731965654	0.0533075312702
310	600.0	nan	nan	1	1	5.0	5.0	5.0	1.06	2.03857007602e-19	-1.23574166071e-17	9.38304056043e-20	0.973770579712	-3.94090019644e-17	-1.69479381345e-19	-2.27012770798e-18	0.969639064506	414452953.7	-20115437.1961	8720110.15606	-18479099.5122	-12558.6006426	6594976.54239	7976744.69207	6566992.533	-11375.6770447	438943362.3099547	-19571022.082488656	8448107.990266044	-19571046.604765248	-12218.70785632932	6389262.638461413	8448097.918394182	6389259.8816494625	-11020.841069218595	440643996.626	0.058268908123975824	0.0	0.0	0.0	-0.026579547528083555	0.0	0.0	0.0	-0.030831375177936535	0.0580348534156
320	650.0	nan	nan	1	1	5.0	5.0	5.0	1.065	-6.18294346826e-19	-6.82118808797e-17	-1.27283243937e-19	0.971667288465	-4.72267454906e-17	1.39919254975e-19	1.91449298414e-18	0.967190191164	419729583.642	-20055730.929	8869399.8809	-18298150.3012	-16747.0262548	6701112.60663	8054801.90652	6670210.01086	-16374.6384618	446622002.8206971	-19470495.468051806	8570912.188158827	-19470527.820613507	-16258.340319371875	6475595.698202052	8570879.680671511	6475570.212183684	-15823.572085318425	448295689.155	0.06297479916138839	0.0	0.0	0.0	-0.028741828936184703	0.0	0.0	0.0	-0.033360121209406096	0.0627405333735
330	700.0	nan	nan	1	1	5.0	5.0	5.0	1.07	1.29462368543e-18	-5.03666966261e-19	3.46730951725e-19	0.969579659222	1.03910282965e-16	3.17372657424e-20	2.08859795947e-19	0.964756509839	424302564.156	-19965858.0287	8987365.75897	-18092074.8252	8308.19227523	6780116.91013	8103428.28735	6746403.66145	6878.40972702	453601458.9353227	-19341336.607065927	8662936.739115996	-19341366.819693528	8048.316439016824	6535365.918277509	8662985.341206416	6535379.742542547	6630.110527261264	455217709.544	0.06765864847381486	0.0	0.0	0.0	-0.030892642412304445	0.0	0.0	0.0	-0.035879530891916936	0.0674246584936
340	750.0	nan	nan	1	1	5.0	5.0	5.0	1.075	1.44635507955e-18	-1.62413803076e-17	-2.94193402299e-19	0.967507952563	-6.76455996498e-17	-2.88494127879e-19	-5.12203470183e-19	0.962337245276	428236460.032	-19844778.6435	9074584.59712	-17860487.8472	-13879.2451312	6829293.81491	8123544.85165	6792789.73631	-12534.0856478	459940658.12130564	-19182733.801351916	8724966.054770373	-19182777.043773666	-13416.217409042943	6566180.090717718	8724966.027102517	6566174.388791701	-12051.182137785896	461539571.558	0.07232066157962608	0.0	0.0	0.0	-0.033031634408623	0.0	0.0	0.0	-0.0383903229356507	0.0720875145686
350	800.0	nan	nan	1	1	5.0	5.0	5.0	1.08	-1.99428613475e-18	5.95825209714e-17	-3.11185346442e-19	0.965452809938	7.91871779449e-17	3.15493303073e-19	-1.11840112773e-18	0.959931887414	431653558.292	-19697701.5124	9136108.75901	-17608578.7694	-9231.62459351	6856406.10632	8120400.6223	6817192.54491	-7894.88203117	465761788.69230217	-18999902.75415814	8762064.67573443	-18999966.492612693	-8904.590691921945	6575695.991734915	8762055.231760677	6575690.840280185	-7571.655372007757	467316542.339	0.0769610411361284	0.0	0.0	0.0	-0.035158054602200575	0.0	0.0	0.0	-0.040892947647784915	0.0767291677116
360	850.0	nan	nan	1	1	5.0	5.0	5.0	1.085	1.43170405654e-18	1.55232048944e-16	-2.44163864491e-19	0.963414011603	-1.10363866695e-16	-1.69795695211e-18	-1.86413422845e-18	0.957540245194	434594750.905	-19535356.3925	9180756.36818	-17346259.8715	-14467.4096686	6865532.52787	8102257.44372	6823671.70954	-13278.0202784	471101494.4777239	-18803321.17386174	8782856.07714859	-18803377.012827616	-13925.282195362088	6567975.629356351	8782861.694558587	6567972.8673255555	-12702.541753405285	472621086.267	0.08157998699242285	0.0	0.0	0.0	-0.037272040981668246	0.0	0.0	0.0	-0.04338752727643224	0.0813498389655
370	900.0	nan	nan	1	1	5.0	5.0	5.0	1.09	-1.71164844561e-18	-1.07138206413e-16	3.26821541562e-19	0.961391646685	-5.07334354225e-17	2.98261476552e-19	-1.48863393502e-18	0.955162077394	437133196.621	-19371933.9252	9209064.70649	-17086319.8251	-14562.6300394	6860847.24104	8069856.28607	6816378.24507	-13461.9106836	476032246.66211957	-18606702.32388903	8787972.358710865	-18606775.409422487	-13987.375924484499	6547129.142127358	8787966.340220483	6547117.155301837	-12846.353321802431	477512707.305	0.08617769624105241	0.0	0.0	0.0	-0.03937341225879633	0.0	0.0	0.0	-0.04587423835260045	0.0859496687543
380	950.0	nan	nan	1	1	5.0	5.0	5.0	1.095	9.83881707795e-20	8.80232138924e-17	2.62380035941e-19	0.959385639252	1.09965920028e-17	-6.200148825e-19	-4.08402229475e-19	0.952797183061	439311411.048	-19204528.3695	9215001.77437	-16826146.8582	-12450.5740062	6838358.23488	8018305.95384	6791414.4628	-11520.3786323	480594510.9984029	-18407256.428128943	8771787.26705329	-18407338.43451289	-11933.69105452734	6509453.29811077	8771804.537761644	6509470.324978249	-10966.28227240366	482033741.579	0.09075436326846412	0.0	0.0	0.0	-0.041462158493994226	0.0	0.0	0.0	-0.04835321743051364	0.0905288343607
390	1000.0	nan	nan	1	1	5.0	5.0	5.0	1.1	5.38236498421e-19	1.07089422609e-16	5.03004601386e-19	0.957395721988	-1.74314880682e-17	-8.9984015756e-20	1.9403671937e-19	0.9504455686	441174699.348	-19038998.0018	9194999.53443	-16570857.7353	-10155.8342613	6798593.80244	7944848.18746	6749242.23756	-8751.96352581	484832657.73974985	-18210595.717891768	8731071.48263425	-18210683.9052787	-9713.945654753763	6455574.92942032	8731057.940896692	6455577.219909594	-8310.388583613094	486230444.282	0.09531017980432493	0.0	0.0	0.0	-0.04353847039803132	0.0	0.0	0.0	-0.05082438476390648	0.0950874955825
400	1050.0	nan	nan	1	1	5.0	5.0	5.0	1.105	2.12063962768e-18	1.42721345843e-17	4.64705518639e-19	0.955421727321	9.27540252517e-17	-1.56416545111e-18	-1.67144746784e-18	0.948107263003	442769258.703	-18875518.9116	9150526.25863	-16320307.2572	24086.9822877	6744050.12779	7851281.54738	6692408.61759	21037.9715647	488792882.6183297	-18016861.84003505	8667396.817318717	-18016720.61161455	22991.253064527693	6387977.801639189	8667382.534716988	6387967.504622009	19927.208843398537	490121523.85	0.09984533496971612	0.0	0.0	0.0	-0.045602436688671734	0.0	0.0	0.0	-0.053287636500075494	0.0996257703472
410	1100.0	nan	nan	1	1	5.0	5.0	5.0	1.11	1.21035714207e-18	-2.54084473188e-17	3.04638625484e-19	0.953463141343	-9.21411439748e-17	-6.43586221236e-19	-1.47093888736e-18	0.945782064173	444084533.03	-18725673.8894	9089191.4927	-16084973.916	-13583.6224125	6676879.22696	7744503.94144	6623085.54649	-12745.737499	492459664.3615595	-17837065.34093368	8588125.171467435	-17837146.459236592	-12939.024890073462	6308798.158995487	8588130.249946522	6308793.4965165015	-12043.094166515582	493785359.679	0.10436001532424286	0.0	0.0	0.0	-0.04765451085768358	0.0	0.0	0.0	-0.05574311260939543	0.104143974299
420	1150.0	nan	nan	1	1	5.0	5.0	5.0	1.115	-3.07093780261e-18	-8.48706896116e-17	6.39758029361e-20	0.951520251211	1.05869536347e-16	6.57668143984e-19	3.1101991032e-20	0.943469881586	445191643.617	-18580722.6957	9017127.52685	-15856521.4178	-13418.1590351	6598922.17726	7629951.22282	6543088.37017	-12536.6262617	495907786.4257831	-17662805.790482797	8499146.370515082	-17662893.15951111	-12755.28088891925	6219852.753015609	8499153.736813037	6219849.520655333	-11816.470519393157	497197559.494	0.10885440491208208	0.0	0.0	0.0	-0.04969430901367332	0.0	0.0	0.0	-0.05819083669046947	0.108642122394
430	1200.0	nan	nan	1	1	5.0	5.0	5.0	1.12	5.01642028122e-19	-4.63816183675e-17	-3.83877978674e-20	0.949592971641	2.1852745943e-16	1.82615009472e-19	-2.01326496673e-18	0.941170361707	446097785.166	-18445238.0615	8930570.43818	-15638888.8486	-12944.0264866	6513585.56191	7504637.48113	6455804.34191	-12141.4667929	499142250.79834837	-17498386.291129023	8396990.967338769	-17498473.293183126	-12279.569115340919	6124414.952769011	8396996.73102608	6124407.709894451	-11416.044215312433	500397295.206	0.11332868530700327	0.0	0.0	0.0	-0.05172183710307463	0.0	0.0	0.0	-0.0606311125238115	0.113120448488
440	1250.0	nan	nan	1	1	5.0	5.0	5.0	1.125	-3.25135582037e-18	1.58693369674e-16	-9.67850947524e-20	0.94768103678	9.70462588328e-17	-3.4887169515e-20	-2.35784855758e-18	0.938883534855	446828933.732	-18318611.3573	8830435.60747	-15431388.508	-4341.52444489	6421927.02675	7369534.53443	6362280.12589	-3601.77921941	502189206.3293167	-17343162.906667154	8282613.8657357795	-17343274.265313927	-4110.342440393989	6023524.1160138445	8282589.643314428	6023494.823322925	-3378.332375672187	503403192.15	0.11778303565638346	0.0	0.0	0.0	-0.053737292435002006	0.0	0.0	0.0	-0.0630638385046979	0.117579098014
450	1300.0	nan	nan	1	1	5.0	5.0	5.0	1.13	-2.66751850914e-18	-6.74894676549e-18	-1.83624169819e-19	0.945784178787	-2.83166608278e-16	-1.65978752992e-18	-2.59292667022e-18	0.93660929751	447389856.708	-18198060.3199	8720992.09661	-15231336.6166	-6541.97205063	6323604.41505	7228410.12871	6262230.85713	-5211.88712118	505051452.05460846	-17194446.181580428	8160098.565818689	-17194419.049976647	-6181.18548727898	5916899.6768283425	8160039.788148251	5916871.883967122	-4876.682853465951	506235408.071	0.12221763272424911	0.0	0.0	0.0	-0.0557408767754587	0.0	0.0	0.0	-0.06548905540816792	0.122018267175
460	1350.0	nan	nan	1	1	5.0	5.0	5.0	1.135	-1.9410157033e-18	-5.00691763034e-18	6.88634477395e-19	0.943902332176	-9.28464312523e-17	7.76490984616e-19	-9.51588576681e-19	0.934347488039	447804446.002	-18083360.5864	8598675.27612	-15038769.1203	-8260.47113292	6219677.0026	7078553.51073	6156707.11155	-7491.21218055	507753492.8962476	-17051981.721507087	8026175.0555745885	-17052058.365803834	-7789.337722742442	5805570.603490061	8026182.638012715	5805561.230127708	-6992.446907086557	508908441.369	0.126632650933366	0.0	0.0	0.0	-0.057732579867131116	0.0	0.0	0.0	-0.06790686707577322	0.126438108281
470	1400.0	nan	nan	1	1	5.0	5.0	5.0	1.14	2.02361465055e-20	1.9713897754e-17	1.57190786165e-19	0.942035349109	-1.02494560038e-16	1.48233412747e-18	1.0405799757e-18	0.932098054549	448090809.195	-17970709.2638	8464709.06527	-14850053.869	6173.7765241	6115385.91501	6920963.02962	6050836.92789	6256.07826214	510313708.6301264	-16912147.792854574	7882064.508100084	-16912165.81045445	5810.111302949513	5694450.4415165	7882023.550722691	5694413.442049034	5825.458624706721	511425328.002	0.131028262406404	0.0	0.0	0.0	-0.059712479516423674	0.0	0.0	0.0	-0.07031726108703562	0.130838757299
480	1450.0	nan	nan	1	1	5.0	5.0	5.0	1.145	-1.06648065504e-18	1.4126852552e-16	5.31906912374e-19	0.940182835529	3.0293003099e-16	8.33771587674e-19	-1.28201083545e-18	0.929860840622	448226121.53	-17867643.7766	8323153.66165	-14671603.5872	-19399.8074272	6009321.70044	6759297.12415	5943343.98315	-19136.4071915	512704212.5492176	-16782004.7697614	7731613.002073326	-16782138.75249613	-18221.07407368754	5582229.006156858	7731633.528171266	5582226.079757651	-17776.350247682432	513811052.34	0.13540463700620298	0.0	0.0	0.0	-0.061680916749989156	0.0	0.0	0.0	-0.07272033777086553	0.135220469721
490	1500.0	nan	nan	1	1	5.0	5.0	5.0	1.15	1.08117138272e-18	1.41820314546e-16	-3.93228428318e-19	0.938344892147	3.1137539946e-17	4.84396966711e-20	4.46995168134e-19	0.927635849966	448274016.259	-17776689.2486	8176338.03946	-14505030.3822	-10893.3922395	5898346.37815	6595353.67945	5831035.10552	-10273.7325895	514995634.4509336	-16663856.459970895	7577021.22561776	-16663975.723489597	-10211.4585062841	5466003.911237485	7577013.677755092	5466008.358057389	-9520.679003396921	516067426.907	0.13976194237515863	0.0	0.0	0.0	-0.06363770870081724	0.0	0.0	0.0	-0.07511602626004009	0.139583277601
500	1550.0	nan	nan	1	1	5.0	5.0	5.0	1.155	-1.14411651861e-18	2.07543718505e-17	1.58077523781e-19	0.936521238727	-3.83713204296e-16	1.43672669722e-18	2.05109028178e-18	0.925422866366	448211001.759	-17697514.7209	8021226.86867	-14349985.2531	-11955.1653695	5781260.12357	6426852.87657	5712760.81826	-12204.859139	517159676.694989	-16557321.117477996	7415512.729983146	-16557455.539793741	-11184.932752260302	5344694.613878402	7415501.053676361	5344706.125520145	-11283.222603565651	518207351.325	0.14410034397375687	0.0	0.0	0.0	-0.06558307852226676	0.0	0.0	0.0	-0.07750449310412241	0.143927421225
510	1600.0	nan	nan	1	1	5.0	5.0	5.0	1.16	1.21726575454e-18	1.54824387868e-17	2.44726347307e-19	0.934711722653	-1.32568914817e-16	-6.53882965501e-19	-8.36736202989e-19	0.923221867156	448060570.612	-17629752.5272	7857347.31656	-14205881.6956	-6661.84545863	5657571.30283	6253513.29406	5588014.48464	-6816.58122207	519221844.57650965	-16461982.827883137	7246699.820636739	-16462069.15228073	-6220.574303172547	5217883.24910235	7246700.38068866	5217872.36356153	-6286.818684369569	520240363.36	0.14842000511827322	0.0	0.0	0.0	-0.06751711525140391	0.0	0.0	0.0	-0.07988569724798489	0.148253023583
520	1650.0	nan	nan	1	1	5.0	5.0	5.0	1.165	2.01785747349e-19	-2.15312492939e-16	-9.45401265699e-20	0.932916209518	3.21703086897e-16	2.87461806474e-20	9.44441736189e-20	0.921032742231	447826942.418	-17563533.9764	7681581.19033	-14064555.5546	12303.0486508	5528177.88041	6072911.59371	5457788.71331	12469.5377663	521185722.26945734	-16368576.423254618	7067764.345564008	-16368478.20174492	11465.994961507644	5086434.361753962	7067718.610578818	5086461.060503638	11473.126723084582	522162678.2	0.15272108701766393	0.0	0.0	0.0	-0.0694398897583039	0.0	0.0	0.0	-0.08225969261932889	0.152560234914
530	1700.0	nan	nan	1	1	5.0	5.0	5.0	1.17	2.80191881507e-18	2.27528402105e-17	2.55982621083e-19	0.931134579523	-1.98575466009e-16	6.24395631024e-19	2.18775375386e-18	0.918855222946	447508840.884	-17505036.8014	7497825.56784	-13931117.6299	16193.4118131	5397618.74023	5888314.80884	5326453.99161	13970.3580769	523048638.47818255	-16282837.102190332	6882354.132432342	-16282699.788466062	15062.789622943561	4954546.26224627	6882266.365086237	4954561.573430152	12823.578085694422	524000400.312	0.1570037488096647	0.0	0.0	0.0	-0.07135145842155577	0.0	0.0	0.0	-0.0846267066363656	0.156849262304
540	1750.0	nan	nan	1	1	5.0	5.0	5.0	1.175	-3.34151850714e-18	3.00067774312e-17	-1.30251167975e-19	0.929366536051	7.01227077994e-17	9.52647367865e-20	1.86596064324e-18	0.91668935524	447112779.666	-17454363.0462	7303271.44992	-13805526.9706	3188.85541105	5272961.96845	5697701.17956	5201071.17897	2372.10495099	524816963.77234125	-16204810.250803655	6687942.731998256	-16204803.524962682	2960.5661757201947	4828694.635660118	6687910.454656493	4828727.999586423	2172.2459825431392	525758569.524	0.16126814759612232	0.0	0.0	0.0	-0.07325206895000758	0.0	0.0	0.0	-0.08698662612502542	0.161120246817
550	1800.0	nan	nan	1	1	5.0	5.0	5.0	1.18	2.1840744545e-18	2.74147824972e-16	-1.96174154073e-20	0.927612056251	7.90599112446e-17	5.75135371186e-19	-4.69070964322e-19	0.91453504196	446654303.955	-17412158.2848	7098849.20154	-13687865.069	9269.00904951	5153811.81269	5501757.9594	5081184.36695	9481.03481298	526507773.70493907	-16135047.500668924	6485441.687685789	-16135000.38047068	8589.165045009748	4708473.8711249335	6485369.8016955955	4708500.220329597	8661.783998054443	527423038.077	0.16551443847757333	0.0	0.0	0.0	-0.07514167643317528	0.0	0.0	0.0	-0.08933949372240753	0.165373295182
560	1850.0	nan	nan	1	1	5.0	5.0	5.0	1.185	-1.98523347013e-21	-1.85098404194e-17	-6.46524366771e-21	0.925870949246	5.93974707422e-17	4.4990684389e-19	-3.39411395921e-18	0.912392119692	446131689.181	-17373094.9251	6888916.49865	-13574027.2477	9619.17049427	5039630.61437	5304064.28747	4966301.19553	9684.9761244	528118145.38900906	-16068573.240406359	6278878.98325858	-16068551.661674926	8896.88027755071	4593353.795789996	6278802.117072362	4593388.503219275	8827.337804540539	529013780.421	0.16974277458709455	0.0	0.0	0.0	-0.07702041771320287	0.0	0.0	0.0	-0.0916854255096851	0.169608594734
570	1900.0	nan	nan	1	1	5.0	5.0	5.0	1.19	-1.10994403315e-18	-1.42129005115e-16	8.94374148072e-19	0.924142846833	-7.06629560011e-17	-8.48753482928e-19	2.04121705398e-18	0.910260745391	445554466.954	-17339050.0316	6675475.53929	-13465349.7693	14052.4856216	4930139.23645	5106185.35427	4856094.90355	13757.9071018	529658420.9407804	-16007095.057577912	6070104.128979358	-16007102.218007987	12972.998678142401	4483045.194230649	6070041.425603773	4483058.332958256	12510.259113859764	530531863.175	0.17395330712343798	0.0	0.0	0.0	-0.07888862314959426	0.0	0.0	0.0	-0.09402418711739184	0.173826263468
580	1950.0	nan	nan	1	1	5.0	5.0	5.0	1.195	1.19512378391e-18	6.76489745467e-17	-3.34445665267e-19	0.922427369404	4.25621085803e-17	1.19728107094e-18	3.22444267196e-18	0.908140894057	444906546.775	-17312713.0927	6454216.52087	-13363935.457	-9737.8499725	4823579.51432	4904905.40133	4748870.88229	-11113.9190042	531108660.56354684	-15953059.832240624	5855223.064972528	-15953242.117640587	-8973.088297418568	4375919.824916006	5855247.0328307245	4375918.48921137	-10082.4747179161	531987158.123	0.17814618538347404	0.0	0.0	0.0	-0.08074663852039622	0.0	0.0	0.0	-0.09635574275211134	0.178026494254
590	2000.0	nan	nan	1	1	5.0	5.0	5.0	1.2	-4.07413583206e-18	3.7765599228e-17	3.15347719285e-19	0.920724424916	-1.78758971389e-16	1.4433706119e-18	1.92530588911e-18	0.906032670174	444225923.706	-17287508.109	6226681.79898	-13264401.3788	-9587.51212148	4720877.07968	4701327.81947	4645533.6728	-12247.9993933	532513199.1391002	-15900372.284294493	5635672.692861817	-15900622.714591196	-8818.217816619199	4272792.299851914	5635688.922568402	4272779.766234261	-11085.473443386165	533375511.808	0.1823215567939546	0.0	0.0	0.0	-0.08259450040330796	0.0	0.0	0.0	-0.09867991379459448	0.182209332825
600	2050.0	nan	nan	1	1	5.0	5.0	5.0	1.205	-7.12665728551e-19	6.52486419929e-17	7.2600649747e-19	0.919033739117	1.27958461545e-16	7.18098650814e-19	-3.08764685098e-18	0.903936030736	443505147.117	-17261784.4695	5990737.29625	-13165475.8859	-303.590581376	4622239.44092	4493985.33241	4546282.11653	-1315.25273213	533862617.5491899	-15847506.740239415	5409557.896896142	-15847742.610015592	-278.717058084012	4173822.124469625	5409566.920212427	4173800.0269925734	-1187.656118381596	534699514.752	0.18647956694261839	0.0	0.0	0.0	-0.08443244444180881	0.0	0.0	0.0	-0.10099668355391875	0.186374942599
610	2100.0	nan	nan	1	1	5.0	5.0	5.0	1.21	2.13344438356e-18	8.08870936607e-17	1.87253838347e-19	0.917354938717	-6.30917784718e-18	7.97269761603e-19	-1.6730488895e-18	0.901850954899	442728261.886	-17239318.9282	5749293.10938	-13070056.1029	-14050.8470823	4529222.37269	4285165.07689	4452681.70738	-15812.0120149	535137115.68184215	-15797921.971083252	5179545.787613975	-15798115.292912452	-12876.041493187666	4080382.442731867	5179590.003355032	4080388.469418709	-14245.062595931695	535971464.595	0.1906203596086497	0.0	0.0	0.0	-0.08626081649391482	0.0	0.0	0.0	-0.10330601104406853	0.190523510187
620	2150.0	nan	nan	1	1	5.0	5.0	5.0	1.215	-1.40852314706e-18	-1.12783919235e-16	9.62375011869e-19	0.915687823263	-1.13821799293e-16	-1.38016077821e-18	-2.85127171914e-18	0.899777593574	441922510.237	-17222650.8801	5512846.16054	-12980074.7101	-11370.0271946	4439416.70549	4082628.50723	4362279.87537	-13843.4633843	536368804.00940907	-15753916.747570174	4955096.952870677	-15754135.593761414	-10400.400210650158	3990269.1911399057	4955155.07563374	3990268.0757226576	-12442.88362764737	537186877.211	0.19474407679251185	0.0	0.0	0.0	-0.08807977669302462	0.0	0.0	0.0	-0.1056076644476839	0.194655095213
630	2200.0	nan	nan	1	1	5.0	5.0	5.0	1.22	-4.28704550429e-19	6.8644926474e-17	9.81234729835e-20	0.91403227384	-6.72813887174e-17	1.21565109799e-18	4.37598396375e-19	0.89771583745	441091389.575	-17212429.5008	5276379.65181	-12895738.7532	8093.67886105	4354463.3201	3882531.85127	4276723.99399	6472.87621561	537561506.5794237	-15716051.987256316	4731672.47779228	-15716137.100985374	7390.047857131511	3904930.1996692442	4731671.759274785	3904923.2777725756	5804.648691466259	538348566.307	0.19885085874516517	0.0	0.0	0.0	-0.08988939760434334	0.0	0.0	0.0	-0.10790170012269382	0.198769833979
640	2250.0	nan	nan	1	1	5.0	5.0	5.0	1.225	1.41626555759e-18	-3.31401958251e-16	-5.92446607045e-19	0.912387903057	-3.51747372006e-17	1.66547853254e-19	-3.92795647421e-18	0.895665706854	440222546.955	-17207384.0315	5038602.41864	-12816132.41	16206.3407747	4274782.57692	3684010.38275	4196457.06711	15234.8760918	538699803.6881131	-15683132.668644948	4508109.782869287	-15683085.887042498	14770.763061811647	3824709.2255899482	4508119.0949887	3824729.7091341615	13630.861942225416	539467249.442	0.20294084399669038	0.0	0.0	0.0	-0.0916900470366053	0.0	0.0	0.0	-0.11018803065349092	0.202867898719
650	2300.0	nan	nan	1	1	5.0	5.0	5.0	1.23	-2.01747366168e-18	-1.0127051802e-16	-4.32000037989e-19	0.910754530873	-1.43037712649e-16	-9.27554016803e-19	-9.47618109741e-21	0.893627156629	439317900.689	-17205835.3623	4799830.00467	-12740172.3486	13299.5363955	4198890.66856	3487219.40687	4119924.14174	13838.137846	539785483.651849	-15653602.210522044	4284689.984538802	-15653721.558378452	12099.711983509158	3748246.2454395588	4284711.392787024	3748243.098596256	12352.964704111435	540543712.105	0.20701416938432612	0.0	0.0	0.0	-0.09348186822469669	0.0	0.0	0.0	-0.11246664154903337	0.206949418829
660	2350.0	nan	nan	1	1	5.0	5.0	5.0	1.235	-7.58875346291e-19	9.19331444467e-17	4.21842260067e-19	0.909132166085	1.81762364932e-16	1.42010367563e-18	-1.56865207876e-18	0.891599954094	438376938.102	-17206159.5881	4560161.77583	-12666325.1128	2471.82562171	4128832.45711	3292176.53843	4049176.38549	-1327.73998781	540817377.2243608	-15625968.75743309	4061498.231641453	-15626206.880850285	2244.8164415137244	3677335.7059780867	4061496.2287523784	3677305.407347408	-1182.5487510447917	541576809.164	0.2110709700799406	0.0	0.0	0.0	-0.09526479814058836	0.0	0.0	0.0	-0.1147377289576389	0.211014536779
670	2400.0	nan	nan	1	1	5.0	5.0	5.0	1.24	1.43646199942e-18	-6.3832297026e-17	-1.57938557438e-19	0.907520734374	-1.85076407807e-16	-1.98893923927e-19	2.96472119451e-18	0.889584134322	437428381.098	-17206364.2624	4320758.23889	-12592959.3886	12414.7071564	4066740.34148	3099816.39599	3986359.72053	12548.2789046	541830405.5708534	-15598412.422438974	3839562.3579017264	-15598549.585957855	11254.540434930204	3613834.024307358	3839656.610342703	3613830.4430126194	11150.797307958592	542569252.368	0.2151113796169455	0.0	0.0	0.0	-0.09703886530909697	0.0	0.0	0.0	-0.11700119026491179	0.215063313106
680	2450.0	nan	nan	1	1	5.0	5.0	5.0	1.245	-4.53692022373e-19	-1.5860247245e-16	-8.9917841307e-20	0.905919983522	8.63316996847e-16	8.75567369665e-19	-3.20729025478e-18	0.887579495981	436435812.957	-17207516.9614	4084030.51195	-12520872.4369	3602.54073606	4014717.4987	2911501.25267	3933523.51844	4288.52988693	542779304.0318004	-15571899.561402855	3621010.52233965	-15571752.42133743	3260.1102549361717	3559555.7536793924	3620927.927304713	3559632.2984289643	3802.3251296736817	543516633.813	0.219135529916671	0.0	0.0	0.0	-0.09880429524784605	0.0	0.0	0.0	-0.11925718870764353	0.219095963396
690	2500.0	nan	nan	1	1	5.0	5.0	5.0	1.25	-1.30760711232e-20	-4.86440433696e-17	-3.10080233144e-19	0.904329758563	2.04928663099e-16	-1.11617766624e-18	1.98703341514e-18	0.88558616311	435439095.033	-17207909.5718	3852376.12162	-12449349.3139	8246.72808193	3967793.09276	2729263.63988	3885541.81868	8445.21828612	543713071.5993334	-15544876.637520434	3407939.270065831	-15544938.504799712	7449.735260514962	3510040.9382213946	3407907.8653492765	3510029.3844111203	7470.91928018792	544437808.25	0.22314355131420976	0.0	0.0	0.0	-0.10056120793351721	0.0	0.0	0.0	-0.12150552202097165	0.223112537226
700	2550.0	nan	nan	1	1	5.0	5.0	5.0	1.255	-3.04405112397e-18	-9.49559932772e-17	1.26109970956e-18	0.902749733058	2.15433989228e-16	1.69883045484e-19	-1.84462600088e-18	0.883604141286	434412379.33	-17204846.5751	3628424.9854	-12375781.6258	9293.11029631	3923133.82465	2554619.19789	3839965.29809	10209.7117211	544599303.2652993	-15514912.679953082	3202632.1153013986	-15514848.037178686	8380.301105451665	3462757.099845125	3202587.912952171	3462787.4206178486	9011.609934760523	545314410.791	0.22713557258374711	0.0	0.0	0.0	-0.10230991452331183	0.0	0.0	0.0	-0.12374612061374887	0.227113188877
