inc	time	elem	node	ip	grain	1_pos	2_pos	3_pos	1_f	2_f	3_f	4_f	5_f	6_f	7_f	8_f	9_f	1_p	2_p	3_p	4_p	5_p	6_p	7_p	8_p	9_p	1_Cauchy	2_Cauchy	3_Cauchy	4_Cauchy	5_Cauchy	6_Cauchy	7_Cauchy	8_Cauchy	9_Cauchy	Mises(Cauchy)	1_ln(V)	2_ln(V)	3_ln(V)	4_ln(V)	5_ln(V)	6_ln(V)	7_ln(V)	8_ln(V)	9_ln(V)	Mises(ln(V))
0	0.0	nan	nan	1	1	5.0	5.0	5.0	1.0	0.0	0.0	0.0	1.0	0.0	0.0	0.0	1.0	5.54548365793e-06	2.68073665755e-07	2.78045871434e-08	2.68073665755e-07	5.42845764456e-06	-7.23097155936e-07	2.78045871434e-08	-7.23097155936e-07	6.03044247232e-06	5.54548365793e-06	2.68073665755e-07	2.78045871434e-08	2.68073665755e-07	5.42845764456e-06	-7.23097155936e-07	2.78045871434e-08	-7.23097155936e-07	6.03044247232e-06	1.44642704031e-06	0.0	0.0	0.0	0.0	0.0	0.0	0.0	0.0	0.0	0.0
10	2.5	nan	nan	1	1	5.0	5.0	5.0	1.00025	-2.72283946963e-21	-5.98153170995e-20	1.59865578073e-22	0.999936281572	-3.31381219592e-20	-1.14321530534e-21	1.60292093076e-22	0.999921895465	57827300.5828	-932081.383146	-891849.062187	-931789.04515	38.4248079603	-292612.463041	-891556.515111	-292608.253223	20.9865611771	57835502.69732929	-931921.2083133716	-891682.9722853563	-931921.2083391587	38.41820479528126	-292557.96954286593	-891682.9717944795	-292557.96954731125	20.982652829791547	57880820.9535	0.0002499687552074404	0.0	0.0	0.0	-6.372045810484119e-05	0.0	0.0	0.0	-7.810758531781389e-05	0.000214083056152
20	5.0	nan	nan	1	1	5.0	5.0	5.0	1.0005	-4.65709147216e-21	-1.2267863966e-20	3.26167655287e-22	0.999872536921	-2.60174694879e-19	-1.5850848488e-22	9.86257784105e-22	0.999843760645	115699102.934	-1865083.74724	-1784458.52505	-1863914.05903	-334.446344282	-585227.414791	-1783288.078	-585210.570754	-248.431579487	115731934.06061207	-1864442.9707714852	-1783794.109568668	-1864442.9689084191	-334.33144040826556	-585009.514431295	-1783794.1092067242	-585009.5132071633	-248.33907983786509	115822920.489	0.0004998750416509929	0.0	0.0	0.0	-0.00012747120310863377	0.0	0.0	0.0	-0.0001562515616394566	0.000428146843812
30	7.5	nan	nan	1	1	5.0	5.0	5.0	1.00075	-3.96024996722e-21	1.37975639029e-19	2.96614042964e-21	0.999808532622	-2.87925958196e-19	1.17252851829e-21	-2.28084714154e-21	0.999758102987	169149619.446	-2803584.01509	-2686585.7648	-2800946.65003	30.3283360379	-1012549.30909	-2683923.0891	-1012498.17666	-1995.26326702	169222946.8076603	-2802160.737225096	-2685086.4420090937	-2802160.876988776	30.312939442282044	-1011984.228207072	-2685086.58565215	-1011984.1680783634	-1994.1497556892632	169366454.107	0.0007497188905459742	0.0	0.0	0.0	-0.00019148571021826977	0.0	0.0	0.0	-0.00024192627480125353	0.000644941079998
40	10.0	nan	nan	1	1	5.0	5.0	5.0	1.001	1.58698736421e-20	3.07976506051e-19	-2.09845381647e-22	0.999734441764	1.42204134622e-18	-4.23805986842e-21	9.25263553687e-21	0.999624522337	191163864.242	-3097932.58647	-3215828.55468	-3094015.80959	2102.41401749	-2261750.17028	-3211409.7322	-2261501.51792	2171.80590029	191286466.660722	-3096000.227651405	-3213469.3019805336	-3096000.14812241	2101.102620888025	-2260090.8653438007	-3213469.361001898	-2260090.889289634	2170.2125818509558	191480427.529	0.0009995003330834232	0.0	0.0	0.0	-0.0002655935028323644	0.0	0.0	0.0	-0.0003755481723884484	0.000882334131146
50	12.5	nan	nan	1	1	5.0	5.0	5.0	1.00125	-1.55548729251e-20	1.8642004029e-19	2.80517625232e-21	0.999651226675	-1.00837349176e-18	5.86698528969e-21	-8.54063982461e-21	0.999477415991	201191562.957	-2989226.78913	-3481948.69857	-2984453.51655	-1887.61429222	-2998569.92181	-3475783.93972	-2998048.56947	-2176.48685972	201366988.8577422	-2987055.9081309782	-3478815.0143290455	-2987055.7650671303	-1886.2434407291155	-2995871.268807664	-3478814.596271642	-2995871.2817856823	-2174.528065043976	201592364.96	0.0012492194004318981	0.0	0.0	0.0	-0.0003488341605615703	0.0	0.0	0.0	-0.0005227206036131492	0.00112780840146
60	15.0	nan	nan	1	1	5.0	5.0	5.0	1.0015	3.60821353074e-20	6.65000686524e-19	9.11449637457e-22	0.999564435626	-9.95459341239e-19	-1.30074151324e-21	2.30808206321e-20	0.999328040722	208087103.194	-2796740.85748	-3589201.43615	-2791335.47646	2822.5669906	-3384046.02991	-3581417.49847	-3383245.88591	4072.99232113	208317759.0685412	-2794429.772448162	-3585387.364606607	-2794429.555408567	2820.234564159459	-3380449.9671384282	-3585387.350385506	-3380450.1428203103	4068.664148308041	208545264.926	0.0014988761237359487	0.0	0.0	0.0	-0.00043565925971511576	0.0	0.0	0.0	-0.0006721851438228594	0.00137532854024
70	17.5	nan	nan	1	1	5.0	5.0	5.0	1.00175	-7.55257258292e-21	-5.15077509221e-19	-2.83847027198e-21	0.99947547286	-2.4391901903e-18	-4.14086614644e-21	-4.68928689256e-21	0.999178245543	213612451.331	-2601727.71762	-3603983.01666	-2595820.04431	-3080.46317861	-3594842.06893	-3594730.21982	-3593773.05084	-4881.41718529	213900329.20981047	-2599318.649671555	-3599575.1391504332	-2599318.338362961	-3077.610825898485	-3590445.371322705	-3599574.709474651	-3590445.3992136866	-4875.446932676047	214132823.497	0.001748470534116803	0.0	0.0	0.0	-0.0005246647524831213	0.0	0.0	0.0	-0.0008220922822791552	0.00162367213163
80	20.0	nan	nan	1	1	5.0	5.0	5.0	1.002	-9.58909125102e-22	-4.80730902236e-19	3.24813147034e-21	0.99938496589	1.23098247705e-18	-5.7592450149e-21	2.49188159532e-20	0.999028703	218418553.196	-2447338.51921	-3564997.15533	-2440951.06316	-5023.37664306	-3711245.41717	-3554425.42801	-3709922.28316	-8086.26602571	218765456.95988822	-2444828.2663466455	-3560070.9576178654	-2444827.909237802	-5018.224129215692	-3706117.1301373164	-3560070.752280279	-3706116.988975716	-8075.092231325338	218993948.208	0.001998002662673058	0.0	0.0	0.0	-0.0006152233210632379	0.0	0.0	0.0	-0.0009717690146005266	0.00187234960463
90	22.5	nan	nan	1	1	5.0	5.0	5.0	1.00225	3.27038262882e-20	4.33145062752e-19	-2.28033015366e-21	0.99929327531	2.35270432135e-18	2.23338765389e-23	-6.83313224515e-21	0.998879607501	222778358.702	-2335147.98584	-3501730.58432	-2328258.99918	1343.43126679	-3777732.60525	-3489954.7992	-3776169.34175	289.951611768	223185968.90145537	-2332519.034849877	-3496340.328253627	-2332518.937715183	1341.91880805915	-3771917.495948398	-3496340.2541431123	-3771918.0633770386	289.5052857595728	223399395.292	0.00224747254047937	0.0	0.0	0.0	-0.0007069745376163094	0.0	0.0	0.0	-0.0011210206078720274	0.00212115994347
100	25.0	nan	nan	1	1	5.0	5.0	5.0	1.0025	3.93570467501e-20	4.66046585207e-19	4.40473676184e-22	0.99920057058	-2.780699978e-19	1.3904906097e-21	5.95632079584e-21	0.998730969933	226822540.435	-2262364.69286	-3427836.91356	-2254918.79246	800.950107015	-3818438.99544	-3414949.43443	-3816644.90163	-279.202876328	227292455.0818486	-2259590.373769302	-3422024.3587787882	-2259590.371245772	799.9679085305563	-3811964.0999302664	-3422024.2813760242	-3811964.5815885747	-278.7294343135015	227498973.356	0.002496880198587146	0.0	0.0	0.0	-0.0007997491341024853	0.0	0.0	0.0	-0.0012698359675351546	0.00237003972139
110	27.5	nan	nan	1	1	5.0	5.0	5.0	1.00275	2.61686858587e-20	5.38436676129e-20	-3.71693608251e-21	0.999107069636	1.57879000434e-19	-2.11046861487e-20	-4.72609642982e-21	0.998582772654	230636205.534	-2221428.43332	-3352671.96934	-2213358.19425	561.000061077	-3843701.9696	-3338738.67222	-3841685.31086	-517.656901281	231169952.03883985	-2218480.3496268806	-3346465.567189225	-2218480.4264572305	560.255551325034	-3836586.582115265	-3346465.299931139	-3836586.96528687	-516.6986247377368	231369955.504	0.0027462256680252286	0.0	0.0	0.0	-0.000893329263794936	0.0	0.0	0.0	-0.0014182325625343118	0.00261893090693
120	30.0	nan	nan	1	1	5.0	5.0	5.0	1.003	4.79227087883e-21	-1.98130022631e-19	8.28338665411e-21	0.99901293323	1.49757079436e-18	-2.83557513983e-21	-1.66606583077e-20	0.998434960033	234272946.731	-2203782.1837	-3278892.82661	-2195021.96686	505.410910238	-3858615.35434	-3263968.90722	-3856383.12269	-467.087356781	234872002.32043326	-2200634.693111894	-3272315.563854334	-2200634.8222772586	504.6890711674789	-3850875.2028923603	-3272315.14969012	-3850875.350791047	-466.1504075002959	235065924.089	0.002995508979798371	0.0	0.0	0.0	-0.000987554241208862	0.0	0.0	0.0	-0.001566265921327988	0.00286780946523
130	32.5	nan	nan	1	1	5.0	5.0	5.0	1.00325	1.47176110488e-20	7.56176255952e-19	-1.08153865091e-21	0.998918267252	1.6229680665e-18	6.4114769279e-21	-4.8415294843e-20	0.998287497624	237769281.243	-2202685.59661	-3208015.0199	-2193175.26667	408.531459506	-3867771.36902	-3192146.39345	-3865329.17243	-342.901394553	238435083.23354998	-2199316.393467904	-3201085.4649521653	-2199316.6001952565	407.9065743752557	-3859416.6904848223	-3201085.047811805	-3859416.808353607	-342.16070161967366	238623574.597	0.0032447301648890294	0.0	0.0	0.0	-0.0010823182431398068	0.0	0.0	0.0	-0.0017139703844114066	0.00311665930447
140	35.0	nan	nan	1	1	5.0	5.0	5.0	1.0035	-7.23410804708e-20	-1.18611495986e-19	-1.88183589356e-22	0.998823182943	-1.24659427034e-18	-1.1031280649e-20	-7.79741804423e-20	0.998140316106	241146858.518	-2212569.8582	-3140808.98599	-2202258.35008	333.643807426	-3873356.52038	-3124033.55357	-3870708.52563	-271.618305108	241880800.44056565	-2208960.842044423	-3133542.101049945	-2208961.0280140075	333.0995869184597	-3864394.741331682	-3133541.6981361695	-3864394.8494535135	-270.9898622515136	242064460.465	0.003493889254255838	0.0	0.0	0.0	-0.0011775100499303432	0.0	0.0	0.0	-0.0018614152529460586	0.00336547781487
150	37.5	nan	nan	1	1	5.0	5.0	5.0	1.00375	-9.61440297777e-20	-9.07729185857e-19	1.79167320679e-21	0.998727761429	-2.33353275629e-18	3.17728345088e-20	5.30669450177e-20	0.997993368944	244423802.566	-2231187.72658	-3076901.79203	-2220024.15816	286.018968695	-3877566.17774	-3059255.0163	-3874715.05257	-218.868036034	245227244.68638942	-2227321.443842928	-3069311.4139562873	-2227321.569043157	285.52334468813274	-3868000.6487487513	-3069311.051396845	-3868000.8062785016	-218.3281126779633	245406630.402	0.003742986278834297	0.0	0.0	0.0	-0.0012730485535574728	0.0	0.0	0.0	-0.002008647037436398	0.00361426176184
160	40.0	nan	nan	1	1	5.0	5.0	5.0	1.004	2.61207093832e-20	-7.63556568172e-19	-2.75533862041e-21	0.998632055391	-1.35574836223e-17	2.35994628761e-21	-3.87025400904e-20	0.997846627433	247612734.913	-2255697.93086	-3015783.87763	-2243637.83211	258.173386358	-3881011.01222	-2997300.30158	-3877958.69997	-194.477774321	248487004.50319368	-2251559.5330453715	-3007883.4203296592	-2251559.6553906607	257.6997306600613	-3870843.91702076	-3007883.151881583	-3870844.034664146	-193.96830036191236	248662575.627	0.003992021269537457	0.0	0.0	0.0	-0.0013688810993685132	0.0	0.0	0.0	-0.0021556944074962734	0.00386300854075
170	42.5	nan	nan	1	1	5.0	5.0	5.0	1.00425	-3.24854506065e-20	1.89989055799e-18	-8.98318145233e-21	0.998536097073	6.89991384472e-18	-9.38684559125e-21	2.82225753197e-20	0.997700077828	250722708.265	-2284469.83679	-2958439.96065	-2271471.97928	234.541876328	-3884356.20827	-2939144.10122	-3881104.2109	-176.820729695	251669099.40264583	-2280045.8566122768	-2950238.664509976	-2280045.997028442	234.0876752722136	-3873588.1156262127	-2950238.349319453	-3873588.275333599	-176.33055271415472	251841304.526	0.004240994257254614	0.0	0.0	0.0	-0.0014649754797602104	0.0	0.0	0.0	-0.002302571055261385	0.00411171507841
180	45.0	nan	nan	1	1	5.0	5.0	5.0	1.0045	-8.01132695064e-20	-2.88160236425e-18	7.54719590893e-21	0.99843991301	8.63924140799e-18	-1.89507078336e-21	4.76910982167e-21	0.99755371042	253762093.902	-2315808.62139	-2905067.10721	-2301837.57347	205.486755084	-3888361.84247	-2884977.80078	-3884910.79035	-145.624843384	254781873.67535672	-2311087.757535364	-2896571.773237187	-2311087.841557257	205.0678625270762	-3876991.044054727	-2896571.5024340963	-3876991.2521121465	-145.19899033702038	254951122.46	0.004489905272852001	0.0	0.0	0.0	-0.0015613051928744421	0.0	0.0	0.0	-0.0024492866351290693	0.00436037825775
190	47.5	nan	nan	1	1	5.0	5.0	5.0	1.00475	-3.21401027007e-20	-7.88995680731e-19	-8.41242682966e-22	0.998343534851	1.67427973426e-18	-1.44566355656e-20	3.23502065763e-20	0.997407506373	256737090.067	-2349218.72109	-2855289.68648	-2334239.78028	173.187946595	-3893691.1913	-2834423.54787	-3890040.6809	-118.018121866	257831498.24898577	-2344189.983424803	-2846506.316893024	-2344190.0804629168	172.8172204712904	-3881713.5173873743	-2846506.01059945	-3881713.6597011755	-117.65507751809444	257998185.731	0.00473875434717347	0.0	0.0	0.0	-0.0016578386043250384	0.0	0.0	0.0	-0.0025958599579894524	0.00460899729882
200	50.0	nan	nan	1	1	5.0	5.0	5.0	1.005	2.884420155e-20	2.95910422456e-19	1.94304725889e-21	0.998246991172	8.39499813416e-18	-1.14597602063e-20	1.10536972436e-19	0.997261447397	259652698.073	-2385071.13077	-2808663.76408	-2369045.01664	159.984085809	-3900076.90209	-2787036.59703	-3896226.6175	-108.411545595	260822948.23307902	-2379722.099393492	-2799598.0325833834	-2379722.2610150147	159.62528732967075	-3887488.3357892963	-2799597.7221329766	-3887488.49721582	-108.06161764133543	260987427.001	0.004987541511038968	0.0	0.0	0.0	-0.001754547146028678	0.0	0.0	0.0	-0.002742309298352701	0.00485757202874
210	100.0	nan	nan	1	1	5.0	5.0	5.0	1.01	-2.64730883241e-19	1.73028027532e-18	9.47948981986e-21	0.996296774207	2.51448016965e-17	3.14940746423e-20	7.45008490502e-20	0.994361493777	308522276.775	-3125912.33974	-2259291.04814	-3083497.98404	-2546.85253157	-4110130.03561	-2224307.78431	-4102146.66505	842.529175233	311425023.12355065	-3112512.634472501	-2245236.44736485	-3112509.2198168673	-2535.935055462741	-4084561.733185215	-2245235.2886913684	-4084562.180809378	837.287968612425	311577135.558	0.009950330853168092	0.0	0.0	0.0	-0.003710099709327703	0.0	0.0	0.0	-0.005654462607597997	0.00981945335869
220	150.0	nan	nan	1	1	5.0	5.0	5.0	1.015	-9.40074222554e-20	6.37228511048e-19	-2.16125750448e-20	0.994336319054	3.73607704188e-19	-5.24928816726e-20	9.91591031104e-20	0.991486906841	345672494.551	-3656901.02927	-1993072.43412	-3582452.03257	-1383.04303792	-4395360.37093	-1946901.84509	-4382762.71498	-2745.52850723	350626339.35483617	-3633792.975033234	-1974802.814768694	-3633792.279961077	-1374.3035524167756	-4355070.033502218	-1974802.964620513	-4355067.921570496	-2720.361453646522	350782665.358	0.014888612493750559	0.0	0.0	0.0	-0.005679780403835018	0.0	0.0	0.0	-0.008549536514420917	0.0147621220656
230	200.0	nan	nan	1	1	5.0	5.0	5.0	1.02	2.20006881882e-19	8.74863852554e-18	2.31742920413e-20	0.992380035914	-2.10993524881e-17	-8.17998907754e-20	-9.8407692242e-19	0.988629654196	374761603.942	-4041147.39676	-1777579.35597	-3931721.70274	-3814.96776586	-4676970.9879	-1722908.38082	-4659291.3663	-6431.90617145	381982473.9112231	-4007475.5958355446	-1756106.325928893	-4007477.732365308	-3783.1805473960953	-4620473.516669097	-1756105.2111674105	-4620469.042852735	-6354.209210142882	382146516.804	0.01980262729617973	0.0	0.0	0.0	-0.007649144341849983	0.0	0.0	0.0	-0.011435482407019132	0.0196850514059
240	250.0	nan	nan	1	1	5.0	5.0	5.0	1.025	-3.24314357125e-19	-8.86954751568e-18	-1.60605387733e-20	0.990431591763	1.4006748574e-18	1.48965302153e-19	8.70806118059e-19	0.985789764831	397968866.616	-4328147.96515	-1564552.85201	-4182195.44419	6670.73316294	-4940862.47357	-1504711.43283	-4917704.29647	6781.96156922	407605756.6719915	-4283452.244361707	-1541139.2760949712	-4283468.084009879	6601.846140290887	-4866922.332486221	-1541148.29978263	-4866920.372277891	6680.469330175631	407762515.692	0.024692612590371414	0.0	0.0	0.0	-0.009614479576892064	0.0	0.0	0.0	-0.014312167366706667	0.0245873395743
250	300.0	nan	nan	1	1	5.0	5.0	5.0	1.03	-3.17782939008e-19	-5.96039052445e-18	7.34536383947e-21	0.98849164534	5.83827914458e-17	-8.95836603395e-20	2.62368455412e-19	0.982968669966	416713662.116	-4540622.04621	-1336569.69107	-4357652.83594	6907.34459358	-5172476.34292	-1275552.68862	-5143576.28664	7264.83873073	428869400.05690604	-4484752.213723116	-1312748.0468695876	-4484767.664962302	6822.353554588771	-5080287.4418104375	-1312761.1740196617	-5080287.437096147	7135.357713336675	429029035.695	0.02955880224154443	0.0	0.0	0.0	-0.011575088263531264	0.0	0.0	0.0	-0.017178031198433846	0.0294683314673
260	350.0	nan	nan	1	1	5.0	5.0	5.0	1.035	2.80579663778e-20	-7.9481832914e-18	2.7382986998e-20	0.986560890415	1.47148151784e-18	7.60857271039e-20	1.25824097337e-19	0.980167207064	432031152.542	-4692976.43958	-1109994.673	-4473357.80642	6082.563582	-5370015.23996	-1051208.39998	-5335214.01411	7999.36291922	446777198.1316483	-4626023.723849523	-1087067.8451533848	-4626042.023204265	5995.786212528551	-5259098.117621466	-1087088.143602931	-5259098.765749636	7834.1368861653755	446938928.75	0.03440142671733232	0.0	0.0	0.0	-0.013530231739551273	0.0	0.0	0.0	-0.020032102418301955	0.0343275959572
270	400.0	nan	nan	1	1	5.0	5.0	5.0	1.04	2.31213524821e-20	1.72943249791e-17	1.65436122511e-20	0.984639871134	2.94463063179e-17	4.54188330741e-20	1.33864292891e-19	0.977385790262	444662509.999	-4806607.89156	-901507.47727	-4550760.59953	10156.1750573	-5533540.26659	-847242.312656	-5492777.46863	10308.960838	462047980.7911769	-4728673.57323695	-880356.5020795788	-4728686.810321857	9991.502881470791	-5403713.5309890155	-880367.8992511245	-5403717.599929339	10067.094208580731	462207827.073	0.03922071315328133	0.0	0.0	0.0	-0.015479317724728202	0.0	0.0	0.0	-0.02287383255542799	0.0391649072921
280	450.0	nan	nan	1	1	5.0	5.0	5.0	1.045	5.73851586875e-19	-8.83377360854e-18	-5.97819972304e-20	0.982728476015	5.7084250233e-17	-1.39297215154e-19	-1.41988529995e-18	0.974625104952	455165385.094	-4882963.50425	-710878.156723	-4592014.67945	4419.38751728	-5685204.87975	-663033.620674	-5638333.81084	6888.62402748	475223701.17212	-4794348.436976412	-692221.9059335707	-4794376.4690152425	4339.185336409193	-5536002.6472396655	-692252.3142948976	-5536010.430883615	6707.839323047414	475388950.017	0.04401688541677426	0.0	0.0	0.0	-0.017422416710908183	0.0	0.0	0.0	-0.025702389667884507	0.0439801043818
290	500.0	nan	nan	1	1	5.0	5.0	5.0	1.05	3.1732633531e-19	-1.43568891642e-17	9.6297058191e-20	0.980826879573	5.92840742063e-17	-5.27857036095e-20	3.46310743974e-19	0.971885383559	463963423.97	-4938181.49178	-540037.241651	-4612889.49861	4672.56768564	-5819914.97513	-499886.01838	-5766868.10017	6784.97866549	486716797.60379595	-4839078.837618842	-524375.0892600641	-4839111.637836375	4578.795542966205	-5651125.883910836	-524401.0830658883	-5651134.8214568775	6588.200810867836	486882621.623	0.04879016416943205	0.0	0.0	0.0	-0.019359308412058896	0.0	0.0	0.0	-0.028517399623766464	0.0487731270895
300	550.0	nan	nan	1	1	5.0	5.0	5.0	1.055	3.25922396236e-19	3.00469221607e-18	2.51740838902e-19	0.978934454741	-4.66383222901e-17	-2.79735939553e-19	6.39774572973e-19	0.969167407026	471368461.963	-4969703.5966	-391836.365203	-4611417.74318	5146.69073707	-5938270.06534	-359987.909111	-5879034.44636	7824.69909333	496830337.51939934	-4860480.747385709	-379401.1694765951	-4860512.356397118	5033.578110652844	-5749814.993028122	-379433.3495323241	-5749826.560944116	7576.376902316988	496995579.241	0.05354076692802976	0.0	0.0	0.0	-0.021290589927894198	0.0	0.0	0.0	-0.03131791934439142	0.0535439091671
310	600.0	nan	nan	1	1	5.0	5.0	5.0	1.06	-8.47760866193e-19	-1.46391662026e-17	-2.86138317494e-20	0.977050790946	5.37002741994e-17	-4.95206562956e-19	2.29810626502e-19	0.96647160881	477619082.315	-4985757.40734	-260474.785261	-4595635.82962	1710.06952922	-6036327.06843	-237521.739345	-5970988.04277	4148.34662731	505796044.3148402	-4866717.947045599	-251502.7179432382	-4866753.674218396	1669.2400749978237	-5828405.4734252645	-251534.246950896	-5828425.311380531	4005.4566152869847	505964351.148	0.058268908123975824	0.0	0.0	0.0	-0.023216641651922686	0.0	0.0	0.0	-0.03410335602646433	0.0582924629327
320	650.0	nan	nan	1	1	5.0	5.0	5.0	1.065	2.23696107414e-19	1.72823837997e-18	-2.06503985563e-19	0.975176212548	8.43560641566e-17	-2.46384017255e-19	-5.12911536787e-19	0.963797664808	482912992.819	-5004680.31865	-129533.155306	-4582605.99824	4193.79527849	-6127812.24419	-117261.099403	-6056333.88887	6884.81484524	513806887.4499894	-4875743.652155846	-124723.48516006464	-4875773.813043504	4085.7496194785845	-5900281.651415091	-124762.76554812287	-5900303.242937132	6629.176137580804	513972585.19	0.06297479916138839	0.0	0.0	0.0	-0.02513709349567495	0.0	0.0	0.0	-0.03687389767985672	0.0630189045022
330	700.0	nan	nan	1	1	5.0	5.0	5.0	1.07	1.79273199797e-18	-7.00162066412e-18	3.75394414311e-19	0.973310744448	5.34266560876e-17	9.30644363571e-20	1.00401197518e-18	0.961145422067	487400770.93	-5027705.86883	-11810.4957751	-4573416.13409	3763.69213538	-6219219.05392	-10652.7106872	-6141513.72285	5813.4585145	521009440.2622464	-4888740.479574667	-11340.51646069619	-4888775.566690213	3659.6639849119	-5971735.4289522385	-11387.267241747626	-5971762.773335638	5582.121464897067	521176272.89	0.06765864847381486	0.0	0.0	0.0	-0.02705188041612805	0.0	0.0	0.0	-0.03962955776917285	0.067723361223
340	750.0	nan	nan	1	1	5.0	5.0	5.0	1.075	-3.68062285362e-20	-8.25365447417e-18	-1.73906451983e-20	0.971454183333	-1.68912848652e-16	-6.98461383072e-19	3.9244756982e-19	0.958514923261	491198714.719	-5043298.55559	95034.7328584	-4557468.77184	-4157.20373648	-6304479.62083	84707.2375041	-6220458.59385	-4046.97716902	527516465.7036296	-4894488.7585755875	91002.13285990112	-4894434.2626202395	-4034.5394449732407	-6036962.222245067	90970.23507735238	-6036914.992279681	-3875.252162437094	527692164.172	0.07232066157962608	0.0	0.0	0.0	-0.0289611720250733	0.0	0.0	0.0	-0.04237014722692588	0.0724059421426
350	800.0	nan	nan	1	1	5.0	5.0	5.0	1.08	-1.10185751548e-18	1.13500214632e-17	-9.34912615532e-20	0.969606429859	-9.5349704779e-17	-6.45597924485e-20	1.90841816972e-18	0.955906108365	494410994.868	-5056684.40053	198170.403164	-4539863.89656	698.8989251	-6392221.7361	175395.406408	-6301956.94984	2078.37263611	533429950.69294566	-4898091.083113073	189242.88081239717	-4898150.323580974	676.9792856113195	-6104253.898752426	189237.62611098075	-6104308.020278758	1984.742518455757	533600938.333	0.0769610411361284	0.0	0.0	0.0	-0.030865032233835514	0.0	0.0	0.0	-0.04509558376127091	0.0770667681321
360	850.0	nan	nan	1	1	5.0	5.0	5.0	1.085	-4.15972586441e-19	-3.11698066073e-17	-4.70804734886e-19	0.967767110952	1.02569548924e-16	7.70005888613e-20	1.31884353376e-18	0.953319070966	497117496.058	-5077579.52862	292449.509977	-4528923.69669	-7229.8080605	-6474508.28575	256879.272344	-6377812.66199	-4875.81062901	538827693.5142657	-4908951.203325223	278516.0973363352	-4908918.975776416	-6989.703416432951	-6166037.960059069	278432.4971989948	-6166003.105453621	-4643.508371238817	539006620.215	0.08157998699242285	0.0	0.0	0.0	-0.032763808510965824	0.0	0.0	0.0	-0.047805624473433075	0.0817059718366
370	900.0	nan	nan	1	1	5.0	5.0	5.0	1.09	-1.41030985718e-19	-6.64426540461e-18	-1.36544358075e-19	0.965935979611	4.19789528659e-18	-2.29532693816e-19	3.0681518583e-18	0.950753842854	499388322.262	-5102751.20469	357596.290815	-4521935.86312	-8399.81589178	-6555457.39047	311843.479766	-6452361.49455	-8429.02654874	543778396.7568499	-4923906.601856036	339639.47766550136	-4923885.730340801	-8105.413582754442	-6226272.981979957	339562.9010669319	-6226214.856678781	-8005.760260314809	543960554.029	0.08617769624105241	0.0	0.0	0.0	-0.03465772066043416	0.0	0.0	0.0	-0.05050009026345114	0.0863236751048
380	950.0	nan	nan	1	1	5.0	5.0	5.0	1.095	1.75891685453e-19	1.81332250865e-17	1.68380885491e-19	0.964113420857	-3.12610294088e-16	-2.9370867446e-19	3.27607197707e-18	0.948209778398	501273423.572	-5125594.36579	394073.673403	-4512873.078	-9649.29999806	-6628526.80154	341174.0436	-6519100.43312	-11560.6930683	548330144.2879364	-4936574.377581578	373280.3894845146	-4936516.139993315	-9293.456276981162	-6278772.81123789	373201.53783819376	-6278691.18512678	-10950.693493378416	548515124.228	0.09075436326846412	0.0	0.0	0.0	-0.03654633480190909	0.0	0.0	0.0	-0.053179515977122144	0.0909201017254
390	1000.0	nan	nan	1	1	5.0	5.0	5.0	1.1	-5.84955659418e-19	-1.12725030592e-18	4.47339275269e-19	0.962299846565	-7.9057820132e-18	-1.12509798197e-19	9.78296584299e-19	0.945686259761	502823350.101	-5143429.2618	406860.06225	-4499512.26505	4191.04881719	-6692095.21958	349794.594407	-6576490.3578	-2931.0314419	552532644.1496497	-4944393.275457186	384363.34078605997	-4944335.637341579	4028.8672273049447	-6322065.776698609	384375.41159958474	-6321999.0100215245	-2768.9644216429087	552707259.287	0.09531017980432493	0.0	0.0	0.0	-0.03842918606591305	0.0	0.0	0.0	-0.05584441423931913	0.0954954559201
400	1050.0	nan	nan	1	1	5.0	5.0	5.0	1.105	1.65089368398e-18	2.17766827152e-17	-1.87895730503e-19	0.96049537512	4.05025214993e-17	-3.77690667692e-19	2.08277460796e-19	0.943182798203	504070301.622	-5151495.24141	405218.288781	-4477851.86156	-994.410880484	-6755814.70122	345790.312185	-6634064.7389	416.214666939	556416450.2781749	-4942824.076830292	381796.0950269037	-4942862.988879545	-954.1303664243327	-6365318.9973494755	381699.5713245611	-6365339.262103377	392.1568668785216	556592187.673	0.09984533496971612	0.0	0.0	0.0	-0.040306111860599694	0.0	0.0	0.0	-0.05849516762354573	0.100049970359
410	1100.0	nan	nan	1	1	5.0	5.0	5.0	1.11	2.78861775082e-18	1.60937442847e-17	4.04180299628e-19	0.95869978853	-1.200444739e-16	-4.47392214828e-19	-5.80680790012e-19	0.940699363469	505046656.829	-5154721.82071	388513.856201	-4452137.32256	-8702.10480125	-6820673.95763	329168.033736	-6692616.97772	-6813.02799919	560012884.1685979	-4936639.390342488	365090.81075385155	-4936681.055124097	-8333.942128193823	-6409463.511619306	364992.69415225025	-6409470.33532388	-6402.278519060361	560195892.856	0.10436001532424286	0.0	0.0	0.0	-0.04217729947916268	0.0	0.0	0.0	-0.06113167666120549	0.104583781577
420	1150.0	nan	nan	1	1	5.0	5.0	5.0	1.115	6.40198089447e-19	4.49032596701e-17	1.64972901368e-20	0.956912794513	1.36760351477e-16	4.41687977324e-19	1.45590405254e-18	0.938236034982	505790795.008	-5169474.42344	363920.260048	-4436546.2964	-3297.16020551	-6882968.45778	306140.074929	-6748655.509	-1218.13578128	563360574.8912911	-4941506.99661122	341082.1605925212	-4941519.88675911	-3151.7595194210407	-6451022.409579849	340985.344754122	-6451048.1499298625	-1141.6907212564734	563538825.864	0.10885440491208208	0.0	0.0	0.0	-0.044043015492077425	0.0	0.0	0.0	-0.06375372518968676	0.109097000489
430	1200.0	nan	nan	1	1	5.0	5.0	5.0	1.12	-1.21438054857e-18	3.56416417789e-17	7.22294110881e-20	0.955134036467	5.87936156601e-18	4.7916918524e-19	-1.70862427329e-20	0.935792786576	506320111.257	-5191469.60794	332045.015375	-4427313.32428	-5022.23447812	-6952220.71432	277345.450562	-6811462.12337	-4111.38961524	566475541.6867185	-4953276.823531649	310394.9314007321	-4953318.38066242	-4791.806467433929	-6498920.242085272	310296.6104810909	-6498941.536410172	-3843.3177385387235	566656892.359	0.11332868530700327	0.0	0.0	0.0	-0.04590359602840663	0.0	0.0	0.0	-0.06636120887637531	0.113589799439
440	1250.0	nan	nan	1	1	5.0	5.0	5.0	1.125	2.82961943942e-18	9.20212034064e-18	3.72376859437e-19	0.953363389035	-8.55388927279e-17	8.78664333878e-20	-3.38826413792e-19	0.933369509403	506663833.28	-5208746.12655	279158.286258	-4414102.52419	-5745.18344466	-7023683.58217	231521.000708	-6876397.52074	-5643.16659375	569387363.809915	-4960518.326653677	260279.24058125363	-4960555.766462771	-5471.391209096308	-6548682.660849501	260182.6370877166	-6548696.191799172	-5261.52791372732	569570681.502	0.11778303565638346	0.0	0.0	0.0	-0.04775913737352269	0.0	0.0	0.0	-0.0689541121634611	0.118062319122
450	1300.0	nan	nan	1	1	5.0	5.0	5.0	1.13	-8.55635625625e-19	4.14133929375e-18	-5.93293639992e-19	0.951600970622	-1.66751088222e-16	8.35822995593e-19	1.86347248396e-20	0.930965791809	506837014.864	-5221064.41403	201565.755851	-4396799.94136	-4709.93963374	-7091672.63835	165973.332098	-6937878.17671	-5446.68059963	572110244.9006375	-4963029.819698461	187449.1310919824	-4963043.774349338	-4477.165764975138	-6595008.504471102	187348.28137806983	-6594995.492474512	-5065.223214259257	572293695.888	0.12221763272424911	0.0	0.0	0.0	-0.04960948056436395	0.0	0.0	0.0	-0.0715327458720728	0.122514757051
460	1350.0	nan	nan	1	1	5.0	5.0	5.0	1.135	-2.01067092832e-18	1.98432324058e-17	4.49298038959e-19	0.949846650166	-2.67419524635e-16	9.20003512171e-19	-1.44873074227e-18	0.928581462256	506853340.447	-5232259.01497	107674.515143	-4378651.75024	-4008.47622664	-7163174.05768	87958.9605447	-7002715.81838	-5700.53540389	574657141.5621315	-4964475.411535911	99876.55818581708	-4964401.5297795115	-3803.3250280490224	-6644405.778069754	99725.58294045429	-6644321.390599279	-5287.693705430537	574841251.234	0.126632650933366	0.0	0.0	0.0	-0.051454728295197844	0.0	0.0	0.0	-0.0740971667056401	0.1269472807
470	1400.0	nan	nan	1	1	5.0	5.0	5.0	1.14	1.16414090688e-19	-1.94566495465e-17	6.88942188583e-19	0.948100362868	3.36672991342e-16	-7.19395670015e-19	-3.86458782185e-20	0.926216353427	506735294.052	-5244862.41415	5249.14141297	-4361874.72474	7906.65415573	-7239023.88284	4270.28608511	-7071891.08704	7708.84691567	577051263.6620096	-4967258.985028232	4856.563916343437	-4967140.342090137	7488.165712524761	-6697625.271074532	4862.842613362853	-6697585.516918363	7132.3107574802725	577224667.894	0.131028262406404	0.0	0.0	0.0	-0.053294914326517236	0.0	0.0	0.0	-0.07664742861651545	0.131360036242
480	1450.0	nan	nan	1	1	5.0	5.0	5.0	1.145	3.18696146404e-20	4.05235120345e-18	7.15504612413e-19	0.946362154364	2.13383322462e-16	6.17599515112e-19	-1.97416910225e-18	0.923870006798	506477986.857	-5260022.07327	-102824.219916	-4347395.53026	-2059.3600128	-7317270.34309	-83097.3502817	-7143250.24083	-4364.99290096	579285078.6060188	-4972459.011597286	-94892.64943615926	-4972341.201058288	-1946.7757190252103	-6752836.734999641	-95042.73895220163	-6752731.934835433	-4028.289652773416	579470159.031	0.13540463700620298	0.0	0.0	0.0	-0.05512995616657108	0.0	0.0	0.0	-0.07918390252110517	0.135753260511
490	1500.0	nan	nan	1	1	5.0	5.0	5.0	1.15	4.78044219607e-20	-1.52053564427e-17	3.30131091192e-19	0.9446324253	-4.34854327264e-16	-2.21790283283e-19	2.57241259103e-18	0.921541893809	506112170.982	-5271127.46263	-218196.929093	-4329763.87267	32.5571587609	-7403600.95215	-174993.514284	-7222561.77083	-2115.61486823	581391728.9174674	-4973826.0720777735	-200857.44994473638	-4973776.660718812	30.72087446997308	-6815258.18827382	-201022.1995284454	-6815195.8566037975	-1947.493070888886	581576423.217	0.13976194237515863	0.0	0.0	0.0	-0.056959395092551955	0.0	0.0	0.0	-0.08170704028058534	0.140127117556
500	1550.0	nan	nan	1	1	5.0	5.0	5.0	1.155	1.59988641869e-18	-6.3807918359e-18	-4.31563286626e-19	0.942911262376	-1.79365049933e-16	4.28095745498e-19	1.02660393207e-18	0.919231542708	505633565.601	-5281440.06087	-336067.030423	-4311656.65165	-10404.2687715	-7495390.74583	-267597.589441	-7307126.06636	-14669.0838879	583364711.5985329	-4974454.383827823	-308583.7846227056	-4974488.464016489	-9799.516761414954	-6882424.737300062	-308735.41870813427	-6882396.633315075	-13469.459998437096	583561981.133	0.14410034397375687	0.0	0.0	0.0	-0.05878310218052464	0.0	0.0	0.0	-0.08421723764470604	0.144481837418
510	1600.0	nan	nan	1	1	5.0	5.0	5.0	1.16	-7.79958525744e-19	-6.94274525684e-18	-3.8809990852e-19	0.941198470854	2.5141197836e-16	-3.22600438896e-20	-1.06413807955e-18	0.916939049211	505069911.243	-5302628.56134	-456982.139685	-4302366.44423	4153.02053433	-7583074.93974	-361225.725721	-7387555.65675	2186.43404406	585234359.2677935	-4985316.660174922	-418562.21893417585	-4985235.931254648	3904.501742924606	-6945542.062780751	-418559.2953322125	-6945480.692741248	2002.6136812826078	585419168.746	0.14842000511827322	0.0	0.0	0.0	-0.06060124680725751	0.0	0.0	0.0	-0.08671427653452289	0.148817490375
520	1650.0	nan	nan	1	1	5.0	5.0	5.0	1.165	-5.44059849933e-19	-2.17752583102e-17	8.07725324546e-19	0.939493728772	3.46509955535e-16	-4.02492851179e-19	-1.42828283753e-18	0.914664227404	504409064.039	-5328558.69494	-593682.214184	-4297141.63602	-9143.52311346	-7667189.4576	-466179.602492	-7464530.93777	-9739.23995089	586985404.3705312	-5000600.2064753035	-542418.1678964684	-5000622.710185124	-8580.76380251054	-7005132.980482995	-542497.433108979	-7005109.089649291	-8898.263354792965	587184162.97	0.15272108701766393	0.0	0.0	0.0	-0.06241413522061313	0.0	0.0	0.0	-0.08919824564038818	0.153134302661
530	1700.0	nan	nan	1	1	5.0	5.0	5.0	1.17	2.16851022409e-18	-2.29634006898e-17	-2.60594980179e-20	0.937797052363	-2.7966910336e-18	2.79534107484e-19	-5.36894480595e-18	0.912406983769	503677184.936	-5352394.50544	-743365.853038	-4290178.21486	-4096.16209536	-7753841.68108	-579748.603421	-7543919.37062	-4812.37093212	588646837.2185123	-5013876.745658418	-677497.7894695671	-5013925.412567562	-3837.0960614915516	-7066790.298962192	-677551.3999685822	-7066796.340409948	-4385.9570025907615	588843402.691	0.1570037488096647	0.0	0.0	0.0	-0.06422171547191942	0.0	0.0	0.0	-0.09166913431689286	0.157432362655
540	1750.0	nan	nan	1	1	5.0	5.0	5.0	1.175	4.09143383303e-18	5.0326356682e-17	1.249638295e-19	0.93610825033	-2.49832897188e-17	3.0568624973e-19	5.25681881956e-18	0.910167154498	502874287.763	-5372498.66461	-901531.323037	-4280235.50687	-3344.51788466	-7843890.90096	-698380.128101	-7626558.30136	-4601.95579008	590217658.2441424	-5023625.898202893	-819628.1788848073	-5023662.253316179	-3127.3356609757943	-7131281.909171224	-819680.5718694464	-7131314.159134849	-4183.873091425463	590416371.772	0.16126814759612232	0.0	0.0	0.0	-0.06602415712976333	0.0	0.0	0.0	-0.09412701007795833	0.161711848459
550	1800.0	nan	nan	1	1	5.0	5.0	5.0	1.18	-8.01187288984e-19	2.93710262647e-17	1.02790095127e-18	0.934427305057	-1.1204228895e-16	-6.37445232368e-19	2.13886407094e-18	0.907944524016	502009625.247	-5400590.51122	-1053482.52033	-4276719.63121	654.248435615	-7932878.77411	-810698.513607	-7708098.02612	-676.096310558	591707685.0989708	-5040805.356074059	-955432.0513304899	-5040875.205441524	610.6626694996229	-7194544.279415112	-955552.4768345886	-7194587.653791991	-613.1701973480075	591905601.035	0.16551443847757333	0.0	0.0	0.0	-0.06782144531351053	0.0	0.0	0.0	-0.0965719991460131	0.1659729093
560	1850.0	nan	nan	1	1	5.0	5.0	5.0	1.185	1.03105085505e-18	3.59564692016e-17	-1.07387895844e-19	0.932754478289	5.38661073686e-17	-4.90961472052e-19	-3.53090978019e-18	0.905738533494	501083021.073	-5431263.92145	-1192485.64503	-4275173.00495	-3596.06557809	-8019838.30354	-911568.787911	-7787570.21558	-5526.68135237	593115808.6560425	-5060340.166506526	-1078865.9003506005	-5060384.382104206	-3350.4752023437836	-7255710.044037672	-1078994.569861258	-7255724.437502304	-5000.100485927021	593320794.953	0.16974277458709455	0.0	0.0	0.0	-0.06961326572488018	0.0	0.0	0.0	-0.09900460896801201	0.17021575933
570	1900.0	nan	nan	1	1	5.0	5.0	5.0	1.19	-5.40285259362e-18	-2.85686478357e-17	-4.06311116886e-19	0.931090016178	1.74202913515e-16	9.88361717993e-19	9.915314741e-19	0.90354874799	500105434.887	-5451766.96196	-1324935.8503	-4265607.09669	-5719.42448994	-8101270.86172	-1006168.59861	-7861540.79529	-8035.67413157	594454085.2005736	-5070359.274967426	-1195793.5876175095	-5070345.946272065	-5319.291380647163	-7311635.311101188	-1195989.8695749976	-7311544.415794843	-7252.432332131094	594663708.917	0.17395330712343798	0.0	0.0	0.0	-0.07139931875495661	0.0	0.0	0.0	-0.10142521579550046	0.174440563837
580	1950.0	nan	nan	1	1	5.0	5.0	5.0	1.195	5.67776772456e-19	1.83301900253e-17	-1.06646742015e-18	0.929433790944	-2.03609356345e-16	4.5821173724e-19	-1.23881215514e-18	0.901375079393	499084776.502	-5465074.17414	-1446216.33562	-4250428.53395	7363.35622714	-8184094.14923	-1090991.16694	-7936884.3427	5861.21159322	595731162.0779097	-5073674.580411008	-1302107.6775857545	-5073512.254984585	6836.004805376571	-7368587.647178328	-1302258.5867138677	-7368457.783751122	5277.1694161610785	595930866.618	0.17814618538347404	0.0	0.0	0.0	-0.07317970518715326	0.0	0.0	0.0	-0.10383381566533963	0.178647448439
590	2000.0	nan	nan	1	1	5.0	5.0	5.0	1.2	-2.8018791104e-18	-6.46871385582e-17	6.60182773046e-19	0.927785742003	1.4272775153e-16	-7.69675016368e-20	3.8730846211e-18	0.899217243825	498012012.396	-5467312.19822	-1561005.94773	-4226965.2908	10527.2314921	-8272658.16555	-1169679.55743	-8017900.02522	11727.8918626	596935624.2499888	-5066732.794331671	-1402089.1148495292	-5066596.993127066	9755.921575486997	-7430467.501841291	-1402021.1950866103	-7430443.9780631345	10533.944181696319	597133631.134	0.1823215567939546	0.0	0.0	0.0	-0.0749544543154487	0.0	0.0	0.0	-0.10623062317493773	0.182836602946
600	2050.0	nan	nan	1	1	5.0	5.0	5.0	1.205	1.31793032637e-18	-3.31116693436e-17	3.75950279683e-19	0.926146091386	3.97684086318e-17	7.47645542295e-19	-8.89543413295e-19	0.897074836333	496902210.727	-5468964.15502	-1675310.44984	-4203252.69206	9275.29747486	-8360671.51555	-1247308.77735	-8098074.75128	7978.71484209	598084787.5879734	-5059287.453986889	-1501166.113455501	-5059147.331687823	8580.490713854757	-7491600.596220818	-1501294.196430619	-7491453.01180879	7149.347364850423	598287491.487	0.18647956694261839	0.0	0.0	0.0	-0.07672329070412175	0.0	0.0	0.0	-0.10861599082368437	0.187008185684
610	2100.0	nan	nan	1	1	5.0	5.0	5.0	1.21	-3.44975343593e-18	1.90648190535e-17	-1.32110669992e-19	0.924514522598	-1.09842385567e-16	-1.49220735527e-18	3.46674703443e-18	0.894947879551	495750792.545	-5468103.07777	-1788635.32503	-4177953.49602	1651.38907372	-8444977.13755	-1323090.97557	-8174834.33812	584.281175248	599172587.884487	-5049560.489455244	-1598905.1294375916	-5049543.532588732	1524.987532382143	-7549172.866182436	-1599109.5844126716	-7549111.619608912	522.3033197793602	599384431.262	0.1906203596086497	0.0	0.0	0.0	-0.07848651968125693	0.0	0.0	0.0	-0.11098979754156046	0.191162329186
620	2150.0	nan	nan	1	1	5.0	5.0	5.0	1.215	2.96435061759e-18	8.22358480454e-17	1.12470093528e-19	0.922890884904	-7.83268836381e-17	2.19447707788e-19	-2.4707156978e-18	0.892836363458	494570313.009	-5465768.60006	-1904853.4375	-4151689.59775	3806.91942022	-8527193.0938	-1400012.95404	-8249416.10646	1863.26730019	600213580.2201514	-5038521.238147205	-1698771.363592963	-5038516.085341625	3509.3407266613153	-7604654.066502229	-1699064.3501961413	-7604577.013058339	1661.684342726228	600426138.405	0.19474407679251185	0.0	0.0	0.0	-0.08024426933972437	0.0	0.0	0.0	-0.11335195850486195	0.195299130428
630	2200.0	nan	nan	1	1	5.0	5.0	5.0	1.22	2.33294049498e-18	3.73235406738e-17	6.55603501175e-19	0.92127496225	2.50836419473e-16	4.79314769028e-19	1.72037685543e-18	0.890740237999	493360692.18	-5457572.50166	-2020285.83614	-4121137.12369	11685.2206067	-8603639.1954	-1475144.40971	-8318401.99165	11752.4898922	601207244.1651939	-5022137.647421392	-1797478.5646966225	-5022000.196271369	10752.910073017025	-7654786.642301405	-1797604.7126670398	-7654714.581609997	10456.366265183924	601413786.004	0.19885085874516517	0.0	0.0	0.0	-0.081996739780553	0.0	0.0	0.0	-0.11570243386132494	0.199418722681
640	2250.0	nan	nan	1	1	5.0	5.0	5.0	1.225	-3.20924901847e-18	2.57732670561e-17	-6.69632484364e-19	0.919666656449	4.95691092272e-16	-7.64682154191e-19	-5.28760317323e-19	0.888659311664	492118850.832	-5440005.86018	-2133596.33125	-4083992.20362	8184.53654876	-8682533.76097	-1547885.07613	-8389736.85624	8317.93180632	602149408.8582435	-4997214.4015862	-1893850.6453429442	-4997112.967800075	7518.352914126347	-7706904.031275355	-1893969.4791134174	-7706850.860291871	7383.271281727718	602361022.262	0.20294084399669038	0.0	0.0	0.0	-0.08374400454314505	0.0	0.0	0.0	-0.11804134339295398	0.203521265313
650	2300.0	nan	nan	1	1	5.0	5.0	5.0	1.23	8.04257783418e-19	7.54089874837e-17	3.54112711512e-19	0.918065547448	-6.88099920196e-17	5.12527724983e-19	-1.91826492773e-19	0.886593819923	490856733.379	-5416845.88093	-2243655.19352	-4043161.22188	7265.71989156	-8763893.46667	-1617526.78014	-8463418.34913	6409.33407629	603054223.4766253	-4967257.431340966	-1986905.966029853	-4967326.075506905	6662.678229863215	-7761010.811673748	-1987252.6747978926	-7760969.873125832	5675.89179979117	603269029.532	0.20701416938432612	0.0	0.0	0.0	-0.08548648846187816	0.0	0.0	0.0	-0.1203683272312325	0.207606827444
660	2350.0	nan	nan	1	1	5.0	5.0	5.0	1.235	-5.19654713141e-19	1.21615931776e-17	6.17592897667e-19	0.916471383184	2.59927941733e-16	6.1906858788e-19	3.79375469163e-18	0.884543804939	489575282.75	-5389928.08458	-2355180.30844	-3999776.20864	13300.4935896	-8848358.84873	-1687080.42774	-8539985.7107	13603.0630396	603922526.9556884	-4933971.8555004615	-2080838.1197943904	-4933980.6160365455	12175.35002425769	-7817661.486076599	-2081121.9663197433	-7817553.125340682	12018.515957071093	604133409.307	0.2110709700799406	0.0	0.0	0.0	-0.08722443621167965	0.0	0.0	0.0	-0.12268324152213468	0.211675511653
670	2400.0	nan	nan	1	1	5.0	5.0	5.0	1.24	3.38839648681e-18	-2.33459750318e-17	-1.89468035411e-18	0.914884232344	2.31069423341e-16	3.53760332571e-19	3.27653519822e-18	0.882508868307	488263484.04	-5367110.17761	-2467808.14262	-3959818.88279	8352.3642913	-8932749.37028	-1756357.98887	-8616600.28799	8692.28802072	604740458.2441597	-4904556.560056238	-2175322.064358523	-4904447.627187544	7632.5325400913625	-7874034.640279943	-2175343.374527309	-7873995.887794997	7662.072911858046	604957958.554	0.2151113796169455	0.0	0.0	0.0	-0.0889577437396181	0.0	0.0	0.0	-0.1249864411520892	0.215727516664
680	2450.0	nan	nan	1	1	5.0	5.0	5.0	1.245	5.37071828118e-19	1.194980053e-16	-6.73285313949e-19	0.913304274352	2.90665708597e-16	-6.75922365742e-20	2.63196959514e-18	0.880488739533	486945726.476	-5351067.62967	-2581783.80557	-3925364.05317	11037.2610566	-9017177.17485	-1826073.46201	-8693042.24615	10599.8340418	605537805.1457751	-4881432.4316869695	-2270570.70728818	-4881357.826788195	10068.578423478353	-7930229.599965194	-2270800.3296851637	-7930099.428214192	9322.110017695108	605755649.071	0.219135529916671	0.0	0.0	0.0	-0.09068618517720325	0.0	0.0	0.0	-0.1272781398465623	0.219762951528
690	2500.0	nan	nan	1	1	5.0	5.0	5.0	1.25	1.22872716911e-18	-4.1027628987e-17	2.23944923342e-18	0.911731618144	3.64920322523e-16	1.08999285036e-18	-4.88306553158e-18	0.878483018809	485608319.914	-5343396.18977	-2702408.64006	-3897348.75827	9951.49308428	-9097918.46397	-1899431.82158	-8766081.38686	10549.3520117	606297436.3581228	-4866021.152704159	-2371231.696942798	-4865963.913367644	9062.434101702316	-7982979.449580141	-2371501.0569937155	-7982926.202712108	9256.541553906158	606518393.013	0.22314355131420976	0.0	0.0	0.0	-0.09240961056705374	0.0	0.0	0.0	-0.12955870129821073	0.223782003007
700	2550.0	nan	nan	1	1	5.0	5.0	5.0	1.255	1.05153846446e-18	9.50050682486e-18	-1.37028755042e-18	0.910166444504	-4.4274772142e-16	-3.94755817319e-19	1.37791084695e-18	0.876491366905	484260605.303	-5338177.2828	-2826083.31534	-3871362.25917	9451.77579247	-9170620.6326	-1973833.24896	-8831188.7511	10198.5228928	607030730.6297065	-4852903.149974223	-2474118.0352320303	-4852833.030359403	8592.549495113492	-8028495.755319564	-2474240.989534346	-8028377.747273065	8928.38129889583	607254522.693	0.22713557258374711	0.0	0.0	0.0	-0.09412779014816132	0.0	0.0	0.0	-0.13182842417876708	0.227784809274
