inc	time	elem	node	ip	grain	1_pos	2_pos	3_pos	1_f	2_f	3_f	4_f	5_f	6_f	7_f	8_f	9_f	1_p	2_p	3_p	4_p	5_p	6_p	7_p	8_p	9_p	1_Cauchy	2_Cauchy	3_Cauchy	4_Cauchy	5_Cauchy	6_Cauchy	7_Cauchy	8_Cauchy	9_Cauchy	Mises(Cauchy)	1_ln(V)	2_ln(V)	3_ln(V)	4_ln(V)	5_ln(V)	6_ln(V)	7_ln(V)	8_ln(V)	9_ln(V)	Mises(ln(V))
0	0.0	nan	nan	1	1	5.0	5.0	5.0	1.0	0.0	0.0	0.0	1.0	0.0	0.0	0.0	1.0	1.27168696059e-05	-8.17672135841e-08	-4.62515447572e-08	-8.17672135841e-08	1.28744109801e-05	-2.3587329038e-07	-4.62515447572e-08	-2.3587329038e-07	9.8137841429e-06	1.27168696059e-05	-8.17672135841e-08	-4.62515447572e-08	-8.17672135841e-08	1.28744109801e-05	-2.3587329038e-07	-4.62515447572e-08	-2.3587329038e-07	9.8137841429e-06	3.01719479625e-06	0.0	0.0	0.0	0.0	0.0	0.0	0.0	0.0	0.0	0.0
10	2.5	nan	nan	1	1	5.0	5.0	5.0	1.00025	1.13525369194e-21	1.58345452752e-19	-4.49701909893e-21	0.999928089479	-1.01443827661e-19	-1.41897664205e-21	2.43852844581e-21	0.99992622243	52501293.3864	1397976.57131	-391414.944114	1397526.66062	1002.98834264	317626.095098	-391288.24508	317625.502513	928.576461096	52508943.03549119	1397730.2856628618	-391345.25667658966	1397730.2858615848	1002.811643231649	317569.54501233035	-391345.2573472282	317569.5454933765	928.4111375308514	52571005.7694	0.0002499687552074404	0.0	0.0	0.0	-7.191310668500427e-05	0.0	0.0	0.0	-7.378029169838539e-05	0.000215213002895
20	5.0	nan	nan	1	1	5.0	5.0	5.0	1.0005	-7.9956828973e-21	3.1841387102e-19	-1.24495852068e-21	0.999856148416	4.87762687075e-20	-1.01298605765e-21	4.57203404073e-21	0.999852414358	105043781.903	2796980.48915	-783083.920171	2795180.54898	325.626896025	635278.540332	-782577.060442	635276.167819	312.883582124	105074402.26454502	2795995.346569352	-782805.1816494017	2795995.3467475865	325.5122048707633	635052.4130976462	-782805.182393566	635052.4130928526	312.7722112927683	105200113.786	0.0004998750416509929	0.0	0.0	0.0	-0.0001438619316312359	0.0	0.0	0.0	-0.0001475965338323198	0.000430408250407
30	7.5	nan	nan	1	1	5.0	5.0	5.0	1.00075	-8.43403692317e-21	-1.40490836778e-19	-4.1869297668e-21	0.999782843522	-3.65370510401e-19	7.57221812246e-21	5.73442959652e-22	0.999776389415	155839120.501	4195163.9895	-1138710.19915	4191109.75667	1533.64929804	877382.853756	-1137602.34101	877377.156151	1543.81729039	155907831.96754658	4192957.5642129243	-1138103.953191164	4192957.670704119	1532.842682946723	876915.737706773	-1138103.9244695725	876915.7040722541	1542.9953666080064	156095188.875	0.0007497188905459742	0.0	0.0	0.0	-0.00021718005988180525	0.0	0.0	0.0	-0.0002236355895742125	0.00064676188271
40	10.0	nan	nan	1	1	5.0	5.0	5.0	1.001	3.11733353598e-21	1.00456535901e-19	1.46100775692e-22	0.999689580931	8.48763098903e-19	-1.9001165851e-20	3.55687663398e-23	0.999664711556	178506146.951	5143589.27647	-1198040.54554	5136855.96039	-2672.21388639	620567.58287	-1196442.32149	620552.274087	-1988.74833518	178621465.58240062	5140174.266676119	-1197215.3403094935	5140174.474677448	-2670.4397096229873	620140.1385592264	-1197215.2477640843	620140.2676106438	-1987.3784937881862	178860777.79	0.0009995003330834232	0.0	0.0	0.0	-0.00031046725897282656	0.0	0.0	0.0	-0.0003353446657381273	0.000881721189049
50	12.5	nan	nan	1	1	5.0	5.0	5.0	1.00125	1.09368786616e-21	3.95746779693e-19	4.61153191498e-21	0.999583818483	-3.26736962344e-19	1.7820985912e-20	-1.33544173994e-20	0.99953611899	186224643.285	5635819.51538	-1341891.22362	5626440.92401	-7175.31189622	781342.965086	-1339594.33432	781305.740952	-6825.88553544	186388640.95941764	5631395.833547025	-1340773.959018121	5631395.817253499	-7169.679832099669	780692.4154576457	-1340774.0404620883	780692.4764564255	-6820.202272779818	186670009.392	0.0012492194004318981	0.0	0.0	0.0	-0.00041626814456331	0.0	0.0	0.0	-0.00046398863608052547	0.00112656881076
60	15.0	nan	nan	1	1	5.0	5.0	5.0	1.0015	1.0778783767e-20	-4.6891276603e-19	1.00742326803e-20	0.999475408181	4.20174870748e-19	1.14729950961e-21	-2.51194072517e-20	0.999404897122	191197936.659	5893146.76376	-1485893.59437	5881233.43952	-574.711196282	973890.14658	-1482785.6397	973821.249398	-1084.03943832	191412200.12819615	5887824.144428504	-1484446.8208896318	5887824.166919696	-574.192124036562	972941.8966903695	-1484447.3040505047	972941.7057492074	-1082.9839391126698	191709148.396	0.0014988761237359487	0.0	0.0	0.0	-0.0005247294654289552	0.0	0.0	0.0	-0.0005952800220002559	0.0013731914914
70	17.5	nan	nan	1	1	5.0	5.0	5.0	1.00175	-2.83730187936e-20	-8.76765954373e-19	-2.66124682574e-21	0.999365573371	1.23366461019e-18	3.01011024908e-21	1.82459499517e-20	0.999273024218	195081718.753	6053790.81274	-1646642.7383	6039381.25699	39.3078922037	1116474.20477	-1642571.5559	1116370.77897	-338.750005532	195347575.31621733	6047611.653375157	-1644809.6585888471	6047611.700904508	39.26777028047409	1115231.3205880297	-1644810.045654353	1115231.2891582623	-338.37290141108133	195658636.031	0.001748470534116803	0.0	0.0	0.0	-0.0006346279627322122	0.0	0.0	0.0	-0.0007272401570308303	0.00162048544787
80	20.0	nan	nan	1	1	5.0	5.0	5.0	1.002	-2.73979796466e-20	7.48015292029e-19	1.84198646755e-20	0.999254859429	-1.78945264044e-18	6.09714829513e-21	-7.51162714259e-21	0.99914095238	198371573.93	6172769.05788	-1804561.09519	6155857.73917	-56.9669689089	1237511.515	-1799412.39694	1237370.47214	-250.062813656	198690183.1917254	6165744.829978607	-1802302.14528598	6165744.807416258	-56.90214403554046	1235962.3978626062	-1802302.475613928	1235962.4213748944	-249.74978498082086	199013132.087	0.001998002662673058	0.0	0.0	0.0	-0.0007454183262215828	0.0	0.0	0.0	-0.0008594168128577962	0.00186810661345
90	22.5	nan	nan	1	1	5.0	5.0	5.0	1.00225	7.1396026621e-21	-6.53924324531e-19	-1.06733182389e-20	0.999143559223	1.82386376751e-18	-5.86926003637e-21	2.27243057881e-20	0.999008851274	201301555.808	6278409.51535	-1945170.42082	6258949.60642	-583.988999318	1346224.34741	-1938880.43315	1346043.20725	-664.777723175	201673995.37185207	6270529.8346911725	-1942467.2208273467	6270529.648373628	-583.2560673848952	1344353.501746773	-1942467.6671382582	1344353.8636988692	-663.8538827149721	202008296.733	0.00224747254047937	0.0	0.0	0.0	-0.0008568077319341939	0.0	0.0	0.0	-0.0009916402387006357	0.00211589683695
100	25.0	nan	nan	1	1	5.0	5.0	5.0	1.0025	7.80238112791e-21	2.34016426326e-19	4.54204874353e-21	0.999031853491	-2.12626776457e-19	7.00373824649e-21	1.13679431583e-20	0.998876786977	203993938.762	6379443.7851	-2068972.35081	6357374.1248	52.8434403794	1446293.48201	-2061494.93952	1446069.20377	-235.303632526	204421234.76511142	6370690.590367277	-2065812.8282410016	6370690.60160464	52.77093422689342	1444084.8508042628	-2065813.0508983927	1444085.0613017876	-234.94430092969222	204765462.06	0.002496880198587146	0.0	0.0	0.0	-0.0009686154655351992	0.0	0.0	0.0	-0.0011238442994968927	0.0023637729765
110	27.5	nan	nan	1	1	5.0	5.0	5.0	1.00275	7.8672631072e-21	3.67876583314e-19	-1.38503121766e-20	0.998919800754	-1.19727610786e-18	2.45465846775e-21	-2.64697796017e-22	0.998744835441	206520151.558	6478884.76625	-2178687.87622	6454137.3951	50.8396454134	1539519.7214	-2169986.11155	1539250.56316	-170.156317217	207003298.9089581	6469236.651907079	-2175062.416484109	6469236.645035843	50.76393690339999	1536957.8735908363	-2175062.7253017426	1536958.3684426104	-169.87316749022594	207357717.233	0.0027462256680252286	0.0	0.0	0.0	-0.001080783081682865	0.0	0.0	0.0	-0.0012559529378013195	0.00261168800424
120	30.0	nan	nan	1	1	5.0	5.0	5.0	1.003	4.24075079035e-20	-5.66741142329e-19	3.96633103719e-22	0.998807492101	9.0205534724e-19	8.59606092565e-21	3.86922003328e-20	0.9986129974	208925894.523	6579523.22285	-2276876.73058	6552021.01303	10.6749007784	1627650.12011	-2266918.08612	1627333.65698	-123.277215885	209465867.4683513	6568954.8492298415	-2272776.835315818	6568954.835869371	10.657754195592481	1624719.2653432228	-2272776.9789998275	1624719.7487211316	-123.05523475321522	209830508.663	0.002995508979798371	0.0	0.0	0.0	-0.001193219502329511	0.0	0.0	0.0	-0.0013879653784600163	0.00285961223878
130	32.5	nan	nan	1	1	5.0	5.0	5.0	1.00325	9.75099893123e-21	-3.54406815578e-18	-3.62956513031e-20	0.998695012821	6.69242055115e-19	1.30578731498e-20	3.30839157797e-20	0.99848124077	211238281.473	6680942.12522	-2366671.23643	6650609.04979	-10.6770995777	1711929.79274	-2355421.84117	1711563.82914	-107.991731009	211836032.85925916	6669428.65849689	-2362086.9651014777	6669428.606317626	-10.658699413712773	1708613.763650493	-2362087.0945557337	1708614.240171568	-107.78254969620858	212210909.694	0.0032447301648890294	0.0	0.0	0.0	-0.0013058394162882596	0.0	0.0	0.0	-0.0015199137138692167	0.00310753001628
140	35.0	nan	nan	1	1	5.0	5.0	5.0	1.0035	1.81441211102e-20	1.44232174688e-19	2.06385698735e-20	0.99858241059	4.15034563626e-18	8.39671039803e-21	-9.66808699952e-21	0.998349555954	213476748.624	6782398.45467	-2449463.73915	6749161.68363	-15.1119485901	1792653.6951	-2436891.97772	1792236.18367	-96.1366040212	214133215.49597633	6769916.222600134	-2444385.652554329	6769916.173697295	-15.084136769452542	1788937.2691108054	-2444385.715863706	1788937.777049083	-95.93729917237515	214518248.652	0.003493889254255838	0.0	0.0	0.0	-0.0014185951404555206	0.0	0.0	0.0	-0.001651807529216189	0.00335542964078
150	37.5	nan	nan	1	1	5.0	5.0	5.0	1.00375	1.0080346062e-20	1.8961440502e-18	1.35244030152e-21	0.998469713039	-5.62861168948e-18	-2.27946161401e-20	1.80556984108e-20	0.998217940918	215654410.986	6882933.18043	-2526192.02013	6846725.04864	-20.60064341	1869734.41389	-2512269.24977	1869263.42249	-86.9708690678	216370514.94925305	6869460.394925316	-2520611.450747162	6869460.344988532	-20.560319315232054	1865604.0142445855	-2520611.5134793003	1865604.490391899	-86.77874314655121	216765526.102	0.003742986278834297	0.0	0.0	0.0	-0.0015314590459950318	0.0	0.0	0.0	-0.0017836488382601357	0.00360330308015
160	40.0	nan	nan	1	1	5.0	5.0	5.0	1.004	6.49446382285e-20	4.99825539496e-19	3.10626999529e-20	0.998356943086	1.48707056366e-18	6.68287488688e-20	3.59989002583e-21	0.998086390124	217780157.792	6981441.60848	-2598222.81081	6942201.86892	-25.1262846441	1943229.06445	-2582919.1971	1942702.97944	-74.102612631	218556804.33999076	6966959.141899308	-2592130.3431903366	6966959.115730802	-25.074162088604474	1938672.4651839577	-2592130.3910788503	1938672.9907136352	-73.92885241070326	218961518.754	0.003992021269537457	0.0	0.0	0.0	-0.0016444082123871794	0.0	0.0	0.0	-0.0019154431665538013	0.00385114509132
170	42.5	nan	nan	1	1	5.0	5.0	5.0	1.00425	-3.84524472021e-20	-2.44354033314e-18	-6.20538487828e-20	0.998244117126	-4.90565417975e-18	-1.23746219638e-20	2.96726229335e-20	0.99795490042	219860795.054	7077317.60095	-2666469.08149	7034991.93265	-20.6784898252	2013797.69135	-2649754.49258	2013214.7148	-72.1402360069	220698875.08601806	7061808.395583498	-2659854.940902605	7061808.383771784	-20.63317506565719	2008802.49334166	-2659855.0033574486	2008802.9641595448	-71.96129312461797	221112983.933	0.004240994257254614	0.0	0.0	0.0	-0.0017574262432485978	0.0	0.0	0.0	-0.0020471936516899053	0.00409895164998
180	45.0	nan	nan	1	1	5.0	5.0	5.0	1.0045	1.00119356404e-19	-3.60702032271e-18	3.43937562796e-20	0.998131242485	-6.05551960362e-18	-1.05415897264e-20	7.13294385817e-20	0.997823474664	221901562.007	7170651.17674	-2731302.8017	7125187.63616	-24.7289082909	2081930.85365	-2713148.94747	2081289.35385	-61.7712987655	222801952.70119724	7154098.879099262	-2724157.7905422263	7154098.89115065	-24.671825574116816	2076484.5812082244	-2724157.856295058	2076485.0313397695	-61.609706788720466	223225158.122	0.004489905272852001	0.0	0.0	0.0	-0.0018705058207708755	0.0	0.0	0.0	-0.0021788974098135177	0.00434671942382
190	47.5	nan	nan	1	1	5.0	5.0	5.0	1.00475	-7.85243072484e-20	1.36484801071e-19	-1.85602785845e-20	0.99801833221	-1.04844480897e-18	-1.23804122281e-20	3.13203667137e-20	0.997692107069	223906202.133	7261565.52337	-2793240.77948	7212914.1876	-21.4781242404	2147895.90978	-2773619.68289	2147194.16691	-59.4609415999	224869766.21276402	7243954.422854656	-2785555.6562521756	7243954.439970782	-21.426034452923172	2141986.3423454757	-2785555.753762087	2141986.687589224	-59.29734501102195	225301790.531	0.00473875434717347	0.0	0.0	0.0	-0.001983633891484095	0.0	0.0	0.0	-0.002310560220559853	0.00459444641402
200	50.0	nan	nan	1	1	5.0	5.0	5.0	1.005	6.80812037138e-20	-4.57607399085e-18	-1.3565927482e-19	0.997905389626	-4.85483551164e-18	-3.92761898452e-20	-2.74293091123e-21	0.997560799938	225877621.696	7350009.9269	-2852722.30342	7298123.89597	-19.0392214875	2211838.30127	-2831606.00986	2211074.82181	-56.0765793349	226905207.5960504	7331325.282416748	-2844487.7486914033	7331325.2780104615	-18.99082140529825	2205453.69680963	-2844487.845556616	2205453.9930788456	-55.91471091154439	227345773.293	0.004987541511038968	0.0	0.0	0.0	-0.0020968071384223413	0.0	0.0	0.0	-0.002442179756838243	0.00484213075575
210	100.0	nan	nan	1	1	5.0	5.0	5.0	1.01	-2.6551256892e-20	3.07831625367e-18	9.63880480584e-20	0.995646532696	-1.20961267952e-18	-1.3958838273e-19	2.91663883986e-19	0.994943958063	260058759.638	8738044.26317	-3701629.8823	8613867.62426	2934.25078307	3147737.90132	-3646449.80972	3145519.57475	2767.09306065	262523195.59260923	8695493.754521426	-3681005.2173447125	8695496.580389071	2919.962246692544	3130199.400268824	-3681005.2387709613	3130202.250433643	2751.675428663373	263085191.667	0.009950330853168092	0.0	0.0	0.0	-0.004362971236186645	0.0	0.0	0.0	-0.0050688669645496155	0.00978599008297
220	150.0	nan	nan	1	1	5.0	5.0	5.0	1.015	1.66568532769e-19	-5.83411809523e-18	-9.40628433565e-20	0.993398507236	9.00658073749e-18	4.60044769477e-19	3.72959194588e-20	0.992339918487	287605228.728	9750045.50598	-4236287.5553	9542547.55822	-4654.02849322	3783786.21182	-4141712.7304	3779746.87219	-5333.67882101	291751308.41112417	9680106.568899391	-4201417.950692648	9680111.686422272	-4620.644258678802	3752641.2228638455	-4201419.124059095	3752634.0265614754	-5289.77640193117	292400467.718	0.014888612493750559	0.0	0.0	0.0	-0.006623378991715178	0.0	0.0	0.0	-0.007689570626592856	0.0147096105794
230	200.0	nan	nan	1	1	5.0	5.0	5.0	1.02	2.15395349967e-19	-9.21320052834e-18	-3.01151645612e-19	0.991164748709	7.07369125653e-18	-3.63340738425e-19	1.01167497638e-19	0.989748444527	310313841.956	10553005.8072	-4632592.10326	10254678.2643	-12263.5656476	4296067.16101	-4495193.29727	4289915.87471	-12421.1026362	316322782.8291152	10453246.157563064	-4582242.225519084	10453250.635337627	-12147.635737709328	4249374.844591423	-4582238.562689869	4249362.452068934	-12286.102406263946	317037545.762	0.01980262729617973	0.0	0.0	0.0	-0.008874513556084391	0.0	0.0	0.0	-0.010304464578844819	0.0196121286088
240	250.0	nan	nan	1	1	5.0	5.0	5.0	1.025	-3.12912499561e-19	-6.97066425687e-18	-4.8548884512e-20	0.988945676049	1.54553337325e-17	7.07901168223e-20	2.10077405809e-19	0.987170886861	329265644.717	11198628.8996	-4941646.04355	10804723.4088	8163.62690478	4738040.15486	-4759259.9287	4729535.47874	8819.67201931	337273053.358197	11067477.530771462	-4875008.009064208	11067483.392957259	8068.019589566187	4674147.743211714	-4875000.333720176	4674146.104065567	8700.73885351937	338011485.394	0.024692612590371414	0.0	0.0	0.0	-0.011115877028800316	0.0	0.0	0.0	-0.012912116884792777	0.0244930379465
250	300.0	nan	nan	1	1	5.0	5.0	5.0	1.03	-5.57850605106e-20	-9.04525308549e-18	-2.77145209875e-19	0.986741365528	-5.90776893348e-17	1.32702931311e-19	1.2824608217e-19	0.984607922144	345172710.211	11714741.4682	-5182037.18642	11222734.6949	7889.75741611	5125089.21998	-4953660.68873	5114023.87222	8520.01181043	355279207.9472449	11551334.445139702	-5098705.94286206	11551331.190026019	7779.704473367927	5042673.744621094	-5098701.588707786	5042689.185143277	8383.003303205842	356050768.164	0.02955880224154443	0.0	0.0	0.0	-0.013347314892464438	0.0	0.0	0.0	-0.015511765637186623	0.0293521750981
260	350.0	nan	nan	1	1	5.0	5.0	5.0	1.035	-2.63738266506e-20	2.58127334975e-18	-1.16614268397e-19	0.984552103185	-5.51929315409e-18	-2.30154733637e-19	6.65450259187e-20	0.982060080985	358632244.3	12125426.3304	-5368300.34086	11534404.9551	8128.9494765	5475694.203	-5093705.9958	5461849.64284	8766.15576797	370913441.232513	11929400.232916625	-5268145.380603469	11929395.369387565	7997.5325515113	5373535.623848946	-5268137.624425151	5373550.4736930495	8602.607917291636	371708811.001	0.03440142671733232	0.0	0.0	0.0	-0.015568458804116959	0.0	0.0	0.0	-0.01810279023344466	0.0341893586188
270	400.0	nan	nan	1	1	5.0	5.0	5.0	1.04	-1.16715184431e-19	3.55685148769e-17	-3.64958703703e-19	0.982377956742	-2.36905056831e-17	2.1963961369e-19	-1.95876369053e-21	0.979527733426	370087914.081	12452604.4647	-5512205.12933	11762651.0668	8559.21926132	5806559.11027	-5191681.37615	5789725.95985	9233.60885165	384600245.387645	12223909.268250633	-5395272.973467548	12223902.252885753	8402.027058197236	5683382.73004172	-5395263.815085677	5683396.194094624	9037.73337820852	385412950.767	0.03922071315328133	0.0	0.0	0.0	-0.017779160010786794	0.0	0.0	0.0	-0.02068472813823869	0.0390045289769
280	450.0	nan	nan	1	1	5.0	5.0	5.0	1.045	-3.7847152619e-19	-1.89710233894e-18	-2.66587076536e-19	0.98021900574	3.58847625687e-17	-2.70011604272e-19	5.40618778585e-19	0.977011058196	379887047.016	12713722.8313	-5622964.90595	11925568.2176	9040.73291981	6120264.44805	-5257117.11647	6100247.01874	9786.37886502	396672312.036361	12452512.017921355	-5489413.72253235	12452498.063255882	8854.985815609645	5974901.890478078	-5489402.225257372	5974913.903749259	9553.94233008558	397497565.939	0.04401688541677426	0.0	0.0	0.0	-0.019979257039494012	0.0	0.0	0.0	-0.02325730848140172	0.0437976890187
290	500.0	nan	nan	1	1	5.0	5.0	5.0	1.05	-9.23633180699e-19	-6.92556636988e-18	9.80010502528e-20	0.978075374005	-3.48952692676e-17	5.90011387322e-20	-3.68909318309e-19	0.974510058879	388305399.763	12914618.3354	-5706437.73793	12029954.8696	9635.5173772	6417388.36071	-5296159.75245	6394008.57485	10408.8652424	407394141.3810756	12621354.082330663	-5556527.392463107	12621336.550933976	9416.714720150629	6248801.065039579	-5556514.167156242	6248813.873766002	10135.420291965376	408227490.168	0.04879016416943205	0.0	0.0	0.0	-0.022168542382258904	0.0	0.0	0.0	-0.025820437995439156	0.0485688888361
300	550.0	nan	nan	1	1	5.0	5.0	5.0	1.055	-6.65695104648e-19	-2.01576900788e-17	1.03822085659e-18	0.975947335284	-9.31580599676e-17	2.92252836582e-19	1.786604244e-18	0.972024489163	395563484.45	13061112.0283	-5768005.05382	12082408.4605	10096.4409075	6691677.7187	-5314336.95968	6664792.1917	10874.8893733	416977484.05483866	12736511.387025245	-5602047.539746376	12736494.846553542	9845.519608756516	6499144.219021141	-5602030.879943644	6499155.773093277	10561.996165097413	417814831.9	0.05354076692802976	0.0	0.0	0.0	-0.024346653774924232	0.0	0.0	0.0	-0.028374280226936974	0.0533182208359
310	600.0	nan	nan	1	1	5.0	5.0	5.0	1.06	4.79387560921e-19	-1.59834852449e-17	-1.60578917954e-19	0.973834902629	1.52048766779e-17	4.47842201081e-19	6.82920313724e-21	0.969554289488	401839710.444	13160673.9296	-5818032.62582	12090853.7351	10596.89347	6943469.58684	-5321584.52833	6912958.76478	11332.6855539	425593889.91396385	12805605.892188482	-5636181.255714875	12805587.252231263	10310.994876419023	6726440.989914221	-5636162.3827955555	6726450.785443428	10978.465402950465	426431803.473	0.058268908123975824	0.0	0.0	0.0	-0.026513494194790925	0.0	0.0	0.0	-0.03091880845825342	0.0580457890632
320	650.0	nan	nan	1	1	5.0	5.0	5.0	1.065	-1.12528327043e-18	-4.20661707897e-18	-2.37916996505e-19	0.971737828783	9.78501725091e-17	-3.15069786599e-19	-7.40730312374e-19	0.967099598852	407278307.382	13234801.4666	-5863521.67064	12075811.5404	11023.9765872	7181451.19286	-5324492.40486	7147185.07846	11702.2984077	433382096.6191129	12849807.450403152	-5665781.435853884	12849789.514684884	10703.294404587159	6939265.365852359	-5665756.412816876	6939276.898288001	11307.652431330096	434219550.306	0.06297479916138839	0.0	0.0	0.0	-0.028669234377896546	0.0	0.0	0.0	-0.03345379105405248	0.0627517044954
330	700.0	nan	nan	1	1	5.0	5.0	5.0	1.07	6.68441344282e-19	9.04604717888e-19	-1.27425519003e-19	0.969655921885	7.19911830717e-17	-2.9141242108e-19	-3.94399716065e-20	0.964660476505	412000777.358	13293615.2106	-5901145.03066	12046954.2656	14924.8797941	7410341.24669	-5320177.15239	7372159.00205	15342.4923354	440459413.4302618	12879079.999391355	-5687676.101621351	12879088.344138373	14459.476809306927	7142278.421336101	-5687664.28770739	7142272.741573488	14787.490655115047	441292771.861	0.06765864847381486	0.0	0.0	0.0	-0.030813990118810433	0.0	0.0	0.0	-0.03597907737125113	0.0674360880901
340	750.0	nan	nan	1	1	5.0	5.0	5.0	1.075	2.90095549545e-19	8.58759059618e-18	-5.99454481195e-19	0.967588930117	6.00274779665e-17	-4.14424104334e-19	-6.91602401433e-19	0.962236941431	416098437.377	13340971.2499	-5938300.33203	12007971.4141	12768.522404	7634159.79547	-5315374.67372	7591938.84862	13318.1626622	446913185.21405774	12897245.241285902	-5709036.282791247	12897238.419024693	12343.836271626911	7339422.532384011	-5709012.129468876	7339427.943691268	12803.979187193343	447748314.667	0.07232066157962608	0.0	0.0	0.0	-0.032947940868756694	0.0	0.0	0.0	-0.03849455777968308	0.0720990930167
350	800.0	nan	nan	1	1	5.0	5.0	5.0	1.08	-1.11004991227e-18	1.10263837398e-17	-3.24989336505e-19	0.965536509862	-8.93488998642e-17	-1.12452226426e-18	2.30657659449e-19	0.959829170012	419660527.877	13379504.3195	-5975899.46816	11961473.3749	12485.4140506	7855359.29238	-5310943.16589	7808932.70679	13025.2900047	452830298.8721864	12906911.26349919	-5730741.605086626	12906902.611758657	12044.402198388241	7533097.6633057045	-5730717.618999046	7533104.299109164	12490.934920502707	453665847.007	0.0769610411361284	0.0	0.0	0.0	-0.03507136336761575	0.0	0.0	0.0	-0.04099995825902865	0.0767408413277
360	850.0	nan	nan	1	1	5.0	5.0	5.0	1.085	-1.6212740006e-19	-1.86250369003e-17	-1.64610927132e-18	0.96349851371	-2.04148122239e-16	-2.21561319689e-18	-2.51992301808e-20	0.957437074653	422754864.869	13409762.4683	-6014975.83526	11908095.3281	12775.2611662	8074524.42171	-5307773.07827	8023740.33706	13381.6932268	458276222.20692986	12908658.342755103	-5753777.978179783	12908655.568831107	12297.867469596344	7723891.512508731	-5753750.924652196	7723904.348562323	12800.598690317313	459111955.251	0.08157998699242285	0.0	0.0	0.0	-0.037184333723613315	0.0	0.0	0.0	-0.04349527846495158	0.0813614895634
370	900.0	nan	nan	1	1	5.0	5.0	5.0	1.09	4.485965898e-20	-1.15155055622e-17	1.51267511234e-18	0.961475142123	-5.11571901241e-17	-1.46403689232e-18	-1.17187008253e-18	0.95506021811	425440737.673	13434984.6857	-6056023.79391	11850799.2367	14276.0122745	8289487.85189	-5306275.42292	8234225.72605	15001.2016953	463308488.36716074	12905651.17241472	-5778605.071119721	12905618.560012737	13713.542579911245	7909756.990401408	-5778577.901353858	7909800.225409619	14314.015786483977	464143627.091	0.08617769624105241	0.0	0.0	0.0	-0.03928656751371162	0.0	0.0	0.0	-0.04598088487676296	0.0859612133821
380	950.0	nan	nan	1	1	5.0	5.0	5.0	1.095	-3.87186701124e-19	2.05497339844e-17	-6.63067979023e-20	0.959466129009	1.03752324555e-16	-3.47197481591e-19	5.17166553858e-19	0.952698591484	427762631.617	13455295.8447	-6101098.37174	11789847.1309	14322.8602989	8504402.12864	-5308203.43625	8444458.62303	14874.837897	467969632.6216167	12898036.7143655	-5807166.26305222	12898018.720467	13729.670467462765	8094686.25479365	-5807141.223515876	8094726.315191599	14158.21406911585	468806298.846	0.09075436326846412	0.0	0.0	0.0	-0.041378264825521545	0.0	0.0	0.0	-0.0484566987170164	0.0905401757509
390	1000.0	nan	nan	1	1	5.0	5.0	5.0	1.1	-8.12873696678e-19	1.69467205246e-17	5.65963592554e-19	0.957471479391	-1.43681245931e-16	-6.19214171667e-19	1.828638254e-18	0.95035194837	429764650.032	13468458.9844	-6153905.64464	11723336.5906	17310.1842801	8716411.12746	-5316683.69618	8651609.72671	17895.1738115	472302641.2865619	12883704.445686944	-5842951.771789392	12883709.341890961	16558.63513587431	8275975.093182718	-5842927.640521483	8275986.349104036	16990.939342635942	473138251.264	0.09531017980432493	0.0	0.0	0.0	-0.043459344907778814	0.0	0.0	0.0	-0.05092289102692505	0.095098541307
400	1050.0	nan	nan	1	1	5.0	5.0	5.0	1.105	1.0791199748e-18	-6.01934699543e-17	-1.19114008208e-21	0.955490932814	-7.1399901135e-17	-1.83706557008e-18	8.01293168103e-19	0.948020234687	431476018.933	13474336.3027	-6212052.765	11651224.1118	14727.0853638	8921892.68136	-5329519.03464	8852160.72457	15267.6233453	476334991.36991507	12862562.48394515	-5883642.654345475	12862558.96786002	14058.433116316479	8450222.546933312	-5883609.498504353	8450247.038504682	14460.476004164773	477174859.595	0.09984533496971612	0.0	0.0	0.0	-0.04553000481412922	0.0	0.0	0.0	-0.05337943234836824	0.0996364862327
410	1100.0	nan	nan	1	1	5.0	5.0	5.0	1.11	-1.57998114443e-18	-1.44016776857e-17	2.44607233299e-18	0.953524381391	5.76324393685e-17	2.009208473e-18	1.84769649532e-18	0.94570332838	432934329.012	13478501.3462	-6275282.15703	11578447.6473	14713.7614063	9123946.31196	-5346419.83547	9049137.73332	15252.9378811	480103977.7390282	12839961.160321096	-5928959.404717573	12839958.393222596	14016.701124742953	8620410.356183263	-5928930.227200442	8620437.394768856	14411.152715804246	480946116.838	0.10436001532424286	0.0	0.0	0.0	-0.04759028385326944	0.0	0.0	0.0	-0.05582636547865459	0.104154162509
420	1150.0	nan	nan	1	1	5.0	5.0	5.0	1.115	2.39339747159e-19	-4.75668556887e-17	2.49932952955e-18	0.951571659882	-1.28227341566e-16	2.48101244207e-18	3.69031079295e-18	0.943401105553	434164725.233	13474113.2261	-6345123.49454	11499171.7282	14813.4230657	9331533.63794	-5368576.86913	9251445.01772	15291.1752223	483633811.28730106	12809404.620872874	-5980310.214137639	12809396.817237876	14082.643264504388	8795016.51568521	-5980276.935241073	8795050.224914473	14412.00812667851	484478559.336	0.10885440491208208	0.0	0.0	0.0	-0.04964028254157994	0.0	0.0	0.0	-0.058263736251169644	0.108651740295
430	1200.0	nan	nan	1	1	5.0	5.0	5.0	1.12	1.11177044794e-18	4.4873105628e-17	-6.30417505884e-19	0.949632390665	3.19102192824e-17	7.48217951279e-19	3.10659921317e-18	0.941113668183	435192401.136	13462335.4979	-6426834.09051	11414518.0651	15111.1942837	9543453.4461	-5400299.32268	9457880.48662	15498.3727237	486949252.25233173	12772041.056470983	-6042595.829794006	12772031.45577025	14336.352992676222	8972883.255285798	-6042549.709630644	8972918.398976874	14571.778432418094	487797037.015	0.11332868530700327	0.0	0.0	0.0	-0.051680326469541765	0.0	0.0	0.0	-0.06069135159837946	0.11312937116
440	1250.0	nan	nan	1	1	5.0	5.0	5.0	1.125	1.10603974066e-18	-3.44752997444e-17	1.64460711132e-18	0.947706192727	8.83786765627e-17	7.92740120569e-19	1.85616682479e-18	0.938841116835	436037821.749	13444347.0955	-6509905.22887	11325583.4965	15360.092478	9755844.52979	-5432640.88903	9664625.98199	15736.0672456	490070252.61115956	12729023.61993147	-6105882.255566444	12729014.063127572	14542.83934860982	9150369.461346159	-6105836.604158645	9150407.344342584	14759.442785926338	490921184.791	0.11778303565638346	0.0	0.0	0.0	-0.053710748047016504	0.0	0.0	0.0	-0.0631090187391577	0.117587207056
450	1300.0	nan	nan	1	1	5.0	5.0	5.0	1.13	-1.16122923113e-19	-3.97376242781e-17	-3.43842437026e-19	0.945792900342	1.28963201439e-16	-1.67877959679e-18	8.32315749796e-19	0.936583352856	436719884.183	13423422.9399	-6587654.84705	11235201.3268	18872.7704413	9964563.6641	-5460067.2572	9867539.43719	19483.8315506	493015396.6068183	12683479.061228488	-6163910.776216093	12683478.446263455	17832.44033890218	9323603.433313135	-6163898.924236678	9323607.726419298	18230.554278432282	493866159.943	0.12221763272424911	0.0	0.0	0.0	-0.05573165531142609	0.0	0.0	0.0	-0.0655167564073111	0.122025405532
460	1350.0	nan	nan	1	1	5.0	5.0	5.0	1.135	-1.00366786805e-18	6.196186299e-17	2.61113787859e-18	0.943892238509	-1.46052991123e-16	2.01821729705e-18	-1.73747633306e-18	0.934340326554	437247464.987	13401599.093	-6664067.04235	11145056.3791	16965.8882555	10172719.3778	-5485868.35898	10069811.7605	17338.458656	495792316.11315066	12637339.90476505	-6220439.651237067	12637313.553252777	15998.366701103887	9495520.764788155	-6220393.706962734	9495555.949058939	16184.236297401325	496648515.216	0.126632650933366	0.0	0.0	0.0	-0.057743273474536116	0.0	0.0	0.0	-0.06791453179637974	0.126444139889
470	1400.0	nan	nan	1	1	5.0	5.0	5.0	1.14	-1.88980991466e-18	8.70122536001e-18	-2.70126747813e-18	0.942003944515	-1.12717850665e-16	1.24295053974e-18	-3.48575233619e-18	0.932112061136	437641611.883	13375603.3613	-6737782.33335	11052492.8153	16390.9736552	10380836.3468	-5509053.23256	10271866.9242	16818.8283638	498422638.60935223	12587526.643899117	-6274215.107639038	12587497.355451364	15425.234438486646	9666622.78694269	-6274167.661063304	9666659.147882128	15661.673499101453	499282882.895	0.131028262406404	0.0	0.0	0.0	-0.05974581703131362	0.0	0.0	0.0	-0.07030223425408061	0.130843550527
480	1450.0	nan	nan	1	1	5.0	5.0	5.0	1.145	1.96961630016e-18	-1.3366259317e-17	-1.46097301534e-18	0.940127969524	1.93653542841e-16	1.81439254949e-18	-3.03671899503e-18	0.929898340987	437915421.255	13349426.274	-6809568.39303	10960836.8336	19992.7708613	10588578.1604	-5530281.91141	10473400.3867	20578.8405581	500919332.0964209	12537808.770764163	-6325969.970840771	12537797.938628936	18777.251749381998	9836603.968197448	-6325936.440944155	9836639.308150992	19117.383054483835	501779947.226	0.13540463700620298	0.0	0.0	0.0	-0.061739275192505806	0.0	0.0	0.0	-0.0726800095763594	0.135223799622
490	1500.0	nan	nan	1	1	5.0	5.0	5.0	1.15	6.22648625571e-19	-5.53627616468e-17	-2.82324022254e-18	0.938264314756	-2.17221599323e-17	3.3291769724e-18	1.36605238568e-18	0.927698841761	438073466.719	13323720.4576	-6882098.21392	10870570.3057	17117.6231793	10793673.3743	-5551711.94038	10672175.3387	17570.1969316	503285868.4450184	12488798.470612656	-6378195.499262839	12488782.892450782	16044.958828314386	10003367.693478499	-6378149.734101533	10003410.644362535	16283.718643192782	504153301.479	0.13976194237515863	0.0	0.0	0.0	-0.06372358421581854	0.0	0.0	0.0	-0.07504812282967263	0.139585074672
500	1550.0	nan	nan	1	1	5.0	5.0	5.0	1.155	3.59147263592e-18	-1.58289282018e-17	-2.82697246146e-19	0.93641315102	9.00108031729e-17	1.16441470367e-18	-2.44061955839e-18	0.925513184257	438133421.78	13301969.806	-6957058.54061	10784533.1779	19694.7346894	10996283.1918	-5574765.5785	10868279.7379	20629.6487311	505540867.3922146	12443752.472459355	-6432446.299292518	12443748.835744623	18424.06854472944	10167084.366213271	-6432451.1346643865	10167079.374881048	19074.02487149884	506410298.847	0.14410034397375687	0.0	0.0	0.0	-0.06569849923076725	0.0	0.0	0.0	-0.07740690151953873	0.143927528909
510	1600.0	nan	nan	1	1	5.0	5.0	5.0	1.16	3.67453480431e-19	9.77735160274e-17	1.24699131704e-18	0.934574430671	-9.95846048175e-17	2.02895823731e-18	-3.6031722785e-18	0.923341096151	438095271.856	13283649.5748	-7034003.83828	10702177.122	18105.77397	11199665.4354	-5598925.50928	11065082.9169	18656.3645022	507682865.01491666	12402157.875326125	-6488296.933136398	12402124.131985523	16904.290192725628	10330781.240294077	-6488265.740723816	10330813.415863093	17208.98017205207	508559221.534	0.14842000511827322	0.0	0.0	0.0	-0.06766400767020528	0.0	0.0	0.0	-0.07975656112044988	0.148251344991
520	1650.0	nan	nan	1	1	5.0	5.0	5.0	1.165	2.22872897268e-18	-4.88501106038e-17	3.26727077536e-18	0.932747971411	-6.07588379769e-17	2.49391645962e-19	-1.01262788844e-18	0.921182517655	437970421.497	13269224.267	-7120597.3687	10623877.1783	17221.2114702	11401138.3504	-5630329.71534	11259811.9406	17722.8333275	509723645.8694298	12364424.917303782	-6552789.105956726	12364399.837967597	16046.934766023862	10491992.639045417	-6552753.448830225	10492030.017816963	16309.585157225532	510606895.72	0.15272108701766393	0.0	0.0	0.0	-0.06962024173072881	0.0	0.0	0.0	-0.0820970890109548	0.152556666325
530	1700.0	nan	nan	1	1	5.0	5.0	5.0	1.17	-6.64656165799e-19	-9.66880168357e-17	-1.55329960659e-18	0.930933495791	2.67328997988e-16	3.22495552394e-18	1.2959604093e-18	0.919037461695	437766713.589	13257835.9569	-7218417.02822	10548837.1946	17240.9309938	11598785.8597	-5670058.26343	11450621.5751	17713.9201269	511671072.6574354	12329729.957848793	-6627312.511045305	12329705.925784806	16033.991072643043	10648980.010494128	-6627285.043885722	10649028.418323575	16263.355804702018	512561015.11	0.1570037488096647	0.0	0.0	0.0	-0.07156743734890834	0.0	0.0	0.0	-0.084428393915367	0.156843638263
540	1750.0	nan	nan	1	1	5.0	5.0	5.0	1.175	-9.7821717496e-19	3.5282178036e-17	3.82488315245e-20	0.929130774323	-1.98203168559e-16	1.63473057481e-18	-3.35530926231e-18	0.916905891617	437489527.38	13246524.7615	-7330019.30302	10474653.6315	17357.4810968	11798094.1468	-5719912.86895	11642931.3359	17796.2453029	513530275.9531899	12295305.54658353	-6714140.218838436	12295269.79105508	16111.058367885935	10806800.79301233	-6714099.995972561	10806864.50297113	16300.978400327838	514427665.896	0.16126814759612232	0.0	0.0	0.0	-0.07350578115927445	0.0	0.0	0.0	-0.08675043836398366	0.161112409033
550	1800.0	nan	nan	1	1	5.0	5.0	5.0	1.18	-2.97255624927e-20	-2.63475950991e-17	1.70401853164e-18	0.927339612221	-2.08249085192e-16	2.41784231305e-18	-4.319868031e-19	0.914787743178	437144532.176	13235602.7058	-7448370.89747	10401590.0215	17334.6999142	11998890.5807	-5774267.79129	11836559.9322	17733.2305846	515306833.89897877	12261437.198071247	-6806760.590709239	12261414.765531981	16058.83306335572	10965293.842266	-6806718.223840249	10965366.630888488	16205.671918166063	516212403.387	0.16551443847757333	0.0	0.0	0.0	-0.07543542428287947	0.0	0.0	0.0	-0.08906321528575314	0.165363125574
560	1850.0	nan	nan	1	1	5.0	5.0	5.0	1.185	3.82141561132e-18	-1.91918872304e-17	3.16806204141e-18	0.925559709815	1.89971490619e-17	2.62795942353e-18	-1.97729253625e-18	0.912683062701	436737828.945	13226162.4342	-7567608.33476	10330460.6703	17560.8583232	12194077.3064	-5828510.09601	12024502.2986	17942.6958953	517006946.74315625	12229128.561718393	-6899789.720084018	12229121.398766361	16237.060081254656	11117986.756548606	-6899746.2758813985	11118053.723582003	16359.307090502407	517920492.652	0.16974277458709455	0.0	0.0	0.0	-0.07735663277198264	0.0	0.0	0.0	-0.09136659698769123	0.169595925094
570	1900.0	nan	nan	1	1	5.0	5.0	5.0	1.19	-8.27127672994e-19	1.17210963403e-16	-1.51679778052e-18	0.923790740863	7.77113553832e-17	3.57943550364e-18	-3.09908179577e-18	0.910591919235	436273436.183	13213550.7708	-7691803.67241	10257603.178	17491.2174068	12384197.5177	-5885755.83846	12207331.1353	17885.4074551	518634464.72176236	12194072.825147979	-6996931.533446707	12194064.759236831	16141.700482989425	11265417.815959143	-6996886.758611311	11265487.032713173	16269.652313151373	519556143.284	0.17395330712343798	0.0	0.0	0.0	-0.07926970391635463	0.0	0.0	0.0	-0.09366043023130656	0.173810943745
580	1950.0	nan	nan	1	1	5.0	5.0	5.0	1.195	2.53924595719e-18	2.84189082924e-17	-1.74981125035e-18	0.922032524677	-4.327914844e-18	-1.5014386909e-18	1.30390134318e-18	0.90851426127	435757974.979	13204929.9553	-7819956.27352	10188607.7004	20796.409261	12570004.8591	-5945238.98281	12385714.3607	21757.9739358	520196413.9837607	12162880.717758184	-7097251.2227690285	12162892.003275057	19155.288672902094	11408309.616583424	-7097269.990946846	11408312.416905673	19747.1445772322	521123250.309	0.17814618538347404	0.0	0.0	0.0	-0.08117477982539152	0.0	0.0	0.0	-0.09594469366867692	0.178008316492
590	2000.0	nan	nan	1	1	5.0	5.0	5.0	1.2	1.85614035501e-18	1.08450869253e-16	1.67723111468e-18	0.920284991231	1.70332819979e-16	2.42899932515e-18	-3.49496381949e-18	0.906449865545	435187486.353	13202850.8579	-7951669.16416	10125298.4023	18462.7741421	12755394.5339	-6006490.62169	12563705.5821	19020.6877674	521687307.7072941	12137875.610253992	-7200368.400303561	12137848.235241292	16973.520216882687	11550221.449008252	-7200367.702339764	11550285.404317532	17223.54845567758	522625631.956	0.1823215567939546	0.0	0.0	0.0	-0.08307188383165076	0.0	0.0	0.0	-0.09821955583787337	0.182188209261
600	2050.0	nan	nan	1	1	5.0	5.0	5.0	1.205	2.32179671776e-18	-8.19776485803e-17	2.1960123251e-18	0.918548088377	1.66131430681e-16	6.4993896834e-19	-3.52810398355e-18	0.904398580075	434571655.033	13208786.0313	-8085919.71063	10068755.8862	17659.3661326	12935619.5558	-6068785.07148	12736434.2387	18163.3634031	523117954.91047466	12120373.03049078	-7305340.78586718	12120318.770633526	16204.22228825297	11686872.058253977	-7305332.500673015	11686943.348583095	16409.95263689739	524066691.915	0.18647956694261839	0.0	0.0	0.0	-0.08496102036048712	0.0	0.0	0.0	-0.10048510859835204	0.186350753365
610	2100.0	nan	nan	1	1	5.0	5.0	5.0	1.21	-5.43723683732e-18	1.09185233584e-16	2.14905493608e-18	0.916821574005	-2.222997736e-16	-2.24371086794e-18	-3.00273179802e-18	0.902360402648	433913970.357	13216722.8678	-8218099.06445	10014322.1733	17591.3861149	13113362.8822	-6128660.28257	12906605.0824	18098.4340555	524491892.50929433	12104821.342933679	-7408003.477674845	12104774.558308188	16111.451244406371	11820718.766408691	-7407995.247322946	11820793.265392687	16314.38868917864	525450419.224	0.1906203596086497	0.0	0.0	0.0	-0.08684240144316548	0.0	0.0	0.0	-0.1027412792454264	0.190496082921
620	2150.0	nan	nan	1	1	5.0	5.0	5.0	1.215	4.49340390607e-18	2.9993344018e-17	-1.26162910516e-18	0.915105291701	-8.71309970314e-17	-7.49094762728e-19	-6.48721358478e-19	0.900335249469	433217462.258	13224650.6441	-8345046.03931	9960428.97959	17478.1481773	13289816.8231	-6183813.23618	13075406.2848	17978.6457504	525812169.7704659	12089370.190993555	-7505530.4694730295	12089343.64350206	15977.722909653728	11952854.978825232	-7505524.450061774	11952937.830165915	16169.98550323711	526780415.503	0.19474407679251185	0.0	0.0	0.0	-0.08871614742972597	0.0	0.0	0.0	-0.10498808560850775	0.194624335504
630	2200.0	nan	nan	1	1	5.0	5.0	5.0	1.22	3.64234755231e-18	-3.45353861441e-17	-1.92104425459e-18	0.913399094382	6.99503101249e-17	-4.26313667587e-18	4.79505351441e-18	0.898323032485	432484550.278	13237385.931	-8472194.19345	9910641.93303	17515.1970298	13463681.1588	-6238327.42553	13241548.2001	18037.5437677	527081151.5986314	12078412.714043846	-7602833.7588177025	12078379.585549008	15981.688499260204	12082127.403455928	-7602826.046350308	12082210.563882079	16186.65053608482	528059271.062	0.19885085874516517	0.0	0.0	0.0	-0.09058236971191372	0.0	0.0	0.0	-0.1072255509944125	0.198735646759
640	2250.0	nan	nan	1	1	5.0	5.0	5.0	1.225	3.70118987237e-18	-3.67717516482e-17	1.785042527e-18	0.911702966487	-3.74241814228e-16	-5.28938988336e-19	-1.8901540218e-18	0.896323533111	431716486.125	13257479.7663	-8602334.01958	9866812.99663	17347.9770375	13630378.4907	-6294248.95423	13400541.1431	17855.8655969	528299824.725613	12074247.816212894	-7702413.772360538	12074210.145430382	15799.667625601604	12204456.92649126	-7702394.340197338	12204540.944836225	15987.90104847568	529288298.732	0.20294084399669038	0.0	0.0	0.0	-0.0924410365992712	0.0	0.0	0.0	-0.10945384512170497	0.202830160385
650	2300.0	nan	nan	1	1	5.0	5.0	5.0	1.23	1.05196198093e-18	-2.07624186635e-17	1.86940171459e-18	0.910016706695	2.87468159222e-16	1.24195544147e-18	6.43850919032e-19	0.894336725744	430916343.881	13283732.5149	-8726722.15597	9827957.24696	17328.0256335	13792227.829	-6345201.28628	13554670.5722	17805.005876	529471435.90630835	12075745.322271843	-7796445.943867867	12075714.252812676	15752.261215233626	12321964.28308955	-7796415.438558997	12322044.995529795	15906.976681676417	530470128.441	0.20701416938432612	0.0	0.0	0.0	-0.09429232063427154	0.0	0.0	0.0	-0.11167292400334126	0.206908004137
660	2350.0	nan	nan	1	1	5.0	5.0	5.0	1.235	-3.4931374047e-18	4.62156263796e-17	1.98713929426e-18	0.908340095135	3.88829945041e-16	-2.1439727384e-18	2.57360373111e-18	0.892362605394	430087776.904	13309495.8635	-8846298.68791	9789088.50269	17256.3375391	13953470.907	-6391967.08131	13708124.3451	17753.595738	530600008.27575284	12076839.238206405	-7885807.2294291565	12076814.825869292	15658.14486418917	12438465.581591886	-7885780.457784228	12438548.812891047	15825.989892294692	531608802.992	0.2110709700799406	0.0	0.0	0.0	-0.09613641639528848	0.0	0.0	0.0	-0.1138827207149997	0.210969303077
670	2400.0	nan	nan	1	1	5.0	5.0	5.0	1.24	2.1904272016e-18	-8.37490724057e-17	-3.47871137481e-18	0.906672875259	-4.49207724071e-16	2.59839267971e-18	4.7421139552e-18	0.890401204407	429233387.815	13334986.1762	-8966505.95864	9750364.1242	17153.0633289	14116048.2225	-6438519.87647	13862819.9682	17655.9857555	531688337.32247186	12077725.250833195	-7975371.702154418	12077706.526685553	15535.823086660863	12555696.952556249	-7975348.668387979	12555793.35181551	15704.338994206677	532707472.485	0.2151113796169455	0.0	0.0	0.0	-0.09797356067151713	0.0	0.0	0.0	-0.11608312636336103	0.215014178859
680	2450.0	nan	nan	1	1	5.0	5.0	5.0	1.245	-9.29406901375e-19	-1.35292086037e-16	-6.06629114956e-18	0.905014913834	6.64523816901e-17	1.58339574599e-18	4.07200501481e-18	0.888452437517	428355347.205	13360236.3222	-9087479.46717	9711791.00885	17219.3735461	14277717.6154	-6484957.0242	14016536.3467	17696.1949987	532738732.825166	12078433.305667974	-8065259.680631621	12078400.022963919	15567.31856579286	12671665.51857864	-8065237.915296977	12671766.827864697	15705.609959199983	533768136.676	0.219135529916671	0.0	0.0	0.0	-0.09980385604340758	0.0	0.0	0.0	-0.11827416403355752	0.219042758771
690	2500.0	nan	nan	1	1	5.0	5.0	5.0	1.25	-1.12411860012e-18	-6.96741773841e-17	-1.25765863822e-18	0.903366102538	2.52222059495e-16	-4.06943744619e-18	3.02496641288e-18	0.886516193916	427454566.434	13386984.6129	-9211137.61589	9674645.52242	17135.8764063	14438028.6592	-6532642.79842	14168847.5676	17577.1771598	533751977.96741825	12080532.49767794	-8157169.138856445	12080491.329884093	15463.565379993674	12785982.222389325	-8157149.996313484	12786092.495400067	15565.939089737494	534792010.487	0.22314355131420976	0.0	0.0	0.0	-0.10162737856212949	0.0	0.0	0.0	-0.12045588638598816	0.223055171644
700	2550.0	nan	nan	1	1	5.0	5.0	5.0	1.255	-8.41421353979e-19	1.23358384427e-16	-1.91220334821e-18	0.901726299849	2.77770796646e-16	1.35439244777e-18	1.84272017675e-18	0.884592402139	426533034.116	13412222.0488	-9339820.15891	9636749.5966	17019.8448166	14596504.0583	-6583200.36912	14319276.7119	17444.4974126	534730222.36720973	12081303.767830545	-8253155.949061408	12081271.185400402	15330.935810828752	12898238.108935568	-8253138.480969497	12898349.808305155	15414.874713817659	535781003.801	0.22713557258374711	0.0	0.0	0.0	-0.10344424194032802	0.0	0.0	0.0	-0.12262830262051871	0.227051541066
