inc	time	elem	node	ip	grain	1_pos	2_pos	3_pos	1_f	2_f	3_f	4_f	5_f	6_f	7_f	8_f	9_f	1_p	2_p	3_p	4_p	5_p	6_p	7_p	8_p	9_p	1_Cauchy	2_Cauchy	3_Cauchy	4_Cauchy	5_Cauchy	6_Cauchy	7_Cauchy	8_Cauchy	9_Cauchy	Mises(Cauchy)	1_ln(V)	2_ln(V)	3_ln(V)	4_ln(V)	5_ln(V)	6_ln(V)	7_ln(V)	8_ln(V)	9_ln(V)	Mises(ln(V))
0	0.0	nan	nan	1	1	5.0	5.0	5.0	1.0	0.0	0.0	0.0	1.0	0.0	0.0	0.0	1.0	0.0	0.0	0.0	0.0	0.0	0.0	0.0	0.0	0.0	0.0	0.0	0.0	0.0	0.0	0.0	0.0	0.0	0.0	0.0	0.0	0.0	0.0	0.0	0.0	0.0	0.0	0.0	0.0	0.0
10	2.5	nan	nan	1	1	5.0	5.0	5.0	1.00025	7.7935923339e-24	-7.88083403913e-24	-3.71423482082e-24	0.999908455496	-6.98450629724e-23	5.46068451256e-25	9.25812207077e-24	0.99990847796	33893615.2624	-637.349834969	-189.848894266	-637.132209594	11.3503118025	138.102392912	-189.784065063	138.102396722	11.3528004165	33899820.90143043	-637.2488596502891	-189.8188207748214	-637.2488632019667	11.348513572879714	138.0805164554052	-189.8188129467058	138.08051716267695	11.351002047620907	33899809.5721	0.0002499687552074404	0.0	0.0	0.0	-9.154869445402416e-05	0.0	0.0	0.0	-9.152622839741695e-05	0.000227670811458
20	5.0	nan	nan	1	1	5.0	5.0	5.0	1.0005	-3.38691686749e-23	-4.11716225201e-23	5.97831863026e-23	0.99981687947	1.99264901507e-22	-8.9568150703e-24	-3.1384395663e-23	0.999816924406	67812778.5407	-1273.97934913	-380.200333368	-1273.10951255	10.1357589444	276.533510227	-379.940757197	276.533521396	10.1311353871	67837618.13927466	-1273.5758384442315	-380.0799286418733	-1273.575848392799	10.13254861995853	276.4459354969392	-380.07992825139434	276.4459342377524	10.127926982281336	67837608.0498	0.0004998750416509929	0.0	0.0	0.0	-0.00018313729861142792	0.0	0.0	0.0	-0.00018309235438241666	0.000455326579505
30	7.5	nan	nan	1	1	5.0	5.0	5.0	1.00075	1.54773247427e-24	-9.35748067951e-23	-4.21991359373e-24	0.999725271895	1.35943579381e-22	7.17966922302e-24	-9.1028641472e-23	0.999725339312	101757492.022	-1910.07182107	-570.975948767	-1908.11597498	-10.5733296608	415.361691022	-570.391329248	415.361721104	-10.5728394341	101813419.49110918	-1909.1647133080517	-570.7048263941656	-1909.1647046128444	-10.56830830542522	415.16446056509966	-570.7048250192968	415.16446263598147	-10.56781902418403	101813430.12	0.0007497188905459742	0.0	0.0	0.0	-0.00027476584967896787	0.0	0.0	0.0	-0.00027469841415460257	0.000682967349418
40	10.0	nan	nan	1	1	5.0	5.0	5.0	1.001	2.08669234214e-23	-1.32840036497e-22	2.24243494184e-24	0.999633607503	1.07310528607e-22	4.05706241063e-23	-9.42792027854e-23	0.999633709139	135695891.968	-1410.65198743	1.67073183732	-1408.73431193	-372.17028031	-1564.59349175	1.6746418586	-1564.59023214	-377.743811085	135795368.75019318	-1409.7591265695887	1.6696745307659648	-1409.7670355761145	-371.9347181163065	-1563.6033538258375	1.6758695153919891	-1563.5999373023592	-377.5047595518413	135795743.519	0.0009995003330834232	0.0	0.0	0.0	-0.0003664596351304691	0.0	0.0	0.0	-0.00036635796188337155	0.000910606089619
50	12.5	nan	nan	1	1	5.0	5.0	5.0	1.00125	-5.22642437814e-23	-2.37723953229e-22	-5.64744638524e-23	0.999541271376	8.55297483238e-22	-1.70218260427e-23	-3.80826199201e-23	0.999541477456	168953170.323	5266.39075878	-2191.9313275	5257.4093918	-3817.89872105	-26241.1750923	-2188.21249046	-26241.1701563	-3885.40026625	169108249.49257335	5262.228839348537	-2190.1995411793637	5262.235076225031	-3814.881514845161	-26220.442641656075	-2190.221012556518	-26220.43230356931	-3882.330515411153	169112104.485	0.0012492194004318981	0.0	0.0	0.0	-0.0004588338721637924	0.0	0.0	0.0	-0.00045862769760691215	0.0011386334631
60	15.0	nan	nan	1	1	5.0	5.0	5.0	1.0015	1.2233952792e-22	-3.17231519732e-21	-8.91674850938e-23	0.999431071481	2.72659667907e-20	-4.14107294159e-23	2.99607402806e-22	0.99943133574	183867159.6	-9804.85749172	875.668432749	-9784.51327193	-3412.40910903	-3245.86389212	873.89799107	-3245.8840236	-2865.82797788	184076504.1477567	-9795.74272215619	874.8546271502605	-9795.653567512898	-3409.2368729508403	-3242.8473368699024	874.8929799528655	-3242.866592196132	-2863.164610369878	184079641.223	0.0014988761237359487	0.0	0.0	0.0	-0.0005690904202394112	0.0	0.0	0.0	-0.0005688260108442862	0.00137855623464
70	17.5	nan	nan	1	1	5.0	5.0	5.0	1.00175	3.33247158108e-22	-5.82485077723e-21	4.27548979113e-23	0.999308517086	-9.86021003654e-20	2.90340395006e-22	6.24779856419e-22	0.999309160481	186227226.391	-5427.89838082	-962.796357661	-5414.64150626	-274.031273332	1907.5586153	-960.451118056	1907.56272649	-263.595229475	186484919.59423077	-5422.161996338523	-961.7794615126382	-5422.134053623428	-273.74166792056934	1905.5438704443116	-961.7801488854599	1905.5467504245032	-263.3168227574768	186485188.397	0.001748470534116803	0.0	0.0	0.0	-0.0006917220985781289	0.0	0.0	0.0	-0.0006910782585810603	0.00162658051761
80	20.0	nan	nan	1	1	5.0	5.0	5.0	1.002	-2.43921345475e-22	1.99556288803e-20	2.51101014698e-22	0.999185557591	-2.66867077173e-20	-1.98730142166e-22	-3.06315320586e-22	0.999186954729	188336031.191	-3106.95801668	-2175.47324318	-3098.29327605	-120.367183502	3973.56063027	-2169.36871752	3973.57723898	-133.04641392	188642920.3044194	-3103.2796104845497	-2172.9006836849026	-3103.3418717466775	-120.22467774841542	3968.8617808767513	-2172.9036525942356	3968.8728203636256	-132.88908272022928	188643047.101	0.001998002662673058	0.0	0.0	0.0	-0.000814774247406286	0.0	0.0	0.0	-0.0008133759715677546	0.00187471868859
90	22.5	nan	nan	1	1	5.0	5.0	5.0	1.00225	-1.22926793844e-22	6.87221652909e-21	-2.30214704231e-22	0.999062511705	-3.6818222655e-20	1.482721248e-22	7.08273399499e-24	0.999064812352	190386270.336	-2179.82663739	-2832.84390465	-2172.95671217	-40.5840872327	4456.09768214	-2823.84190242	4456.12160811	-56.7261379956	190743303.50186166	-2176.9689124914194	-2829.1365973863867	-2177.031678357726	-40.5308820123482	4450.266043030888	-2829.1374797351846	4450.279689559153	-56.651901210762475	190743352.349	0.00224747254047937	0.0	0.0	0.0	-0.0009379280119927562	0.0	0.0	0.0	-0.0009356252087909897	0.00212283318359
100	25.0	nan	nan	1	1	5.0	5.0	5.0	1.0025	-5.11262242043e-22	-2.17205221147e-20	-7.08997182535e-22	0.9989394215	-2.5757928646e-19	-3.75333202946e-22	-1.58960849278e-21	0.9989427479	192405431.111	-1750.53817396	-3275.3377776	-1744.36762872	-18.987861415	4468.07676035	-3263.72096163	4468.10383234	-34.3193141364	192813561.36973986	-1748.0208408095282	-3270.6386219713136	-1748.0677800490769	-18.960556227539612	4461.666371717293	-3270.6439641296356	4461.678547782248	-34.270075917581885	192813588.247	0.002496880198587146	0.0	0.0	0.0	-0.0010611413113491193	0.0	0.0	0.0	-0.0010578113852396298	0.00237090514407
110	27.5	nan	nan	1	1	5.0	5.0	5.0	1.00275	2.72646484716e-22	-1.24217712587e-20	-6.07047172037e-22	0.99881629747	-1.47620720068e-20	3.86500141215e-22	3.49432110015e-22	0.998820763211	194399703.345	-1562.77705612	-3672.94203275	-1556.68697735	-10.7222419716	4375.70314947	-3658.55518668	4375.73466115	-23.3851314966	194859873.4033718	-1560.3312052656843	-3667.210028396483	-1560.3718633087121	-10.70546094414396	4368.874414009756	-3667.2154753781942	4368.886343075888	-23.348636590241316	194859890.7	0.0027462256680252286	0.0	0.0	0.0	-0.0011844036591799622	0.0	0.0	0.0	-0.0011799326358014936	0.0026189304825
120	30.0	nan	nan	1	1	5.0	5.0	5.0	1.003	-3.40953508737e-22	-3.35787765811e-20	5.46662987321e-22	0.998693146803	-1.73866954109e-19	-8.35452418679e-23	1.1482300878e-21	0.99869885502	196371210.589	-1498.62216195	-3978.5497437	-1492.2235171	-6.31968453271	4255.60574203	-3961.49276543	4255.64032586	-17.1288201399	196884349.83121285	-1496.0863679891902	-3971.8404066504536	-1496.1228587727442	-6.308991098247898	4248.429183959192	-3971.844575094906	4248.439426719651	-17.09993448181275	196884361.81	0.002995508979798371	0.0	0.0	0.0	-0.00130770787434492	0.0	0.0	0.0	-0.0013019922041166139	0.00286690791188
130	32.5	nan	nan	1	1	5.0	5.0	5.0	1.00325	1.20845917615e-23	2.29989297514e-20	-2.75968131863e-22	0.998569975335	1.3754338546e-19	-5.89159391291e-22	-1.49941995662e-21	0.998577019379	198321044.265	-1473.71813275	-4199.27334367	-1466.87461811	-2.93010347	4145.87322701	-4179.71860495	4145.91167436	-12.7031152416	198888068.25825292	-1471.0373221424206	-4191.664099491232	-1471.0685911028545	-2.9247733785197356	4138.3607458884535	-4191.668928945296	4138.369930964353	-12.680096710108101	198888076.339	0.0032447301648890294	0.0	0.0	0.0	-0.0014310481261040064	0.0	0.0	0.0	-0.0014239940194021412	0.00311483682098
140	35.0	nan	nan	1	1	5.0	5.0	5.0	1.0035	8.2260526979e-22	-1.82997166915e-20	4.65495889714e-22	0.998446786015	-1.47450320862e-19	8.21597143418e-22	-5.23093509742e-21	0.998455254507	200249898.531	-1457.9733939	-4382.88704363	-1450.65819823	0.0658565029926	4053.05454312	-4360.86030251	4053.09793578	-8.91775993876	200871708.99015838	-1455.1360998347611	-4374.394813282612	-1455.1627420372151	0.06572834272171925	4045.201392343338	-4374.401525586373	4045.2103908034355	-8.90048099206829	200871713.688	0.003493889254255838	0.0	0.0	0.0	-0.0015544214723274509	0.0	0.0	0.0	-0.0015459398424548158	0.00336271683991
150	37.5	nan	nan	1	1	5.0	5.0	5.0	1.00375	2.96117734597e-22	-7.7862407662e-20	-1.6327511316e-21	0.998323580949	-7.22558808677e-20	-1.31728512549e-22	1.224123909e-21	0.998333559173	202158272.512	-1443.32782924	-4563.19755099	-1435.54947914	3.54326118614	3972.97731356	-4538.58282096	3973.02528643	-4.91954262063	202835757.37439814	-1440.3358052397566	-4553.783539881384	-1440.3603781908075	3.5359159924194263	3964.7809442057915	-4553.792790454363	3964.7891901185803	-4.909393459134707	202835758.346	0.003742986278834297	0.0	0.0	0.0	-0.001677825813853169	0.0	0.0	0.0	-0.0016678308840276312	0.00361054769661
160	40.0	nan	nan	1	1	5.0	5.0	5.0	1.004	1.94348669859e-21	1.30591139207e-22	-2.70012431453e-21	0.998200361686	-3.00517198082e-19	-2.35746474578e-22	-3.53185442045e-21	0.998211932528	204046573.06	-1429.12713276	-4742.97773338	-1420.8952562	7.50938461834	3899.64232772	-4715.64532831	3899.69349887	-0.652172068364	204780606.66906768	-1425.9831532553028	-4732.59837310602	-1426.0067601933015	7.492864498616742	3891.108492029774	-4732.609309167472	3891.114446556179	-0.6507448786872412	204780603.538	0.003992021269537457	0.0	0.0	0.0	-0.001801259608484816	0.0	0.0	0.0	-0.0017896679727957068	0.00385832917761
170	42.5	nan	nan	1	1	5.0	5.0	5.0	1.00425	-1.13770938438e-21	3.58727552149e-20	-1.7263259384e-21	0.99807712928	-4.16348953619e-20	-2.21270813858e-22	-3.73580614023e-21	0.998090374078	205915143.171	-1412.20115973	-4915.33001975	-1403.5443365	10.5749900098	3826.78143867	-4885.19358865	3826.83605889	2.57523473977	206706586.4503534	-1408.915205733646	-4903.957951740535	-1408.9389165939713	10.550383791029613	3817.9278279046885	-4903.970030122625	3817.931656599672	2.5692766973835615	206706580.185	0.004240994257254614	0.0	0.0	0.0	-0.0019247218092199104	0.0	0.0	0.0	-0.0019114515821693884	0.00410606111657
180	45.0	nan	nan	1	1	5.0	5.0	5.0	1.0045	-6.63799516877e-22	5.76085801709e-20	-4.9155207901e-22	0.997953884183	-1.79672314443e-19	1.63161375826e-22	-6.66862670083e-22	0.997968883856	207764288.062	-1391.0338023	-5075.93791325	-1381.9923152	12.0747086078	3756.53910766	-5042.9475024	3756.59709861	4.08322152812	208613988.70562267	-1387.6206110589155	-5063.559148374207	-1387.644295964647	12.045080794593273	3747.3779801688497	-5063.571815550805	3747.3795049813925	4.073263715377564	208613980.946	0.004489905272852001	0.0	0.0	0.0	-0.0020482119717739706	0.0	0.0	0.0	-0.0020331816577348473	0.00435374337321
190	47.5	nan	nan	1	1	5.0	5.0	5.0	1.00475	-7.27408413512e-22	-4.62780669354e-20	1.77843831699e-22	0.997830626533	-4.68936547472e-19	5.39942144844e-22	-4.97290644509e-22	0.997847462169	209594287.996	-1358.83481105	-5222.43633017	-1349.49959896	12.2717213832	3689.47228808	-5186.57100549	3689.53439394	4.26518445844	210503080.66108206	-1355.3282548094298	-5209.047400989147	-1355.3509766325128	12.240053456496273	3680.013468468462	-5209.059775254596	3680.01332504431	4.254249666889279	210503072.717	0.00473875434717347	0.0	0.0	0.0	-0.002171729966321642	0.0	0.0	0.0	-0.0021548578704704345	0.00460137582135
200	50.0	nan	nan	1	1	5.0	5.0	5.0	1.005	-3.90380781511e-21	-2.05223509974e-21	-1.63326811949e-21	0.997707356457	-4.55800505754e-19	-5.54211010411e-23	-4.67527652094e-21	0.997726109308	211405404.214	-1310.0562133	-5355.74598821	-1300.57126283	11.7581440359	3627.00548572	-5316.99391599	3627.07253323	3.72540776071	212374110.70804194	-1306.5093802152	-5341.346288861179	-1306.5307690826994	11.726310154377213	3617.253755775028	-5341.357562484047	3617.2526333423257	3.715391461986334	212374103.293	0.004987541511038968	0.0	0.0	0.0	-0.0022952756740021326	0.0	0.0	0.0	-0.002276479907245894	0.00484895834397
210	100.0	nan	nan	1	1	5.0	5.0	5.0	1.01	-2.5078565209e-21	-1.47946629229e-19	5.28982001728e-21	0.995237723106	-3.19275172833e-19	-1.80077219353e-21	1.3688675915e-20	0.995315281803	243726384.681	1817.1598916	-7177.86072458	1791.44429168	-7072.54255773	3415.02017741	-7074.48352361	3415.02519436	-7059.50116355	246045284.01940674	1807.6364770023258	-7140.799259934139	1808.488728572651	-7035.476609186715	3397.3873959412026	-7141.792671053926	3397.1276494396343	-7023.050825095482	246052313.684	0.009950330853168092	0.0	0.0	0.0	-0.004773652665358933	0.0	0.0	0.0	-0.0046957258813471285	0.00979011679772
220	150.0	nan	nan	1	1	5.0	5.0	5.0	1.015	6.33454913093e-21	2.08722483966e-19	-9.67139572197e-21	0.992761971856	-1.79389005083e-19	-5.07144433556e-21	7.45339362747e-20	0.992935842819	270191642.575	7996.17344442	-6254.70985134	7821.61260258	8126.12465184	5077.9922808	-6118.69565788	5079.27715489	7148.54341072	274097825.6976577	7934.050775275823	-6207.203630176671	7934.690308644444	8062.9923853028295	5039.4235493814385	-6207.154151576213	5039.815998078177	7094.248280756046	274090247.773	0.014888612493750559	0.0	0.0	0.0	-0.0072643497576668084	0.0	0.0	0.0	-0.007089226471374556	0.014710614537
230	200.0	nan	nan	1	1	5.0	5.0	5.0	1.02	1.08972773898e-20	-2.82192665972e-19	1.13389918369e-20	0.990285573519	1.71916255429e-18	1.55997991721e-20	5.07855808883e-20	0.990583942458	291914925.688	17461.8757674	-953.1579937	16955.3784789	-22045.1133482	8282.43053358	-925.219381537	8284.20501982	-19148.6235999	297580565.7770498	17282.216390456426	-943.6354989539551	17284.457479600842	-21818.29857861022	8199.685173669308	-943.1765312334306	8198.97161579405	-18957.319882332537	297600955.446	0.01980262729617973	0.0	0.0	0.0	-0.009761919349539953	0.0	0.0	0.0	-0.009460668874584539	0.0196100522578
240	250.0	nan	nan	1	1	5.0	5.0	5.0	1.025	-2.40080900987e-20	-1.09280815958e-18	2.05074617464e-20	0.987817737425	3.96780010996e-18	1.65932430878e-21	-1.87108254559e-21	0.988252238433	309919237.987	30761.384463	10259.2333067	29648.3002569	-7192.05823043	12249.7315323	9891.77256123	12252.3201044	-7872.46467831	317470889.40564746	30367.86118567986	10132.444199866875	30370.72597706422	-7100.051892778963	12098.342780967912	10132.800574786499	12095.579006870452	-7775.172538117965	317478332.552	0.024692612590371414	0.0	0.0	0.0	-0.012257074542599116	0.0	0.0	0.0	-0.011817311760601279	0.0244878534364
250	300.0	nan	nan	1	1	5.0	5.0	5.0	1.03	-2.20526351307e-20	-7.63921148027e-19	2.33529630536e-20	0.985365087848	2.12739603892e-18	2.96047941233e-21	2.98314416111e-20	0.985934898596	324937749.688	47060.9681985	26337.5475515	45026.3676156	1739.69792593	15906.462405	25209.1922188	15908.7647628	1422.54680086	334468142.47920775	46342.06624794138	25950.213612564934	46346.98662570276	1713.1223521539016	15672.533534978833	25948.57538996097	15665.742945426517	1401.6260733465838	334466598.859	0.02955880224154443	0.0	0.0	0.0	-0.014743058921466014	0.0	0.0	0.0	-0.014164952324004238	0.0293437702003
260	350.0	nan	nan	1	1	5.0	5.0	5.0	1.035	2.64201487649e-20	-1.17847429254e-18	4.53294975679e-22	0.982930780418	-3.15861233009e-18	1.68413972716e-20	-9.30379665775e-20	0.98362931328	337538761.141	66328.0937886	44510.1841287	62988.8997499	-26199.0107099	18697.9005393	42303.4516491	18707.5322701	-26083.3284989	349115598.99624336	65151.69272243082	43751.81821217537	65149.28060992266	-25734.34268808205	18379.325122074766	43754.367090050444	18375.73378697033	-25638.919927911254	349141313.539	0.03440142671733232	0.0	0.0	0.0	-0.017216577979650573	0.0	0.0	0.0	-0.016506167050824406	0.0341776606567
270	400.0	nan	nan	1	1	5.0	5.0	5.0	1.04	6.6591348033e-20	-3.46754112782e-20	8.98649017478e-21	0.980516014053	-5.57302680668e-18	-1.95942543502e-20	-1.22488905107e-19	0.981335087096	348227785.652	87428.4645412	63314.7641183	82427.6961541	-20090.5576606	20898.6205977	59744.4922397	20913.5211052	-21069.6878226	361902349.88578445	85664.7565087944	62089.32848667378	85664.55108683227	-19685.267711754906	20494.1349348551	62090.59996116442	20491.629386608245	-20661.89121205254	361922571.599	0.03922071315328133	0.0	0.0	0.0	-0.019676300941629376	0.0	0.0	0.0	-0.01884130068079414	0.0389893231687
280	450.0	nan	nan	1	1	5.0	5.0	5.0	1.045	-1.85288457212e-22	-3.1233016441e-19	3.61180142665e-20	0.978120530545	-1.89384655605e-18	4.39398341388e-21	2.80248791533e-20	0.979052523135	357325616.938	109407.714099	81288.3641982	102401.15565	-25863.7415096	22931.4853962	76163.0362641	22958.7103228	-24035.023762	373134827.11430204	106936.42542586375	79527.93740081668	106931.70514107656	-25279.534335874003	22434.86817682965	79532.72875433472	22440.12165437017	-23514.507691542447	373159297.552	0.04401688541677426	0.0	0.0	0.0	-0.022122374674921615	0.0	0.0	0.0	-0.021169988110336723	0.0437788311247
290	500.0	nan	nan	1	1	5.0	5.0	5.0	1.05	-7.23617599861e-20	-8.06381983231e-19	6.76302868823e-21	0.975743989436	-4.84304322482e-19	5.93750243691e-21	-3.21793110618e-19	0.976782158931	365114481.175	131259.106732	98093.5136307	121982.638743	-19694.2698114	25564.1525123	91256.3964344	25591.4964213	-17444.1565393	383085271.5446059	127980.0945739078	95744.78033730964	127986.57598078687	-19202.282994148678	24952.049082617606	95748.00017723325	24952.1897095718	-17026.476819994434	383103488.394	0.04879016416943205	0.0	0.0	0.0	-0.02455503288299343	0.0	0.0	0.0	-0.02349162116509946	0.048546209982
300	550.0	nan	nan	1	1	5.0	5.0	5.0	1.055	-7.94755132541e-21	-4.12266817296e-19	-4.34435257713e-20	0.973385947625	2.22747165815e-18	1.78505576189e-21	-2.88795221622e-19	0.974524454186	371808402.364	151662.814763	113550.719452	139933.95515	-2292.52647195	28954.8560131	104886.55618	28982.4621674	-3012.22520617	391959672.61492795	147514.22799774396	110573.83143982204	147518.0950714756	-2229.816670635861	28195.76470856474	110571.19731730035	28189.675490190435	-2933.2555866950806	391962387.259	0.05354076692802976	0.0	0.0	0.0	-0.026974618069770504	0.0	0.0	0.0	-0.02580566626420075	0.0532915464007
310	600.0	nan	nan	1	1	5.0	5.0	5.0	1.06	-2.26316615595e-20	-1.78335507855e-18	1.17327298085e-20	0.97104601222	-8.55212109151e-19	1.75031417616e-21	-8.25824036348e-20	0.972279598693	377553966.585	169892.862734	127130.122561	155636.31768	1479.26251067	33060.506606	116604.153148	33101.5815426	788.962387209	399896916.28563905	164845.87953256117	123510.19043221569	164846.58886048844	1435.3182688594488	32119.13419444175	123504.57258270044	32118.2375498148	766.4972921054391	399895978.396	0.058268908123975824	0.0	0.0	0.0	-0.029381425387149055	0.0	0.0	0.0	-0.028111862909545576	0.0580149987462
320	650.0	nan	nan	1	1	5.0	5.0	5.0	1.065	-1.57892235324e-20	3.18637912889e-18	-1.92302948806e-20	0.968723959496	6.01231926895e-18	-3.24651846815e-20	-9.24953360957e-19	0.970047857041	382515896.9	185092.797254	139387.095705	168355.884823	21757.8880597	37382.2851867	126967.348442	37453.7207121	22992.1626147	407057992.769017	179162.35008215555	135105.4661004934	179157.54378390696	21060.756633608446	36233.993100334774	135113.5323338372	36253.68853706449	22285.89978868433	407036509.842	0.06297479916138839	0.0	0.0	0.0	-0.03177557919612604	0.0	0.0	0.0	-0.030409871546076283	0.0627166397899
330	700.0	nan	nan	1	1	5.0	5.0	5.0	1.07	1.31687153518e-19	3.23247625007e-18	-2.57948002219e-20	0.966419349557	3.79105477411e-18	3.7481207916e-20	-7.43638679408e-19	0.967829104136	386736906.278	196917.025855	150967.883236	177856.317051	-5245.87198941	41428.3117742	136547.065364	41480.2531245	-5144.72223152	413476969.08000344	190151.9625896093	145994.0549870907	190153.7963204289	-5065.650620859412	40063.40353682994	145988.30834854714	40055.20348527634	-4975.222837215556	413482203.829	0.06765864847381486	0.0	0.0	0.0	-0.034157429695531635	0.0	0.0	0.0	-0.03269975260556804	0.0673967478007
340	750.0	nan	nan	1	1	5.0	5.0	5.0	1.075	4.21928286851e-20	2.08436279474e-19	8.88061105637e-21	0.964132210082	-1.23301527341e-18	2.45672641928e-20	-5.66036384448e-19	0.965623590463	390385901.073	205488.222517	161763.431184	184294.962186	2711.76540411	45454.9218395	145301.269147	45519.6904144	2083.42580243	419323947.18125725	197956.88173678613	156075.70085322918	197956.15255839698	2612.3765966923042	43856.690794714195	156071.98298325078	43851.35002719207	2010.1709014820055	419321870.104	0.07232066157962608	0.0	0.0	0.0	-0.03652684638746761	0.0	0.0	0.0	-0.034981178611784534	0.0720553089847
350	800.0	nan	nan	1	1	5.0	5.0	5.0	1.08	-2.97467383164e-19	-3.9646965283e-18	2.59403840097e-20	0.961862203551	-7.42432319202e-18	-4.78838312995e-20	3.96957358519e-19	0.963431168179	393496844.794	210887.911563	171656.968407	187821.614789	188.481246279	49726.0129985	153127.653652	49794.9481554	-420.503927965	424627095.18871146	202678.29319829118	165243.6667405254	202680.52401603977	181.1438930405565	47868.19199076623	165241.86057286346	47856.489389240836	-404.79341782956016	424627456.674	0.0769610411361284	0.0	0.0	0.0	-0.038884078128169706	0.0	0.0	0.0	-0.03725423303717902	0.0766925708511
360	850.0	nan	nan	1	1	5.0	5.0	5.0	1.085	-1.10484860057e-19	-6.08804930839e-22	5.250280784e-20	0.959609230256	3.54994155172e-18	8.67745549793e-20	2.01564062944e-19	0.9612517543	396138120.145	213386.757302	181000.990369	188727.872244	330.90890676	54234.5207218	160351.431874	54333.6128392	-229.853692948	429452439.63686514	204597.62129784102	173842.83520874492	204599.45923152633	317.27917910832105	52089.675472184135	173836.6244388386	52095.67868209018	-220.76353054101452	429452652.623	0.08157998699242285	0.0	0.0	0.0	-0.04122912920500081	0.0	0.0	0.0	-0.03951893314444307	0.0813086741991
370	900.0	nan	nan	1	1	5.0	5.0	5.0	1.09	7.63653141509e-20	9.53348817025e-19	-8.11166395894e-20	0.957373157491	-2.22414970081e-18	-4.39464515837e-20	9.69164510337e-19	0.959085207629	398368753.511	213321.18309	188949.132468	187351.246594	-6349.88097325	58610.7028457	166263.454061	58740.5967977	-4851.41723056	433857218.1508885	204056.43405327472	181066.10426240525	204041.330922631	-6074.099389920708	56165.44248568944	181074.94381351295	56189.4348375277	-4649.01429615071	433862847.922	0.08617769624105241	0.0	0.0	0.0	-0.04356203929686163	0.0	0.0	0.0	-0.04177535754619255	0.0859037900892
380	950.0	nan	nan	1	1	5.0	5.0	5.0	1.095	1.81503278729e-19	-3.92149784799e-19	-4.91014411611e-21	0.95515394772	5.5945467375e-18	4.53956720169e-21	4.64385813332e-19	0.956931336961	400233064.439	211648.132765	196172.639704	184621.347441	-2963.0936941	62295.1725403	171446.907066	62421.3079238	-1656.33705667	437883733.51012874	201985.19844617773	187564.62876768576	201989.0211131146	-2827.8117080387483	59561.674498393644	187575.23661882823	59571.42216916223	-1583.6573622969665	437886211.678	0.09075436326846412	0.0	0.0	0.0	-0.0458827496919739	0.0	0.0	0.0	-0.04402363831533013	0.0904780717991
390	1000.0	nan	nan	1	1	5.0	5.0	5.0	1.1	2.91432273415e-20	5.2833680085e-19	3.7415033467e-20	0.952951527596	2.7863254679e-17	-6.2733377656e-21	-9.07827413554e-19	0.954789969211	401771173.597	208626.330523	203068.504753	180719.936871	10334.8962052	65072.2559232	176272.652477	65221.6467558	11422.0908845	441570564.57976705	198640.85986594748	193722.05851785993	198622.02616604845	9840.237632899936	62077.23538998026	193734.1944604439	62099.946641284056	10896.376872498415	441560470.891	0.09531017980432493	0.0	0.0	0.0	-0.04819123958477297	0.0	0.0	0.0	-0.046263890216760625	0.0950316781624
400	1050.0	nan	nan	1	1	5.0	5.0	5.0	1.105	1.88438360984e-19	-6.39536344957e-19	-2.97387973825e-20	0.95076575516	-7.61498501449e-18	-6.78949846784e-21	5.27178747992e-19	0.952660907323	403013042.145	204452.028081	209810.823516	175892.905927	22153.1300048	67021.1974196	180887.624279	67149.1557229	25167.8979938	444945916.9143545	194218.59171458302	199706.44441102762	194194.2868396332	21044.299496494805	63793.49173955822	199708.6978002095	63788.139358334134	23955.825240149923	444923692.194	0.09984533496971612	0.0	0.0	0.0	-0.05048756101472549	0.0	0.0	0.0	-0.04849625467590894	0.0995647998202
410	1100.0	nan	nan	1	1	5.0	5.0	5.0	1.11	3.45960019394e-20	-1.73329410788e-18	7.78740915882e-20	0.948596435722	-4.79484175617e-18	-1.34995875969e-21	3.14189666427e-19	0.950544013379	403976618.012	199692.975054	216011.010156	170648.77111	26155.5230471	68347.4048506	184989.781401	68510.4205979	27306.4778896	448025269.3651737	189263.80956333346	205149.95241989894	189255.9079771358	24789.524677455873	64910.88969491907	205160.62798348814	64932.395311544984	25933.505129024834	448000182.816	0.10436001532424286	0.0	0.0	0.0	-0.052771822954527516	0.0	0.0	0.0	-0.050720812624404775	0.104077625348
420	1150.0	nan	nan	1	1	5.0	5.0	5.0	1.115	3.442659535e-19	-2.77309322508e-18	1.07732002979e-20	0.946443325831	-7.85204836061e-18	-1.85950201702e-20	-1.14475510205e-18	0.948439209555	404686135.629	194313.568782	221354.432311	164928.903238	7428.39388345	69164.3964946	188298.223153	69337.0779301	8619.24227301	450831458.50080884	183746.36691694404	209758.10079774668	183735.32337636623	7024.421385844188	65541.00724374187	209769.38694782023	65566.3741968857	8167.696804742888	450824135.472	0.10885440491208208	0.0	0.0	0.0	-0.055044187747260505	0.0	0.0	0.0	-0.052937582799632614	0.108570339461
430	1200.0	nan	nan	1	1	5.0	5.0	5.0	1.12	2.29148882012e-19	2.53310496832e-18	-1.19511054902e-19	0.944306376689	-1.20765193059e-17	-1.6014216659e-20	6.55358655714e-19	0.94634640855	405186205.551	188217.432155	226201.664876	158695.474923	-3734.7804885	69502.2480281	191144.014412	69669.8132036	-1593.3653836	453410518.38502187	177579.03151691667	213877.378355595	177583.03852508112	-3523.6837230354754	65715.51365998598	213893.52715718365	65731.94529862322	-1506.5530627006551	453413303.465	0.11332868530700327	0.0	0.0	0.0	-0.05730461391477666	0.0	0.0	0.0	-0.05514659455909418	0.113043059423
440	1250.0	nan	nan	1	1	5.0	5.0	5.0	1.125	-2.53104032551e-19	4.47392214828e-19	1.22237442201e-19	0.942185520984	-1.57623831759e-17	1.09452538653e-19	2.37374366023e-19	0.944265491337	405505814.092	181021.137272	231055.642927	151576.971922	11175.802352	69378.3436627	193952.751309	69560.6376315	12399.9233928	455791835.0331501	170405.1234015547	217985.51255424856	170373.74996902572	10520.395615692089	65453.81714938937	218004.47085279252	65481.24278810427	11698.496613938634	455780991.638	0.11778303565638346	0.0	0.0	0.0	-0.059553080076897254	0.0	0.0	0.0	-0.05734791155432995	0.117495918967
450	1300.0	nan	nan	1	1	5.0	5.0	5.0	1.13	-1.95121980334e-19	-2.84544836762e-18	-4.7380905487e-20	0.94008058486	-3.7722612306e-18	-6.2667203207e-20	-1.12420297255e-18	0.94219618148	405642908.978	172757.781685	235109.928221	143719.489137	22108.4251058	69266.3512373	196045.814372	69440.2225311	22264.5838929	457970459.14929545	162262.3776732406	221323.45538483938	162259.16679920015	20765.291087257312	65204.68239575551	221335.53831483782	65221.58078297173	20959.024049594038	457949857.614	0.12221763272424911	0.0	0.0	0.0	-0.06178967881810384	0.0	0.0	0.0	-0.0595417654945216	0.121929143956
460	1350.0	nan	nan	1	1	5.0	5.0	5.0	1.135	2.55512782495e-19	-5.41735803284e-18	-1.66494913695e-20	0.937991481264	3.2728506049e-17	3.61047793767e-20	5.32864787523e-19	0.940138295614	405616843.059	163856.739482	238098.419575	135407.024926	23258.7110701	69494.9982165	197234.935531	69691.1501966	23673.0315155	459965589.4150565	153559.50504653592	223646.32027915277	153550.2607863041	21797.065968942276	65276.7903989835	223662.51532005784	65311.55547306189	22236.125706942294	459943826.754	0.126632650933366	0.0	0.0	0.0	-0.06401441182525483	0.0	0.0	0.0	-0.06172829154599672	0.126342896328
470	1400.0	nan	nan	1	1	5.0	5.0	5.0	1.14	8.59606092565e-20	-8.15009807892e-18	1.38172249521e-20	0.935918135903	5.29040896987e-18	-3.8142952406e-20	-8.09866067971e-19	0.938091682375	405446165.361	155467.060844	239223.750868	127616.552687	28003.2369794	69863.2740839	196862.847946	70018.5130432	29629.1940263	461795874.76344377	145374.50585871752	224213.4086821396	145352.95340607272	26185.332868740297	65479.63054341171	224223.23564141075	65473.07628611547	27770.07953866112	461769142.934	0.131028262406404	0.0	0.0	0.0	-0.06622726797163124	0.0	0.0	0.0	-0.06390759234833855	0.130737321568
480	1450.0	nan	nan	1	1	5.0	5.0	5.0	1.145	2.9705710158e-19	-8.78637864099e-19	2.31345873719e-20	0.933860367191	-2.45771374206e-17	1.28629893974e-19	6.16146985956e-19	0.936056198345	405137979.362	147608.457621	238585.576455	120384.888673	29050.8770439	70464.7576083	195055.183072	70649.1485366	29326.858955	463467291.4617313	137722.162130565	223129.37759658895	137717.17569915546	27105.151444288895	65899.86595690109	223138.04676202926	65917.3169746591	27426.988180596545	463440261.99	0.13540463700620298	0.0	0.0	0.0	-0.0684283517250053	0.0	0.0	0.0	-0.06607976334005068	0.135112600568
490	1500.0	nan	nan	1	1	5.0	5.0	5.0	1.15	1.34466480377e-20	6.88314854807e-18	-1.32428307347e-19	0.931817924013	-1.85277339904e-17	-2.08581863261e-20	-1.66061471054e-19	0.934031804428	404704350.757	139909.268233	236198.224283	113364.525131	16828.8525818	71058.5807748	191847.404775	71251.4792914	17249.1523808	464991644.10684574	130252.77369499371	220418.34027139997	130252.01440373634	15667.330367514458	66311.31323687058	220426.19506584536	66333.72416844108	16096.774437681699	464975987.713	0.13976194237515863	0.0	0.0	0.0	-0.07061784388296699	0.0	0.0	0.0	-0.0682447894829384	0.139468902429
500	1550.0	nan	nan	1	1	5.0	5.0	5.0	1.155	-3.69306365003e-19	9.44325269158e-18	1.20331618069e-19	0.929790511562	-1.31553745829e-17	-5.93981854262e-20	-4.38638989586e-19	0.932018428351	404142046.167	132101.084368	232514.594302	106342.852314	-27304.0936921	71273.6699412	187644.405585	71451.3002646	-26865.7085533	466363364.19316113	122715.63494877002	216512.5741279248	122715.29486580586	-25364.20658586517	66368.50384741882	216533.95653983852	66374.86529224584	-25016.768225269014	466388768.065	0.14410034397375687	0.0	0.0	0.0	-0.0727959745938112	0.0	0.0	0.0	-0.07040269158322872	0.143806423187
510	1600.0	nan	nan	1	1	5.0	5.0	5.0	1.16	1.47436672381e-19	-4.1842633501e-18	-6.8847896744e-20	0.927778182864	-9.10507478739e-19	1.13317126475e-19	-3.48459593769e-18	0.930016288418	403536924.92	125373.649497	228263.975435	100278.492887	5584.2238118	71380.4418531	183018.273028	71586.5153023	5903.77120338	467679754.06950474	116213.80579134828	212097.34482078112	116217.91711167492	5176.23842141946	66324.97379547209	212109.31549059422	66356.37887226012	5485.640886960072	467674624.857	0.14842000511827322	0.0	0.0	0.0	-0.07496260185367054	0.0	0.0	0.0	-0.07255317856025426	0.148125129028
520	1650.0	nan	nan	1	1	5.0	5.0	5.0	1.165	5.43901031256e-19	4.13113850244e-18	1.594804221e-19	0.925780427568	5.43413457915e-17	-1.97464555829e-20	-5.0392173789e-19	0.928025026441	402814214.561	119329.391551	223252.107631	94849.0330493	-7212.70640238	71146.3703085	177850.091266	71327.1323236	-6316.0404941	468853437.55287176	110372.73711071468	206995.85420734095	110399.02164871569	-6671.333334222336	65965.79916773345	207007.65674327666	65973.4431097741	-5856.133727728558	468859891.28	0.15272108701766393	0.0	0.0	0.0	-0.07711819171019244	0.0	0.0	0.0	-0.07469657841194059	0.152425393631
530	1700.0	nan	nan	1	1	5.0	5.0	5.0	1.17	-9.12889758903e-19	4.91358518746e-18	2.01435022769e-20	0.923797215081	5.73987641542e-17	-7.80329102658e-20	-2.13690530724e-19	0.926044747515	402028502.446	114059.43534	217532.708876	90065.0972416	-655.940109643	70715.7872473	172179.338187	70905.6081837	497.512381551	469946287.0918615	105272.12333248057	201262.1267595044	105280.49078048272	-605.4054880704991	65426.52739628747	201266.92561003935	65442.93251521375	460.30043259939146	469946537.981	0.1570037488096647	0.0	0.0	0.0	-0.07926269562429576	0.0	0.0	0.0	-0.07683272205317378	0.156707251936
540	1750.0	nan	nan	1	1	5.0	5.0	5.0	1.175	4.04775869669e-19	9.9668249321e-18	-7.27124845659e-20	0.921828383168	5.1258092924e-17	4.94984878552e-20	1.05432440876e-18	0.924075343538	401185867.417	108588.066951	210633.056533	85182.9225699	24647.6653755	70253.3882058	165647.042577	70437.3095038	25443.0415736	470964494.4632993	100008.48607720729	194463.71911082292	99998.86666830113	22700.244776009033	64860.356562769135	194458.185102339	64872.0332226326	23489.89551465951	470941565.094	0.16126814759612232	0.0	0.0	0.0	-0.08139620814350963	0.0	0.0	0.0	-0.07896167003916736	0.160970861272
550	1800.0	nan	nan	1	1	5.0	5.0	5.0	1.18	-1.08658445265e-19	3.21589293315e-18	-2.24199033226e-20	0.919873571485	-6.60696816166e-17	8.17916189692e-21	3.76714594569e-19	0.922116538464	400236644.763	102087.852142	203134.792176	79593.6600709	-6467.5847672	69899.8893842	158732.293088	70080.1608215	-6418.40158276	471848845.02714705	93822.33733494184	187143.24913673097	93834.92757934846	-5943.9385493832415	64397.10437355008	187133.41255005277	64406.13991894039	-5913.120611171984	471854926.057	0.16551443847757333	0.0	0.0	0.0	-0.0835190406812731	0.0	0.0	0.0	-0.08108366594665224	0.165216511078
560	1850.0	nan	nan	1	1	5.0	5.0	5.0	1.185	3.95696735266e-19	9.21492437274e-19	5.40512899467e-20	0.917932784445	-1.82239138602e-17	-1.6016863637e-19	-1.83667183211e-20	0.920168569692	399262491.494	94363.6618557	195546.796335	73108.1059113	1426.59868516	69916.3894945	151836.041512	70081.9643715	1182.53200345	472694159.6402334	86540.42832973889	179771.76142741085	86554.02253620022	1308.3263073997707	64276.13608426849	179761.46413616464	64271.80861392949	1087.1354846453291	472693101.337	0.16974277458709455	0.0	0.0	0.0	-0.08563111060115307	0.0	0.0	0.0	-0.08319839779715035	0.169444173707
570	1900.0	nan	nan	1	1	5.0	5.0	5.0	1.19	3.64330046438e-19	-4.31730046238e-18	-1.1366123361e-19	0.916005690902	2.99999482281e-17	8.72179237876e-20	2.2958331727e-18	0.918231274053	398231241.752	86858.2923054	188357.447271	66883.3380442	190.067058263	70606.9169157	145315.20768	70758.7481181	-67.7163975481	473461942.77789986	79489.95385335074	172797.58270871738	79518.41003373242	173.9433425336742	64774.208518521664	172767.00903891667	64756.161712828856	-62.12246967447469	473462014.763	0.17395330712343798	0.0	0.0	0.0	-0.0877327015521973	0.0	0.0	0.0	-0.08530598757170767	0.173654086533
580	1950.0	nan	nan	1	1	5.0	5.0	5.0	1.195	2.5119820842e-19	5.69253786158e-18	2.01170324973e-20	0.914092124742	5.30491440909e-17	-6.10128419819e-20	2.5337203907e-19	0.916304684952	397168149.258	80681.464077	182143.607522	61718.4991463	10738.4396817	72121.1014565	139668.977071	72323.1715137	11093.0422834	474181426.3989743	73682.77236740188	166746.24445727875	73686.08488639253	9806.936645232941	66024.40227028674	166751.6262191269	66049.51762460217	10155.3008943195	474171564.21	0.17814618538347404	0.0	0.0	0.0	-0.08982391967289886	0.0	0.0	0.0	-0.08740634412215205	0.177846355538
590	2000.0	nan	nan	1	1	5.0	5.0	5.0	1.2	1.34016494123e-19	2.72911368627e-18	-4.1134037501e-20	0.912191846158	4.00852518937e-17	-2.7581510345e-20	1.03770469589e-18	0.914388708624	396061464.5	75985.8260692	176097.974636	57767.3864567	17669.3847737	74440.1455923	134191.509934	74645.1780818	17885.7440321	474838089.1459963	69250.11335673806	160874.3959011979	69257.31952914529	16103.09398239894	68004.8335462815	160882.20104199642	68028.30621320075	16339.53072064078	474821979.362	0.1823215567939546	0.0	0.0	0.0	-0.09190495340048305	0.0	0.0	0.0	-0.0894995149767279	0.182021158774
600	2050.0	nan	nan	1	1	5.0	5.0	5.0	1.205	-7.61006163549e-19	-7.61951134681e-18	-3.70576914424e-22	0.910304668846	-2.24450496133e-17	7.12037071286e-20	-1.26972224027e-19	0.912483282929	394914536.098	72653.2283787	169705.004682	54890.6161306	17582.1355067	77595.8284726	128514.930433	77804.2781417	17790.8757094	475435309.555426	66075.87964838892	154710.8716472685	66082.49301125696	15990.412203664306	70739.91884731493	154718.37612415713	70760.60119205859	16218.978889438911	475419309.952	0.18647956694261839	0.0	0.0	0.0	-0.09397593457489564	0.0	0.0	0.0	-0.09158551377111357	0.186178642739
610	2100.0	nan	nan	1	1	5.0	5.0	5.0	1.21	1.27981384374e-19	-1.93994367723e-18	-7.92505201275e-20	0.908430419576	9.72944394864e-18	-8.00181437359e-20	-5.46359412036e-19	0.910588378975	393737210.302	70510.7688224	162998.285672	52942.0984525	17588.0528878	81521.1133554	122670.172968	81737.0985302	17777.0027058	475984365.58049417	63995.28481654427	148287.9966354792	64001.09129915597	15962.844721750329	74163.98603904256	148294.55517053624	74184.25565168943	16172.661611492094	475968397.376	0.1906203596086497	0.0	0.0	0.0	-0.09603698232770279	0.0	0.0	0.0	-0.09366431810556454	0.190318936528
620	2150.0	nan	nan	1	1	5.0	5.0	5.0	1.215	7.45468402923e-19	7.72486106962e-18	8.73767424652e-20	0.906568875527	4.46246073371e-17	-1.04608568986e-19	5.2701331187e-20	0.908703984673	392533191.675	69510.5242657	156973.373283	51868.6311697	17577.8077983	86119.1084327	117404.900288	86342.1407333	17735.2214835	476489295.37924254	62958.134885036874	142511.1709547338	62962.43997322642	15920.840851645089	78184.82031468781	142515.79076303178	78203.12391504004	16101.247796965437	476473380.002	0.19474407679251185	0.0	0.0	0.0	-0.09808827205191513	0.0	0.0	0.0	-0.09573588726458862	0.194442180931
630	2200.0	nan	nan	1	1	5.0	5.0	5.0	1.22	-5.13672542951e-19	1.72174269606e-17	-1.44101480152e-19	0.904719808748	-3.56623105409e-17	1.7941216614e-19	1.2504059186e-18	0.906830096706	391306065.526	69005.9353929	152247.224683	51174.548612	17545.0605817	91484.9902423	113169.147466	91715.3658774	17696.4760283	476954065.6167179	62373.58280320249	137935.30981697878	62375.49367854612	15858.75595699072	82884.99510549022	137939.30056701397	82900.3466920415	16032.928736236314	476938213.461	0.19885085874516517	0.0	0.0	0.0	-0.100129986812668	0.0	0.0	0.0	-0.09780017088410083	0.198548514885
640	2250.0	nan	nan	1	1	5.0	5.0	5.0	1.225	-1.16175862672e-19	1.02116439236e-17	-5.39983503875e-21	0.902883004885	-7.15774604165e-18	5.95834738834e-20	-1.2546642444e-18	0.904966701283	390059050.624	68589.4773093	148614.431202	50554.7867546	17510.4748589	97949.3994893	109792.030071	98191.9957639	17621.2152867	477382266.06085604	61871.23787983289	134367.2462164609	61872.57704320874	15795.349343432574	88559.30727241609	134371.36768616928	88574.23275596328	15931.92635406338	477366495.833	0.20294084399669038	0.0	0.0	0.0	-0.10216229665568928	0.0	0.0	0.0	-0.09985713012156312	0.202638075483
650	2300.0	nan	nan	1	1	5.0	5.0	5.0	1.23	7.84299569598e-20	-2.65438949846e-19	-1.70544789974e-19	0.901058241746	-6.2972135068e-18	-6.95890505729e-20	-9.41602852326e-19	0.903113795846	388795146.651	69293.5705017	146120.224925	50762.8022143	17438.3567356	105503.308374	107291.539818	105760.83903	17488.2865478	477777281.4848448	62379.99733740128	131841.56731438125	62380.700611656495	15698.493220358665	95193.67726144807	131846.9653289721	95208.84563064731	15779.35641208063	477761637.809	0.20701416938432612	0.0	0.0	0.0	-0.10418538223542888	0.0	0.0	0.0	-0.10190671374196295	0.206710998089
660	2350.0	nan	nan	1	1	5.0	5.0	5.0	1.235	1.56092290311e-19	1.36919170155e-17	1.43175037866e-19	0.89924529042	2.83182701904e-17	-2.16046341109e-19	-3.64925616479e-19	0.901271387176	387517162.218	71427.5929524	144441.868405	52007.2326523	17442.3823367	114248.090485	105417.472175	114523.402889	17410.4414154	478142321.1437694	64171.689545128116	130061.26327440783	64169.69714142818	15670.514684486912	102873.57217994554	130070.50977140426	102889.65303285634	15677.061157245524	478126746.554	0.2110709700799406	0.0	0.0	0.0	-0.10619943365114454	0.0	0.0	0.0	-0.10394886009478017	0.210767416609
670	2400.0	nan	nan	1	1	5.0	5.0	5.0	1.24	-1.23137414707e-19	4.0495586417e-18	-9.21942423527e-20	0.897443911131	-1.39945724754e-18	1.45954364724e-19	-1.8523220893e-19	0.899439495242	386227412.188	73651.9865026	142974.009989	53302.3384278	17353.818144	124434.133108	103716.862955	124729.086377	17272.7423051	478480039.168281	66037.53073192244	128477.80182001865	66033.90690011495	15559.706579810148	111817.69256052501	128490.22902849648	111834.06267657125	15521.450107845647	478464603.218	0.2151113796169455	0.0	0.0	0.0	-0.10820465513413001	0.0	0.0	0.0	-0.10598349273219901	0.214807463629
680	2450.0	nan	nan	1	1	5.0	5.0	5.0	1.245	7.67094212857e-19	1.5814369823e-18	5.87629107158e-20	0.895653899523	1.15240632419e-16	-1.90529473573e-19	-1.3089306013e-20	0.897618107262	384928126.39	75349.1854775	141138.792905	54203.7928499	17286.3874669	135791.264897	101774.649173	136107.668992	17135.0880318	478793030.35115707	67424.47999749264	126571.76209867155	67421.41313112478	15468.324954075908	121776.15609331104	126592.44505582193	121792.80701311346	15366.563942208351	478777723.815	0.219135529916671	0.0	0.0	0.0	-0.11020121348357707	0.0	0.0	0.0	-0.108010571442578	0.218831269907
690	2500.0	nan	nan	1	1	5.0	5.0	5.0	1.25	-3.71900403404e-20	3.02189591845e-18	-7.77417426902e-20	0.893875065059	2.00949037615e-17	1.12549502866e-19	-6.0838803181e-19	0.895807198805	383621267.793	76133.9688457	138717.852948	54442.5027538	17228.5364171	147746.455488	99431.4206312	148087.591186	17013.4157337	479083601.2199354	67991.38827842608	124149.65658660053	67990.2614074847	15385.932544487467	132230.07219985317	124174.45816928377	132249.520998311	15226.660994354537	479068412.421	0.22314355131420976	0.0	0.0	0.0	-0.11218926183047212	0.0	0.0	0.0	-0.11003006906685765	0.222838964777
700	2550.0	nan	nan	1	1	5.0	5.0	5.0	1.255	-1.75653457437e-19	-5.99540507978e-19	2.34760475287e-19	0.892107227669	8.32348042927e-17	-2.84126614245e-19	1.74095049163e-19	0.894006738847	382308734.994	76667.7578957	134529.405704	54494.5661492	17180.9392504	160282.138708	95855.9614074	160647.012672	16896.347472	479354016.3290879	68332.64703086272	120159.03722803271	68327.47138811815	15313.07409632914	143160.8752838685	120188.04668547363	143181.90481600055	15091.48750253834	479338937.996	0.22713557258374711	0.0	0.0	0.0	-0.11416894323556245	0.0	0.0	0.0	-0.11204196597685397	0.226830675573
