inc	time	elem	node	ip	grain	1_pos	2_pos	3_pos	1_f	2_f	3_f	4_f	5_f	6_f	7_f	8_f	9_f	1_p	2_p	3_p	4_p	5_p	6_p	7_p	8_p	9_p	1_Cauchy	2_Cauchy	3_Cauchy	4_Cauchy	5_Cauchy	6_Cauchy	7_Cauchy	8_Cauchy	9_Cauchy	Mises(Cauchy)	1_ln(V)	2_ln(V)	3_ln(V)	4_ln(V)	5_ln(V)	6_ln(V)	7_ln(V)	8_ln(V)	9_ln(V)	Mises(ln(V))
0	0.0	nan	nan	1	1	5.0	5.0	5.0	1.0	0.0	0.0	0.0	1.0	0.0	0.0	0.0	1.0	3.58918236138e-06	7.66670566493e-07	1.77678773766e-06	7.66670566493e-07	-3.78359373008e-07	5.2669115401e-07	1.77678773766e-06	5.2669115401e-07	3.20752131209e-06	3.58918236138e-06	7.66670566493e-07	1.77678773766e-06	7.66670566493e-07	-3.78359373008e-07	5.2669115401e-07	1.77678773766e-06	5.2669115401e-07	3.20752131209e-06	5.14191427496e-06	0.0	0.0	0.0	0.0	0.0	0.0	0.0	0.0	0.0	0.0
10	2.5	nan	nan	1	1	5.0	5.0	5.0	1.00025	-2.64826396753e-21	-4.42663636856e-20	2.44312963796e-21	0.999924993496	5.17929366248e-21	6.00365103652e-22	1.96750078575e-21	0.999935275666	55498648.9233	-392322.668643	1048390.47624	-392195.193107	600.188954093	586362.743815	1048060.60513	586368.773178	614.128893027	55506404.61026106	-392250.00060992845	1048207.0664764922	-392250.0006240186	600.0777839918278	586260.1630928261	1048207.0668930754	586260.1629221899	614.0214547799096	55548919.5226	0.0002499687552074404	0.0	0.0	0.0	-7.500931712809902e-05	0.0	0.0	0.0	-6.472642870982491e-05	0.000213307052586
20	5.0	nan	nan	1	1	5.0	5.0	5.0	1.0005	-1.31494575532e-21	3.22873150004e-20	-1.13447821012e-21	0.999849957831	5.19687367388e-20	-4.93661389572e-21	-3.59042914757e-21	0.999870525295	111040695.372	-784932.838252	2097582.40362	-784422.853655	111.423485836	1172651.12553	2096262.68853	1172675.24759	112.138273145	111071739.63970031	-784642.1592801196	2096848.7522865825	-784642.1591355496	111.38222311551269	1172240.978562523	2096848.7524037436	1172240.978543392	112.0990516138325	111157844.01	0.0004998750416509929	0.0	0.0	0.0	-0.00015005342645236797	0.0	0.0	0.0	-0.0001294830875729784	0.000426594214503
30	7.5	nan	nan	1	1	5.0	5.0	5.0	1.00075	3.24668390427e-22	7.3960110744e-19	1.49161343959e-21	0.999770167516	-4.14688905528e-23	-5.57116482312e-21	-4.46238091078e-21	0.999805447781	164074278.59	-1177987.10975	3173553.64964	-1176833.67207	2270.06536828	1710769.2218	3170558.43463	1710829.56217	2802.26693434	164143931.42398596	-1177333.3343515468	3171904.2748273523	-1177333.261652805	2268.8054963523878	1709880.0924591392	3171904.4005070883	1709880.0625791843	2800.8105264735873	164272670.963	0.0007497188905459742	0.0	0.0	0.0	-0.00022985889953263004	0.0	0.0	0.0	-0.00019457114673795365	0.000641612819702
40	10.0	nan	nan	1	1	5.0	5.0	5.0	1.001	5.6705298942e-21	-5.21605101627e-20	-2.40730237768e-21	0.999641708292	-3.65104623533e-19	-1.06427125563e-21	5.27368999533e-21	0.999725014799	184724272.279	-1630282.11696	3757218.09876	-1628070.10467	-2235.41548272	2550938.80222	3752432.41228	2551151.37108	-1605.30794732	184841309.80085143	-1629101.4422840595	3754809.951396575	-1629101.6165991046	-2233.7965614160157	2549303.8062231345	3754809.8767302856	2549303.7891265512	-1604.2790429553322	185031818.359	0.0009995003330834232	0.0	0.0	0.0	-0.0003583559098097331	0.0	0.0	0.0	-0.00027502301636298665	0.000878777903401
50	12.5	nan	nan	1	1	5.0	5.0	5.0	1.00125	-9.91282906326e-21	1.45384437282e-19	6.81245272983e-21	0.999492984565	-1.38570743781e-19	-1.79632609774e-21	1.5264067241e-21	0.99963907115	192267834.949	-1932597.16687	3935253.1034	-1929206.00722	-4307.23553797	2863341.3368	3928921.50042	2863759.78464	-4073.80532995	192434822.43847188	-1930881.3471086929	3932333.932176466	-1930881.55148306	-4303.411440543312	2861217.309853342	3932333.827488962	2861217.249799136	-4070.783380668213	192652294.933	0.0012492194004318981	0.0	0.0	0.0	-0.0005071440107874201	0.0	0.0	0.0	-0.0003609940004941456	0.00112536013537
60	15.0	nan	nan	1	1	5.0	5.0	5.0	1.0015	4.62021731141e-21	-9.084355981e-19	-3.85259370297e-21	0.999341242115	-4.34467310962e-20	8.37137799177e-21	-1.78835414458e-20	0.99955173366	197515619.856	-2186008.47011	3997310.65982	-2181296.7365	-165.290126414	2961483.84347	3989534.58352	2962107.29414	76.22670659	197734458.30067107	-2183713.253705012	3993954.7234749594	-2183713.5154136363	-165.11657877458555	2958997.5340206367	3993954.8088361314	2958997.2068060283	76.16271056945561	197957978.929	0.0014988761237359487	0.0	0.0	0.0	-0.0006589749613143881	0.0	0.0	0.0	-0.0004483668413906745	0.00137375658936
70	17.5	nan	nan	1	1	5.0	5.0	5.0	1.00175	4.59840042276e-20	-5.53546784379e-19	5.93667525629e-21	0.999188002833	4.06818178602e-19	-6.88524462374e-22	1.22563351362e-20	0.999463837377	201682713.737	-2448250.03191	3990221.20378	-2441989.10716	-438.643486535	3006097.2866	3981114.6179	3006926.6817	-342.133453934	201954893.27992025	-2445284.1489850124	3986487.531960321	-2445284.677051378	-438.1121007656065	3003284.4649159396	3986487.3042196925	3003284.001260623	-341.8133177885871	202184594.051	0.001748470534116803	0.0	0.0	0.0	-0.0008123270152686914	0.0	0.0	0.0	-0.0005363064095768208	0.0016230340002
80	20.0	nan	nan	1	1	5.0	5.0	5.0	1.002	1.09899216184e-20	-6.26902608666e-19	-4.30249723813e-20	0.999033846964	2.82652020046e-18	-1.28170601939e-20	6.11625616728e-20	0.999375695705	205210747.361	-2690020.98171	3920891.67915	-2682058.5284	-233.095295936	3073035.93845	3910622.32912	3074087.11303	-93.1566651837	205537522.04494748	-2686328.764939027	3916849.8244032953	-2686329.400365613	-232.7753585203571	3069868.0965632503	3916849.548659277	3069867.742225336	-93.06063455083077	205770956.243	0.001998002662673058	0.0	0.0	0.0	-0.0009666200626813323	0.0	0.0	0.0	-0.0006244992540731694	0.00187282026513
90	22.5	nan	nan	1	1	5.0	5.0	5.0	1.00225	-1.43354536059e-20	7.26272022447e-19	-1.71493152546e-20	0.998879191687	1.30065073017e-18	1.44984081865e-20	9.51691974258e-21	0.99928735444	208335992.946	-2889367.96094	3811148.29574	-2879651.03606	-522.031400735	3172331.3016	3799882.17469	3173627.10777	-184.213942301	208718501.98020062	-2884937.415455367	3806859.222161546	-2884938.132740042	-521.2309198351487	3168761.1538880873	3806858.834076424	3168760.680425916	-184.0066275781409	208954848.059	0.00224747254047937	0.0	0.0	0.0	-0.001121436888356339	0.0	0.0	0.0	-0.0007128996125533836	0.00212290454749
100	25.0	nan	nan	1	1	5.0	5.0	5.0	1.0025	3.08298486105e-20	4.23413076051e-20	1.37249943138e-20	0.998724238923	9.67229321293e-19	1.66283982638e-20	-3.72626254391e-20	0.999198895127	211200432.819	-3043326.05361	3685688.97371	-3031864.80737	-228.175947348	3287939.2638	3673552.14307	3289501.42409	-50.5792979917	211639763.93865404	-3038170.605107181	3681194.0534768435	-3038171.5774020622	-227.78941323189738	3283929.4233528916	3681193.7267286163	3283928.950127925	-50.51761348398836	211877667.935	0.002496880198587146	0.0	0.0	0.0	-0.0012765755529540847	0.0	0.0	0.0	-0.0008014259289865701	0.00237316285835
110	27.5	nan	nan	1	1	5.0	5.0	5.0	1.00275	2.12916289671e-21	2.03964706518e-18	2.23024436757e-20	0.998569119911	1.23017742352e-18	-2.00144621013e-20	-5.39135643747e-20	0.999110346126	213886301.523	-3161799.27545	3560298.95226	-3148617.63529	-201.075123676	3407273.91057	3547375.85779	3409120.44631	-69.0336104587	214383512.83800554	-3155935.8635414164	3555622.6507169884	-3155937.076992179	-200.70223907075348	3402798.6009235024	3555622.273771348	3402798.388620286	-68.94293774176371	214622675.073	0.0027462256680252286	0.0	0.0	0.0	-0.001431904775500473	0.0	0.0	0.0	-0.0008900498508802877	0.00262352097643
120	30.0	nan	nan	1	1	5.0	5.0	5.0	1.003	-5.68479875977e-20	1.37172725828e-18	-1.22464089688e-21	0.99841391779	-1.79517962541e-18	-2.79549823915e-20	4.43530108548e-20	0.999021721835	216442659.374	-3252619.63658	3441628.02889	-3237748.54149	-152.319600997	3526794.45859	3427976.98581	3528941.46008	-58.5232850126	216998785.75988793	-3246066.5196872815	3436785.050437665	-3246067.5919027077	-152.01271969457554	3521831.6359300874	3436784.807971949	3521831.632163022	-58.44093241496395	217238978.799	0.002995508979798371	0.0	0.0	0.0	-0.0015873413699856302	0.0	0.0	0.0	-0.0009787569913930901	0.00287393196719
130	32.5	nan	nan	1	1	5.0	5.0	5.0	1.00325	5.38672422604e-20	8.76672069373e-19	3.40136667882e-21	0.998258680755	9.89468278857e-19	1.18030401605e-20	-1.58984113733e-21	0.998933031643	218898895.621	-3322006.54013	3333995.29867	-3305480.07741	-128.136265347	3642278.11678	3319648.96056	3644738.55996	-53.1371342463	219514948.88644627	-3314781.7611493333	3328991.7526008645	-3314782.7821576833	-127.85759154387262	3636811.9104055692	3328991.5411905996	3636811.8956925073	-53.05738785334936	219756095.709	0.0032447301648890294	0.0	0.0	0.0	-0.0017428371036636399	0.0	0.0	0.0	-0.0010675379729485253	0.00312436705295
140	35.0	nan	nan	1	1	5.0	5.0	5.0	1.0035	6.40308104468e-20	4.44270848786e-19	1.44686296845e-20	0.998103431101	1.97490653377e-18	6.89785912808e-21	-3.35798105569e-20	0.998844293464	221275481.362	-3375258.81113	3237911.67859	-3357108.47898	-108.687825252	3752956.99798	3222889.31684	3755742.72747	-55.9159904536	221952454.89531782	-3367378.3091230304	3232749.6462290203	-3367379.267115936	-108.43406260060509	3746973.855944027	3232749.472854051	3746973.877506883	-55.826846529716605	222194549.574	0.003493889254255838	0.0	0.0	0.0	-0.0018983696630036836	0.0	0.0	0.0	-0.0011563748797882127	0.0033748076161
150	37.5	nan	nan	1	1	5.0	5.0	5.0	1.00375	2.79781434487e-20	-1.35600958587e-19	-1.27501619619e-20	0.997948175219	-2.22166774538e-18	8.36734548628e-21	5.44197989096e-20	0.998755528359	223586413.833	-3416874.61766	3151562.65487	-3397125.45597	-102.09009193	3858153.45393	3135880.85997	3861274.87089	-48.2932077272	224325283.66225195	-3408350.8040477317	3146243.9895741716	-3408351.69043823	-101.83541565047135	3851642.326236032	3146243.778341646	3851642.4462364605	-48.21170675892106	224568295.009	0.003742986278834297	0.0	0.0	0.0	-0.0020539326572875673	0.0	0.0	0.0	-0.0012452466388741023	0.00362524205689
160	40.0	nan	nan	1	1	5.0	5.0	5.0	1.004	-3.9779529248e-20	-2.83141938443e-18	1.59943643243e-20	0.997792925533	1.96835236819e-18	1.45087479442e-21	4.57116550109e-20	0.998666742875	225841389.353	-3449724.52254	3073387.76131	-3428397.99623	-101.789333672	3958292.20169	3057061.68818	3961758.80154	-36.7628629537	226643114.21082994	-3440567.761621669	3067914.3038828205	-3440568.625820911	-101.5191496076182	3951242.800334587	3067914.09373044	3951242.9247142514	-36.69739123945294	226887016.655	0.003992021269537457	0.0	0.0	0.0	-0.00220951364547753	0.0	0.0	0.0	-0.0013341467030592157	0.00387566102916
170	42.5	nan	nan	1	1	5.0	5.0	5.0	1.00425	-3.74386081145e-20	9.31916567353e-19	-3.79775162835e-20	0.997637694218	-4.09078284189e-18	-1.3675363477e-20	-5.41129149023e-20	0.998577938379	228047330.803	-3476019.69098	3002583.95467	-3453133.26493	-91.8619276843	4053954.67716	2985624.99507	4057775.54303	-30.9585983239	228912852.14166713	-3466238.3316901806	2996956.705669766	-3466239.143062992	-91.6034324513731	4046357.0170284454	2996956.511792392	4046357.1495707184	-30.900577717616844	229157654.498	0.004240994257254614	0.0	0.0	0.0	-0.002365100428378017	0.0	0.0	0.0	-0.0014230737102433808	0.00412605723216
180	45.0	nan	nan	1	1	5.0	5.0	5.0	1.0045	-9.92782171186e-20	1.41219169307e-18	4.62038274754e-20	0.997482484637	-6.08206134794e-18	3.93795874218e-20	-2.99832292535e-20	0.998489122226	230209741.261	-3497569.47891	2938834.98242	-3473135.93394	-77.5422439761	4145546.48688	2921248.93485	4149730.2065	-29.1639740762	231139984.81204906	-3487169.6118092826	2933053.4769947086	-3487170.3630947657	-77.31167556657537	4137391.0444519403	2933053.270182501	4137391.1685161474	-29.106600431421302	231385739.971	0.004489905272852001	0.0	0.0	0.0	-0.0025206896334368655	0.0	0.0	0.0	-0.0015120203007810385	0.00437642587188
190	47.5	nan	nan	1	1	5.0	5.0	5.0	1.00475	-1.26227761476e-20	-1.14146954065e-18	3.53925768693e-20	0.997327296706	-6.10107947099e-18	-3.56738182776e-20	-6.74400353414e-20	0.998400303005	232332997.136	-3515946.99121	2881348.52764	-3489973.24781	-68.1388619794	4233302.18389	2863139.12059	4237856.85319	-26.1591363326	233328873.88300976	-3504932.02575578	2875411.9482057807	-3504932.7380590136	-67.92539254639144	4224580.110026794	2875411.7366574476	4224580.246075467	-26.105239419651696	233575649.83	0.00473875434717347	0.0	0.0	0.0	-0.002676281342244907	0.0	0.0	0.0	-0.001600977876435128	0.00462676360336
200	50.0	nan	nan	1	1	5.0	5.0	5.0	1.005	-6.50991142079e-21	1.48215214774e-18	-3.62925493758e-20	0.997172134045	-2.18291019778e-18	-7.22178305596e-20	8.23569969179e-20	0.998311483483	234420392.271	-3531990.35293	2828923.91823	-3504480.62719	-61.8700239984	4317434.52901	2810096.54051	4322367.69018	-22.2752683714	235482798.2470302	-3520362.4517675275	2822832.2611285183	-3520363.1241227095	-61.66633756325909	4308137.590856469	2822832.050970235	4308137.735036554	-22.227301971212263	235730634.799	0.004987541511038968	0.0	0.0	0.0	-0.0028318719219373244	0.0	0.0	0.0	-0.0016899436677520628	0.00487706730837
210	100.0	nan	nan	1	1	5.0	5.0	5.0	1.01	6.55561314964e-20	-1.21358480082e-18	2.41106604947e-20	0.99407634092	1.02265894229e-17	5.89002226975e-20	3.53649490368e-19	0.996536506109	270493126.546	-3670495.64751	2366965.06901	-3612629.70177	4612.1956434	5543712.26277	2335412.99645	5557429.10309	4918.89536501	273050693.1109512	-3646784.7230556402	2357494.766577117	-3646787.837522944	4582.401459461009	5521531.693898626	2357494.79302407	5521528.833949722	4899.214708395228	273316893.832	0.009950330853168092	0.0	0.0	0.0	-0.0059412735442822065	0.0	0.0	0.0	-0.003469505671156016	0.00987414962958
220	150.0	nan	nan	1	1	5.0	5.0	5.0	1.015	1.66761265852e-19	-1.13023593163e-17	-4.57100006497e-20	0.990997585968	-1.35735491242e-17	-6.23892705212e-20	-3.88938669661e-19	0.994767963429	299431474.455	-3758121.90118	2285040.24646	-3669251.05	6.74591571048	6405446.00279	2239484.13975	6429828.75301	-209.367519382	303740750.68597853	-3722057.0927002793	2271722.162248557	-3722057.1765571274	6.681178545257038	6368112.625660574	2271713.7368244003	6368124.915659249	-208.14724579662916	304034877.713	0.014888612493750559	0.0	0.0	0.0	-0.009043180610715934	0.0	0.0	0.0	-0.005245771603413997	0.0148514455663
230	200.0	nan	nan	1	1	5.0	5.0	5.0	1.02	1.51514672801e-20	-4.9760803371e-18	5.81044749482e-20	0.987938264179	5.53438423718e-18	1.68744844961e-21	-1.4353237989e-19	0.993006922264	323182588.533	-3824858.65135	2309704.83147	-3704623.73546	-1207.91894146	7096322.03389	2248572.50038	7132748.11092	-2097.85079509	329432068.0164959	-3776269.1667271396	2292062.7569000577	-3776261.1653534896	-1192.5740191551806	7042118.639244749	2292053.8270568643	7042136.512885663	-2081.8269120122504	329748209.92	0.01980262729617973	0.0	0.0	0.0	-0.01213506883536415	0.0	0.0	0.0	-0.007017643899832183	0.0198075822698
240	250.0	nan	nan	1	1	5.0	5.0	5.0	1.025	6.17477092381e-19	-2.37621560677e-17	-5.17484191213e-20	0.984900063705	7.07500812806e-18	1.0264318785e-19	-7.07371772631e-19	0.991253474051	342899235.846	-3857727.55829	2369160.61156	-3706792.45391	464.825655333	7674603.26297	2291152.47265	7724125.41004	525.397145889	351228403.2713514	-3796845.853011868	2346812.9321720805	-3796832.009943048	457.48989143420556	7602210.715029824	2346805.534969101	7602225.167049841	520.4412104786368	351559666.968	0.024692612590371414	0.0	0.0	0.0	-0.015215101124788842	0.0	0.0	0.0	-0.008785001321944702	0.0247418782666
250	300.0	nan	nan	1	1	5.0	5.0	5.0	1.03	7.57733837046e-19	-6.32784565925e-18	-1.68387502936e-19	0.981884366035	2.06541969696e-17	-4.14252050767e-21	-3.5139625038e-19	0.98950728195	359396162.9	-3855824.77335	2440605.31423	-3675689.36986	-13387.6280742	8169525.51225	2344637.15693	8232985.87608	-12755.4709914	369908317.2518679	-3783215.410047225	2413237.041467401	-3783201.4080901896	-13135.52451458774	8077914.71338111	2413216.597216431	8077949.820843616	-12612.434668700611	370267276.005	0.02955880224154443	0.0	0.0	0.0	-0.018281731089675714	0.0	0.0	0.0	-0.010548154744766553	0.0296539029891
260	350.0	nan	nan	1	1	5.0	5.0	5.0	1.035	1.03984874804e-19	-5.1983007543e-18	4.42773238287e-20	0.97889186138	8.12407166813e-18	-2.81386992056e-19	1.30215433773e-18	0.987768603666	373318823.592	-3822544.89356	2512714.7302	-3615308.78965	-4141.78213766	8596269.73193	2398025.16212	8674266.36221	-4858.60021098	386091244.3139965	-3739013.4457492502	2480093.8657859503	-3738999.967225894	-4051.2746176414444	8484670.215271153	2480069.2068799944	8484713.57784579	-4795.5243127017	386453396.342	0.03440142671733232	0.0	0.0	0.0	-0.02133410079569271	0.0	0.0	0.0	-0.012306815480758102	0.0345433730469
270	400.0	nan	nan	1	1	5.0	5.0	5.0	1.04	3.87851754336e-19	2.4386978524e-17	1.90747849255e-19	0.9759231278	-2.00556226086e-18	-3.37291166575e-19	1.20177431603e-18	0.986037181185	385125300.361	-3756577.81142	2581711.14741	-3525114.43715	-3610.06204221	8968015.03467	2447726.23499	9061003.2212	-4313.56042581	400214803.1999349	-3663243.2512345677	2543657.890773995	-3663231.107898677	-3520.3677593104376	8835830.542236675	2543630.014713627	8835876.844762769	-4249.980492763284	400585675.916	0.03922071315328133	0.0	0.0	0.0	-0.024371458170972908	0.0	0.0	0.0	-0.014061215977896339	0.0394101772523
280	450.0	nan	nan	1	1	5.0	5.0	5.0	1.045	-4.64203833597e-19	-1.53359748788e-17	-6.8119977805e-19	0.97297859165	2.21314488994e-18	2.1069944563e-20	1.65205173684e-18	0.984312911937	395194657.801	-3656765.71679	2647939.62109	-3404726.33222	-2961.67354832	9293252.91412	2494134.48769	9401563.08553	-3633.60581287	412643110.46640307	-3555065.9695756566	2604284.960378948	-3555050.2424088535	-2879.3052823376665	9140041.791163612	2604254.365807184	9140092.522942953	-3573.7011882874763	413020440.019	0.04401688541677426	0.0	0.0	0.0	-0.027393199453399363	0.0	0.0	0.0	-0.015811432545171315	0.044254228112
290	500.0	nan	nan	1	1	5.0	5.0	5.0	1.05	-1.40536331712e-19	-2.44892379e-17	1.34757647952e-19	0.97005844759	-6.99707447947e-18	-6.64100300427e-19	-8.14693494026e-19	0.982595734146	403820989.931	-3528832.04366	2717683.71579	-3260142.8066	-2751.31973971	9583246.77884	2543193.27676	9707159.67608	-3037.42552182	423658683.8951449	-3420320.5914121815	2668159.028916812	-3420297.2237534765	-2666.716761483771	9408610.086132523	2668127.569860158	9408664.882159341	-2982.074140423137	424041381.813	0.04879016416943205	0.0	0.0	0.0	-0.030398954052560326	0.0	0.0	0.0	-0.017557500651272977	0.0490755245569
300	550.0	nan	nan	1	1	5.0	5.0	5.0	1.055	-4.90170687387e-19	3.08009833158e-17	1.32110669992e-19	0.967162654161	-2.13100916384e-17	-7.99850565114e-19	1.61585431323e-18	0.980885717167	411238605.145	-3380992.55375	2785271.97785	-3099469.47961	-2527.81536091	9844263.55645	2589574.45823	9984002.2092	-2538.43690958	433486870.7133225	-3267182.121574719	2729704.4753454197	-3267152.715669415	-2442.724443343595	9647865.809953792	2729672.054941116	9647922.318989147	-2487.7938842479725	433873975.625	0.05354076692802976	0.0	0.0	0.0	-0.03338859275022984	0.0	0.0	0.0	-0.019299322464968332	0.0538741325973
310	600.0	nan	nan	1	1	5.0	5.0	5.0	1.06	-1.75200162461e-19	5.83640111372e-18	2.38426539762e-19	0.96429127731	-3.10062432217e-17	4.87838038059e-19	-1.82530306177e-18	0.979182736188	417634472.62	-3226077.41969	2845746.94816	-2934762.87133	-2109.45034159	10076805.7199	2628739.98708	10232482.222	-2043.88219097	442307550.4334098	-3108172.9194969726	2784082.979279454	-3108143.273177516	-2032.3555742145568	9858453.26423665	2784041.118822209	9858512.36784973	-1999.5936824991686	442698042.159	0.058268908123975824	0.0	0.0	0.0	-0.0363618751252934	0.0	0.0	0.0	-0.021036997906455992	0.0586501183696
320	650.0	nan	nan	1	1	5.0	5.0	5.0	1.065	5.56196243881e-19	-5.44847325876e-18	1.76976946417e-19	0.961444409619	1.25323090583e-17	-3.24651846815e-19	3.88563129663e-19	0.977486579931	423162317.345	-3060899.91409	2892070.96959	-2763240.61413	-1642.14702449	10287584.5635	2654383.75704	10459298.8283	-1498.03870512	450268955.22808594	-2940280.189400111	2824458.251242288	-2940246.3626120673	-1577.4355580735669	10047074.71264084	2824416.4285601513	10047133.197103953	-1463.0165807986118	450661959.502	0.06297479916138839	0.0	0.0	0.0	-0.03931853193362172	0.0	0.0	0.0	-0.022770716187703197	0.063403556148
330	700.0	nan	nan	1	1	5.0	5.0	5.0	1.07	5.35559741959e-19	-5.11970337599e-17	5.72011937193e-19	0.958622054619	-1.66875416776e-17	-2.15119898823e-19	-1.68604555129e-18	0.975797079443	427948657.412	-2886816.1371	2925975.03432	-2586287.99357	-1359.11137462	10476460.5272	2668331.9356	10664224.6532	-1047.40935506	457493299.66542935	-2764877.107621135	2852590.438186777	-2764839.6777754305	-1301.7025497750537	10213706.807268517	2852547.754683189	10213768.114716707	-1021.1399195365874	457888073.661	0.06765864847381486	0.0	0.0	0.0	-0.04225838540776668	0.0	0.0	0.0	-0.0245006245921715	0.06813454666
340	750.0	nan	nan	1	1	5.0	5.0	5.0	1.075	-1.08987001404e-18	3.66735222961e-17	-2.2793127215e-19	0.955824158897	8.0773326548e-18	-2.20678552539e-19	8.63854492191e-19	0.974114084675	432096273.487	-2702609.82843	2954287.4094	-2402960.51202	-1121.70384574	10645282.0734	2676994.84384	10849045.8377	-556.380677968	464079831.4233973	-2580863.6728543653	2875188.190992069	-2580826.491133515	-1071.1737509120626	10360261.22909802	2875144.7121377406	10360322.083161183	-541.4839293901399	464475647.69	0.07232066157962608	0.0	0.0	0.0	-0.045181317056865546	0.0	0.0	0.0	-0.02622685214232319	0.0728432093754
350	800.0	nan	nan	1	1	5.0	5.0	5.0	1.08	1.77567884247e-18	4.1829663309e-18	5.65672424978e-19	0.95305063147	3.84990238812e-17	1.52280642049e-19	-4.55235210524e-18	0.972437451766	435688261.114	-2514213.81117	2977370.14807	-2218640.07141	-838.755436013	10797020.8656	2680800.94846	11016724.5916	-258.516962189	470108613.66420895	-2393959.3717370722	2892631.430214529	-2393917.6270749	-798.6378993373235	10489727.630527163	2892590.2528745704	10489796.438447705	-251.15932950304074	470505049.814	0.0769610411361284	0.0	0.0	0.0	-0.04808724822923593	0.0	0.0	0.0	-0.027949522508087677	0.0775296775214
360	850.0	nan	nan	1	1	5.0	5.0	5.0	1.085	-1.3849782781e-18	-1.43832547191e-17	2.80526724219e-19	0.95030137673	1.10046917554e-17	5.72064876752e-19	2.45763962668e-18	0.970767022975	438794635.493	-2319198.27653	2998888.88755	-2031235.00597	-360.120597812	10930168.4539	2683114.55258	11165631.9564	95.3255714325	475647190.7853764	-2201877.3626396265	2908501.4074818585	-2201830.0732620526	-341.90323447834703	10600729.644956516	2908458.2997605917	10600797.910710564	92.45242790806894	476043505.969	0.08157998699242285	0.0	0.0	0.0	-0.05097610603393726	0.0	0.0	0.0	-0.029668774624034795	0.0821940889081
370	900.0	nan	nan	1	1	5.0	5.0	5.0	1.09	-1.14423563262e-18	1.26037311411e-17	-3.89185169484e-19	0.94757658209	5.90298716779e-17	-5.49750852548e-19	-3.76172625832e-18	0.969102337965	441476404.094	-2121258.19217	3019763.54111	-1844050.27049	-97.0665125427	11052276.8438	2684781.75939	11303420.8435	502.57532762	480754696.8956781	-2008155.7508880675	2923695.37136816	-2008115.9958461793	-91.89106545322704	10700669.178693315	2923647.626457884	10700738.672628045	486.58682679047996	481150855.162	0.08617769624105241	0.0	0.0	0.0	-0.05384751986695223	0.0	0.0	0.0	-0.0313850607329343	0.0868365323067
380	950.0	nan	nan	1	1	5.0	5.0	5.0	1.095	-1.17104290191e-18	3.71812259038e-17	-5.31513174402e-19	0.94487598544	8.52117130171e-18	-8.19636725367e-19	-1.31565392532e-18	0.967443384623	443785587.798	-1929169.93669	3041597.3536	-1664634.59151	320.772506176	11161238.3354	2687235.98201	11427885.2063	961.608986839	485481654.81242394	-1821087.4733793228	2939766.192576075	-1821036.0551684415	302.80110719746216	10787565.64765476	2939716.4019925916	10787633.686701998	929.4147979977292	485877382.573	0.09075436326846412	0.0	0.0	0.0	-0.05670159243873547	0.0	0.0	0.0	-0.03309837297592725	0.0914571801662
390	1000.0	nan	nan	1	1	5.0	5.0	5.0	1.1	1.07144704744e-18	-1.02263875909e-17	-8.52115144938e-19	0.942199480095	-3.43532475907e-17	1.55404076042e-19	1.3329386914e-18	0.965789979809	445765926.968	-1740944.24819	3066960.40103	-1491136.48899	609.453815983	11258734.0513	2692716.12624	11540694.4573	1165.74742324	489870530.1229147	-1638737.8439944421	2959188.4500265894	-1638671.2804982748	573.6743341757478	10863105.9453324	2959136.61504775	10863169.669457678	1124.7834531354194	490265900.849	0.09531017980432493	0.0	0.0	0.0	-0.059538264515329446	0.0	0.0	0.0	-0.03480888061308268	0.0960561791873
400	1050.0	nan	nan	1	1	5.0	5.0	5.0	1.105	-6.88720504179e-19	7.8259279821e-17	-4.54856692676e-19	0.939547011355	3.93871643962e-17	-1.20802780146e-18	-2.55332787994e-18	0.964141880329	447453714.912	-1558148.32888	3092623.38634	-1324780.39695	1013.83931928	11344442.1688	2698340.94239	11641471.9455	1511.51790193	493956442.94408983	-1462532.6564287317	2978833.588908431	-1462461.4585850013	951.6251343573896	10927035.451233396	2978772.6625881284	10927093.764834967	1455.9032038601988	494351107.042	0.09984533496971612	0.0	0.0	0.0	-0.06235742268439616	0.0	0.0	0.0	-0.03651681643680067	0.100633667724
410	1100.0	nan	nan	1	1	5.0	5.0	5.0	1.11	-1.05388103995e-18	-5.25740777215e-17	-6.36254092286e-19	0.936918545712	6.42614184754e-17	-1.06667917839e-18	4.95855734301e-18	0.962498815277	448880127.597	-1381885.13387	3110020.72399	-1166344.00279	1072.90650792	11418098.2668	2696696.6529	11729899.4108	1715.87862481	497769565.899832	-1293447.3708279424	2990463.2423876855	-1293375.4743535481	1004.2427317586865	10979156.152062265	2990405.3214908554	10979210.34180746	1649.9156794396035	498163320.412	0.10436001532424286	0.0	0.0	0.0	-0.06515893145946137	0.0	0.0	0.0	-0.038222443701994735	0.105189781203
420	1150.0	nan	nan	1	1	5.0	5.0	5.0	1.115	-4.28459704968e-19	5.72404748722e-17	2.55962768748e-19	0.934313972725	-4.9982395131e-17	9.54764950233e-20	1.12835376486e-18	0.960860593772	450073035.764	-1215768.03458	3124915.52513	-1018691.11184	1341.23895293	11477276.2363	2692866.86725	11803432.6785	1808.97503852	501337011.98346245	-1134789.9226727597	2999649.9063054235	-1134721.517535591	1251.9036562811343	11017197.204211313	2999588.3370455573	11017246.773670424	1736.4603174607962	501729304.612	0.10885440491208208	0.0	0.0	0.0	-0.06794273800767532	0.0	0.0	0.0	-0.0399259442474016	0.109724668323
430	1200.0	nan	nan	1	1	5.0	5.0	5.0	1.12	-2.3964216439e-18	-4.3438390634e-17	8.82767149717e-19	0.931733294405	-5.38246027542e-17	7.18072181035e-19	-8.90575734699e-19	0.959226904852	451056218.809	-1057154.0996	3139693.7563	-879385.64647	1667.8540695	11525279.92	2688940.41678	11865424.5723	1911.83184166	504681875.8002977	-984008.667974346	3008691.450150014	-983934.9932569464	1552.4537642379792	11044392.812614273	3008626.057831634	11044445.301547596	1832.061520199217	505072357.115	0.11332868530700327	0.0	0.0	0.0	-0.07070867005100791	0.0	0.0	0.0	-0.04162762640032083	0.114238458016
440	1250.0	nan	nan	1	1	5.0	5.0	5.0	1.125	-9.67860873691e-19	-9.20248357633e-17	2.9370867446e-19	0.929176383436	9.9583943073e-17	-3.84076502021e-19	-3.6657203677e-18	0.957597567005	451849143.025	-906675.988866	3153646.74354	-748789.183007	1873.79713168	11561757.1603	2684313.78842	11915443.6187	2041.05031968	507822882.1734283	-841620.9899592663	3016910.0289088613	-841546.9785097351	1739.3501276247778	11060459.197013257	3016838.6633808394	11060497.440454694	1952.5538780028503	508211212.74	0.11778303565638346	0.0	0.0	0.0	-0.0734566944269558	0.0	0.0	0.0	-0.04332766546319743	0.118731303336
450	1300.0	nan	nan	1	1	5.0	5.0	5.0	1.13	-1.37510505031e-19	-9.45991277086e-17	6.44115616828e-19	0.926643028567	7.0083420029e-17	3.95140869894e-19	1.00370757272e-18	0.955972484059	452467965.88	-759824.344703	3155868.65923	-623018.007622	2103.68922084	11588085.2034	2669776.9042	11954911.7347	2184.93468467	510775411.4878313	-703378.9525624352	3013894.279797583	-703303.445114726	1947.4115708286804	11066767.181893965	3013818.6560264067	11066812.155402182	2086.640116849794	511161047.078	0.12221763272424911	0.0	0.0	0.0	-0.07618687003156448	0.0	0.0	0.0	-0.04502614871001824	0.123203372695
460	1350.0	nan	nan	1	1	5.0	5.0	5.0	1.135	-1.60636489724e-18	1.08977511988e-16	-1.04026233835e-20	0.924133111913	-9.1019573091e-17	3.82488315245e-19	1.73512052267e-18	0.954351468602	452928474.26	-618368.726367	3151342.35048	-503414.603314	2311.60861057	11609338.7339	2649703.33315	11989000.865	2305.13582874	513554745.6348241	-570878.0035874909	3004451.4673604025	-570798.6431547885	2134.077052101751	11068202.345212374	3004376.6258829995	11068245.509488868	2197.688461892472	513937570.132	0.126632650933366	0.0	0.0	0.0	-0.07889915720426652	0.0	0.0	0.0	-0.04672325965689295	0.127654816052
470	1400.0	nan	nan	1	1	5.0	5.0	5.0	1.14	1.45986790204e-18	7.12495263171e-17	4.51600909785e-19	0.92164631173	-1.44335228158e-16	-2.80526724219e-19	1.40170717881e-18	0.952734547963	453245875.294	-482032.902783	3150934.21742	-389635.091588	2433.45208018	11626016.7539	2633275.6427	12018217.5896	2502.1077088	516175821.03244805	-443812.89682237065	2998956.7022880604	-443733.13529446034	2240.505597744415	11065264.603832344	2998887.118374209	11065302.663546834	2381.4247348192844	516555887.976	0.131028262406404	0.0	0.0	0.0	-0.08159373885992985	0.0	0.0	0.0	-0.048418957713924175	0.132085819186
480	1450.0	nan	nan	1	1	5.0	5.0	5.0	1.145	-3.97734246551e-18	-1.23433161555e-16	-3.51068686857e-19	0.919182245822	-2.79205683693e-17	-6.6587377566e-19	-3.22367504835e-18	0.951121813949	453433122.271	-357018.686717	3150200.14228	-286534.657484	2631.54553776	11633504.469	2616743.05569	12037780.2652	2578.27074752	518651300.9462775	-327830.47209836775	2993167.5816339073	-327747.50138666254	2416.402412784458	11053592.42736933	2993114.361117673	11053626.418398384	2449.7479746053004	519028317.15	0.13540463700620298	0.0	0.0	0.0	-0.08427086744918062	0.0	0.0	0.0	-0.05011313426212064	0.136496578264
490	1500.0	nan	nan	1	1	5.0	5.0	5.0	1.15	3.97263746218e-18	-1.00956983481e-16	-2.15040489484e-19	0.916740744468	-2.94574500951e-17	6.34586496171e-19	9.86316927518e-19	0.949513140358	453501510.878	-242658.724173	3147828.91886	-193371.374352	2783.23022372	11633936.2722	2599007.04435	12049868.4405	2618.01464279	520992204.3792669	-222227.13648579328	2985841.4766189964	-222149.15754624605	2548.885414715066	11035253.297837142	2985794.7035537367	11035283.26743258	2483.2914711480703	521365975.276	0.13976194237515863	0.0	0.0	0.0	-0.08693056810784701	0.0	0.0	0.0	-0.0518059095859585	0.140887250311
500	1550.0	nan	nan	1	1	5.0	5.0	5.0	1.155	1.45435557044e-18	-6.14142561896e-17	-7.69264734785e-19	0.914321561181	1.28341393229e-16	3.95511446809e-19	2.66291276749e-18	0.947908482403	453461462.039	-133448.949874	3150026.14434	-105575.527918	2837.51326588	11625378.9812	2585181.55231	12052460.2566	2687.89879226	523208767.6962276	-121889.63226515782	2982862.3526521395	-121814.19257212432	2591.728513805294	11008449.996722342	2982810.5968987644	11008478.89739464	2545.258911446744	523579050.609	0.14410034397375687	0.0	0.0	0.0	-0.08957295191656389	0.0	0.0	0.0	-0.053497318936742734	0.145258005627
510	1600.0	nan	nan	1	1	5.0	5.0	5.0	1.16	2.24604020854e-18	-7.36734699143e-17	-3.3828378331e-19	0.911924288475	1.97621521622e-17	-2.15696940018e-18	-1.02702744855e-18	0.946307967344	453323030.999	-25542.9610259	3156897.55456	-20009.5265837	2828.71822212	11609001.6478	2575290.99937	12046746.9545	2745.75814077	525311011.200367	-23269.162627519465	2984308.504003681	-23187.05189136452	2576.9097118850727	10974332.154199727	2984248.8170808214	10974362.515473375	2595.646272271663	525677628.941	0.14842000511827322	0.0	0.0	0.0	-0.09219830937693606	0.0	0.0	0.0	-0.055187216033880715	0.149609042215
520	1650.0	nan	nan	1	1	5.0	5.0	5.0	1.165	-1.04390193304e-18	-3.38070966282e-17	-5.71164904245e-19	0.909548531992	-3.10428509269e-17	9.72023246534e-19	9.12201544634e-19	0.944711709554	453093169.185	75696.431707	3168341.25796	59178.6861634	2827.72888656	11589187.3017	2569198.3791	12037251.4311	2756.15232018	527305546.0886526	68778.10151285255	2990061.7002287726	68871.59539467524	2569.2865571712014	10937074.723416135	2990008.7806184846	10937098.119347284	2601.0662430577645	527668558.195	0.15272108701766393	0.0	0.0	0.0	-0.09480692126894777	0.0	0.0	0.0	-0.05687546728651212	0.153940555384
530	1700.0	nan	nan	1	1	5.0	5.0	5.0	1.17	-1.75941978035e-18	4.41473572109e-18	5.60100536372e-19	0.907193926042	-4.17386337369e-17	-2.91114636059e-19	-4.62215291405e-19	0.943119800463	452778659.978	166361.372933	3183833.23693	129083.818556	3517.90926306	11568978.0411	2566397.63614	12027127.1848	3002.83273085	529198924.8753103	150764.73589594744	2999606.7111047613	150870.66603791356	3188.099807066812	10899560.87215448	2999555.8313499494	10899565.335599937	2829.0794590950222	529558098.741	0.1570037488096647	0.0	0.0	0.0	-0.09739904131104503	0.0	0.0	0.0	-0.058561962569455187	0.15825273333
540	1750.0	nan	nan	1	1	5.0	5.0	5.0	1.175	-3.05649192039e-18	-1.53490575674e-16	-7.57035696609e-20	0.904860079557	-8.84746493661e-17	-2.48519466724e-18	-6.07068513297e-18	0.941532356779	452384970.131	252275.051606	3204152.90476	194363.895975	3760.33583887	11550268.8182	2567443.02124	12018373.6671	3113.9614863	530996293.4190373	228034.83070308316	3013657.8062809287	228138.67646248586	3399.0184163847225	10863575.74786803	3013589.791562338	10863570.484107131	2928.8284986976387	531352196.843	0.16126814759612232	0.0	0.0	0.0	-0.09997495545960439	0.0	0.0	0.0	-0.06024656421153074	0.162545768948
550	1800.0	nan	nan	1	1	5.0	5.0	5.0	1.18	1.4537467655e-18	-1.69473663872e-16	-6.95625807933e-19	0.902546693493	-1.12796538702e-16	-1.172293599e-18	-4.13712067263e-18	0.939949408556	451918727.417	335090.443313	3228555.05224	256393.716906	3684.47451461	11532689.6164	2571703.00153	12010591.3806	2859.92297706	532704272.8918572	302117.27288219304	3031492.5790755674	302226.97191396065	3321.9192447029022	10828764.702228641	3031423.7813378815	10828739.48219364	2685.360832137497	533057474.404	0.16551443847757333	0.0	0.0	0.0	-0.10253485217107974	0.0	0.0	0.0	-0.061929225851578944	0.166819835984
560	1850.0	nan	nan	1	1	5.0	5.0	5.0	1.185	-2.58146525566e-19	7.85641587424e-17	2.19381533339e-19	0.900253687375	3.1982918532e-17	-1.84441424265e-19	-6.73613539216e-18	0.938370918562	451405973.336	417977.815612	3258710.28212	317640.813834	36005.4733299	11512487.744	2580490.85788	11999898.9235	34409.2941357	534352508.9526309	375889.6274958661	3054657.2831266737	376007.7975122744	32379.909775766668	10791602.04178629	3054659.9861033275	10791571.62859951	32254.662685289044	534673600.519	0.16974277458709455	0.0	0.0	0.0	-0.10507868051597037	0.0	0.0	0.0	-0.06360997257278717	0.171075026121
570	1900.0	nan	nan	1	1	5.0	5.0	5.0	1.19	4.16899028727e-19	4.55703725623e-19	-7.36918664111e-19	0.897980516747	6.24365720173e-17	-6.48191962886e-19	3.95246749013e-19	0.936796786587	450797167.073	502177.362085	3295503.40617	378986.9219	21373.1281795	11490245.8695	2594271.70826	11986871.7068	17742.4211374	535881632.6199089	450468.8629453523	3083953.9853851954	450517.7611652518	19172.36712668729	10752648.434820753	3083920.3527134913	10752600.327531373	16603.47559484352	536214463.176	0.17395330712343798	0.0	0.0	0.0	-0.10760690718813415	0.0	0.0	0.0	-0.06528889690626344	0.175311659285
580	1950.0	nan	nan	1	1	5.0	5.0	5.0	1.195	-2.72192714111e-18	-4.45421804434e-17	-2.40927933935e-19	0.895726907676	-1.13207971721e-16	-3.65282958503e-20	1.31290106824e-18	0.935227292514	450140604.053	587039.566403	3334759.61617	440127.65854	7871.42838193	11472328.9662	2609809.96324	11978199.8922	5814.96603653	537347702.7092171	525269.6355358493	3115451.592609929	525394.9190227007	7043.174862397184	10717859.654826399	3115416.3290933054	10717820.487473184	5432.549054401333	537689884.452	0.17814618538347404	0.0	0.0	0.0	-0.11011970300546177	0.0	0.0	0.0	-0.0669656856380496	0.179529830972
590	2000.0	nan	nan	1	1	5.0	5.0	5.0	1.2	-1.67659583997e-19	-6.90387967945e-17	-7.74505751146e-19	0.893492628214	4.48921903391e-17	2.20345033316e-18	-2.71410532124e-18	0.933662608234	449457869.783	672956.707582	3372912.71525	501121.94479	43573.3333148	11461851.7907	2624310.27727	11977096.957	39420.210372	538775761.1088972	600642.2998764697	3145812.8554010447	600706.7077120177	38891.04134131357	10690119.713700628	3145822.694582451	10690065.172163196	36766.02836182779	539084562.165	0.1823215567939546	0.0	0.0	0.0	-0.11261719487667861	0.0	0.0	0.0	-0.06864013916788267	0.183729645286
600	2050.0	nan	nan	1	1	5.0	5.0	5.0	1.205	4.08246057775e-18	1.09158512341e-16	-3.55012684018e-19	0.89127705983	1.27159067584e-16	2.61352015875e-18	-7.17659252473e-18	0.932102614274	448686007.153	755914.428654	3406906.24954	559131.88835	21862.9170801	11461194.9065	2635327.51785	11986097.9708	17785.8756554	540089919.0461345	673010.5344030639	3172198.8799350895	673035.2440255397	19465.131170851088	10671614.35687465	3172182.3348288937	10671538.860687545	16560.57745655379	540417300.579	0.18647956694261839	0.0	0.0	0.0	-0.11509994605394788	0.0	0.0	0.0	-0.07031236920487215	0.187911461521
610	2100.0	nan	nan	1	1	5.0	5.0	5.0	1.21	-3.49978131938e-18	-4.6315390979e-17	-7.56347482339e-19	0.889079911121	-1.7045094137e-16	-9.99075361286e-19	1.3758991437e-19	0.930547677691	447881042.262	835050.154136	3438029.42453	613632.5578	5531.76909628	11467601.803	2643993.3391	12002404.0089	3103.53368583	541356372.2099785	741632.1708949945	3195828.1773124887	741701.1751218797	4912.923976413271	10659735.692412514	3195809.84042906	10659681.813111294	2884.8968922858767	541697035.721	0.1906203596086497	0.0	0.0	0.0	-0.11756815873295841	0.0	0.0	0.0	-0.07198196542581957	0.192075358459
620	2150.0	nan	nan	1	1	5.0	5.0	5.0	1.215	1.96845162986e-18	6.70738391755e-17	-8.52538661411e-19	0.886900941455	-3.5424565598e-17	3.15445657469e-18	2.63257840007e-18	0.928997991589	447060452.616	914119.081659	3466473.587	667288.878197	43932.9364813	11477619.7039	2650533.45702	12022311.0855	38424.314178	542595718.4479123	809863.3052958578	3216892.1548080207	809886.1935985185	38922.36128090231	10651246.5347528	3216943.2499933112	10651159.994743565	35657.815278512	542902390.817	0.19474407679251185	0.0	0.0	0.0	-0.12002198108828593	0.0	0.0	0.0	-0.07364870207698639	0.196221437242
630	2200.0	nan	nan	1	1	5.0	5.0	5.0	1.22	-1.09108431518e-19	-2.36826706283e-17	-1.4541438122e-18	0.884739568926	-1.78355492539e-17	2.97467383164e-19	-3.9172097437e-18	0.927453502081	446177972.117	991914.574365	3492316.41781	719382.981331	45010.3526496	11493782.8299	2654935.17495	12048613.5531	39403.1157277	543751576.1203766	876642.0432525974	3235476.90344942	876703.1417461648	39779.60253233015	10648482.104816018	3235536.660465014	10648418.197012858	36505.24626312763	544057145.563	0.19885085874516517	0.0	0.0	0.0	-0.12246194968082637	0.0	0.0	0.0	-0.0753126182844475	0.200350022847
640	2250.0	nan	nan	1	1	5.0	5.0	5.0	1.225	1.64607618409e-18	3.82890126499e-17	2.92596943717e-19	0.882595467749	-2.06279985053e-16	-4.7317378016e-19	3.75378532444e-18	0.925914283121	445233639.73	1069392.91221	3514881.93081	770473.197248	4494.54646338	11515090.2829	2656678.58773	12080193.7614	2562.94306165	544823075.6932207	942823.5656362934	3250969.9822136285	942811.9072907526	3962.5887493139157	10650489.43011319	3250921.9208439183	10650427.196270656	2370.506641065718	545163647.774	0.20294084399669038	0.0	0.0	0.0	-0.12488831727317631	0.0	0.0	0.0	-0.07697361544450462	0.20446128796
650	2300.0	nan	nan	1	1	5.0	5.0	5.0	1.23	-1.85235517653e-18	2.00122121701e-17	-4.16051995779e-19	0.880468647659	8.62049914967e-18	3.04900097276e-18	-4.61045327146e-18	0.924380489589	444281604.012	1149410.42808	3535674.09698	822768.323981	13431.9700002	11537081.5032	2657174.76111	12112427.4034	10630.7464995	545875577.9669365	1010925.7317241287	3264774.7240125365	1010910.94101183	11813.642689523049	10653123.293431468	3264791.5092178793	10653082.864570366	9816.230658418766	546208611.824	0.20701416938432612	0.0	0.0	0.0	-0.12730095910856942	0.0	0.0	0.0	-0.07863150683125833	0.208555227466
660	2350.0	nan	nan	1	1	5.0	5.0	5.0	1.235	-5.06790400254e-19	-6.52639415255e-17	5.9747586517e-19	0.878358620346	6.90437003212e-17	2.22229681624e-18	1.17430530225e-18	0.922852008956	443283331.308	1228218.28219	3553864.41422	873491.977555	-18071.8327445	11561486.6853	2655552.80196	12147190.3194	-15747.946459	546861653.2410686	1077647.0342663962	3276136.808826496	1077593.5687205854	-15856.348373305746	10657978.943403775	3276053.695192461	10658027.00724321	-14517.27501232828	547220923.82	0.2110709700799406	0.0	0.0	0.0	-0.12970031732145929	0.0	0.0	0.0	-0.08028639432705045	0.212632139254
670	2400.0	nan	nan	1	1	5.0	5.0	5.0	1.24	4.88346257828e-18	-2.54416298345e-16	-1.90582413132e-21	0.876265497684	-2.50277291701e-16	-8.68261710495e-19	1.50311290446e-18	0.921329006234	442304318.041	1306409.25464	3567425.62307	923237.032398	31715.337232	11589378.2028	2650620.61906	12185335.4204	28317.4310388	547861425.2161762	1143517.5093668385	3283201.444357893	1143570.0167300506	27760.859249467092	10666028.468422037	3283198.3112834627	10665987.21743983	26061.322732521327	548178992.046	0.2151113796169455	0.0	0.0	0.0	-0.13208615441712823	0.0	0.0	0.0	-0.08193807933594323	0.216691966799
680	2450.0	nan	nan	1	1	5.0	5.0	5.0	1.245	-1.48434583072e-18	1.31770268626e-17	-7.74293992909e-19	0.874188841563	-7.75069028056e-17	-1.58373985313e-18	-4.77578351486e-18	0.919811078226	441261420.383	1387216.44171	3576222.39702	974081.537282	22174.2026987	11617649.4019	2642123.65213	12223920.7903	19498.7355217	548772151.287092	1211368.399488749	3285866.453791922	1211410.7330736292	19363.329056243583	10674404.498285323	3285861.427195251	10674377.060417319	17915.619843861867	549098386.16	0.219135529916671	0.0	0.0	0.0	-0.13445886080391226	0.0	0.0	0.0	-0.08358697978054662	0.220735064579
690	2500.0	nan	nan	1	1	5.0	5.0	5.0	1.25	-1.57804885051e-18	-1.10751093101e-16	-4.59833011241e-19	0.872128507934	-2.22486729654e-16	-1.25636161901e-18	1.25175587736e-18	0.918298341365	440180673.484	1469889.19719	3579235.57009	1025526.79234	-1288.19135706	11643296.3702	2629447.63553	12259668.2722	-2086.0000711	549625264.752893	1280533.0302612456	3283218.505097522	1280509.274270864	-1122.2421289779486	10680349.29648797	3283221.958368366	10680335.764498215	-1913.4795407998276	549971878.486	0.22314355131420976	0.0	0.0	0.0	-0.1368184944473231	0.0	0.0	0.0	-0.08523295056596898	0.224761507993
700	2550.0	nan	nan	1	1	5.0	5.0	5.0	1.255	3.70391625967e-19	-1.68589732052e-17	-2.51304087539e-19	0.870084339799	1.79521473095e-16	-1.05471483801e-18	-6.31346595148e-18	0.916791031881	439114610.197	1554602.22088	3577188.63828	1077831.36529	22005.2119124	11673131.1455	2613168.84168	12299729.8478	18684.9893582	550485873.6282927	1351155.0900378788	3275946.2298013205	1351198.3590786352	19125.441661838282	10690112.77651382	3275938.6714668605	10690093.174148759	17111.48799558543	550813268.554	0.22713557258374711	0.0	0.0	0.0	-0.139165129734408	0.0	0.0	0.0	-0.08687571504921837	0.228771344441
