inc	time	elem	node	ip	grain	1_pos	2_pos	3_pos	1_f	2_f	3_f	4_f	5_f	6_f	7_f	8_f	9_f	1_p	2_p	3_p	4_p	5_p	6_p	7_p	8_p	9_p	1_Cauchy	2_Cauchy	3_Cauchy	4_Cauchy	5_Cauchy	6_Cauchy	7_Cauchy	8_Cauchy	9_Cauchy	Mises(Cauchy)	1_ln(V)	2_ln(V)	3_ln(V)	4_ln(V)	5_ln(V)	6_ln(V)	7_ln(V)	8_ln(V)	9_ln(V)	Mises(ln(V))
0	0.0	nan	nan	1	1	5.0	5.0	5.0	1.0	0.0	0.0	0.0	1.0	0.0	0.0	0.0	1.0	1.1874557505e-05	-1.15583012461e-07	-2.62763459822e-08	-1.15583012461e-07	1.20342539646e-05	-1.96488268811e-07	-2.62763459822e-08	-1.96488268811e-07	9.09137129158e-06	1.1874557505e-05	-1.15583012461e-07	-2.62763459822e-08	-1.15583012461e-07	1.20342539646e-05	-1.96488268811e-07	-2.62763459822e-08	-1.96488268811e-07	9.09137129158e-06	2.89379785044e-06	0.0	0.0	0.0	0.0	0.0	0.0	0.0	0.0	0.0	0.0
10	2.5	nan	nan	1	1	5.0	5.0	5.0	1.00025	-3.0771118787e-22	1.48111858556e-21	1.78187628641e-21	0.999928136995	6.03302176438e-20	-5.34979061169e-22	-6.2534854309e-22	0.999926298675	54083765.6721	1358412.41642	-355305.930323	1357975.30277	14.7975152172	299005.654903	-355190.946182	299005.10531	15.401638866	54091639.198827684	1358172.9973449344	-355242.654846171	1358172.9971189238	14.794907167270745	298952.4057906889	-355242.6549595498	298952.4059052479	15.398896029587705	54148724.9094	0.0002499687552074404	0.0	0.0	0.0	-7.186558726874171e-05	0.0	0.0	0.0	-7.370404107605944e-05	0.000215171664266
20	5.0	nan	nan	1	1	5.0	5.0	5.0	1.0005	8.12394759104e-22	1.11717979556e-20	-3.9535097377e-21	0.999856247368	-2.45380576086e-20	-1.22577827023e-21	1.76572041507e-21	0.99985256994	108211076.914	2717779.44873	-710821.790278	2716030.74421	-105.356928156	598034.569355	-710361.813112	598032.369704	-105.404012232	108242592.98958078	2716821.7793088774	-710568.7031207907	2716821.778110183	-105.31980332291411	597821.6399384557	-710568.7033604867	597821.6398327536	-105.36648327301323	108356873.339	0.0004998750416509929	0.0	0.0	0.0	-0.00014376296540008905	0.0	0.0	0.0	-0.00014744092887975077	0.000430323231805
30	7.5	nan	nan	1	1	5.0	5.0	5.0	1.00075	7.2212350488e-21	2.30237451698e-20	3.5682503674e-22	0.999782443964	-7.71022028297e-20	-1.5741453852e-20	-1.85567630669e-21	0.999775871575	159756739.079	4079732.3689	-1013868.68323	4075788.03666	-658.253462184	781008.701976	-1012881.78475	781003.659182	-1749.62230528	159827324.5314298	4077588.766300924	-1013329.3074986086	4077588.8454661528	-657.9075978711485	780593.2072015591	-1013329.3071484081	780593.2985695067	-1748.691510369201	159999834.335	0.0007497188905459742	0.0	0.0	0.0	-0.00021757970474735875	0.0	0.0	0.0	-0.00022415354552896943	0.000647068141626
40	10.0	nan	nan	1	1	5.0	5.0	5.0	1.001	7.87868853941e-21	3.99689846275e-19	1.25938248261e-21	0.999688242753	2.84430396325e-19	-5.22364556827e-22	4.25791220312e-22	0.999663905388	182114860.287	5048113.38121	-1074043.10127	5041498.18604	2585.27765023	524855.745701	-1072609.42192	524843.133484	2401.14152427	182232901.11640844	5044765.829513202	-1073304.7416703166	5044765.91842825	2583.563276971877	524494.929381963	-1073304.6518732023	524495.0946446613	2399.4908401470375	182451506.985	0.0009995003330834232	0.0	0.0	0.0	-0.0003118058533933318	0.0	0.0	0.0	-0.0003361511044525722	0.000882431157974
50	12.5	nan	nan	1	1	5.0	5.0	5.0	1.00125	8.88337047919e-21	1.25650802998e-20	2.12957648702e-21	0.999582106557	-4.9752825214e-19	-1.63161375826e-21	-8.40250066231e-21	0.999537129396	190649093.056	5527671.46387	-1184529.00307	5518463.25273	-3168.00037387	650727.399966	-1182502.60794	650698.116045	-2817.8179477	190817121.00586563	5523327.086488683	-1183544.7859376252	5523326.932131259	-3165.510538998626	650186.7149731527	-1183544.8027164764	650186.7111621504	-2815.4766418367817	191074087.567	0.0012492194004318981	0.0	0.0	0.0	-0.0004179807847983259	0.0	0.0	0.0	-0.0004629777616657983	0.001126765312
60	15.0	nan	nan	1	1	5.0	5.0	5.0	1.0015	-2.18727233474e-21	-3.72590272035e-19	2.07787769873e-21	0.999473007392	-1.17631969384e-18	-9.53470412575e-21	9.22471819119e-21	0.999407921079	196364451.591	5782114.55436	-1319126.00501	5770411.46291	-3805.32096541	840071.503037	-1316370.78158	840017.026354	-3691.23253473	196584382.23771057	5776874.73856276	-1317844.7740450273	5776874.3960658815	-3801.872541702606	839255.5645910939	-1317845.133352727	839255.793686736	-3687.647341651819	196861199.102	0.0014988761237359487	0.0	0.0	0.0	-0.0005271315174094516	0.0	0.0	0.0	-0.0005922542689409698	0.00137289428693
70	17.5	nan	nan	1	1	5.0	5.0	5.0	1.00175	-1.17329366036e-20	-3.37021505695e-19	-4.19690763294e-21	0.999362138261	7.2942192622e-19	-5.10618592129e-21	8.93148266404e-21	0.99927822317	200877907.528	5958971.01489	-1476273.8112	5944766.38392	-5100.375639	1012836.87868	-1472631.4723	1012752.07331	-4731.26327597	201151307.99573594	5952857.667819026	-1474635.4587589789	5952857.377747771	-5095.143130502201	1011712.843450253	-1474635.7650481877	1011713.084379609	-4726.012572016241	201444106.761	0.001748470534116803	0.0	0.0	0.0	-0.0006380652593489162	0.0	0.0	0.0	-0.0007220374363034006	0.00161974031196
80	20.0	nan	nan	1	1	5.0	5.0	5.0	1.002	-2.32344694308e-21	1.55978966567e-19	-2.09483490129e-21	0.999250008385	1.05898970741e-18	-3.89602068512e-22	-8.61591326035e-21	0.999148633238	204736609.56	6109863.10133	-1634088.02431	6093094.34873	2604.43106039	1170945.33568	-1629437.94126	1170826.35148	2083.93065581	205064860.95532805	6102863.540970206	-1632050.3956788827	6102863.3232486965	2601.4473810329055	1169485.2235526484	-1632050.396741062	1169485.0334206414	2081.3320952022664	205364226.702	0.001998002662673058	0.0	0.0	0.0	-0.0007502729994104927	0.0	0.0	0.0	-0.0008517293805105979	0.00186692172246
90	22.5	nan	nan	1	1	5.0	5.0	5.0	1.00225	4.72299450252e-21	2.88853413778e-18	2.51115490359e-20	0.999136981896	-1.8743379149e-18	-3.6437305983e-22	1.50505512454e-20	0.999019195346	208180820.677	6248461.33149	-1772114.07189	6229053.17137	-20.7269960231	1315109.63461	-1766401.69615	1314954.71091	90.4400243579	208565201.4014028	6240554.620330701	-1769663.0176377655	6240554.3652002895	-20.7007683868795	1313290.674356145	-1769663.143392568	1313290.7865396389	90.31493455144178	208879945.417	0.00224747254047937	0.0	0.0	0.0	-0.0008633907185209723	0.0	0.0	0.0	-0.0009812859576197996	0.00211430319189
100	25.0	nan	nan	1	1	5.0	5.0	5.0	1.0025	-1.61432568346e-20	1.75511182372e-19	-3.30326305817e-20	0.999023293775	-3.68538824112e-18	1.47238149034e-22	7.72752128247e-21	0.99888998981	211356131.615	6375574.48707	-1889184.64557	6353463.35802	-550.353689688	1444555.44807	-1882381.89405	1444363.12388	-609.06815175	211797864.07315102	6366742.447817125	-1886315.8383368317	6366742.040618256	-549.5912885271148	1442361.82918375	-1886316.0556704083	1442362.257631573	-608.1432558573035	212125204.633	0.002496880198587146	0.0	0.0	0.0	-0.0009771835133301756	0.0	0.0	0.0	-0.0011106267075801641	0.00236178048837
110	27.5	nan	nan	1	1	5.0	5.0	5.0	1.00275	-3.3519219577e-20	2.02320416217e-18	-4.19959596993e-20	0.998909102977	-6.31436592398e-20	4.90538782759e-20	2.73201212714e-20	0.99876101055	214340503.252	6495777.46145	-1988133.78352	6470895.90364	34.0951591054	1564236.75043	-1980224.8296	1564005.50693	-274.892072367	214840767.46906638	6485999.147543192	-1984846.672970135	6485998.777916387	34.04383450716428	1561650.4963421484	-1984846.6141389236	1561651.156447783	-274.43757547215233	215178871.336	0.0027462256680252286	0.0	0.0	0.0	-0.001091492484255197	0.0	0.0	0.0	-0.0012397576320077692	0.00260930497509
120	30.0	nan	nan	1	1	5.0	5.0	5.0	1.003	-3.29011088643e-20	-6.84796979739e-19	1.91264837138e-20	0.998794526578	-8.37172954353e-20	1.33680658795e-20	-1.76354906596e-20	0.998632232239	217184207.862	6612632.62646	-2074464.79964	6584906.09351	14.7621709496	1675775.67592	-2065430.93463	1675503.93049	-177.697063494	217744157.0761066	6601883.908238752	-2070756.2612175941	6601883.446644118	14.738175299934493	1672779.877445829	-2070756.0751640322	1672780.4282716298	-177.37939293741573	218093022.889	0.002995508979798371	0.0	0.0	0.0	-0.0012062005895314642	0.0	0.0	0.0	-0.0013687040091345192	0.00285684852316
130	32.5	nan	nan	1	1	5.0	5.0	5.0	1.00325	-8.46536638887e-21	-1.70181409531e-18	-6.04875822929e-21	0.998679676853	-2.6033251577e-18	4.02563988711e-20	-3.11350782565e-21	0.998503600104	219916234.154	6727737.65215	-2151609.46104	6697088.91765	-1.18021690856	1780395.4278	-2141429.94385	1780082.09875	-145.124845547	220536990.05385807	6715993.14775484	-2147474.7436567512	6715992.740159958	-1.1781566227172615	1776974.067159197	-2147474.542043905	1776974.6378005028	-144.84596118973647	220896395.908	0.0032447301648890294	0.0	0.0	0.0	-0.0013211955415855683	0.0	0.0	0.0	-0.0014975206204988426	0.00310439511381
140	35.0	nan	nan	1	1	5.0	5.0	5.0	1.0035	-7.86400608354e-21	-1.3851273774e-18	-6.54878890958e-20	0.998564628423	-1.69214104522e-18	7.65520501742e-20	5.08616815047e-20	0.998375080582	222557453.13	6839729.54235	-2220851.47821	6806090.37609	-17.7963478562	1878106.9402	-2209509.36679	1877751.03997	-109.156120082	223240112.15794915	6826967.25506688	-2216286.80366443	6826966.958630517	-17.763141557252055	1874246.7329651162	-2216286.6797730722	1874247.3344404332	-108.93176371791172	223609643.32	0.003493889254255838	0.0	0.0	0.0	-0.0014364027096060116	0.0	0.0	0.0	-0.0016262410314291033	0.00335193315963
150	37.5	nan	nan	1	1	5.0	5.0	5.0	1.00375	-4.47637060289e-20	8.34147541262e-19	1.05622692417e-20	0.998449432443	4.18086611932e-18	1.27464396491e-19	1.44144493543e-20	0.998246652503	225122747.115	6946702.114	-2282708.99103	6910017.95463	-22.7629419926	1969372.04069	-2270193.31284	1968972.56928	-82.1745599916	225868383.00111863	6932905.095906435	-2277712.560181309	6932904.834906315	-22.717731946532318	1965061.4468931912	-2277712.489041307	1965061.943817978	-81.99469496801072	226247417.51	0.003742986278834297	0.0	0.0	0.0	-0.0015517709309770477	0.0	0.0	0.0	-0.001754886409818056	0.00359945409161
160	40.0	nan	nan	1	1	5.0	5.0	5.0	1.004	5.11573985736e-20	1.16171509634e-18	-3.86690392756e-20	0.998334127056	-1.61696438961e-18	1.58442310431e-20	3.44371832618e-20	0.998118298629	227622712.289	7048140.29401	-2338354.36208	7008365.29803	-30.5271019168	2055055.42223	-2324655.55774	2054611.63659	-59.2248371615	228432377.0612232	7033294.613912466	-2332924.5651565148	7033294.385446734	-30.462801892902707	2050283.4621754554	-2332924.4676995003	2050283.9549876049	-59.08731359200668	228820260.556	0.003992021269537457	0.0	0.0	0.0	-0.001667262053266606	0.0	0.0	0.0	-0.0018834739950737008	0.0038469520384
170	42.5	nan	nan	1	1	5.0	5.0	5.0	1.00425	1.05647507835e-20	1.90321075757e-18	-1.01627410058e-20	0.998218746085	-6.43638829923e-18	-9.14239304073e-20	-3.89039585696e-20	0.997990001113	230065355.119	7145393.29994	-2388737.47402	7102479.85952	-37.3770752524	2135618.59637	-2373847.08941	2135129.69327	-38.3364092109	230940080.50730094	7129484.151091076	-2382872.805242436	7129484.0099267615	-37.29385555704269	2130375.368162993	-2382872.6305045174	2130375.8477255884	-38.24228821828835	231336284.674	0.004240994257254614	0.0	0.0	0.0	-0.0017828422341684188	0.0	0.0	0.0	-0.002012021645712804	0.00409442268786
180	45.0	nan	nan	1	1	5.0	5.0	5.0	1.0045	-9.78389228528e-21	-1.75832976309e-18	-1.31914628187e-20	0.998103324072	1.34987107854e-18	-1.2056157428e-21	-4.71790734176e-20	0.997861737245	232456664.447	7239435.13954	-2434819.14437	7193334.16833	-34.6584759298	2211676.77682	-2418728.41938	2211141.90316	-26.5901713518	233397462.3315122	7222447.112896904	-2428517.6534030014	7222447.007853244	-34.57714650268632	2205952.794706882	-2428517.4894657107	2205953.2472996297	-26.521354033285192	233801566.904	0.004489905272852001	0.0	0.0	0.0	-0.0018984768953823462	0.0	0.0	0.0	-0.0021405521028714787	0.00434186319823
190	47.5	nan	nan	1	1	5.0	5.0	5.0	1.00475	4.42913858992e-20	-4.05247486695e-18	1.72128013666e-20	0.997987880989	3.9351248214e-18	1.14602771942e-20	9.27269466672e-21	0.997733495987	234801484.949	7330514.12886	-2477532.60804	7281178.61769	-30.1803402519	2283692.89273	-2460231.03072	2283111.24455	-22.7640479756	235809348.85545543	7312432.457070823	-2470791.4897434595	7312432.411194836	-30.105896495651187	2277479.1929010237	-2470791.3474826603	2277479.6520782514	-22.702109279086528	236220980.509	0.00473875434717347	0.0	0.0	0.0	-0.0020141460419991052	0.0	0.0	0.0	-0.0022690764208713383	0.00458927118972
200	50.0	nan	nan	1	1	5.0	5.0	5.0	1.005	8.96589337752e-20	4.98219671735e-19	-2.51487721634e-20	0.997872426333	-1.13979863582e-18	-8.21967306742e-20	1.83964968232e-21	0.997605275014	237103526.348	7419273.63128	-2517453.54848	7366655.27584	-29.440406887	2352174.52328	-2498930.1018	2351545.2684	-14.547671661	238179431.3563917	7400082.985793709	-2510269.6876447	7400082.9579519	-29.364256519781122	2345462.306307503	-2510269.5004734774	2345462.7765236297	-14.506158105068101	238598289.177	0.004987541511038968	0.0	0.0	0.0	-0.00212984016718918	0.0	0.0	0.0	-0.002397596925799458	0.00483664450642
210	100.0	nan	nan	1	1	5.0	5.0	5.0	1.01	-5.95570041038e-21	2.84813008717e-18	9.93146130656e-20	0.995565804535	9.08274421958e-18	-1.3287788001e-19	1.46774927891e-19	0.995044770453	276384289.116	8831767.68157	-3065128.85485	8705549.4825	-3822.45492994	3288831.38144	-3019743.06359	3287114.00824	-1884.44886829	278997787.65497947	8787870.352021562	-3048297.7926540966	8787869.432473633	-3803.455838275253	3270771.9365832964	-3048297.849066513	3270775.7697258564	-1874.1010892538907	279522807.242	0.009950330853168092	0.0	0.0	0.0	-0.0044440556685535135	0.0	0.0	0.0	-0.004967547405657537	0.00977542836436
220	150.0	nan	nan	1	1	5.0	5.0	5.0	1.015	-2.07655420975e-20	3.38464584312e-18	-3.57841641713e-19	0.993270305811	3.43924493343e-17	3.87261147379e-20	1.33679004433e-19	0.992493749164	307337582.714	9860176.38117	-3426163.18763	9649093.80791	8178.82597229	3877568.87233	-3350194.00292	3874520.82858	8320.72527818	311760032.91641164	9787930.147691257	-3398400.429742158	9787939.947347462	8118.899116224503	3846148.3007166567	-3398401.794546055	3846131.9311020193	8253.301087124713	312338999.778	0.014888612493750559	0.0	0.0	0.0	-0.006752440689705797	0.0	0.0	0.0	-0.007534564512161017	0.014695016295
230	200.0	nan	nan	1	1	5.0	5.0	5.0	1.02	-9.4232415382e-21	3.35926401282e-18	-5.90276085118e-20	0.990988141708	3.18793555193e-17	-1.84990672191e-20	1.8475906162e-19	0.989954172781	332353480.976	10649808.0566	-3720938.75922	10346895.2644	-8358.71959585	4333623.50177	-3611333.34805	4329102.81551	-8873.60625197	338779157.40607494	10546941.038142473	-3681153.2067563115	10546940.71248637	-8277.982313226752	4287286.914058009	-3681154.369654958	4287287.799045772	-8778.726612737812	339420985.042	0.01980262729617973	0.0	0.0	0.0	-0.009052710709614917	0.0	0.0	0.0	-0.010096627045124188	0.0195941357605
240	250.0	nan	nan	1	1	5.0	5.0	5.0	1.025	-2.70713053431e-19	-7.32887358037e-18	4.09884537132e-20	0.988720237613	-3.88260447733e-17	-7.63368591378e-19	3.21290184805e-19	0.987427590078	352870586.306	11276520.0036	-3984582.82767	10877395.3861	-5789.65450439	4700618.09099	-3838525.14032	4694468.20147	-6637.42138745	361440469.41677934	11141559.179516569	-3931747.0531793092	11141565.908172846	-5720.362156855537	4638287.651854007	-3931748.3021445554	4638283.3769938685	-6549.40883637647	362114578.562	0.024692612590371414	0.0	0.0	0.0	-0.01134386137683265	0.0	0.0	0.0	-0.012652111398670991	0.0244720583702
250	300.0	nan	nan	1	1	5.0	5.0	5.0	1.03	1.37636236484e-19	1.4859836897e-17	-8.33467185208e-21	0.986466955396	2.53939154098e-17	-8.35750203699e-20	-6.73391193067e-20	0.984914958382	369856228.762	11774926.5319	-4223680.48003	11277255.0046	-7628.64689604	5009005.56563	-4038799.20383	5001129.56233	-7435.95636042	380672638.140299	11607060.497364411	-4156916.3952148412	11607057.228565566	-7519.891168363683	4929827.778862155	-4156913.493081256	4929832.320215355	-7318.415551290098	381374129.912	0.02955880224154443	0.0	0.0	0.0	-0.013625450891445016	0.0	0.0	0.0	-0.015199978205292853	0.0293284362655
260	350.0	nan	nan	1	1	5.0	5.0	5.0	1.035	-2.14802261468e-19	-2.55696664745e-18	-1.95161685003e-19	0.984229099066	-7.59678042357e-17	1.85377792718e-19	-1.80920943578e-19	0.982416489811	384042986.435	12173250.4753	-4444293.88808	11576078.2341	-1935.00781008	5273969.16406	-4218507.90388	5264297.13884	1060.10092484	397180569.16008323	11972106.315508131	-4362809.18809848	11972079.95995957	-1903.0347950718822	5177272.634562291	-4362817.261220708	5177312.760506932	1040.6643151138944	397894779.535	0.03440142671733232	0.0	0.0	0.0	-0.015896584775178847	0.0	0.0	0.0	-0.017739936499062626	0.0341630393643
270	400.0	nan	nan	1	1	5.0	5.0	5.0	1.04	-8.86208221065e-20	-1.58782906185e-17	-6.5357194559e-20	0.982007114097	1.90169881617e-17	3.37605495207e-19	-8.60453125512e-19	0.979932268749	395977527.912	12489413.7978	-4654249.08061	11792952.0086	-5669.56315984	5505774.53433	-4385438.33639	5494188.84457	-4847.19957272	411490531.99328816	12254981.40191345	-4557237.35229935	12254958.308817381	-5563.142690736251	5391013.872832676	-4557244.3557098	5391060.2370037595	-4746.166044030008	412224147.962	0.03922071315328133	0.0	0.0	0.0	-0.01815672615594949	0.0	0.0	0.0	-0.02027182322739775	0.0389757932349
280	450.0	nan	nan	1	1	5.0	5.0	5.0	1.045	-5.32929307611e-19	7.17126754954e-18	-1.25530944528e-18	0.979801017763	-1.27595454988e-17	2.7430301729e-19	-1.14905313251e-19	0.977462734511	406083534.874	12734459.8694	-4853754.30831	11939918.0988	-8415.5039497	5715440.73201	-4540067.43566	5701853.09714	-6535.75424786	424011158.24589866	12467059.427613094	-4740494.121443595	12467037.118370738	-8238.793708583653	5582073.47767184	-4740500.627551882	5582124.576824587	-6383.245344358606	424757390.275	0.04401688541677426	0.0	0.0	0.0	-0.020405771032540425	0.0	0.0	0.0	-0.02279511111173061	0.0437666298302
290	500.0	nan	nan	1	1	5.0	5.0	5.0	1.05	3.15255075056e-19	3.45317394667e-17	5.36463023188e-19	0.977610837354	5.33230004307e-17	2.12909672226e-19	6.7921454458e-19	0.975008094092	414690268.306	12921395.352	-5044791.58973	12030541.5821	-3957.93732536	5913569.18057	-4684491.25466	5897882.04958	-3477.71181693	435060460.6746183	12621526.822183888	-4914597.133348583	12621499.376521174	-3866.0849507106586	5760953.574742878	-4914600.31508319	5761009.121304291	-3387.9600816198245	435810388.521	0.04879016416943205	0.0	0.0	0.0	-0.022643604953174412	0.0	0.0	0.0	-0.025309506385927542	0.0485355575908
300	550.0	nan	nan	1	1	5.0	5.0	5.0	1.055	7.13042922911e-19	-4.23467752689e-18	4.12399166194e-20	0.975436204448	2.9698748606e-17	-2.52154429208e-19	-5.74950082728e-19	0.972568747921	422047954.553	13060870.1986	-5230722.6007	12075845.9044	-7742.40879183	6109391.47918	-4822038.42831	6091494.4678	-6625.30180564	444879730.3921813	12729148.225964889	-5082885.870473913	12729120.02593856	-7545.765912885307	5936720.793138988	-5082899.070555493	5936781.762564548	-6438.049865425139	445638340.677	0.05354076692802976	0.0	0.0	0.0	-0.02487051885555238	0.0	0.0	0.0	-0.027814514038479406	0.0532826396306
310	600.0	nan	nan	1	1	5.0	5.0	5.0	1.06	1.20808074102e-19	-2.93536984852e-17	-4.82934511388e-19	0.973277216832	8.16905044112e-18	3.15142578493e-19	-8.21463140159e-19	0.970144658882	428366741.313	13156573.0675	-5397492.35413	12080155.5868	-5632.96176213	6297386.97999	-4939968.57613	6277181.96793	-4759.91210192	453672746.1334465	12793825.406138359	-5231781.686583449	12793797.534291752	-5477.652040117328	6104048.27160728	-5231799.982595463	6104110.069410094	-4613.776052043339	454432038.819	0.058268908123975824	0.0	0.0	0.0	-0.02708632798969718	0.0	0.0	0.0	-0.0303100857358678	0.0580079440905
320	650.0	nan	nan	1	1	5.0	5.0	5.0	1.065	-4.3794250351e-19	2.45637685276e-17	8.4929611341e-19	0.971133877481	-3.18532827864e-17	-5.84866323912e-19	-4.13087380464e-19	0.967735723179	433806848.413	13215489.7997	-5558389.53718	12050695.8185	-1867.00711208	6473366.50098	-5050778.63488	6450786.08771	-1033.4355719	461594394.65970534	12822623.27702839	-5374279.722247096	12822604.48842203	-1811.5052273189754	6258950.022876713	-5374306.825852638	6259018.855682432	-999.205219634311	462350640.332	0.06297479916138839	0.0	0.0	0.0	-0.029290944313252076	0.0	0.0	0.0	-0.0327962422252947	0.0627115918767
330	700.0	nan	nan	1	1	5.0	5.0	5.0	1.07	1.46846396296e-18	3.2399933366e-17	8.14521440459e-19	0.969006376027	3.79684636189e-17	-8.11232570343e-20	-3.26848838522e-19	0.965341583126	438494134.032	13238818.7225	-5715169.70843	11989229.2371	-5216.55402186	6640735.5509	-5156185.85162	6615698.86949	-4100.9631697	468766037.2989111	12816942.721944723	-5512120.697529467	12816918.274517834	-5050.320236689571	6404802.962008837	-5512148.5594701925	6404879.109929802	-3955.2638190544994	469524075.241	0.06765864847381486	0.0	0.0	0.0	-0.031484087105794784	0.0	0.0	0.0	-0.03527326812521781	0.0673937342385
340	750.0	nan	nan	1	1	5.0	5.0	5.0	1.075	7.02375601731e-19	-1.23287895404e-17	-6.15104738384e-19	0.966894472955	9.08644006255e-17	8.51317742827e-19	6.87367236697e-19	0.962962404744	442544701.872	13228020.6835	-5872918.07061	11897752.3067	5943.29612753	6806248.89775	-5260863.57071	6778654.37356	6048.880946	475301008.74892557	12778417.37010092	-5650233.560515659	12778401.027733922	5741.291179444728	6548175.111745663	-5650262.564372923	6548256.679176192	5819.524419332313	476046038.333	0.07232066157962608	0.0	0.0	0.0	-0.03366591776194625	0.0	0.0	0.0	-0.037740907671937926	0.0720544694726
350	800.0	nan	nan	1	1	5.0	5.0	5.0	1.08	-7.55288691155e-19	4.67811730732e-17	-8.8387888046e-19	0.964797411501	8.30679388021e-17	5.46280002697e-19	1.30157200257e-18	0.960598624805	446035056.561	13200040.8447	-6041608.9893	11791978.0501	3698.485554	6974343.15515	-5373691.2306	6944074.07691	3628.63506252	481272341.4850663	12723586.86113046	-5798193.828896068	12723557.943333982	3564.9891356099215	6693348.330620716	-5798219.047867458	6693428.507318891	3482.438116084885	482017224.57	0.0769610411361284	0.0	0.0	0.0	-0.035837135951247795	0.0	0.0	0.0	-0.040198621352479175	0.076693963001
360	850.0	nan	nan	1	1	5.0	5.0	5.0	1.085	1.45877602363e-18	-9.51839377843e-17	4.41462984197e-19	0.962714759976	-4.79365855702e-17	-6.45812991445e-19	1.28431370627e-19	0.95825053955	449047751.969	13160740.8916	-6203649.40283	11677418.7966	8035.76588921	7140446.74933	-5478944.33514	7107421.9622	8023.20479418	486761055.0866968	12658187.610477759	-5939089.600475945	12658147.533749692	7728.913824632492	6835936.442886725	-5939093.812718027	6836019.443387122	7681.048534732771	487499252.996	0.08157998699242285	0.0	0.0	0.0	-0.0379981104615877	0.0	0.0	0.0	-0.042646011663973735	0.0813123239511
370	900.0	nan	nan	1	1	5.0	5.0	5.0	1.09	-1.14521501447e-18	4.91978573333e-18	6.77745471812e-19	0.960646187589	4.32428848419e-18	-5.12458241811e-19	1.06207343674e-18	0.955918188813	451643038.807	13099154.7689	-6360258.26421	11544615.7883	6437.46099039	7301254.97473	-5577905.16629	7265416.63946	6453.78801421	491825601.7705569	12571759.093107898	-6074139.8866195	12571737.233653823	6178.277161409514	6972805.540608822	-6074169.929146174	6972897.817743615	6163.462169058479	492561719.201	0.08617769624105241	0.0	0.0	0.0	-0.04014910888670446	0.0	0.0	0.0	-0.04508294614805749	0.0859097209405
380	950.0	nan	nan	1	1	5.0	5.0	5.0	1.095	6.05549147948e-19	-1.40043265892e-17	1.11665412228e-18	0.958591811784	9.5497194391e-17	-5.61175871168e-19	5.62641635214e-19	0.953601190738	453868459.011	13035229.763	-6512816.76496	11411363.1036	-3750.15437392	7464076.74943	-5671843.6032	7425321.13691	-3689.31055058	496511718.95313513	12483540.84903353	-6204703.39348527	12483518.952854797	-3591.4369112146996	7110960.435059509	-6204742.279722776	7111059.905742307	-3514.773794337707	497254588.814	0.09075436326846412	0.0	0.0	0.0	-0.04228993414161705	0.0	0.0	0.0	-0.04750973399523739	0.0904863304299
390	1000.0	nan	nan	1	1	5.0	5.0	5.0	1.1	6.68626632739e-19	-6.10468887359e-17	-4.09275732201e-19	0.956551873006	-4.38518221216e-17	1.64377331327e-19	2.16099280668e-19	0.951299158108	455776973.427	12966874.2761	-6666081.66854	11275886.5519	5091.80939103	7634013.76876	-5764985.25471	7592172.81686	5199.94447458	500871985.1333209	12391546.25887831	-6335332.578549309	12391533.602328533	4865.890596828693	7255239.065337144	-6335378.435377241	7255315.248866194	4941.940299340705	501604237.583	0.09531017980432493	0.0	0.0	0.0	-0.04442025946987971	0.0	0.0	0.0	-0.04992669376118168	0.0950422899105
400	1050.0	nan	nan	1	1	5.0	5.0	5.0	1.105	-5.09596196892e-19	3.03805439541e-17	2.22134390417e-19	0.954526210506	-1.05471960257e-16	1.90608882912e-19	1.44059128504e-18	0.949011875107	457397007.644	12902240.2934	-6826092.78305	11145245.0007	5660.07829406	7810457.94901	-5862509.62499	7765422.39612	5708.63237458	504933068.51370573	12303571.605277888	-6471754.745107773	12303540.826660916	5397.448582480587	7405022.1553514935	-6471784.739880262	7405103.944991994	5412.300979852273	505664151.668	0.09984533496971612	0.0	0.0	0.0	-0.04654017626040267	0.0	0.0	0.0	-0.05233396716598964	0.0995778042088
410	1100.0	nan	nan	1	1	5.0	5.0	5.0	1.11	-2.55062796242e-19	6.53832011175e-18	-4.63115263911e-19	0.95251452882	-6.70254524184e-17	1.87736911825e-19	-1.32745944703e-18	0.946739374688	458760302.289	12836412.3868	-6983192.17029	11015187.6536	529.043195338	7987746.62043	-5956130.98407	7939394.7837	148.106646033	508725821.5212184	12214909.184921835	-6604795.965865253	12214898.194826666	503.4284028295052	7554916.915995304	-6604838.328077908	7554991.4839027375	140.08123425248465	509461822.472	0.10436001532424286	0.0	0.0	0.0	-0.048649918743282256	0.0	0.0	0.0	-0.05473143519640321	0.104093029326
420	1150.0	nan	nan	1	1	5.0	5.0	5.0	1.115	-3.5019518413e-20	-7.4828862559e-17	-7.04519653879e-19	0.950516558061	-6.37327177151e-17	-9.56806431985e-19	4.70632681318e-19	0.944481741664	459903966.736	12765755.3777	-7140240.01885	10882538.7067	8461.18911763	8158793.9305	-6048286.92739	8107071.62259	8633.4102263	512287668.60578394	12122106.184807338	-6737181.644212685	12122075.01086368	8034.576090406015	7698239.353630501	-6737195.22595482	7698313.194105746	8146.064102891948	513015751.285	0.10885440491208208	0.0	0.0	0.0	-0.050749696836106514	0.0	0.0	0.0	-0.05711892344605718	0.108588092317
430	1200.0	nan	nan	1	1	5.0	5.0	5.0	1.12	3.81164826264e-19	4.20694795122e-18	2.35581038455e-20	0.948532155881	-2.58985299942e-16	-9.69495382582e-19	-3.94145606181e-18	0.942238749285	460837059.271	12699196.9655	-7291463.32888	10754978.9018	11384.8856061	8322909.29355	-6134204.54538	8267752.15379	11565.2882013	515625488.9944097	12033647.23410122	-6863483.830998538	12033626.948617581	10788.21736181982	7834388.076381151	-6863493.624637697	7834449.147294737	10886.45241567077	516350995.979	0.11332868530700327	0.0	0.0	0.0	-0.05283958835673541	0.0	0.0	0.0	-0.05949658717150019	0.113063193356
440	1250.0	nan	nan	1	1	5.0	5.0	5.0	1.125	-6.19922238272e-19	-2.98655214523e-18	5.61079918217e-19	0.946561211074	7.40130507168e-17	2.50369042574e-18	-1.77373993111e-18	0.940010226925	461584709.494	12631471.7728	-7436395.24775	10627949.9006	9101.1184867	8488248.56559	-6213586.33223	8429569.45411	9376.86751136	518764360.0339686	11944524.205747172	-6983308.6669704495	11944506.642565694	8606.164983708144	7971074.398367818	-6983305.709343499	7971137.34643803	8805.55134302822	519492404.574	0.11778303565638346	0.0	0.0	0.0	-0.05491963945289097	0.0	0.0	0.0	-0.06186452406982423	0.117518500792
450	1300.0	nan	nan	1	1	5.0	5.0	5.0	1.13	-7.94728662761e-19	2.796102081e-18	-1.31824796372e-18	0.944603505617	-5.53767376904e-17	3.31229587046e-19	1.3091952991e-18	0.937796135557	462164164.479	12565315.2886	-7574416.89828	10503728.2928	7290.24093703	8656077.10426	-6286079.01474	8593794.15913	7357.4979268	521720949.65178955	11857319.113822455	-7096124.208653347	11857291.241915382	6879.4702895705705	8109482.104880924	-7096134.588568599	8109574.44384679	6892.902761311982	522451633.723	0.12221763272424911	0.0	0.0	0.0	-0.056990010308501426	0.0	0.0	0.0	-0.06422269308903351	0.121954168177
460	1350.0	nan	nan	1	1	5.0	5.0	5.0	1.135	-1.55171141981e-18	-4.10611198757e-17	4.51534735336e-19	0.94265891722	1.79717098001e-17	9.37625767941e-20	-1.62879141801e-18	0.935596230364	462583176.486	12493620.4298	-7712599.99685	10376451.9152	-13723.4455163	8830987.14062	-6357507.67345	8764683.61284	-14109.0835064	524501567.6420379	11765326.46786341	-7208590.683057929	11765376.634377757	-12923.461031206347	8253892.545973795	-7208482.518433589	8253761.563512292	-13187.071539073819	525253392.297	0.126632650933366	0.0	0.0	0.0	-0.05905076143843671	0.0	0.0	0.0	-0.06657127339096086	0.126370393952
470	1400.0	nan	nan	1	1	5.0	5.0	5.0	1.14	-1.14931783031e-19	-2.41451638524e-17	-2.22465262662e-18	0.940727145036	1.2314667913e-16	5.55820703883e-19	3.56283233439e-20	0.933410727718	462877039.324	12415965.5667	-7857968.04128	10245682.9658	-15075.1367676	9009200.76186	-6433859.55245	8939002.96652	-15458.6584699	527143886.9717005	11668173.015488137	-7327262.170064899	11668215.712663705	-14167.186844352831	8400743.75183431	-7327150.505589244	8400621.97651851	-14414.622560363701	527898629.528	0.131028262406404	0.0	0.0	0.0	-0.06110214421135805	0.0	0.0	0.0	-0.06890995236983619	0.13076726123
480	1450.0	nan	nan	1	1	5.0	5.0	5.0	1.145	-2.46846576654e-18	4.89571808623e-18	7.98063854991e-19	0.938807754101	3.8372710093e-18	-2.14019086864e-18	9.13842670969e-19	0.931239811104	463060200.244	12329182.6789	-8000250.01297	10108915.6016	11980.9080603	9185569.69537	-6506695.06445	9111602.47306	12693.6888396	529662533.0512891	11562913.232462673	-7442543.89115958	11562889.320057753	11236.284184875261	8545233.650481531	-7442558.414247055	8545308.44003075	11808.797997098289	530392811.666	0.13540463700620298	0.0	0.0	0.0	-0.06314455545160644	0.0	0.0	0.0	-0.07123845044459737	0.135144908691
490	1500.0	nan	nan	1	1	5.0	5.0	5.0	1.15	1.21549227931e-19	-1.47115282935e-16	4.19440127568e-19	0.936900308818	-8.14367651039e-17	-1.3860105995e-18	-1.55409369997e-18	0.929083293183	463103352.755	12236808.7307	-8142527.93038	9969276.05603	-10102.5048319	9356503.08154	-6578303.74168	9278389.67378	-10679.3410672	532022368.704159	11452905.592169631	-7557323.872406884	11452903.1803419	-9455.327498412142	8684050.54363392	-7557286.549284737	8684006.044367183	-9911.816069749646	532774987.527	0.13976194237515863	0.0	0.0	0.0	-0.06517839640822734	0.0	0.0	0.0	-0.07355688521756369	0.13950361504
500	1550.0	nan	nan	1	1	5.0	5.0	5.0	1.155	-2.87302987797e-19	1.28205881192e-17	-1.35173223492e-18	0.935004915252	3.04938213759e-17	-3.79429401339e-19	4.68832736305e-19	0.926941173988	463057109.329	12140421.8751	-8278610.56672	9827974.09195	4394.64180205	9525126.12454	-6644017.47725	9443100.1253	4134.78912693	534279472.8357878	11339649.230842588	-7665872.210268085	11339605.226015644	4104.774697546319	8820127.371487137	-7665927.341879554	8820240.694621304	3828.754210383119	535019404.155	0.14410034397375687	0.0	0.0	0.0	-0.06720349275325731	0.0	0.0	0.0	-0.07586517391097886	0.143843406518
510	1600.0	nan	nan	1	1	5.0	5.0	5.0	1.16	-1.71566523466e-18	8.73371569098e-17	5.16690097825e-20	0.933121394625	-3.47629521333e-16	1.09279492469e-18	-1.87448391227e-18	0.924813095635	462900932.97	12045464.0491	-8411432.37814	9689541.13595	-4283.45657557	9698484.33556	-6706109.60769	9612216.77378	-4865.06566597	536408854.55482936	11228237.122715952	-7770944.756502432	11228224.640959376	-3992.844604354692	8959994.27984542	-7771028.997717012	8960073.997233303	-4494.615759530101	537158489.521	0.14842000511827322	0.0	0.0	0.0	-0.06921997446037943	0.0	0.0	0.0	-0.07816362065930872	0.148164539909
520	1650.0	nan	nan	1	1	5.0	5.0	5.0	1.165	5.39877624756e-19	4.046551013e-17	-6.75508775435e-20	0.931249344283	6.05037751806e-17	1.53789005896e-18	2.77191531989e-19	0.922699388071	462665782.317	11952287.6708	-8541492.09936	9554087.82257	6851.31226585	9879541.6145	-6765100.54771	9788967.11453	6256.83209943	538444777.1730402	11118978.215629892	-7873028.765064082	11118930.522488173	6373.641091201433	9106361.559760058	-7873141.25268321	9106483.637093658	5767.167905087638	539186305.08	0.15272108701766393	0.0	0.0	0.0	-0.0712282134142528	0.0	0.0	0.0	-0.08045178759173427	0.152467084199
530	1700.0	nan	nan	1	1	5.0	5.0	5.0	1.17	6.75720533672e-19	-9.83765935597e-17	5.58538819375e-19	0.929388348204	-1.55738230539e-16	-8.29819318707e-19	3.57236145505e-19	0.920600087706	462348572.782	11859474.125	-8672318.46525	9420504.07821	10757.5432694	10066468.2002	-6823782.26442	9971341.62012	10946.1609218	540382512.2334898	11010538.458885388	-7975393.729446887	11010471.23311709	9987.4870202842	9257506.822800608	-7975481.747015721	9257563.972720906	10066.50569015096	541122948.283	0.1570037488096647	0.0	0.0	0.0	-0.07322859931107312	0.0	0.0	0.0	-0.08272955232852452	0.156751223922
540	1750.0	nan	nan	1	1	5.0	5.0	5.0	1.175	-5.24101636114e-21	-1.55938533979e-17	2.56219525611e-18	0.927538440432	-1.23405500635e-16	-2.06733300708e-18	6.30404270994e-19	0.918514925183	461957672.188	11765301.6334	-8802849.34951	9287412.73628	13638.590101	10254822.1161	-6881386.46278	10155109.2856	13926.6080134	542230633.142431	10901317.324515402	-8077063.282622282	10901257.823895922	12637.04095166619	9409322.356332818	-8077143.780160989	9409369.367393482	12778.373202850276	542971563.757	0.16126814759612232	0.0	0.0	0.0	-0.07522104014967212	0.0	0.0	0.0	-0.08499712494019757	0.161017108968
550	1800.0	nan	nan	1	1	5.0	5.0	5.0	1.18	1.74372320104e-18	-1.53600584078e-16	4.70050346167e-19	0.925699796096	3.89966504438e-16	-1.83013896643e-18	-3.27134712141e-18	0.916443421781	461491154.492	11669612.3992	-8920966.12871	9154668.97891	3837.01951099	10442558.0275	-6928531.5	10338289.6736	3209.6456064	543985789.6779703	10791175.754201228	-8166946.583467053	10791127.381877264	3548.185706517418	9559930.21102075	-8167052.916723951	9560069.096494528	2938.359348206472	544739055.04	0.16551443847757333	0.0	0.0	0.0	-0.07720529117906168	0.0	0.0	0.0	-0.08725494652555393	0.165264921822
560	1850.0	nan	nan	1	1	5.0	5.0	5.0	1.185	1.60221575929e-18	1.81961950378e-17	-1.12451564682e-18	0.923872273545	-6.36346207119e-17	3.44509103241e-18	-7.40095037663e-20	0.914385581874	460971633.088	11571922.4131	-9034911.0448	9021866.99188	7724.30287306	10626820.8699	-6971708.52965	10517874.2474	7036.35229025	545673543.4405631	10679669.018501958	-8252653.234093367	10679603.204496551	7128.720288476041	9706732.826172777	-8252735.361880006	9706893.265486905	6427.133061567089	546425997.201	0.16974277458709455	0.0	0.0	0.0	-0.0791814489895452	0.0	0.0	0.0	-0.08950293448018055	0.169494765449
570	1900.0	nan	nan	1	1	5.0	5.0	5.0	1.19	-6.89696577302e-19	3.26969813686e-17	-9.15669085762e-19	0.922055529745	-1.7583927529e-17	1.77702177019e-18	-1.84780237444e-18	0.91234141535	460393814.546	11472369.2913	-9151916.13261	8889164.77431	7810.21332598	10808940.2987	-7016600.23094	10695132.7876	7407.47026843	547286850.4147114	10566928.455811564	-8340805.491237165	10566873.051817343	7193.803071074478	9850971.893919727	-8340887.561222021	9851034.265230434	6750.965349316053	548042041.288	0.17395330712343798	0.0	0.0	0.0	-0.08114982974999084	0.0	0.0	0.0	-0.09174100002622505	0.173706808017
580	1950.0	nan	nan	1	1	5.0	5.0	5.0	1.195	-6.17169381193e-19	1.66622936438e-17	-1.23322703164e-19	0.920249496066	-6.39735927095e-17	1.14117837308e-18	2.07343077576e-18	0.910310756297	459763939.411	11378548.6708	-9273643.97498	8762354.67066	5224.05194349	10988971.5766	-7064382.14306	10870409.6572	4928.46774955	548832274.67885	10459942.37134122	-8432899.51296354	10459852.618285	4802.30685430189	9992716.272729263	-8432938.272069074	9992826.137745805	4481.655042717604	549593402.045	0.17814618538347404	0.0	0.0	0.0	-0.08311045432869817	0.0	0.0	0.0	-0.09396924732956541	0.177901192239
590	2000.0	nan	nan	1	1	5.0	5.0	5.0	1.2	1.56118760091e-19	-1.72290711407e-16	-3.89635155737e-19	0.918453984149	-2.65805820991e-17	2.1188979989e-18	-1.55504661204e-18	0.908293559075	459086683.323	11292629.3657	-9396206.36876	8643112.82596	3011.26120168	11171465.5021	-7112155.90865	11047991.9142	2218.61267927	550314629.8650674	10360664.101813385	-8525382.990441015	10360639.087310895	2762.745931269843	10136114.324452702	-8525456.277845582	10136216.244752413	2012.9956767564097	551082450.159	0.1823215567939546	0.0	0.0	0.0	-0.08506347449430547	0.0	0.0	0.0	-0.09618764968594372	0.182078054279
600	2050.0	nan	nan	1	1	5.0	5.0	5.0	1.205	2.71606408493e-18	1.16967515877e-16	-3.01358440765e-19	0.916668842106	-4.16284612203e-16	6.77116400956e-19	-4.56339000333e-20	0.906289740163	458365461.705	11214010.1866	-9517427.71719	8530716.26463	5119.00707912	11357834.2254	-7158261.86338	11229344.4434	3909.75246176	551737309.0411006	10268495.942948926	-8616285.29347885	10268475.330868857	4687.3957263413795	10282435.854525033	-8616443.575878905	10282537.285084236	3539.5638021563614	552508604.707	0.18647956694261839	0.0	0.0	0.0	-0.08700900378589992	0.0	0.0	0.0	-0.09839622256034383	0.18623753203
610	2100.0	nan	nan	1	1	5.0	5.0	5.0	1.21	-5.02841109138e-18	-3.93715488806e-17	2.11506773907e-18	0.914893887483	-1.9907497722e-17	1.5887968218e-18	-1.43847370267e-18	0.904299235406	457605231.925	11137456.5357	-9631977.79241	8421134.22518	7104.51124333	11545555.1527	-7198609.97122	11411958.6746	7009.44386866	553105645.8208537	10178610.324163163	-8700803.813469727	10178591.849941246	6492.869467790441	10429385.580643287	-8700931.587680459	10429480.017441545	6331.804044523135	553879958.423	0.1906203596086497	0.0	0.0	0.0	-0.08894719039558632	0.0	0.0	0.0	-0.10059496074529346	0.190379765719
620	2150.0	nan	nan	1	1	5.0	5.0	5.0	1.215	3.93076227085e-19	5.12558264491e-17	2.04362580393e-18	0.913129061007	-1.30832709033e-16	-2.46626618989e-18	1.25678513549e-19	0.902321809633	456797052.659	11062401.369	-9738645.7153	8313876.64032	-166.089592279	11734182.8791	-7232521.51461	11595455.226	-1675.09936681	554408236.5221328	10090476.58676273	-8777889.796758074	10090436.573510915	-151.4972279806632	10576559.326511262	-8778010.88072391	10576697.189697538	-1509.8441888461557	555195117.199	0.19474407679251185	0.0	0.0	0.0	-0.09087804911457832	0.0	0.0	0.0	-0.10278404911897313	0.194504919876
630	2200.0	nan	nan	1	1	5.0	5.0	5.0	1.22	-4.47291629665e-18	-1.36732452329e-16	-1.75777865401e-18	0.911374175748	-1.16317211295e-17	4.92355271384e-19	2.30032972651e-18	0.900357520971	455960758.186	10993621.5293	-9843488.4316	8212508.82948	4558.43903844	11917302.5684	-7264572.08036	11773411.3583	3704.13576734	555668466.6936322	10008429.96039244	-8853041.215517944	10008388.018171307	4149.935280503392	10718189.140868828	-8853160.182333771	10718339.053276215	3331.427353626214	556456259.034	0.19885085874516517	0.0	0.0	0.0	-0.09280173526083468	0.0	0.0	0.0	-0.10496334901560674	0.198613087449
640	2250.0	nan	nan	1	1	5.0	5.0	5.0	1.225	-2.78260911085e-18	-5.65383639683e-17	4.08857509684e-18	0.909629233699	9.66883874126e-17	4.48320725065e-19	-3.19458476057e-18	0.898406068477	455087890.378	10935111.3775	-9952852.20483	8119880.50986	8317.63888341	12091457.0747	-7299451.61023	11942392.5437	7745.71031855	556875605.072301	9936065.48961283	-8931965.9143165	9936022.17867686	7557.728660594525	10851209.303924976	-8932091.180818904	10851320.148510043	6951.2155032186065	557665785.253	0.20294084399669038	0.0	0.0	0.0	-0.09471819799123947	0.0	0.0	0.0	-0.10713312082003151	0.202704436855
650	2300.0	nan	nan	1	1	5.0	5.0	5.0	1.23	1.22221560333e-18	5.98886572073e-17	-2.10514157172e-19	0.9078942901	1.52056707713e-16	1.11056276425e-18	-3.54409173043e-18	0.896467173337	454184008.927	10881019.3227	-10061186.3244	8031532.65046	7850.56316361	12261424.0765	-7333019.74128	12107220.4646	7295.66414281	558035930.988852	9868021.313036192	-9009668.162026918	9867991.19250183	7119.6936904838985	10979953.910131002	-9009759.079700511	10980065.93344185	6533.1771849713805	558832551.703	0.20701416938432612	0.0	0.0	0.0	-0.09662732775296112	0.0	0.0	0.0	-0.10929360307472182	0.206779109321
660	2350.0	nan	nan	1	1	5.0	5.0	5.0	1.235	-2.42256716871e-18	1.17485865299e-16	-4.44692297309e-21	0.906169267191	1.22928568146e-16	2.3309469897e-18	-1.78978061755e-18	0.894540724294	453252845.831	10829976.0159	-10166798.8528	7946363.08201	13428.1636288	12426914.7717	-7364181.64617	12267549.5501	13154.0656375	559153559.4231989	9803032.003744517	-9084644.65723899	9802999.016208496	12154.848506718663	11104193.809794612	-9084793.217669675	11104288.751017895	11753.94672845071	559951016.329	0.2110709700799406	0.0	0.0	0.0	-0.09852916126040645	0.0	0.0	0.0	-0.11144484963091272	0.210837225416
670	2400.0	nan	nan	1	1	5.0	5.0	5.0	1.24	-1.28828417321e-18	8.37810015773e-17	-2.65624238303e-19	0.904454109356	-2.37328573304e-16	-1.89314841562e-18	3.86564661303e-18	0.892626536368	452294917.491	10781488.7238	-10269759.6933	7863970.06974	19859.1762778	12587778.3466	-7392900.26021	12423386.1607	19712.9956397	560228731.0740117	9740634.651289258	-9156975.664235096	9740595.799337307	17941.954543860862	11223824.454412632	-9157111.812596463	11224021.916020755	17576.985901595333	561026251.761	0.2151113796169455	0.0	0.0	0.0	-0.10042371135871751	0.0	0.0	0.0	-0.11358699793467696	0.214878926714
680	2450.0	nan	nan	1	1	5.0	5.0	5.0	1.245	-2.05564308387e-19	8.18143962146e-17	-1.2544293251e-18	0.902748614218	2.34877048197e-16	4.70402725108e-19	-1.41412150544e-18	0.890724470145	451297029.213	10736698.1795	-10364929.6129	7785186.98635	748.551376229	12747599.4082	-7415553.46956	12577788.6501	-330.407650963	561244710.187796	9681842.419838183	-9222107.392773647	9681860.794721898	675.0079350904967	11342067.44599264	-9222174.950194463	11342050.010571169	-293.977378947443	562065562.16	0.219135529916671	0.0	0.0	0.0	-0.1023111538930425	0.0	0.0	0.0	-0.11572013598467189	0.218904387205
690	2500.0	nan	nan	1	1	5.0	5.0	5.0	1.25	7.78105641171e-19	-1.36663458849e-16	1.57084907046e-18	0.901052715373	-2.80618627294e-16	3.68176105414e-18	5.9345245867e-19	0.888834664246	450298487.588	10696805.0055	-10451615.9656	7710693.76887	18532.1454295	12906073.9064	-7431965.14901	12731163.6139	18542.2220094	562249793.9261416	9627711.821589787	-9279471.256039394	9627693.856572198	16679.948408823	11458662.683066128	-9279668.9055735	11458746.267237332	16462.71894467283	563059953.788	0.22314355131420976	0.0	0.0	0.0	-0.10419151545711335	0.0	0.0	0.0	-0.11784404024037576	0.222913623015
700	2550.0	nan	nan	1	1	5.0	5.0	5.0	1.255	1.51322436027e-18	3.6641586507e-18	-3.01252561647e-19	0.899366038266	-2.41530280239e-16	-3.41665297654e-19	-8.7858492454e-19	0.88695701735	449267257.977	10659408.023	-10533367.5208	7638806.08545	16959.6281646	13060220.7545	-7444471.92394	12880076.4757	17078.5619781	563203974.6636496	9576058.414801553	-9332264.254385317	9576050.49694176	15235.967105027066	11570984.403698541	-9332432.093347875	11571033.255531708	15131.120522453943	564020974.613	0.22713557258374711	0.0	0.0	0.0	-0.10606516579209602	0.0	0.0	0.0	-0.11995875630217483	0.226906851694
