inc	time	elem	node	ip	grain	1_pos	2_pos	3_pos	1_f	2_f	3_f	4_f	5_f	6_f	7_f	8_f	9_f	1_p	2_p	3_p	4_p	5_p	6_p	7_p	8_p	9_p	1_Cauchy	2_Cauchy	3_Cauchy	4_Cauchy	5_Cauchy	6_Cauchy	7_Cauchy	8_Cauchy	9_Cauchy	Mises(Cauchy)	1_ln(V)	2_ln(V)	3_ln(V)	4_ln(V)	5_ln(V)	6_ln(V)	7_ln(V)	8_ln(V)	9_ln(V)	Mises(ln(V))
0	0.0	nan	nan	1	1	5.0	5.0	5.0	1.0	0.0	0.0	0.0	1.0	0.0	0.0	0.0	1.0	3.27488834959e-06	7.18607846212e-07	1.63264088861e-06	7.18607846212e-07	-2.24293905209e-07	4.29657756461e-07	1.63264088861e-06	4.29657756461e-07	2.89621063775e-06	3.27488834959e-06	7.18607846212e-07	1.63264088861e-06	7.18607846212e-07	-2.24293905209e-07	4.29657756461e-07	1.63264088861e-06	4.29657756461e-07	2.89621063775e-06	4.60023573512e-06	0.0	0.0	0.0	0.0	0.0	0.0	0.0	0.0	0.0	0.0
10	2.5	nan	nan	1	1	5.0	5.0	5.0	1.00025	3.07417797246e-21	6.34848422629e-20	2.4531075041e-22	0.999925317626	4.25959564491e-20	-5.13239720695e-23	5.74412311933e-22	0.999934867556	58718898.684	-391920.491792	962128.146639	-391793.274169	16.6081881268	592742.244936	961825.024295	592747.905853	19.0376732509	58727109.31843794	-391848.0581796664	961959.5161406772	-391848.05842792755	16.60511864948119	592638.3560512504	961959.5158104191	592638.3558985493	19.03433655158565	58763608.3779	0.0002499687552074404	0.0	0.0	0.0	-7.468516286733706e-05	0.0	0.0	0.0	-6.513456520948673e-05	0.000213323688831
20	5.0	nan	nan	1	1	5.0	5.0	5.0	1.0005	-6.02807871398e-23	-1.97521342883e-19	-2.65111386323e-21	0.999850607477	1.48776562802e-19	-7.92258081067e-22	-9.58779878131e-22	0.999869710177	117484274.191	-784129.508265	1924900.64077	-783620.551206	-290.571495248	1185424.47565	1923687.99641	1185447.12504	-303.282826699	117517139.37284318	-783839.7657896226	1924226.136431627	-783839.7620926381	-290.4641266265925	1185009.0911180899	1924226.1310347987	1185009.092316046	-303.17655337868945	117590440.521	0.0004998750416509929	0.0	0.0	0.0	-0.00014940368317420074	0.0	0.0	0.0	-0.00013029831145608807	0.000426626647265
30	7.5	nan	nan	1	1	5.0	5.0	5.0	1.00075	3.1070971759e-21	4.17698453552e-20	-6.99877516281e-21	0.99976876934	-5.30116273143e-20	2.88163876019e-21	1.41354826928e-21	0.999803475696	171613453.335	-1164417.57024	2922373.31126	-1163275.65382	-3104.59748574	1779866.67298	2919609.34695	1779928.48534	105.235767294	171686885.45063344	-1163773.6213572836	2920858.565933557	-1163773.4107887272	-3102.8805740982298	1778944.1198228796	2920858.6259954553	1778944.1451954124	105.1812207423774	171802364.912	0.0007497188905459742	0.0	0.0	0.0	-0.00023125739793086465	0.0	0.0	0.0	-0.00019654361743163488	0.000642725491622
40	10.0	nan	nan	1	1	5.0	5.0	5.0	1.001	1.49367622124e-20	-3.51973622447e-20	7.83960425547e-21	0.999639936333	-7.1226557993e-20	-6.43091567229e-21	-9.93508539162e-21	0.999722552017	192351344.19	-1532313.43664	3484919.26761	-1530231.7377	2503.0570425	2659456.43966	3480471.86854	2659676.29778	2318.10742522	192474029.39811254	-1531207.4844141193	3482691.820568165	-1531207.7475115806	2501.250452907123	2657756.6016079485	3482691.7772041163	2657756.6677282644	2316.625766354914	192639396.049	0.0009995003330834232	0.0	0.0	0.0	-0.0003601285054864129	0.0	0.0	0.0	-0.00027748647881174705	0.000880166095562
50	12.5	nan	nan	1	1	5.0	5.0	5.0	1.00125	5.98217018998e-21	-3.03914506406e-19	-1.43193235839e-20	0.999495532064	4.61303117984e-19	2.30907467994e-21	2.93329586633e-20	0.999635965326	201954903.459	-1801511.89818	3624262.50404	-1798355.0769	1593.80304167	3053351.85809	3618420.05355	3053780.97481	765.788757377	202130417.13383907	-1799918.0522368036	3621564.79506757	-1799917.9798194445	1592.3929613287135	3051079.1047520805	3621564.7268896042	3051079.2127938685	765.2187448021772	202319604.953	0.0012492194004318981	0.0	0.0	0.0	-0.0005045952227590934	0.0	0.0	0.0	-0.00036410095070714036	0.00112530558106
60	15.0	nan	nan	1	1	5.0	5.0	5.0	1.0015	2.8105529263e-20	-3.25284562435e-19	6.10087060788e-21	0.99934803623	3.99433833876e-19	4.26163451587e-21	-1.43573480427e-20	0.999547573125	208979991.076	-2072962.22551	3632977.03409	-2068507.95222	1400.62602522	3229826.07448	3625894.59365	3230470.94637	1105.00257013	209210980.01504838	-2070794.322355004	3629902.29527942	-2070794.3072668938	1399.1612510231166	3227092.539010483	3629902.353153559	3227092.52100818	1104.0673607256224	209409517.396	0.0014988761237359487	0.0	0.0	0.0	-0.0006521763907972984	0.0	0.0	0.0	-0.00045252925091776515	0.00137233530378
70	17.5	nan	nan	1	1	5.0	5.0	5.0	1.00175	3.36034886019e-20	8.48467847123e-19	-5.09419180241e-21	0.999199044103	-3.58222971975e-20	8.34583879035e-21	-7.15933091971e-20	0.999458152557	214666352.269	-2328094.53914	3597875.38391	-2322166.1566	-3541.84801542	3353198.3716	3589643.86011	3354067.69524	-3116.01428502	214954901.13865152	-2325287.4420854305	3594469.1124650557	-2325287.5513251047	-3537.5774366420906	3350023.746955274	3594468.965056994	3350023.5323463343	-3113.064213283617	215164329.308	0.001748470534116803	0.0	0.0	0.0	-0.0008012768335563975	0.0	0.0	0.0	-0.0005419942953760937	0.00162033386194
80	20.0	nan	nan	1	1	5.0	5.0	5.0	1.002	-1.82771760198e-20	6.48116430957e-19	-6.18193430792e-21	0.999049785898	-6.70425336981e-19	-5.01519605391e-21	-4.2092481337e-20	0.999367597742	219560207.503	-2514376.52719	3540736.01325	-2506973.80018	5935.40552329	3497478.6978	3531433.70049	3498591.34914	5640.22804756	219908105.5218569	-2510945.739322129	3537029.6113140658	-2510946.15577361	5927.306848712028	3493817.5771268113	3537029.3355192128	3493817.631033157	5634.323921390651	220113831.862	0.001998002662673058	0.0	0.0	0.0	-0.0009506658416085245	0.0	0.0	0.0	-0.0006326023086536072	0.00186880192603
90	22.5	nan	nan	1	1	5.0	5.0	5.0	1.00225	-3.60464631435e-20	-1.84546925982e-18	-5.1926262953e-21	0.998900575721	2.18776119849e-18	4.25956656434e-21	-2.09089545362e-20	0.99927602136	223935414.346	-2633934.73044	3473664.21597	-2625133.23749	-1867.70797495	3664057.79961	3463356.63056	3665434.68269	-1180.65079204	224344305.83910292	-2629925.6916818377	3469680.6685982137	-2629926.5599406105	-1864.8651886144125	3659855.911658193	3469680.494375616	3659855.626558278	-1179.296838961287	224562017.542	0.00224747254047937	0.0	0.0	0.0	-0.0011000290892090668	0.0	0.0	0.0	-0.0007242408390944333	0.00211754912733
100	25.0	nan	nan	1	1	5.0	5.0	5.0	1.0025	-3.71605720311e-20	1.49835098077e-18	1.41679495318e-20	0.998751652688	1.05128824232e-18	-1.40744781226e-20	-2.35243962355e-20	0.99918362708	227976236.954	-2702062.0901	3413157.7304	-2691960.05302	-613.046878819	3836638.31581	3401866.38298	3838297.70133	116.70045961	228447684.69563922	-2697525.9677994875	3408901.608271778	-2697526.942378891	-612.0177183017529	3831854.124007651	3408901.3364692004	3831854.1085410705	116.55493706233207	228668316.396	0.002496880198587146	0.0	0.0	0.0	-0.0012491271465765892	0.0	0.0	0.0	-0.0008167063338448801	0.00236640442196
110	27.5	nan	nan	1	1	5.0	5.0	5.0	1.00275	4.59197943325e-20	-2.01158470441e-18	2.3260318825e-21	0.998603030029	-6.98580497081e-19	3.13079590045e-20	-8.15706583481e-20	0.999090548462	231772929.009	-2735090.79233	3364894.9748	-2723780.55387	-261.503575357	4004841.89781	3352614.55644	4006797.17753	376.203296242	232308435.03788868	-2730072.788946622	3360361.214558613	-2730073.786277269	-261.0238012194909	3999445.8919597995	3360360.6953665344	3999446.0059163417	375.69641101676865	232532589.183	0.0027462256680252286	0.0	0.0	0.0	-0.001397946643243798	0.0	0.0	0.0	-0.0009098653399573766	0.00261531340645
120	30.0	nan	nan	1	1	5.0	5.0	5.0	1.003	-4.10155955771e-20	-7.71098232311e-19	2.99182955754e-20	0.998454706077	-7.71400101536e-19	2.07622333751e-22	-1.13233581233e-19	0.998996906786	235386158.04	-2744941.14732	3328714.84526	-2732503.25337	-193.459039258	4165865.40256	3315428.9588	4168127.84584	318.580626154	235987178.93373713	-2739478.9071582966	3323894.9642402767	-2739480.263238189	-193.0740693525788	4159833.3521988485	3323894.376191287	4159833.5640697377	318.1193307938885	236214925.075	0.002995508979798371	0.0	0.0	0.0	-0.001546489121101341	0.0	0.0	0.0	-0.0010035966486879174	0.00286423636567
130	32.5	nan	nan	1	1	5.0	5.0	5.0	1.00325	-3.76657208914e-20	-3.06451133303e-19	5.84733975014e-21	0.998306663103	1.04330181351e-18	1.81102923312e-20	-8.71393416294e-20	0.998902794672	238853713.271	-2741237.02489	3303369.78391	-2727730.99912	-158.636361641	4319306.38532	3289055.42359	4321885.9401	283.853541433	239521663.57053164	-2735358.114575796	3298253.665552041	-2735359.051926685	-158.29614701008578	4312616.827644919	3298253.21049177	4312617.139336196	283.4139211636097	239752946.455	0.0032447301648890294	0.0	0.0	0.0	-0.0016947722124668902	0.0	0.0	0.0	-0.0010978076984224038	0.00311315079626
140	35.0	nan	nan	1	1	5.0	5.0	5.0	1.0035	5.86389628709e-20	1.34943450812e-18	-1.88456558958e-20	0.998158869045	6.18400225945e-20	9.83765902509e-21	-5.7551918299e-20	0.998808294383	242200897.442	-2728755.38347	3287047.74672	-2714232.43815	-125.61016117	4465322.7963	3271679.2686	4468228.28189	227.625652696	242937153.09958702	-2722482.4479193403	3281625.107068076	-2722483.311741716	-125.3214051861176	4457956.357379841	3281624.699838106	4457956.5997129455	227.25013886559188	243171952.838	0.003493889254255838	0.0	0.0	0.0	-0.0018428279198058422	0.0	0.0	0.0	-0.0011924162627814949	0.00336204451417
150	37.5	nan	nan	1	1	5.0	5.0	5.0	1.00375	-1.62513848503e-20	7.1676978516e-19	-3.72280906486e-20	0.998011297257	2.45222655675e-19	-8.79954735634e-21	-2.82091336347e-20	0.998713469572	245446729.055	-2711105.30058	3278205.45439	-2695605.96468	-119.935042094	4604526.31224	3261755.82215	4607766.21492	214.771614865	246252633.80577508	-2704456.003126009	3272466.0737291807	-2704456.7717839177	-119.64088761395355	4596464.85006614	3272465.5371380937	4596465.138508509	214.395599368107	246490949.417	0.003742986278834297	0.0	0.0	0.0	-0.0019906828379488194	0.0	0.0	0.0	-0.0012873587187614566	0.00361090930845
160	40.0	nan	nan	1	1	5.0	5.0	5.0	1.004	2.08329573175e-20	1.14241692095e-18	-1.45525885166e-20	0.997863943254	4.83327008589e-19	4.94215600582e-20	1.22282109954e-20	0.9986183511	248604631.68	-2689953.17189	3275597.6266	-2673513.80906	-97.256004821	4737332.08917	3258039.19222	4740913.88655	187.274089231	249481497.86373964	-2682943.1123820567	3269531.3413304966	-2682943.69713201	-97.00255417047165	4728558.725910756	3269530.7898368677	4728558.991745865	186.9272645662013	249723321.307	0.003992021269537457	0.0	0.0	0.0	-0.0021383413691807205	0.0	0.0	0.0	-0.0013826042569214205	0.00385973759081
170	42.5	nan	nan	1	1	5.0	5.0	5.0	1.00425	-3.11175006685e-21	-6.51316430855e-19	3.65663461585e-20	0.997716784759	2.28829797091e-18	-3.50492969151e-20	-3.50641861661e-21	0.998522982008	251684896.657	-2667408.5401	3278467.03803	-2650056.0599	-70.2689002075	4864100.79986	3259770.2028	4868031.57248	153.780857495	252634007.47740978	-2660048.9701611446	3272063.3447189415	-2660049.495797631	-70.07502331243182	4854599.954069859	3272062.8878701865	4854600.3270282345	153.48048374193584	252879356.349	0.004240994257254614	0.0	0.0	0.0	-0.0022858257512469128	0.0	0.0	0.0	-0.001478109858344225	0.00410852599338
180	45.0	nan	nan	1	1	5.0	5.0	5.0	1.0045	4.72754399589e-21	-1.08460056335e-18	-1.58959298314e-20	0.997569796182	1.33844523274e-18	4.71889995849e-20	2.0990328429e-20	0.998427403099	254695802.8	-2644808.12408	3285241.7354	-2626561.59392	-62.8834240224	4985620.65726	3265380.90526	4989907.1979	143.48844962	255718415.36991075	-2637106.911113714	3278491.7789477888	-2637107.3307246873	-62.70031862581022	4975377.051146901	3278491.523976742	4975377.471655152	143.19363393691253	255967300.718	0.004489905272852001	0.0	0.0	0.0	-0.002433161556207975	0.0	0.0	0.0	-0.001573834729413458	0.00435727335051
190	47.5	nan	nan	1	1	5.0	5.0	5.0	1.00475	2.15668733159e-20	3.59707657777e-19	4.74677594514e-20	0.997422965295	-5.83101947665e-19	5.4891705449e-21	5.34228394763e-20	0.998331638806	257643448.767	-2622229.57594	3295360.94592	-2603107.55697	-55.892903508	5102356.64639	3274309.95493	5107005.46842	137.184606083	258740793.43379033	-2614194.2901156154	3288255.931161362	-2614194.608507281	-55.72163114521597	5091355.630151911	3288255.764860957	5091356.095450534	136.8888270570079	258993209.981	0.00473875434717347	0.0	0.0	0.0	-0.00258036097477277	0.0	0.0	0.0	-0.0016697544583980104	0.00460597772067
200	50.0	nan	nan	1	1	5.0	5.0	5.0	1.005	3.42725743199e-20	2.77438073171e-18	5.80035589134e-20	0.997276286587	5.17929793409e-18	7.39251313439e-20	6.5740592773e-20	0.99823570381	260532581.448	-2600328.36995	3308059.79207	-2580344.48367	-48.7279461518	5214593.67739	3285794.22807	5219610.7134	131.150320789	261705862.2598986	-2591964.405811361	3300591.648899172	-2591964.791018709	-48.57121256424896	5202821.419750099	3300591.453423602	5202821.819609108	130.85424108243055	261961793.819	0.004987541511038968	0.0	0.0	0.0	-0.002727429469560856	0.0	0.0	0.0	-0.0017658543935479745	0.00485463718984
210	100.0	nan	nan	1	1	5.0	5.0	5.0	1.01	2.00405182906e-20	-5.29230900374e-18	7.1309586247e-20	0.994364954561	5.14924563526e-18	-7.16073712675e-20	2.26992008565e-19	0.996296998923	309100129.146	-2374749.41301	3693490.50403	-2337987.15826	3083.21080411	6887862.20526	3643377.61221	6901245.5168	-516.913500122	312007155.9596044	-2359976.0363885993	3677644.987733199	-2359975.474401124	3064.0300711186947	6858312.45206462	3677642.8725967975	6858312.692554259	-514.6958793426079	312323651.003	0.009950330853168092	0.0	0.0	0.0	-0.005650982205350011	0.0	0.0	0.0	-0.0037098741580851705	0.00981801145911
220	150.0	nan	nan	1	1	5.0	5.0	5.0	1.015	2.94982532604e-19	-1.27555237466e-17	-7.64513409346e-20	0.991479024195	-2.81125933855e-18	4.50250951025e-20	-1.63583237938e-20	0.994348527771	346298620.12	-2340831.73559	4054398.88724	-2286594.95028	-2459.08079174	8050593.26333	3971908.30127	8073890.44903	-1034.39718104	351259917.7578331	-2319345.8819843377	4028811.0639038603	-2319354.1859985087	-2436.5095624233177	7999784.952677214	4028812.4242663677	7999782.419145361	-1027.868969814619	351627030.343	0.014888612493750559	0.0	0.0	0.0	-0.008557486873906667	0.0	0.0	0.0	-0.005667502222080762	0.0147620040724
230	200.0	nan	nan	1	1	5.0	5.0	5.0	1.02	-1.55467768949e-19	7.76438045057e-19	-1.89841259303e-19	0.988611897696	1.94097599863e-18	-2.38228016415e-22	-5.72559944348e-19	0.992403081587	375602831.513	-2336468.46775	4348635.85153	-2264545.93179	7747.91968126	8974761.1601	4230989.2401	9009190.84893	8106.32018632	382837895.874379	-2308190.4954145416	4312479.438926549	-2308166.837148464	7654.147622519156	8900141.169233706	4312488.837270545	8900153.79017772	8038.920783988076	383233949.668	0.01980262729617973	0.0	0.0	0.0	-0.01145344328790769	0.0	0.0	0.0	-0.007625921982895457	0.0196859633199
240	250.0	nan	nan	1	1	5.0	5.0	5.0	1.025	2.11667246946e-19	5.74950082728e-19	5.69894354825e-20	0.985763870413	2.37150696385e-18	-1.9341467955e-19	7.51264871065e-19	0.990463611042	399041319.166	-2337244.94556	4556902.0269	-2247754.16565	6799.05184304	9713883.95998	4403372.13996	9760210.7811	6894.72095709	408701702.09674966	-2302193.584758922	4509962.485399039	-2302169.999127469	6697.0873400433	9613823.59954579	4509973.283790202	9613838.159679724	6823.700110340964	409128038.834	0.024692612590371414	0.0	0.0	0.0	-0.014338435399733096	0.0	0.0	0.0	-0.009582151487089827	0.0245890869942
250	300.0	nan	nan	1	1	5.0	5.0	5.0	1.03	4.2133271681e-20	1.29585585367e-17	6.24819147498e-20	0.982936011414	-3.35808858917e-18	1.98893923927e-19	1.97607658075e-19	0.988531210366	418030444.943	-2333736.89144	4696592.15739	-2227078.56083	-5614.23284608	10320508.2518	4507499.15912	10379258.4342	-8645.01072598	430221668.60030925	-2292051.0232883333	4638957.325918671	-2292027.927953677	-5513.949831721016	10193858.814536212	4638953.532955039	10193861.185612494	-8538.922370942462	430684100.521	0.02955880224154443	0.0	0.0	0.0	-0.017211256158231592	0.0	0.0	0.0	-0.011535063409097705	0.0294707513042
260	350.0	nan	nan	1	1	5.0	5.0	5.0	1.035	-3.74517602862e-19	-1.45729106899e-17	-3.05209793697e-19	0.980128712868	-5.57625611979e-18	2.15556650186e-19	6.55019511662e-20	0.986607107641	433595020.525	-2324095.96403	4783457.61584	-2200832.28419	8125.22406093	10844613.1714	4559812.32445	10916325.376	5631.09210724	448391048.74494106	-2275985.374013713	4715399.231629274	-2275933.646158605	7957.025617476671	10690317.490511807	4715411.6939918995	10690348.969355224	5550.973694798872	448858073.976	0.03440142671733232	0.0	0.0	0.0	-0.020071376280593394	0.0	0.0	0.0	-0.013483386031478153	0.0343305603215
270	400.0	nan	nan	1	1	5.0	5.0	5.0	1.04	1.94585967297e-19	-5.06784444554e-18	-2.75682754552e-20	0.977342737625	2.18148041609e-17	8.80914265144e-20	4.50152516532e-19	0.984691265527	446449192.44	-2319959.55591	4843490.85901	-2180134.88739	-4943.49439335	11295807.8107	4585897.89677	11380750.56	-9373.05877127	463900740.66403157	-2265410.916412752	4765168.420205742	-2265355.6241870397	-4827.25922328717	11113147.1550383	4765159.097487085	11113157.766011817	-9221.490234569677	464396853.124	0.03922071315328133	0.0	0.0	0.0	-0.022917882290613523	0.0	0.0	0.0	-0.015427122954580133	0.0391683049599
280	450.0	nan	nan	1	1	5.0	5.0	5.0	1.045	3.38780091677e-20	-2.12946200522e-17	-9.70646817994e-20	0.974578961493	6.63698489173e-17	-2.99505556193e-19	9.43913994958e-19	0.982783582438	457162665.28	-2308628.98738	4883289.83709	-2153003.32888	-6968.30395524	11674439.5537	4592534.20767	11772723.8751	-10044.2402387	477304832.2384705	-2247915.392023554	4794895.861116762	-2247862.67721695	-6785.047663746807	11463116.825818313	4794877.044910921	11463118.305082817	-9862.426264934682	477813969.962	0.04401688541677426	0.0	0.0	0.0	-0.025749735617755218	0.0	0.0	0.0	-0.017366343360681262	0.0439837430863
290	500.0	nan	nan	1	1	5.0	5.0	5.0	1.05	5.26712218127e-19	2.54243027168e-17	2.47624788174e-19	0.971837903085	3.3395173918e-17	-7.38771548683e-19	-5.50730234393e-19	0.980883852549	466143065.49	-2293361.55119	4897871.988	-2122575.15541	-6006.88835634	11986098.2786	4575446.94537	12097675.7785	-9867.97228958	488998818.2083484	-2226720.1693659048	4799812.78129203	-2226648.4678107	-5832.337884643652	11746127.268413752	4799788.551416144	11746136.863791674	-9670.407809147853	489515401.789	0.04879016416943205	0.0	0.0	0.0	-0.02856625480221219	0.0	0.0	0.0	-0.01930122342013465	0.0487768010124
300	550.0	nan	nan	1	1	5.0	5.0	5.0	1.055	2.74087950331e-19	3.5698203562e-18	5.52715467863e-19	0.969120195868	2.54278496672e-17	-8.173867941e-20	-2.63073213294e-19	0.978991610525	473703905.8	-2271395.72631	4874406.26854	-2086427.92577	-8061.57548205	12250359.2056	4523206.03033	12375146.6641	-10032.5924459	499287106.8693482	-2199183.024607284	4767510.07938231	-2199109.08479809	-7805.280139588634	11981707.672931656	4767489.617472044	11981713.3384004	-9812.576747421888	499809755.397	0.05354076692802976	0.0	0.0	0.0	-0.03136663364039046	0.0	0.0	0.0	-0.021232205921439522	0.0535474260513
310	600.0	nan	nan	1	1	5.0	5.0	5.0	1.06	-9.02255524948e-20	-2.16740246381e-17	-4.7116207691e-20	0.966426385606	3.23384473767e-17	-4.43686445684e-19	8.80891104087e-19	0.977106430709	480109053.026	-2248957.1598	4821787.19418	-2050357.79774	6867.97871001	12471628.6986	4444744.26565	12609536.0718	6016.0541161	508427748.4178505	-2171368.063134155	4706882.915571129	-2171295.8586920816	6631.033216536741	12174426.968001014	4706912.533797196	12174506.658757128	5872.690186825657	508937795.603	0.058268908123975824	0.0	0.0	0.0	-0.03415014918796498	0.0	0.0	0.0	-0.0231596966298963	0.0582955875479
320	650.0	nan	nan	1	1	5.0	5.0	5.0	1.065	1.11903971116e-18	-2.23954584812e-17	-4.23516473627e-22	0.963756472201	1.40536265537e-17	9.6561755987e-20	-6.33785785338e-20	0.97522811526	485534360.268	-2218332.30475	4749413.05048	-2007373.27003	-8745.1642699	12661498.5044	4349038.70667	12812218.8894	-8792.81484906	516590539.581262	-2135850.1653383286	4627250.658269694	-2135770.65922464	-8420.001147610463	12335824.799075847	4627215.777063348	12335834.344872782	-8566.649787228853	517116039.003	0.06297479916138839	0.0	0.0	0.0	-0.03691663848408665	0.0	0.0	0.0	-0.02508387098045413	0.0630214127435
330	700.0	nan	nan	1	1	5.0	5.0	5.0	1.07	7.96369789097e-19	3.34246347827e-17	2.52587871849e-19	0.961110495353	-4.39182347987e-17	6.41627457545e-20	3.7212539653e-19	0.973356712437	490145513.399	-2187100.0235	4671957.12363	-1964550.93543	-4591.48628605	12825898.351	4250011.13548	12989263.9793	5486.17437517	523937741.4600271	-2099968.785784379	4542989.687371386	-2099993.475314095	-4408.5674077371605	12471844.753274163	4543020.745128582	12471788.493327402	5334.73080980534	524454055.973	0.06765864847381486	0.0	0.0	0.0	-0.03966589706581565	0.0	0.0	0.0	-0.027004653049330963	0.0677249434282
340	750.0	nan	nan	1	1	5.0	5.0	5.0	1.075	1.129508509e-18	-2.6809148646e-17	5.52781642312e-19	0.958487993568	-7.0584420165e-17	5.33101361178e-19	-9.67715289903e-19	0.971492355673	494051284.348	-2148152.61273	4603563.96795	-1915327.64298	-8212.18270639	12967979.0958	4160257.12258	13143886.9625	-5401.48938991	530574004.52119464	-2056919.4276671864	4467854.699487483	-2056918.157488752	-7863.406934976071	12585693.768870585	4467803.953344846	12585659.085863944	-5242.2579381878	531096509.913	0.07232066157962608	0.0	0.0	0.0	-0.04239824284719255	0.0	0.0	0.0	-0.02892187877717442	0.0724064014962
350	800.0	nan	nan	1	1	5.0	5.0	5.0	1.08	-9.1013028438e-20	1.73419937434e-17	-3.00431998479e-20	0.955888566555	3.50825561932e-17	-8.99443110866e-20	-1.42010367563e-20	0.96963540304	497363114.431	-2095845.37696	4537255.87359	-1855050.39218	4507.27363302	13106367.8465	4073615.80395	13294786.9007	9891.74623927	536608864.74701416	-2001368.3134661743	4395034.100112274	-2001428.0434427182	4304.09357885609	12695544.447751317	4395055.219311733	12695481.035886535	9581.686209125064	537117414.286	0.0769610411361284	0.0	0.0	0.0	-0.04511393490559662	0.0	0.0	0.0	-0.030835151297367917	0.0770659206136
360	850.0	nan	nan	1	1	5.0	5.0	5.0	1.085	3.75579702768e-19	3.08651129743e-17	-2.85344224106e-20	0.953311523138	-2.57425488769e-17	2.60992026873e-20	2.11055795037e-18	0.967786150825	500144370.853	-2026878.14608	4460440.97245	-1780924.35091	-3446.72461122	13238371.1332	3978580.7917	13439319.387	4783.95193913	542102162.3274987	-1930271.946570134	4312342.193273907	-1930328.516790937	-3282.4448955940893	12798821.18394239	4312349.345243629	12798767.0318975	4625.111715439522	542616274.297	0.08157998699242285	0.0	0.0	0.0	-0.047813541925322396	0.0	0.0	0.0	-0.03274413468087663	0.0817037700162
370	900.0	nan	nan	1	1	5.0	5.0	5.0	1.09	-6.68011210363e-19	-6.18323463584e-18	1.37166397896e-19	0.950756715712	1.5378769895e-17	2.08105407229e-19	-9.00045298352e-19	0.965944637012	502473005.097	-1943874.87338	4372748.97573	-1695618.34249	2091.26510959	13365184.5588	3875071.64737	13578646.0509	6318.78648073	547130716.5984684	-1846246.021909157	4219477.224523106	-1846317.8506972094	1986.2337551721544	12896713.751557142	4219471.903543687	12896674.36813762	6097.303044388378	547640585.278	0.08617769624105241	0.0	0.0	0.0	-0.050497068604710295	0.0	0.0	0.0	-0.034648757993771095	0.0863200663395
380	950.0	nan	nan	1	1	5.0	5.0	5.0	1.095	-1.92991163076e-19	-2.68997811713e-17	-7.41127359068e-19	0.948224183529	3.69993520481e-17	2.15728703754e-19	-6.46140554967e-19	0.964110506991	504399890.686	-1862081.26742	4277654.27226	-1612533.39811	1022.76695818	13481949.2333	3766335.81515	13707776.102	6774.86884988	551743392.024948	-1763833.943822333	4119841.7524363087	-1763887.469556547	968.8036226035632	12984569.069961535	4119848.034323903	12984525.007613795	6524.928331870402	552252373.855	0.09075436326846412	0.0	0.0	0.0	-0.05316432416840224	0.0	0.0	0.0	-0.03654935713345329	0.0909149577613
390	1000.0	nan	nan	1	1	5.0	5.0	5.0	1.1	1.07728032512e-18	-3.66013259723e-17	-4.58615401379e-19	0.945713554885	3.35305668407e-17	3.44371832618e-19	-3.89754269745e-19	0.962283873167	505972127.619	-1789398.07857	4178218.54282	-1538469.78077	-1870.98621039	13593971.153	3655107.37902	13832102.0628	5620.4035745	555985892.8151008	-1690484.036294783	4016417.522887906	-1690542.7155753488	-1767.562153257013	13067546.22454273	4016403.3323783153	13067493.480405463	5402.754109431488	556495768.471	0.09531017980432493	0.0	0.0	0.0	-0.05581555188690633	0.0	0.0	0.0	-0.03844578539369092	0.0954886308454
400	1050.0	nan	nan	1	1	5.0	5.0	5.0	1.105	-1.68452353896e-18	3.3919169675e-18	3.57792010876e-19	0.943224737397	-3.10071762815e-17	4.03452380689e-19	-1.55832886471e-18	0.960464509135	507226078.484	-1731480.81043	4074984.08575	-1477863.88177	-4694.83415071	13708657.8931	3541992.32605	13959374.7092	-8085.33607429	559893042.1014744	-1631451.1830076508	3909745.214667219	-1631315.3831703078	-4423.608210419112	13152777.647521328	3909769.1200330663	13152925.661194976	-7757.479136170305	560410451.457	0.09984533496971612	0.0	0.0	0.0	-0.058450703006843734	0.0	0.0	0.0	-0.04033824786224727	0.10004125101
410	1100.0	nan	nan	1	1	5.0	5.0	5.0	1.11	-7.91254504189e-19	-3.26845926846e-17	-1.71894748733e-19	0.94075779629	4.9877786562e-17	6.83026192842e-19	2.99725255364e-18	0.958652181793	508213382.443	-1671238.3125	3973370.99755	-1416283.8382	-4147.33942688	13821460.6159	3431600.40606	14084456.8516	-6824.53703985	563517238.0849836	-1570559.301847452	3805031.9916805103	-1570404.055498041	-3897.494729557856	13235889.587878814	3805027.6711301003	13235978.70770418	-6535.4032586057065	564033652.029	0.10436001532424286	0.0	0.0	0.0	-0.06106956222961616	0.0	0.0	0.0	-0.042226958318798205	0.104572919475
420	1150.0	nan	nan	1	1	5.0	5.0	5.0	1.115	-3.54860482785e-19	-5.21251899642e-17	4.97631856512e-21	0.938312472595	-2.67549120676e-17	-1.34699414437e-18	3.75738521446e-19	0.956846796001	508955119.475	-1609084.78536	3878482.49757	-1353972.54584	-2019.91251275	13923906.3654	3328364.65556	14199035.9705	-3332.115186	566877984.6094215	-1508209.4375684846	3707144.1984099327	-1508064.6576342548	-1893.2819093875396	13308795.059417212	3707157.224266339	13308882.322376372	-3184.913555224981	567391360.573	0.10885440491208208	0.0	0.0	0.0	-0.06367225901630114	0.0	0.0	0.0	-0.04411198811784764	0.109083832553
430	1200.0	nan	nan	1	1	5.0	5.0	5.0	1.12	1.84911924597e-18	6.07547616308e-17	3.11628715251e-19	0.935888256985	-5.35194591349e-17	5.35007185309e-19	-2.48050951625e-18	0.955048520671	509468667.949	-1545036.86957	3791897.93914	-1290906.68448	-12381.7089029	14011347.5687	3233458.77498	14298271.8381	-14093.723884	569991062.6184415	-1444426.3041253698	3617550.6367109935	-1444260.1068877925	-11575.429934141715	13367121.1967866	3617577.9179972475	13367189.06406067	-13445.709939586764	570513483.324	0.11332868530700327	0.0	0.0	0.0	-0.06625919319436421	0.0	0.0	0.0	-0.045993132806697895	0.113574215614
440	1250.0	nan	nan	1	1	5.0	5.0	5.0	1.125	2.6452574245e-18	1.50717336865e-17	1.72212386089e-19	0.933485055985	1.27453841667e-17	-1.21443348813e-18	1.75891685453e-18	0.953257300861	509795043.95	-1490814.57577	3704019.62663	-1236927.45827	-6047.60783095	14086860.4259	3138527.85521	14385273.6273	-5711.17901959	572899046.1198442	-1390147.7708050476	3527064.380118672	-1390038.152336036	-5639.2449346397125	13413876.988848465	3527024.5087881256	13413912.360685783	-5438.334058398086	573413095.703	0.11778303565638346	0.0	0.0	0.0	-0.06883032471446535	0.0	0.0	0.0	-0.04787042135850345	0.118044183478
450	1300.0	nan	nan	1	1	5.0	5.0	5.0	1.13	1.05873824451e-18	1.36377333766e-17	-3.79047243896e-19	0.931102447113	-9.17447854951e-18	5.69100261436e-20	-2.29179322258e-18	0.951473167927	509940693.047	-1458952.66355	3612775.1622	-1202040.58176	-5755.03618903	14164203.8556	3041965.95168	14474116.3234	-5349.71961502	575606456.0236177	-1356957.3954745694	3433721.1454572924	-1356828.9973667003	-5352.70205335253	13462206.781205995	3433684.0826108647	13462231.968654754	-5084.58028513899	576119248.49	0.12221763272424911	0.0	0.0	0.0	-0.07138596789542383	0.0	0.0	0.0	-0.04974379240498249	0.122493963267
460	1350.0	nan	nan	1	1	5.0	5.0	5.0	1.135	1.03292359195e-18	4.07184884311e-17	6.15687073535e-19	0.928739852729	-1.37748733047e-19	2.27004829864e-19	-1.28379754557e-18	0.949696481323	509929870.956	-1431689.23794	3522729.33212	-1171546.41476	-3387.64318409	14240565.1504	2947536.42584	14561761.2927	259.991726168	578138035.4706243	-1328214.0499052275	3341868.3118703356	-1328252.3367815074	-3142.8016317620686	13509437.976208853	3341798.5801037382	13509311.53757881	246.6434486200963	578646323.957	0.126632650933366	0.0	0.0	0.0	-0.07392660873906032	0.0	0.0	0.0	-0.05161283878063327	0.126923752767
470	1400.0	nan	nan	1	1	5.0	5.0	5.0	1.14	7.44714014204e-19	-7.16978185044e-17	7.03143225339e-19	0.926396706211	-3.84268672621e-17	7.87317124473e-19	-6.73388546089e-18	0.947927463265	509770542.581	-1406045.5218	3442960.16629	-1142568.47859	-8002.18423481	14309476.665	2862820.53448	14641965.7968	-5970.75845469	580500539.6731371	-1301126.2069448486	3260094.165379874	-1301098.3629553716	-7405.060120232714	13549457.191505771	3260033.1451849556	13549380.246962212	-5653.63346100014	581013063.667	0.131028262406404	0.0	0.0	0.0	-0.07645272764144519	0.0	0.0	0.0	-0.053477295197827714	0.131333783852
480	1450.0	nan	nan	1	1	5.0	5.0	5.0	1.145	-7.4527649702e-19	5.88174384617e-17	-8.4332717811e-19	0.924072572089	1.61755499657e-17	-1.0687438212e-18	-2.05852828984e-18	0.94616639962	509493021.468	-1385835.84505	3374737.18588	-1118498.63307	1842.90571482	14373132.9167	2788644.43604	14716626.2323	4836.62297586	582726325.8610301	-1279200.9767653088	3189542.47784849	-1279268.9427845315	1701.1010350936488	13584381.672560604	3189477.4960101326	13584237.064072268	4571.204683845825	583228381.049	0.13540463700620298	0.0	0.0	0.0	-0.07896466920279198	0.0	0.0	0.0	-0.05533682728012613	0.135724214295
490	1500.0	nan	nan	1	1	5.0	5.0	5.0	1.15	8.05025407026e-19	-2.47226417991e-17	-4.45115813782e-19	0.921767469684	-3.50591966127e-17	-1.88046608246e-18	-6.01677942681e-19	0.944412767485	509081906.658	-1366411.52651	3322880.84908	-1095099.31078	-21115.9399604	14423889.6464	2728806.44679	14778265.1516	-15744.6886125	584796056.1261665	-1258119.3065187193	3134696.876302453	-1257969.9840734138	-19442.438258204795	13607024.709062276	3134653.239771299	13607043.22479577	-14853.02316079838	585317148.334	0.13976194237515863	0.0	0.0	0.0	-0.0814622893119261	0.0	0.0	0.0	-0.05719195471243689	0.140095243321
500	1550.0	nan	nan	1	1	5.0	5.0	5.0	1.155	-8.65204450951e-19	7.05555416355e-17	9.85734592367e-20	0.919481362683	-9.10929407026e-17	4.18540155062e-19	2.13665384434e-18	0.94266663551	508585885.227	-1346296.50961	3276064.83195	-1071714.28458	-3989.44439285	14467990.2571	2673740.39691	14832740.246	-2606.59611548	586763696.9358191	-1236518.446432972	3084803.980850192	-1236453.9676487714	-3664.141998116299	13623330.498449989	3084737.2007528692	13623267.084485577	-2454.4197035060283	587269225.428	0.14410034397375687	0.0	0.0	0.0	-0.08394550411218502	0.0	0.0	0.0	-0.05904257368541102	0.144446922023
510	1600.0	nan	nan	1	1	5.0	5.0	5.0	1.16	3.00461776981e-18	1.85637328907e-17	6.86652552648e-19	0.917213928148	9.84196698172e-18	2.34580480786e-18	-5.54866137456e-19	0.940927885955	507993012.234	-1328343.63441	3226028.97662	-1050347.96511	11803.5448729	14510485.9317	2616726.3628	14885550.2161	11173.5252205	588614230.5897845	-1217015.5012517155	3032072.864635679	-1217043.8262839331	10814.29285910655	13638082.907823736	3032014.8852638854	13637996.13923015	10501.747773789783	589104555.543	0.14842000511827322	0.0	0.0	0.0	-0.08641454260561908	0.0	0.0	0.0	-0.060888777875387705	0.148779475965
520	1650.0	nan	nan	1	1	5.0	5.0	5.0	1.165	9.35078051654e-19	9.09768177795e-17	1.62259748958e-20	0.914964727644	-3.68947699489e-17	-6.01022815636e-19	-3.88977381714e-18	0.939196619027	507300275.645	-1316051.97	3172781.66713	-1033626.66279	9072.77440042	14553308.9998	2557784.29369	14938641.5934	8056.33081881	590342738.6258585	-1202792.1741434254	2976527.5728589557	-1202826.0659869185	8291.968930826702	13653106.346087001	2976480.5131070195	13653017.973807665	7558.002199361109	590834434.925	0.15272108701766393	0.0	0.0	0.0	-0.08886976347259858	0.0	0.0	0.0	-0.06273042975826758	0.153093116101
530	1700.0	nan	nan	1	1	5.0	5.0	5.0	1.17	-1.02586277824e-18	-9.09125756244e-18	8.00604953833e-19	0.912733226583	-5.55853460235e-17	1.49024859158e-19	-2.42145543796e-19	0.937473150102	506523480.606	-1310252.08421	3120382.50017	-1022112.92927	-4565.59484099	14589226.436	2500149.11283	14984596.4498	-883.081999705	591966164.0983512	-1194566.026905429	2921985.868612798	-1194527.5849629077	-4162.48488011433	13661630.738430874	2921885.6314917686	13661561.81816831	-826.9348786002269	592466627.423	0.1570037488096647	0.0	0.0	0.0	-0.09131163540735843	0.0	0.0	0.0	-0.06456716143890111	0.157388030884
540	1750.0	nan	nan	1	1	5.0	5.0	5.0	1.175	5.50580680138e-18	-7.59464034189e-17	2.76212150144e-19	0.910519137176	-3.19610941987e-17	8.0277547576e-19	-5.88740837901e-19	0.935757569211	505676880.175	-1301866.07392	3063731.18787	-1008790.06828	-3520.65952083	14622382.2202	2439852.6714	15027633.8156	-1647.16270703	593499928.5174395	-1184036.510305367	2863674.8989969087	-1183990.917690532	-3202.010941467769	13667566.232087528	2863592.2321935203	13667509.629153568	-1539.6058627339921	593998477.223	0.16126814759612232	0.0	0.0	0.0	-0.09374036172014447	0.0	0.0	0.0	-0.0663988433059215	0.161664369193
550	1800.0	nan	nan	1	1	5.0	5.0	5.0	1.18	-2.79034490394e-18	5.42104792012e-17	-7.71038210018e-19	0.908322118505	-8.87671735179e-17	1.82980292431e-18	-1.03232140447e-20	0.934049963801	504770073.237	-1292296.80098	3010034.78375	-994719.796378	785.061491279	14651022.3531	2382588.41184	15065918.5482	2523.23697336	594954290.5879625	-1172492.7176645685	2808339.556433817	-1172440.368726073	712.2813278991323	13669292.407693354	2808271.0792242377	13669212.65246204	2354.1609023252336	595446985.603	0.16551443847757333	0.0	0.0	0.0	-0.09615620722912195	0.0	0.0	0.0	-0.06822534775045151	0.165922302701
560	1850.0	nan	nan	1	1	5.0	5.0	5.0	1.185	9.02619484418e-21	1.08779676856e-17	6.89537758624e-19	0.906141860061	-5.87289499885e-17	-9.65670499429e-19	-2.13115474763e-18	0.932350336548	503796301.696	-1277246.70555	2957243.25822	-976654.886571	3078.15674801	14675364.6599	2326702.55378	15099708.7138	4133.66056118	596320376.5463777	-1156051.8389792526	2754054.3495246368	-1156021.2088799905	2786.0778608702017	13667036.609218637	2754010.178936818	13666933.686959656	3849.6413226514514	596809146.439	0.16974277458709455	0.0	0.0	0.0	-0.0985594067625067	0.0	0.0	0.0	-0.07004663734465214	0.170162014701
570	1900.0	nan	nan	1	1	5.0	5.0	5.0	1.19	2.09165521902e-18	2.93972048767e-17	-8.30356986105e-20	0.903978151845	1.2322357384e-16	2.57651540687e-18	2.4101859293e-18	0.930658668849	502767455.201	-1255225.01661	2903743.94994	-953517.595629	2918.12102075	14698440.4295	2270911.39007	15132160.1701	4285.83335321	597611293.7428114	-1133402.5821005646	2699314.0944345854	-1133392.5416922015	2634.910757861252	13663638.427340085	2699304.180801558	13663549.708298596	3984.101413954476	598097899.021	0.17395330712343798	0.0	0.0	0.0	-0.10095008719507208	0.0	0.0	0.0	-0.07186269744853392	0.174383651472
580	1950.0	nan	nan	1	1	5.0	5.0	5.0	1.195	-1.11157192459e-18	5.19797120555e-17	9.56856062822e-19	0.901830487447	-6.89765398729e-18	-1.23402112503e-18	1.85747707888e-18	0.92897522101	501686641.022	-1227678.58083	2852678.79494	-926508.547631	10348.9173071	14717511.9816	2217813.54008	15160523.9016	7305.31904585	598829923.1951779	-1105891.814453155	2647037.266013779	-1105911.533317502	9322.295849323078	13656568.25696666	2647256.2816538946	13656586.949872404	6778.699301437467	599309463.278	0.17814618538347404	0.0	0.0	0.0	-0.10332870624014934	0.0	0.0	0.0	-0.0736732132796736	0.178587403077
590	2000.0	nan	nan	1	1	5.0	5.0	5.0	1.2	4.94587831858e-19	-1.1283008253e-16	-5.96628832222e-19	0.899698537819	-3.34616924741e-17	5.03772845379e-19	3.19936917323e-18	0.927300059882	500561564.753	-1196980.03568	2801939.90073	-897385.161415	-679.077708873	14737021.0887	2165094.17519	15189145.519	22.9691086882	599984729.4868373	-1075685.6450474055	2595258.0993798864	-1075626.7185291406	-610.2642663475806	13649962.06064819	2595132.216465514	13649973.523612227	21.274819400372003	600470374.029	0.1823215567939546	0.0	0.0	0.0	-0.10569552974766971	0.0	0.0	0.0	-0.07547807659923136	0.182773440565
600	2050.0	nan	nan	1	1	5.0	5.0	5.0	1.205	1.31807591016e-18	8.96109242125e-17	-2.61574362024e-19	0.897582218735	-8.51086264605e-17	-1.17398766489e-18	4.51893400849e-18	0.925633057399	499392781.921	-1161703.06665	2749540.62372	-865262.22734	-8216.67842864	14754257.2184	2112033.6679	15215343.427	-5685.50345598	601075690.5462999	-1041523.8817077868	2542136.423374918	-1041440.9451442438	-7366.6559531615285	13641309.515911527	2542071.374173067	13641303.01670328	-5256.632797487414	601565017.271	0.18647956694261839	0.0	0.0	0.0	-0.10805055419713146	0.0	0.0	0.0	-0.07727738917797378	0.186941887492
610	2100.0	nan	nan	1	1	5.0	5.0	5.0	1.21	3.26692666822e-18	-6.86604907044e-17	3.2364599519e-19	0.895481291107	-9.38178986335e-18	-3.58083178452e-19	9.00409257821e-19	0.923974207603	498187211.786	-1121300.61673	2699789.00177	-829781.439943	-9774.67502612	14767720.7031	2061582.96895	15237612.1736	-7511.76138368	602110513.1137065	-1002944.3646206375	2491655.1603405853	-1002876.2616871946	-8742.93216928274	13629238.237589628	2491635.1722696824	13629241.821300844	-6932.659923654244	602598887.678	0.1906203596086497	0.0	0.0	0.0	-0.11039394981910024	0.0	0.0	0.0	-0.07907112157961925	0.191092897173
620	2150.0	nan	nan	1	1	5.0	5.0	5.0	1.215	-1.42355798187e-18	-7.06688852317e-17	1.11289541357e-18	0.893395891074	-2.96700606588e-16	-4.94137845604e-19	3.49135731202e-18	0.922323146619	496950840.495	-1077486.20553	2650430.70136	-792224.389918	-5196.04204719	14775673.1936	2011921.11205	15254060.9719	-2655.07750542	603095892.882832	-961506.7403412436	2441722.048823591	-961437.7054383124	-4636.745626842566	13612160.093267964	2441652.6960151573	13612130.129168307	-2446.002939444087	603577217.833	0.19474407679251185	0.0	0.0	0.0	-0.11272546927550105	0.0	0.0	0.0	-0.08085963242846825	0.195226568008
630	2200.0	nan	nan	1	1	5.0	5.0	5.0	1.22	-3.76768195873e-18	7.69646958402e-17	5.61318146234e-19	0.891326081119	-1.85803585593e-16	-2.23002599188e-18	4.40437280238e-19	0.920679570233	495685541.239	-1031736.1822	2602768.08014	-753795.604698	10501.4682705	14779298.5962	1964054.13594	15265902.5463	10471.5136484	604033645.5512923	-918544.7604011471	2393530.8349249535	-918562.0100359895	9349.355797346618	13591186.697919326	2393361.6801219503	13591085.626945835	9629.70577249232	604499011.561	0.19885085874516517	0.0	0.0	0.0	-0.11504494638757656	0.0	0.0	0.0	-0.08264321831977509	0.199343011964
640	2250.0	nan	nan	1	1	5.0	5.0	5.0	1.225	-2.93900580363e-18	3.70505446019e-18	-1.43577378516e-18	0.889271518803	-2.0804637962e-17	-1.86453127514e-19	2.18779345853e-19	0.919043469488	494379901.663	-991448.948055	2548348.19943	-719622.303432	-3247.45064779	14779961.6987	1911845.63084	15274761.2249	-1211.85591629	604909451.478803	-880639.6072818907	2339312.797550078	-880509.768654988	-2884.499165335501	13567593.924881391	2339280.9618136706	13567576.780236151	-1112.450038969581	605383220.422	0.20294084399669038	0.0	0.0	0.0	-0.1173526696237559	0.0	0.0	0.0	-0.08442185688764656	0.203442427103
650	2300.0	nan	nan	1	1	5.0	5.0	5.0	1.23	5.93942149593e-19	1.95725808946e-16	-2.29757686943e-19	0.887232183901	-5.24956609995e-18	-7.70164707291e-19	6.96049324406e-19	0.917414816201	493054588.935	-956250.084589	2487821.79843	-689765.38062	9709.80229993	14780230.1416	1855541.17948	15282920.3981	10259.2113176	605747971.2325118	-847423.7383489745	2279695.647901297	-847419.3107896762	8604.775148514249	13543745.918638054	2279646.777928212	13543642.761834772	9400.946404759361	606207668.911	0.20701416938432612	0.0	0.0	0.0	-0.11964856779126233	0.0	0.0	0.0	-0.0861955467412816	0.207524877281
660	2350.0	nan	nan	1	1	5.0	5.0	5.0	1.235	2.76650224996e-18	2.06813417286e-17	1.38659293466e-18	0.885207827222	-1.48294954985e-16	2.37126873584e-18	3.34836094517e-18	0.915793467108	491697279.077	-917446.132241	2421111.53177	-657524.160687	-665.233519075	14774084.3732	1795176.6308	15284489.0652	380.455938633	606533815.232495	-811177.8351994446	2214637.213407212	-811089.7797475427	-588.1791496458394	13514138.699338086	2214442.4572356194	13514078.174544672	348.01035338614406	606999171.702	0.2110709700799406	0.0	0.0	0.0	-0.12193282852395575	0.0	0.0	0.0	-0.08796441232029198	0.211590560129
670	2400.0	nan	nan	1	1	5.0	5.0	5.0	1.24	8.6594560478e-19	-1.04715030439e-16	1.27944326683e-18	0.88319830754	-2.52757278439e-18	7.53859323056e-20	7.99221907849e-19	0.914179544959	490334734.756	-876156.893644	2344241.30187	-624072.576828	16820.3404304	14761033.5257	1728247.92346	15278668.0578	16268.9037891	607299511.126171	-772909.5930134519	2140535.32800933	-772939.2677096232	14838.212848314988	13478353.834345657	2140505.3418138153	13478212.85891757	14855.195700533994	607745994.414	0.2151113796169455	0.0	0.0	0.0	-0.12420551974284497	0.0	0.0	0.0	-0.08972828813354373	0.215639545294
680	2450.0	nan	nan	1	1	5.0	5.0	5.0	1.245	-2.19434472898e-19	-4.87423786009e-17	-7.8017028398e-19	0.881203165248	7.84108987185e-18	7.40200916782e-19	1.51138471059e-18	0.912573091336	488943778.898	-837835.622162	2258611.94437	-593064.223383	14168.3408014	14747038.7524	1655529.64431	15271923.3973	13618.9058612	608016293.4297599	-737431.7142101299	2058714.961090345	-737493.1974384633	12470.445954217985	13441861.665091537	2058700.9006743948	13441778.25847939	12413.57344276067	608461237.304	0.219135529916671	0.0	0.0	0.0	-0.12646707208581973	0.0	0.0	0.0	-0.09148709663908497	0.219672065347
690	2500.0	nan	nan	1	1	5.0	5.0	5.0	1.25	2.30878682109e-18	2.04100264877e-17	5.12719630885e-19	0.87922218232	1.20386066406e-16	2.56502752252e-18	-1.44000894989e-18	0.910974170659	487537609.564	-802672.927554	2171463.40578	-564532.87254	1857.39140354	14731568.38	1582525.45626	15263592.7697	3694.95097149	608700170.8846759	-704891.9307763423	1975804.0226420765	-704830.2515418672	1631.1254157279805	13404182.629812974	1975813.756227476	13404193.674258225	3362.0179706932586	609151112.16	0.22314355131420976	0.0	0.0	0.0	-0.1287176460927101	0.0	0.0	0.0	-0.09324073485848344	0.223688240394
700	2550.0	nan	nan	1	1	5.0	5.0	5.0	1.255	-2.31716450633e-19	-8.04388808827e-17	-4.42468835822e-19	0.877255239563	9.14454122878e-18	-2.15199308162e-18	-5.42533867139e-18	0.909382805108	486130186.826	-771541.716235	2084949.04278	-539358.050009	10980.8594359	14707835.97	1510727.27682	15246391.5781	13108.5511709	609368332.2245305	-676034.6384726844	1893763.529002495	-676089.912358188	9621.568325680855	13359157.839847535	1893709.5166472672	13359081.695298022	11906.52414814564	609806669.394	0.22713557258374711	0.0	0.0	0.0	-0.13095729182305527	0.0	0.0	0.0	-0.0949891457224804	0.227688159657
