inc	time	elem	node	ip	grain	1_pos	2_pos	3_pos	1_f	2_f	3_f	4_f	5_f	6_f	7_f	8_f	9_f	1_p	2_p	3_p	4_p	5_p	6_p	7_p	8_p	9_p	1_Cauchy	2_Cauchy	3_Cauchy	4_Cauchy	5_Cauchy	6_Cauchy	7_Cauchy	8_Cauchy	9_Cauchy	Mises(Cauchy)	1_ln(V)	2_ln(V)	3_ln(V)	4_ln(V)	5_ln(V)	6_ln(V)	7_ln(V)	8_ln(V)	9_ln(V)	Mises(ln(V))
0	0.0	nan	nan	1	1	5.0	5.0	5.0	1.0	0.0	0.0	0.0	1.0	0.0	0.0	0.0	1.0	-1.94817154813e-07	2.97385536841e-07	7.76959139853e-07	2.97385536841e-07	3.0774073517e-06	4.78894768093e-07	7.76959139853e-07	4.78894768093e-07	-6.36947246795e-07	-1.94817154813e-07	2.97385536841e-07	7.76959139853e-07	2.97385536841e-07	3.0774073517e-06	4.78894768093e-07	7.76959139853e-07	4.78894768093e-07	-6.36947246795e-07	3.88767446497e-06	0.0	0.0	0.0	0.0	0.0	0.0	0.0	0.0	0.0	0.0
10	2.5	nan	nan	1	1	5.0	5.0	5.0	1.00025	-1.69179114782e-21	-1.13390952345e-20	-5.08897022479e-22	0.999930900106	3.27080074277e-20	-2.63088671232e-22	-9.21527669998e-22	0.999924603649	53100129.577	2430108.43723	-463598.516447	2429333.18411	1246.35547293	-298778.093031	-463447.701529	-298776.211233	1313.43969547	53107803.178454205	2429684.251291138	-463514.6746004359	2429684.251702543	1246.1379161912384	-298724.05897751637	-463514.67524421937	-298724.0585530085	1313.2021597456348	53281565.1196	0.0002499687552074404	0.0	0.0	0.0	-6.91022815071628e-05	0.0	0.0	0.0	-7.539919344748102e-05	0.000214843756966
20	5.0	nan	nan	1	1	5.0	5.0	5.0	1.0005	2.93711156002e-21	-2.42747782981e-19	1.21181959739e-22	0.999861770295	4.42999331629e-20	1.65732098074e-21	-4.65278108569e-21	0.99984917387	106241155.106	4862084.92567	-927568.30499	4858983.34936	480.754109024	-597584.871568	-926964.921045	-597577.342935	490.266800176	106271871.39489785	4860388.171659168	-927232.923747209	4860388.171588823	480.58633707530294	-597368.8025671281	-927232.9238004724	-597368.8024078583	490.0895342130972	106621421.136	0.0004998750416509929	0.0	0.0	0.0	-0.00013823925960638388	0.0	0.0	0.0	-0.0001508375054045133	0.000429670518773
30	7.5	nan	nan	1	1	5.0	5.0	5.0	1.00075	9.53460072817e-21	5.22286078067e-19	-1.69489307512e-21	0.999791250259	-8.00609826444e-20	3.54630423177e-21	-2.9120634971e-22	0.999770551238	157128660.623	7181933.81511	-1357650.41383	7175053.56278	1347.64890812	-984276.128076	-1356321.70827	-984255.69879	945.451135232	157197536.81896085	7178198.430302055	-1356916.1950299272	7178198.694885501	1346.9479844708228	-983743.83049016	-1356916.2419431973	-983743.7790370418	944.9398342439354	157714019.125	0.0007497188905459742	0.0	0.0	0.0	-0.00020877153225967488	0.0	0.0	0.0	-0.00022947508939427826	0.000646005396991
40	10.0	nan	nan	1	1	5.0	5.0	5.0	1.001	1.24780195404e-20	3.21574321346e-19	-6.03841847164e-23	0.999698572623	-1.71880169675e-19	2.72221262182e-21	-1.65224157479e-21	0.999656692947	178983605.19	8251185.46356	-980868.091761	8240457.82981	-2892.48076732	-1850538.83526	-979551.646034	-1850461.35159	-2860.12106483	179099057.98550922	8245773.35318855	-980183.6577463754	8245773.310474932	-2890.583533858315	-1849247.558956005	-980183.5026543883	-1849247.5985944897	-2858.1253182467876	179707044.744	0.0009995003330834232	0.0	0.0	0.0	-0.0003014728153625063	0.0	0.0	0.0	-0.0003433659963569387	0.000881611674446
50	12.5	nan	nan	1	1	5.0	5.0	5.0	1.00125	1.12142943595e-20	4.07152359569e-19	-2.95717068988e-22	0.999595269666	1.24610209788e-19	-7.36588825842e-21	-2.03372693354e-21	0.999526918923	187345609.196	8850233.02337	-472329.925762	8835606.32933	-5899.8564143	-2104125.13259	-471517.09049	-2103981.52363	-6939.73905737	187510171.8619172	8843367.67321901	-471931.2553435391	8843367.444942951	-5895.2797460904985	-2102349.144236625	-471931.26678038406	-2102349.411816357	-6933.881565555253	188178142.769	0.0012492194004318981	0.0	0.0	0.0	-0.0004048122594270825	0.0	0.0	0.0	-0.00047319301515770886	0.00112617357937
60	15.0	nan	nan	1	1	5.0	5.0	5.0	1.0015	6.53100452641e-21	-8.63705599681e-19	5.21537376215e-22	0.999489193432	-7.79289336628e-19	5.07221981739e-21	3.16375904786e-21	0.999394122989	192702087.693	9344669.46444	-115362.256431	9325906.55653	-372.260243801	-2237612.35101	-115119.705122	-2237399.60393	-281.202402725	192917455.74268696	9336330.122046666	-115248.3418326252	9336329.392788228	-371.92803241093293	-2235402.81801221	-115248.36541141088	-2235402.910367014	-280.9247290754073	193633165.448	0.0014988761237359487	0.0	0.0	0.0	-0.0005109370741188364	0.0	0.0	0.0	-0.0006060606286462378	0.00137268239528
70	17.5	nan	nan	1	1	5.0	5.0	5.0	1.00175	-2.26366246431e-20	-5.10723644067e-19	-1.00998752793e-20	0.999382375118	-1.74546689777e-19	1.29814623407e-20	-5.40367367378e-21	0.99925970034	196823969.441	9776941.78912	131332.852208	9753833.38523	-1634.17802202	-2347358.5003	131006.418029	-2347070.33396	-1498.77763794	197091514.73021352	9767092.605901849	131184.44399760774	9767091.893232876	-1632.5317691224047	-2344705.947885873	131184.49669543447	-2344705.92121789	-1497.0839953876377	197859583.646	0.001748470534116803	0.0	0.0	0.0	-0.0006178156908172272	0.0	0.0	0.0	-0.0007405738171077007	0.0016199946391
80	20.0	nan	nan	1	1	5.0	5.0	5.0	1.002	2.1338778262e-20	-1.68386303524e-18	-3.89023042084e-21	0.999275629399	3.83053279603e-19	9.3310108999e-21	1.5281903323e-21	0.999124035726	200297199.21	10127413.861	288139.708821	10099877.1832	683.243848853	-2435170.63949	287312.636748	-2434801.17454	899.315636187	200618128.1001861	10116060.769903898	287773.03398725763	10116059.847701572	682.4779149469355	-2432071.7407195983	287772.9872971423	-2432071.699876987	898.171203811712	201425702.439	0.001998002662673058	0.0	0.0	0.0	-0.0007246330841478922	0.0	0.0	0.0	-0.0008763481548981653	0.00186771729332
90	22.5	nan	nan	1	1	5.0	5.0	5.0	1.00225	-1.85081662059e-20	4.9053960994e-19	-1.61300219448e-22	0.999169045566	-4.59509583621e-19	-1.91611219019e-20	-8.65391186974e-21	0.998987501425	203369723.473	10402067.4577	383646.48903	10370089.9411	-236.63440187	-2506823.44979	382397.662831	-2506367.95207	-98.1727093298	203745146.6576968	10389234.433225604	383103.56388496165	10389233.26354149	-236.3424661482752	-2503275.8675131393	383103.5739467207	-2503275.8474089266	-98.03377822010457	204585436.747	0.00224747254047937	0.0	0.0	0.0	-0.0008312998680087274	0.0	0.0	0.0	-0.0010130114979336525	0.00211568821608
100	25.0	nan	nan	1	1	5.0	5.0	5.0	1.0025	1.80325373537e-21	-7.64941888903e-19	5.9110326573e-21	0.99906255431	-1.00249988902e-18	-1.95370754903e-20	8.48087602535e-21	0.998850461032	206182182.967	10623906.4359	440390.39241	10587476.7097	-225.237311445	-2570014.73229	438787.330721	-2569468.68856	-179.711783832	206613158.8069602	10609609.06269371	439704.36096304655	10609607.364261707	-224.93419300912439	-2566011.2141482076	439704.5134557062	-2566010.7653371375	-179.43183236797702	207477964.025	0.002496880198587146	0.0	0.0	0.0	-0.0009378853670145243	0.0	0.0	0.0	-0.001150200194705699	0.00236379579264
110	27.5	nan	nan	1	1	5.0	5.0	5.0	1.00275	2.27722822636e-21	7.96326775705e-20	8.7441262553e-21	0.99895605516	-1.27204992651e-18	5.8219039463e-21	-2.20617341174e-20	0.998713164908	208812218.508	10814265.1948	475043.044145	10773346.7477	-96.9331973173	-2627537.65135	473130.70936	-2626898.19999	-59.9866158703	209299769.03930935	10798503.417247096	474235.3339641432	10798501.170982081	-96.79191730741279	-2623070.079542061	474235.4106575364	-2623069.499256614	-59.88462132275153	210184598.034	0.0027462256680252286	0.0	0.0	0.0	-0.001044490129949967	0.0	0.0	0.0	-0.0012876637752733276	0.00261197769786
120	30.0	nan	nan	1	1	5.0	5.0	5.0	1.003	-1.66528000919e-20	-7.77790485358e-19	-9.64575312298e-21	0.998849527966	-1.36627158855e-18	-5.63578830848e-21	-2.58473261908e-21	0.998575730102	211309595.101	10984461.8483	495670.976603	10939005.7587	-53.2083481598	-2679813.76484	493484.741324	-2679078.5706	-99.4403294931	211854719.18851185	10967227.318953257	494757.6161699054	10967225.563530197	-53.12486470375497	-2674875.739463486	494757.80428731075	-2674875.1185888867	-99.25709330074646	212756888.782	0.002995508979798371	0.0	0.0	0.0	-0.0011511343349719413	0.0	0.0	0.0	-0.0014252851344662089	0.00286019541063
130	32.5	nan	nan	1	1	5.0	5.0	5.0	1.00325	-1.18121391473e-20	-8.38673459984e-19	1.28378431068e-21	0.998742937543	-2.87729812993e-19	-2.127529215e-20	-2.60735600883e-20	0.998438250154	213703814.359	11140182.2302	507339.481859	11090133.7036	-40.3659717191	-2726609.48535	504906.26369	-2725777.04974	-111.328121967	214307486.20562008	11121462.867865115	506332.4614847337	11121461.181362607	-40.29814291387902	-2721197.4261616357	506332.5260030337	-2721196.8007652685	-111.10714628689168	215224942.102	0.0032447301648890294	0.0	0.0	0.0	-0.001257853222774036	0.0	0.0	0.0	-0.00156297064851461	0.00310842371334
140	35.0	nan	nan	1	1	5.0	5.0	5.0	1.0035	-9.43043800953e-20	-1.63893678822e-18	-4.19215134442e-21	0.998636278724	1.28627908741e-18	-9.91624118329e-21	-9.05762770746e-23	0.998300770649	216015468.576	11284381.9938	512863.084126	11229687.8162	-37.0497214028	-2769200.2136	510205.994301	-2768269.3192	-111.418675617	216678642.45571867	11264164.807826662	511772.2386823852	11264163.290045422	-36.98334283565901	-2763310.202154527	511772.34179882874	-2763309.666497592	-111.18169120850524	217609751.054	0.003493889254255838	0.0	0.0	0.0	-0.0013646519901122248	0.0	0.0	0.0	-0.0017006746787209823	0.00335664610137
150	37.5	nan	nan	1	1	5.0	5.0	5.0	1.00375	5.98647152917e-20	1.73511886831e-19	2.51959214584e-21	0.998529567058	2.16516345133e-18	-2.13547014888e-20	-3.42609937913e-20	0.998163304274	218258964.402	11419275.6671	514940.438005	11359883.3885	-42.8189576997	-2807966.07779	512074.423897	-2806935.63964	-98.4834408963	218982576.5441377	11397547.193190465	513772.09306910867	11397545.757034136	-42.73748225132083	-2801595.102226592	513772.14692901965	-2801594.632943106	-98.25999247207803	219926011.626	0.003742986278834297	0.0	0.0	0.0	-0.0014715150894654035	0.0	0.0	0.0	-0.0018383845197786257	0.00360485221428
160	40.0	nan	nan	1	1	5.0	5.0	5.0	1.004	4.29306737915e-21	-1.40628810504e-18	2.88355161536e-21	0.998422821326	2.83205465914e-18	2.44667617484e-20	1.02404959834e-21	0.998025852911	220444868.327	11546295.6167	515519.58485	11482155.1548	-34.4128364199	-2843694.41621	512452.106569	-2842563.34865	-96.018847737	221229838.73544952	11523042.619988896	514276.8284084495	11523041.350473989	-34.343532671012625	-2836839.158606985	514276.8700232692	-2836838.73199445	-95.78737633408494	222184491.433	0.003992021269537457	0.0	0.0	0.0	-0.001578423729573109	0.0	0.0	0.0	-0.0019760982857532383	0.00385303498173
170	42.5	nan	nan	1	1	5.0	5.0	5.0	1.00425	2.05016714821e-20	-2.40893192349e-18	2.47327003153e-21	0.998316045608	2.9806957065e-19	-1.39259992026e-20	7.90958373529e-20	0.997888427576	222580926.734	11667656.0823	515042.750035	11598712.5287	-33.1439195637	-2876854.39598	511780.159351	-2875621.74988	-90.08351708	223428159.8421436	11642863.147863243	513728.1767563117	11642861.923755303	-33.0734911058406	-2869511.6347910007	513728.2018066384	-2869511.2593918685	-89.85359173031696	224393254.929	0.004240994257254614	0.0	0.0	0.0	-0.0016853738369411024	0.0	0.0	0.0	-0.0021138049363452656	0.0041011885753
180	45.0	nan	nan	1	1	5.0	5.0	5.0	1.0045	5.49247926735e-22	-3.03011147629e-19	3.27067214203e-21	0.998209249593	-8.37429380343e-19	2.75959860057e-20	1.70978232615e-20	0.99775102986	224672919.586	11783928.7947	513539.497911	11710129.9628	-32.3118648636	-2907720.98045	510089.167291	-2906385.86369	-80.6413596945	225583304.59502077	11757581.119538404	512156.0664430168	11757579.948278723	-32.239618795743276	-2899887.8289186517	512156.07206982834	-2899887.478307257	-80.42411877130691	226558137.757	0.004489905272852001	0.0	0.0	0.0	-0.001792355717269306	0.0	0.0	0.0	-0.002251502871415641	0.00434930909008
190	47.5	nan	nan	1	1	5.0	5.0	5.0	1.00475	5.38676558507e-20	-4.39801178346e-18	2.48650492133e-21	0.998102441463	-4.71038826999e-18	-3.39576253017e-20	3.65208512248e-20	0.997613660133	226725241.21	11895942.231	511389.180525	11817236.0127	-29.9594523469	-2936779.6453	507757.03057	-2935341.11836	-73.0894061752	227699652.31310996	11868024.7793897	509939.20508040604	11868023.679381454	-29.88914336715807	-2928452.8004350057	509939.2493897003	-2928452.446404449	-72.88217096520764	228683651.974	0.00473875434717347	0.0	0.0	0.0	-0.0018993611819774594	0.0	0.0	0.0	-0.0023891917138672576	0.00459739362822
200	50.0	nan	nan	1	1	5.0	5.0	5.0	1.005	3.86160997164e-20	7.2504696796e-19	2.57186996055e-20	0.99799562793	1.61288804355e-18	1.713628716e-20	-6.01302402683e-20	0.997476318289	228741295.114	12004544.9967	508792.348164	11920878.0379	-30.6405453454	-2964004.72984	504983.474501	-2962462.04138	-65.0482611058	229780591.66942257	11975042.08694208	507277.81643624924	11975041.09348744	-30.565241762927396	-2955181.7213558024	507277.8900560604	-2955181.3614131934	-64.8546307266574	230773305.179	0.004987541511038968	0.0	0.0	0.0	-0.002006383511932313	0.0	0.0	0.0	-0.0025268715636012273	0.0048454399845
210	100.0	nan	nan	1	1	5.0	5.0	5.0	1.01	3.77392882671e-20	8.11884388666e-19	5.07326413291e-20	0.995863308338	4.12284022653e-18	5.57112346409e-20	8.72311586774e-20	0.994734292975	263513330.129	13732771.9277	472574.298994	13540559.334	3559.89289366	-3343563.89831	465433.301521	-3339775.91973	3133.29780342	266008655.1975395	13668779.677985428	469838.92429924564	13668780.920102064	3543.3044324077673	-3324210.53927799	469840.69671596	-3324213.1640262525	3115.161515558282	267120110.639	0.009950330853168092	0.0	0.0	0.0	-0.004145271440393307	0.0	0.0	0.0	-0.005279619721852097	0.0097970987152
220	150.0	nan	nan	1	1	5.0	5.0	5.0	1.015	-1.2792182737e-19	2.28566877733e-18	4.31655930855e-20	0.993743832572	-5.05307430852e-18	-7.24652480356e-20	2.78885597883e-19	0.992002733967	291411770.78	15012971.5129	455825.695842	14698564.2506	-1831.42091092	-3645809.4857	445496.37234	-3639414.69865	-140.183285232	295610444.5301789	14910346.950021388	451916.6215573184	14910341.817851748	-1818.9018189954795	-3614543.718461774	451915.1038803811	-3614536.65620104	-138.98110009754882	296804440.978	0.014888612493750559	0.0	0.0	0.0	-0.006275819249709333	0.0	0.0	0.0	-0.008029415685940865	0.0147289909674
230	200.0	nan	nan	1	1	5.0	5.0	5.0	1.02	1.81562835733e-19	-9.10381747286e-18	-2.15265482611e-19	0.99163903372	5.29246037779e-18	1.68015478456e-19	1.37973726174e-19	0.989283262778	314351391.863	16004231.7979	436819.050239	15559229.7665	5933.73908456	-3916454.57123	423649.986236	-3907132.48182	6571.64598342	320435860.4162079	15860395.01690783	431864.77766613534	15860388.427402845	5880.410068837863	-3872035.300929176	431849.9977057865	-3872017.4343630713	6497.11231682185	321675873.856	0.01980262729617973	0.0	0.0	0.0	-0.00839611521505941	0.0	0.0	0.0	-0.01077457504332035	0.019640046692
240	250.0	nan	nan	1	1	5.0	5.0	5.0	1.025	1.34281191919e-19	3.03877702039e-18	-1.09108431518e-19	0.989549371919	-1.71644874014e-17	-2.54875026243e-19	3.04124532734e-19	0.986576992759	333409820.557	16767956.5256	409798.802251	16188018.287	3523.65723756	-4166308.95882	394428.824257	-4153777.05756	4340.5048207	341515120.6538692	16581556.32683731	404026.0353435876	16581554.224155487	3484.486667881528	-4107618.8641896094	404017.5159821489	-4107601.790587964	4279.36085821703	342791302.682	0.024692612590371414	0.0	0.0	0.0	-0.010505619359107859	0.0	0.0	0.0	-0.013513910179727686	0.0245298173577
250	300.0	nan	nan	1	1	5.0	5.0	5.0	1.03	-6.7550215799e-19	2.01208706153e-18	-1.06540862897e-20	0.987475275057	-1.35823652151e-17	1.45414215784e-19	-2.73042394036e-19	0.983884669617	349389524.094	17339307.3957	378407.133479	16623430.1005	3500.13774361	-4391473.89846	361454.173848	-4375490.11303	4326.51580545	359616371.8834589	17110012.529725246	372045.3319332572	17110008.196444243	3453.8519493451013	-4317644.197686501	372034.16140885657	-4317628.665848442	4253.778183709791	360909630.946	0.02955880224154443	0.0	0.0	0.0	-0.01260382043727585	0.0	0.0	0.0	-0.01624659447278556	0.029398000393
260	350.0	nan	nan	1	1	5.0	5.0	5.0	1.035	3.91990966122e-19	-5.588961614e-18	-8.27842357043e-21	0.985417018096	2.68389403829e-17	1.53344396316e-19	4.90021794876e-19	0.981206732323	362881786.293	17752857.5096	342457.933038	16902377.4601	3742.39371792	-4590678.246	324646.559877	-4571048.31217	4558.59995416	375305209.7917706	17481045.29647732	335773.8134335443	17481038.063234676	3685.0943046680004	-4501077.043920584	335760.9829566814	-4501061.45189414	4469.624858585002	376601669.609	0.03440142671733232	0.0	0.0	0.0	-0.014690358779875817	0.0	0.0	0.0	-0.01897210530560498	0.0342444502469
270	400.0	nan	nan	1	1	5.0	5.0	5.0	1.04	-9.16648467607e-19	-1.07454732038e-17	2.28156265277e-19	0.983374978842	1.94976396546e-19	-5.87167540376e-19	4.32675017369e-19	0.97854327077	374343622.565	18034032.3069	298891.22197	17052123.1782	4028.29022884	-4766413.41932	281215.685935	-4742977.04503	4791.43749575	389019391.48364913	17720642.712168097	292254.1369507029	17720634.685410604	3958.2879009748362	-4660571.933268196	292240.46684298746	-4660555.120267453	4685.040332881389	390307835.48	0.03922071315328133	0.0	0.0	0.0	-0.016764767848428994	0.0	0.0	0.0	-0.021690271590790657	0.0390691203228
280	450.0	nan	nan	1	1	5.0	5.0	5.0	1.045	-4.08547813262e-19	-4.55563435791e-17	2.20837371217e-19	0.981349356314	-5.08206533463e-18	4.47868670861e-19	-8.69161683001e-19	0.975894367126	384132076.12	18204482.6098	239630.419693	17095640.7663	4200.71124381	-4926653.88245	223769.845642	-4899246.67805	4946.27100929	401101346.85734355	17850863.89282387	233669.4928563367	17850851.212461982	4119.113202697692	-4804100.896979825	233655.01621121445	-4804079.714968667	4823.230037953975	402373041.687	0.04401688541677426	0.0	0.0	0.0	-0.018826760169152083	0.0	0.0	0.0	-0.024400928830066573	0.0438720170321
290	500.0	nan	nan	1	1	5.0	5.0	5.0	1.05	6.69844242601e-19	-6.82025635173e-18	1.96670462441e-19	0.979340221488	1.03843724704e-17	4.78158370531e-19	-1.51023327517e-19	0.973260093001	392529064.253	18288835.9129	168630.302928	17058070.5969	4317.84898006	-5076023.9796	156289.459866	-5044485.90122	5030.0173292	411821780.0613243	17896489.427568432	163988.24941432793	17896470.95558582	4225.219089366683	-4936291.235598186	163971.05189987752	-4936267.624065887	4891.551055870617	413070765.5	0.04879016416943205	0.0	0.0	0.0	-0.02087617742720406	0.0	0.0	0.0	-0.027103922135891377	0.0486531860136
300	550.0	nan	nan	1	1	5.0	5.0	5.0	1.055	-1.7745340245e-19	3.9511731179e-17	2.52270234494e-19	0.977347572894	-1.5668216935e-17	-1.12493254585e-19	6.17089971854e-19	0.970640491298	399760772.667	18307247.8333	91422.6590846	16959735.8588	4497.9987382	-5214423.28596	84096.0193497	-5178615.36952	5204.12799836	421398254.78022134	17877722.703435104	88665.02695531216	17877699.817198254	4392.466573576015	-5057137.758137369	88647.80691588022	-5057114.559602114	5047.153012980018	422620510.801	0.05354076692802976	0.0	0.0	0.0	-0.02291293494015753	0.0	0.0	0.0	-0.029799125079825208	0.0534127029083
310	600.0	nan	nan	1	1	5.0	5.0	5.0	1.06	-2.32166436886e-19	-3.75455162455e-17	-2.89830851749e-19	0.97537129918	-5.37488727147e-18	7.6123777412e-20	-7.29242428027e-20	0.968035633589	406008647.266	18264944.1749	5836.69104885	16806673.9626	4692.79853494	-5348199.80621	5317.86281592	-5307950.87748	5321.62744084	430005457.16555136	17800046.62266269	5645.349945056887	17800018.71729933	4573.352752289643	-5172872.648123035	5632.170759666626	-5172847.624674693	5147.171390316848	431197532.887	0.058268908123975824	0.0	0.0	0.0	-0.024937060805902207	0.0	0.0	0.0	-0.03248638082420475	0.0581506624981
320	650.0	nan	nan	1	1	5.0	5.0	5.0	1.065	8.50500488382e-19	1.90155720285e-17	-1.31303341714e-19	0.973411233373	4.85593533098e-17	-3.30145980443e-19	-9.65326392294e-19	0.965445586864	411419642.752	18166699.6776	-92836.6563062	16604354.3264	4857.13504834	-5478975.01326	-84171.1271069	-5434111.91169	5424.21842038	437784990.1002298	17668457.136963822	-89551.63687554616	17668424.982774828	4723.922557923441	-5285101.816025678	-89565.13549216112	-5285075.170122672	5232.282781850662	438943824.283	0.06297479916138839	0.0	0.0	0.0	-0.026948641303162837	0.0	0.0	0.0	-0.0351655361703784	0.0628671755463
330	700.0	nan	nan	1	1	5.0	5.0	5.0	1.07	3.1631386624e-19	3.91715415716e-17	6.14628282351e-19	0.971467204095	6.65317910289e-18	-5.06188212768e-19	1.14513560513e-18	0.96287037608	416113825.582	18020447.2332	-204602.722127	16360975.1967	4844.91169947	-5608908.47637	-184133.392691	-5559245.73261	5345.44360962	444852644.46141416	17490972.708959002	-196833.71348916297	17490942.7054962	4702.559110554176	-5395931.552364518	-196850.52895725437	-5395904.670575228	5142.470759872511	445976188.336	0.06765864847381486	0.0	0.0	0.0	-0.028947768742691823	0.0	0.0	0.0	-0.037836480522277796	0.0675623683658
340	750.0	nan	nan	1	1	5.0	5.0	5.0	1.075	-1.16991131884e-18	-5.58597052891e-18	-2.66868317944e-19	0.969538717811	5.18877560411e-17	1.58654895849e-19	-1.79864799371e-18	0.9603103127	420188542.185	17845623.0255	-320827.73905	16094874.0451	5912.28395453	-5740505.75474	-286619.677859	-5685840.8974	6264.08691295	451302205.6335369	17286682.58485177	-307821.0317298363	17286649.74579332	5727.106076791252	-5507779.375023868	-307842.97954223974	-5507755.4132391345	6010.13398061921	452389390.978	0.07232066157962608	0.0	0.0	0.0	-0.030934869242282063	0.0	0.0	0.0	-0.040498804355989924	0.0722363487975
350	800.0	nan	nan	1	1	5.0	5.0	5.0	1.08	1.91148866416e-18	-5.34787750837e-17	2.2261084645e-19	0.967624985537	2.10370690967e-17	-6.14197321252e-19	4.99246513068e-19	0.957765965155	423724810.502	17654929.4708	-442481.590245	15817883.2641	6771.80571794	-5875068.26241	-392416.891525	-5815176.13452	7029.25291717	457211789.177321	17068007.75151982	-423413.1841122365	17067970.836092986	6546.683331516403	-5621886.683435573	-423429.60485364613	-5621856.00937113	6726.332632146848	458263957.313	0.0769610411361284	0.0	0.0	0.0	-0.03291067840416571	0.0	0.0	0.0	-0.04315182610152294	0.0768892085145
360	850.0	nan	nan	1	1	5.0	5.0	5.0	1.085	1.24670014946e-18	-1.98549287397e-17	-2.44104307487e-19	0.965725643996	8.47117650549e-18	-2.3476037189e-19	-2.60965557093e-19	0.95523746378	426790114.607	17451145.4979	-567866.895182	15532702.4074	7371.84959803	-6015558.04675	-499963.151948	-5950195.76841	7600.27628582	462646457.3107419	16837703.37434466	-541954.7778913704	16837666.795218173	7112.714570332751	-5741064.416291016	-541967.0538706067	-5741034.6718973005	7253.470982974796	463665160.52	0.08157998699242285	0.0	0.0	0.0	-0.03487549753528756	0.0	0.0	0.0	-0.04579531623770849	0.0815210813771
370	900.0	nan	nan	1	1	5.0	5.0	5.0	1.09	-9.4237709338e-19	-3.91722562556e-17	4.31192709712e-20	0.963840520325	-4.8024650527e-18	-5.35314069317e-19	8.60267837055e-20	0.952724740809	429442828.816	17244147.4528	-690070.229003	15248228.1372	8430.34692929	-6157185.13872	-603170.558072	-6086144.85288	8651.01084976	467662698.5176324	16605340.542120248	-656843.0563598713	16605301.19437812	8118.04596500062	-5860714.07678832	-656851.9763900834	-5860684.510345847	8234.46102778339	468649442.518	0.08617769624105241	0.0	0.0	0.0	-0.03682943340503835	0.0	0.0	0.0	-0.04842925145681102	0.0861321208521
380	950.0	nan	nan	1	1	5.0	5.0	5.0	1.095	-3.90429249125e-19	2.60137317689e-17	2.93232218428e-19	0.961969635425	-2.75539288346e-17	-2.81903152758e-21	1.15434708843e-19	0.950227518602	431731603.7	17045305.4134	-816591.865969	14974454.1234	9225.56334636	-6296588.37094	-708630.757883	-6219695.59872	9420.20684569	472307534.7325822	16381854.510918573	-775228.2076858379	16381815.577957433	8866.478649454106	-5977640.8763844	-775230.822629261	-5977607.671396235	8943.035527727572	473265346.664	0.09075436326846412	0.0	0.0	0.0	-0.03877239282186103	0.0	0.0	0.0	-0.051053829796221556	0.0907225046902
390	1000.0	nan	nan	1	1	5.0	5.0	5.0	1.1	-1.10431920498e-19	3.66574683748e-18	-2.525216974e-20	0.960112774613	-8.41405472111e-18	2.55433373156e-19	3.38495541546e-19	0.947745749342	433698862.958	16845957.744	-947018.200193	14703620.2247	9929.8295713	-6433626.34002	-815947.03365	-6350723.67043	10062.3196577	476622115.6624682	16158877.051817473	-896692.2004408394	16158840.103006313	9524.830682024476	-6091733.568025381	-896701.4550011388	-6091702.504542704	9527.592556894155	477552746.653	0.09531017980432493	0.0	0.0	0.0	-0.040704527864524505	0.0	0.0	0.0	-0.05366900959495894	0.0952923890663
400	1050.0	nan	nan	1	1	5.0	5.0	5.0	1.105	-1.37865200077e-18	4.32869570249e-17	-9.7091151579e-20	0.958269575885	-1.00655519161e-16	-1.58017305033e-18	-2.25734280443e-19	0.945279519931	435378973.044	16646651.4878	-1079152.25846	14436148.128	10538.9944879	-6572254.04236	-923171.143288	-6483129.5848	10678.5279342	480639547.31330585	15936918.824269315	-1019137.4152674071	15936882.878559513	10089.662762879905	-6206751.591077548	-1019140.9964068456	-6206720.312244083	10084.663468389317	481544721.743	0.09984533496971612	0.0	0.0	0.0	-0.04262614614328643	0.0	0.0	0.0	-0.05627460693835277	0.0998419191344
410	1100.0	nan	nan	1	1	5.0	5.0	5.0	1.11	1.29603981864e-18	-2.3890723096e-17	-5.6354160772e-20	0.956439785641	-7.06885787477e-17	-8.59407569218e-19	-2.88891174573e-19	0.942828811356	436804104.995	16459172.0324	-1218742.31658	14182130.148	11344.1643158	-6711154.07448	-1035202.86101	-6615608.15508	11452.6006442	484391186.18756557	15727227.184271079	-1147971.9554296075	15727184.718501652	10839.685560068858	-6321448.399108298	-1147981.752129219	-6321409.862673889	10787.566967535955	485273340.804	0.10436001532424286	0.0	0.0	0.0	-0.0445374448895039	0.0	0.0	0.0	-0.058870549036218175	0.104371248355
420	1150.0	nan	nan	1	1	5.0	5.0	5.0	1.115	1.03046851989e-19	5.53714437345e-17	1.10723088074e-19	0.954623251184	6.31614998713e-17	-2.67609471773e-20	-2.70097631056e-19	0.940393499537	438002067.716	16283597.3843	-1372308.51137	13941399.729	11931.1584942	-6844523.96882	-1157414.87366	-6742450.78245	12048.7705227	487904174.9082325	15529800.261070637	-1289272.9815953681	15529760.321255043	11378.843625594867	-6430376.07926217	-1289280.5550081425	-6430330.562121618	11319.724513587542	488765758.374	0.10885440491208208	0.0	0.0	0.0	-0.04643851771555704	0.0	0.0	0.0	-0.061456874784817546	0.10888054092
430	1200.0	nan	nan	1	1	5.0	5.0	5.0	1.12	3.85638219017e-19	1.68097394152e-17	-4.78600084978e-19	0.952819864081	6.8128501074e-17	3.27563522571e-20	9.01031297642e-20	0.937973413318	438994942.321	16118361.1343	-1533275.14471	13712373.9613	12441.8727521	-6969445.74837	-1284085.97248	-6860799.55171	12562.0276117	491199804.8471363	15343072.272168567	-1436783.2961165714	15343036.478211632	11843.421998428736	-6530845.601323969	-1436788.259459974	-6530796.927160411	11771.475915537283	492042706.155	0.11332868530700327	0.0	0.0	0.0	-0.04832941304648485	0.0	0.0	0.0	-0.06403367438827219	0.113369965868
440	1250.0	nan	nan	1	1	5.0	5.0	5.0	1.125	-1.08356689778e-18	6.08768402543e-17	5.69629657029e-20	0.951029446187	-3.86077617359e-17	-2.68999135202e-19	1.15747052242e-18	0.935568453975	439803807.407	15961226.9126	-1683945.12935	13492944.6877	13062.913607	-7089731.5953	-1400400.13544	-6974422.97454	13212.8387423	494298680.56369257	15164852.123181533	-1573915.6352930164	15164818.138731832	12411.148230194935	-6626486.346488491	-1573919.8423278383	-6626438.78397129	12349.507784222431	495124252.026	0.11778303565638346	0.0	0.0	0.0	-0.05021025352283244	0.0	0.0	0.0	-0.06660096226787794	0.117839683217
450	1300.0	nan	nan	1	1	5.0	5.0	5.0	1.13	8.64503001791e-20	1.49078328112e-17	1.12655381985e-19	0.949251829621	3.05572429678e-18	-1.21567756777e-18	4.25631409017e-18	0.93317850925	440446264.838	15814342.0326	-1825917.77316	13284741.0083	13734.216937	-7210293.47259	-1507883.39274	-7088154.79961	13899.7825477	497217905.5777405	14997123.069680829	-1702242.108998546	14997087.335317	13024.490127081177	-6721915.601948928	-1702243.116238944	-6721868.646040861	12958.302671904954	498027821.081	0.12221763272424911	0.0	0.0	0.0	-0.05208115243357811	0.0	0.0	0.0	-0.06915876819347723	0.122289854486
460	1350.0	nan	nan	1	1	5.0	5.0	5.0	1.135	-1.96861044854e-18	-2.19621878938e-17	3.7947076037e-19	0.947486712196	5.86165328346e-17	7.64976630489e-20	-3.19860816707e-19	0.930803600718	440938405.207	15680925.3176	-1967736.94566	13090256.5434	14393.6631592	-7332212.20007	-1613727.99253	-7203061.54755	14612.8558726	499973221.6561888	14842866.122035263	-1829776.519914775	14842838.952159852	13624.401044616967	-6818141.902712899	-1829781.1525925791	-6818097.532743572	13588.33080994671	500769460.208	0.126632650933366	0.0	0.0	0.0	-0.05394236619143973	0.0	0.0	0.0	-0.07170697914936436	0.126720626353
470	1400.0	nan	nan	1	1	5.0	5.0	5.0	1.14	1.24969123456e-18	-2.48114214399e-17	7.13334090486e-19	0.945733940432	8.85969993048e-18	-2.53792246821e-19	2.4323080476e-18	0.928443602025	441293486.812	15558911.2826	-2115269.9935	12907515.4847	14820.5909533	-7451795.61632	-1722723.88046	-7315513.45381	15079.0609557	502577468.61486334	14700050.452161862	-1961968.2819574769	14700027.651147459	14002.485828684301	-6911735.470070436	-1961964.6172861157	-6911692.913548477	13986.223700850112	503361880.183	0.131028262406404	0.0	0.0	0.0	-0.05579399638821992	0.0	0.0	0.0	-0.07424564098733323	0.131132159785
480	1450.0	nan	nan	1	1	5.0	5.0	5.0	1.145	-1.38929285217e-18	-1.24464080061e-17	5.67088558187e-19	0.943993405099	5.18360340918e-17	9.56776653483e-19	-2.03801421065e-18	0.926098343023	441521808.817	15449014.3113	-2272265.38924	12736903.5042	15145.1056168	-7565672.20417	-1837839.02576	-7422207.15015	15417.6428328	505040368.0985034	14569283.078644756	-2102251.1876235437	14569269.97883011	14282.680211237272	-6999597.604972768	-2102235.675656815	-6999555.755462116	14264.072369843272	505814578.981	0.13540463700620298	0.0	0.0	0.0	-0.057636098984979664	0.0	0.0	0.0	-0.07677484800630477	0.135524619597
490	1500.0	nan	nan	1	1	5.0	5.0	5.0	1.15	5.72647211903e-19	-5.2956896909e-17	-1.00511047104e-18	0.942265005439	9.12204191612e-18	-1.24361642014e-18	1.1816374312e-18	0.923767652405	441634684.461	15351817.0145	-2435916.88277	12578661.8814	15731.8292557	-7673410.26965	-1956697.82984	-7522726.32162	16030.4648378	507373010.42163897	14451043.035346022	-2247975.443730061	14451024.27503161	14808.757906904963	-7081373.743846241	-2247956.7464748775	-7081327.357809284	14793.645695321988	508138215.661	0.13976194237515863	0.0	0.0	0.0	-0.05946872184734154	0.0	0.0	0.0	-0.07929469739757386	0.139898167966
500	1550.0	nan	nan	1	1	5.0	5.0	5.0	1.155	-8.37821463953e-19	4.21152722309e-17	-6.80590973119e-19	0.940548352975	7.33555413915e-17	3.28092918163e-19	-2.51838777086e-18	0.921451642838	441643503.105	15262317.3904	-2604005.38999	12428506.8719	16226.2856918	-7773069.49331	-2077435.96409	-7615188.92104	16576.7548589	509586800.3667244	14340554.616667064	-2397059.241103567	14340532.591694461	15246.304361043945	-7155326.226398674	-2397032.761638284	-7155272.023572427	15259.362970130926	510343950.717	0.14410034397375687	0.0	0.0	0.0	-0.06129221957429915	0.0	0.0	0.0	-0.08180497982218173	0.144252936664
510	1600.0	nan	nan	1	1	5.0	5.0	5.0	1.16	-7.77311547783e-19	-1.29781647024e-16	-3.97523150058e-19	0.9388429085	-3.93435157297e-17	-1.08224340879e-18	2.36920409303e-18	0.919150578629	441559062.89	15173880.9804	-2774704.84647	12280925.4316	16511.296182	-7865327.80079	-2198565.30246	-7700290.77226	16897.2941997	511692684.2542194	14231543.975271842	-2547803.1680867407	14231526.940229015	15485.90225575114	-7222140.082534409	-2547767.3898501806	-7222082.925874467	15515.516812124752	512442289.705	0.14842000511827322	0.0	0.0	0.0	-0.0631071103616293	0.0	0.0	0.0	-0.08430531952726186	0.148589039065
520	1650.0	nan	nan	1	1	5.0	5.0	5.0	1.165	4.36221967836e-20	4.34273792057e-17	3.91382161191e-19	0.937148410038	5.92132675459e-17	-9.04737066786e-19	-1.12125986393e-19	0.91686445125	441388835.319	15088691.6507	-2949274.88419	12137622.841	16765.3558626	-7953246.64013	-2321068.19153	-7781035.04292	17182.6085736	513697954.58925277	14126042.98847427	-2701350.6047508246	14126030.221157026	15695.73711986902	-7284674.526683946	-2701309.790922598	-7284610.094475185	15738.190532971972	514440633.677	0.15272108701766393	0.0	0.0	0.0	-0.06491362077144337	0.0	0.0	0.0	-0.0867956352635496	0.152906615543
530	1700.0	nan	nan	1	1	5.0	5.0	5.0	1.17	-6.3929811694e-19	-5.66397696939e-18	1.04507983823e-18	0.935464889005	2.47063628846e-17	-1.01209849285e-18	9.16304360472e-19	0.914592967659	441138928.263	15008025.3013	-3132528.49991	11999551.4388	17504.219021	-8039096.74583	-2448666.93757	-7859650.15508	18061.3631942	515608459.7149786	14025224.887991667	-2862079.3978656246	14025219.354347458	16357.9553825058	-7345035.543762708	-2862031.226776584	-7344961.029375871	16502.022406810807	516344538.816	0.1570037488096647	0.0	0.0	0.0	-0.06671166576815907	0.0	0.0	0.0	-0.08927615676762451	0.157205834543
540	1750.0	nan	nan	1	1	5.0	5.0	5.0	1.175	-1.39712790694e-18	-3.68457214473e-17	-1.36292895169e-19	0.933792342415	-1.4677630432e-16	5.31407295284e-19	1.38968989887e-18	0.912335878551	440817347.698	14932835.1578	-3319921.82285	11867390.0616	20457.9196009	-8118001.44654	-2577745.93377	-7931373.42845	21380.0091056	517432394.44628763	13929952.967719767	-3025796.2641261737	13929969.152685467	19083.975336665535	-7398794.236674238	-3025763.976282016	-7398706.117104686	19485.865972341875	518160349.605	0.16126814759612232	0.0	0.0	0.0	-0.06850119693405417	0.0	0.0	0.0	-0.09174706882427393	0.161486856697
550	1800.0	nan	nan	1	1	5.0	5.0	5.0	1.18	-1.38765172584e-18	1.11633119097e-17	6.36095273608e-19	0.93213058164	1.94089129534e-17	1.27690216799e-19	1.18844016456e-18	0.910093077831	440424915.936	14858671.1995	-3504948.37866	11737477.9213	19084.395545	-8185757.60063	-2703199.18868	-7992145.26998	19837.5637926	519169669.21121734	13836050.996975828	-3186565.5892617265	13836053.114353765	17770.947782730498	-7442179.077735151	-3186511.4298005872	-7442100.847779946	18035.55753949538	519893723.305	0.16551443847757333	0.0	0.0	0.0	-0.07028236505510897	0.0	0.0	0.0	-0.09420840137105504	0.165749839155
560	1850.0	nan	nan	1	1	5.0	5.0	5.0	1.185	-2.75306883681e-18	-1.96210947067e-17	-4.75000194952e-19	0.930479500248	-4.8260760961e-18	1.26189380295e-18	1.34635886966e-18	0.907864441249	439970921.65	14788894.5473	-3690000.90398	11612451.0045	18017.4571617	-8244702.10405	-2826973.11139	-8044231.26596	18777.3531604	520830199.9958064	13746633.549807843	-3346580.781903609	13746624.791550556	16747.66023309497	-7477386.139438067	-3346523.3690132457	-7477306.64042416	17029.78694499317	521550328.347	0.16974277458709455	0.0	0.0	0.0	-0.07205523404203162	0.0	0.0	0.0	-0.09666020530490334	0.169994921024
570	1900.0	nan	nan	1	1	5.0	5.0	5.0	1.19	-7.97852096754e-19	2.08648567106e-17	-1.55351136482e-19	0.928838897606	9.11509624595e-17	9.83590540219e-19	2.43098455862e-19	0.905649919701	439461352.357	14720565.8387	-3873573.3794	11489937.743	18208.6832172	-8299262.11322	-2947945.93132	-8091983.8156	19069.7680538	522420175.2580819	13658946.05053305	-3504486.8260338884	13658937.827429863	16895.506901040048	-7508481.676442838	-3504441.111446038	-7508405.015824304	17252.739105310466	523135426.183	0.17395330712343798	0.0	0.0	0.0	-0.07381997005461506	0.0	0.0	0.0	-0.0991024497077103	0.174222238024
580	1950.0	nan	nan	1	1	5.0	5.0	5.0	1.195	-1.47171974585e-18	1.74740250041e-17	3.09299374646e-19	0.927208579968	-1.06607143225e-16	-7.11931192167e-19	-6.48668418919e-19	0.903449445978	438899090.88	14650709.0323	-4060285.69805	11367584.3272	18108.1913129	-8353140.71307	-3069636.04425	-8139015.23801	19081.6418622	523942205.16560715	13570219.798118714	-3664470.639100779	13570219.951600648	16772.712891962525	-7538838.68369733	-3664422.8969704267	-7538763.173613725	17221.476898399073	524653086.642	0.17814618538347404	0.0	0.0	0.0	-0.0755767333669677	0.0	0.0	0.0	-0.10153512405377275	0.178431930622
590	2000.0	nan	nan	1	1	5.0	5.0	5.0	1.2	2.55364551729e-18	1.53219472191e-16	-6.74211756235e-19	0.925588524828	-3.32161852683e-17	-3.37092643228e-19	-2.20143862991e-18	0.90126280195	438289459.125	14585479.4679	-4253980.95629	11250136.1376	18250.8208389	-8405169.52443	-3194913.12771	-8184185.25101	19379.9397611	525401874.09704536	13486150.983877297	-3829978.4787202533	13486161.91304789	16875.23032443317	-7567410.084655699	-3829919.497099626	-7567331.483209305	17448.303828008015	526108853.781	0.1823215567939546	0.0	0.0	0.0	-0.07732550072921796	0.0	0.0	0.0	-0.10395838582366955	0.182624149915
600	2050.0	nan	nan	1	1	5.0	5.0	5.0	1.205	-2.32441722594e-18	5.85803221761e-17	3.12661036655e-19	0.923978704901	3.49764256119e-17	-9.76523109066e-19	1.76992828285e-18	0.899089780998	437636955.439	14527303.6882	-4451317.12879	11139374.8639	20534.8208543	-8456816.77828	-3321245.66252	-8228924.11983	22009.0635964	526803879.402836	13408954.186723588	-3997969.965579288	13408981.62162383	18953.99710625846	-7595527.01048757	-3997937.280480081	-7595440.206736463	19767.536817321823	527505787.029	0.18647956694261839	0.0	0.0	0.0	-0.07906625424997005	0.0	0.0	0.0	-0.10637238186848011	0.186799043348
610	2100.0	nan	nan	1	1	5.0	5.0	5.0	1.21	-2.25061948041e-18	2.46377532159e-17	-9.93331419113e-19	0.922378935733	-2.35336457692e-17	5.17907707687e-19	-2.13240544471e-19	0.896930307399	436942530.866	14472043.1666	-4644924.50743	11032012.7462	21593.8996761	-8511632.73361	-3443094.16422	-8276707.54233	23338.0437273	528148735.43563646	13334777.690891264	-4161825.9436966376	13334805.311049515	19896.972966800156	-7626374.5249877935	-4161796.3470264548	-7626293.939214593	20910.75445984898	528847264.851	0.1906203596086497	0.0	0.0	0.0	-0.08079914665729551	0.0	0.0	0.0	-0.10877711514912747	0.190956750772
620	2150.0	nan	nan	1	1	5.0	5.0	5.0	1.215	-1.08515508455e-18	3.33661101e-17	-6.42950946525e-19	0.920788881011	-5.82122334209e-17	-7.07590148313e-19	2.03706129859e-18	0.894784472487	436209476.195	14418907.2895	-4832157.95543	10927342.9228	21484.6499056	-8568528.67815	-3558593.85798	-8326484.33031	22720.252799	529439805.88659626	13262873.654938512	-4319214.555037522	13262825.8477293	19762.12146298137	-7658961.922040179	-4319166.235985042	-7658909.752692937	20308.451728755645	530136724.972	0.19474407679251185	0.0	0.0	0.0	-0.0825244970046699	0.0	0.0	0.0	-0.11117240257104206	0.195097386995
630	2200.0	nan	nan	1	1	5.0	5.0	5.0	1.22	-1.55478191424e-18	1.83249543029e-16	-3.05620075281e-19	0.919208479012	-1.91056539824e-16	-1.52730628302e-19	-4.54962571794e-19	0.892652098494	435438660.889	14366769.8555	-5012983.96755	10824581.1684	18674.4390736	-8625788.39008	-3667879.51271	-8376531.00879	20262.0780349	530677572.2962701	13192195.352513462	-4470153.7745894985	13192127.781769842	17147.68530681606	-7691746.229456059	-4470116.161266516	-7691696.5021222215	18068.00205128161	531375132.375	0.19885085874516517	0.0	0.0	0.0	-0.08424232815157959	0.0	0.0	0.0	-0.11355836136725063	0.199221096095
640	2250.0	nan	nan	1	1	5.0	5.0	5.0	1.225	3.54070359864e-18	-3.24828664943e-17	-1.14508266557e-19	0.917637911295	2.13580945837e-17	-4.066816938e-19	7.28924790672e-19	0.890532880858	434646380.665	14319974.8359	-5191765.13144	10726970.0085	33892.1917854	-8683906.3478	-3774181.84569	-8427318.70657	37692.6290267	531881347.6241044	13126719.549066141	-4618570.751420885	13126706.025516814	31068.022225483557	-7725163.764275102	-4618506.021360905	-7725086.844036387	33531.19210124777	532563016.948	0.20294084399669038	0.0	0.0	0.0	-0.08595239831098701	0.0	0.0	0.0	-0.11593525289366936	0.203328001126
650	2300.0	nan	nan	1	1	5.0	5.0	5.0	1.23	9.60482422627e-19	5.9241484331e-18	8.68923454985e-19	0.916076984988	6.13761661767e-17	-1.10921611421e-18	5.83880986366e-18	0.888426610451	433812504.168	14273746.236	-5372303.79111	10630734.8335	32715.1078718	-8740684.63256	-3880346.12796	-8476833.27441	34593.3753508	533026174.0412072	13062048.795110246	-4767859.831667136	13062002.273112623	29937.924374819988	-7757260.345145615	-4767787.997510425	-7757235.4186245175	30701.23566909919	533708864.012	0.20701416938432612	0.0	0.0	0.0	-0.08765487309284394	0.0	0.0	0.0	-0.11830323417880133	0.207418299682
660	2350.0	nan	nan	1	1	5.0	5.0	5.0	1.235	-7.5227113628e-20	-1.86737942343e-17	1.40554529685e-19	0.914525348508	1.47322958208e-16	8.84937671644e-19	-3.43535387583e-18	0.886333377716	432935532.998	14226807.6895	-5550008.84361	10534985.9414	7727.00824291	-8798039.76345	-3983105.72477	-8526789.14239	7252.91590749	534109594.9123867	12997008.382287577	-4913952.679010487	12996939.832136247	7059.067156520874	-7789744.5362492325	-4913930.188215668	-7789713.080850422	6421.698876260902	534815017.843	0.2110709700799406	0.0	0.0	0.0	-0.0893500931012483	0.0	0.0	0.0	-0.12066212633276414	0.211492109589
670	2400.0	nan	nan	1	1	5.0	5.0	5.0	1.24	6.35909985151e-19	-1.10431391103e-17	9.52462079408e-19	0.912982793589	-2.88062670471e-17	1.35742323753e-18	-4.03584729587e-18	0.884253471132	432056982.395	14182281.1999	-5722201.94426	10442103.7403	24817.6459717	-8855877.89893	-4080553.49419	-8577124.20815	27386.5264025	535182201.89731973	12934440.091781223	-5054508.167854753	12934469.98864811	22634.042472818575	-7822531.887146593	-5054517.558945204	-7822458.014079208	24190.936066047485	535870365.71	0.2151113796169455	0.0	0.0	0.0	-0.09103824457899617	0.0	0.0	0.0	-0.12301152539449778	0.215549417884
680	2450.0	nan	nan	1	1	5.0	5.0	5.0	1.245	-2.00312704114e-18	3.85826154452e-17	1.02014530585e-19	0.911448973264	1.62657219169e-16	-1.72122388838e-18	1.06641448059e-18	0.882186693405	431139110.96	14145214.6362	-5890466.26899	10355512.9287	17075.0349433	-8914909.71192	-4173832.76742	-8628644.01903	20155.159819	536197221.3172896	12878927.17791287	-5190963.341678682	12878899.446910452	15546.46834642408	-7856248.961576141	-5190894.250234915	-7856203.021538202	17761.700175908725	536892166.074	0.219135529916671	0.0	0.0	0.0	-0.09271966749020939	0.0	0.0	0.0	-0.1253515748471804	0.219590462693
690	2500.0	nan	nan	1	1	5.0	5.0	5.0	1.25	3.53255090652e-18	-6.61278621921e-18	4.85535167234e-19	0.90992390581	1.43160479487e-16	-5.20713504325e-19	-3.14402748153e-18	0.880132924548	430200241.784	14113940.295	-6059831.4884	10274042.4397	8897.00316792	-8972682.04605	-4266741.00163	-8678858.5102	9021.09347961	537176873.7488458	12828916.99773494	-5327769.893466538	12828858.430284293	8086.963157286931	-7888731.784060696	-5327738.968362584	-7888679.7829153845	7931.2948452142	537881009.272	0.22314355131420976	0.0	0.0	0.0	-0.0943943029565987	0.0	0.0	0.0	-0.1276823322941543	0.223615335591
700	2550.0	nan	nan	1	1	5.0	5.0	5.0	1.255	4.40404193013e-19	-7.3889330967e-18	1.2279595455e-18	0.908407425309	7.69285910608e-18	-1.36552299009e-18	7.76120407701e-19	0.878092108327	429234742.544	14084928.538	-6227555.54361	10195064.0241	-942.876088936	-9029983.51375	-4357281.5935	-8728515.11517	-290.386869641	538113784.5774529	12781176.964762108	-5462522.1173098255	12781128.697790619	-855.6000916882035	-7920681.608920472	-5462543.11766855	-7920572.406569685	-254.7138579306537	538827284.958	0.22713557258374711	0.0	0.0	0.0	-0.09606229473196189	0.0	0.0	0.0	-0.13000378387101294	0.227624157111
