inc	time	elem	node	ip	grain	1_pos	2_pos	3_pos	1_f	2_f	3_f	4_f	5_f	6_f	7_f	8_f	9_f	1_p	2_p	3_p	4_p	5_p	6_p	7_p	8_p	9_p	1_Cauchy	2_Cauchy	3_Cauchy	4_Cauchy	5_Cauchy	6_Cauchy	7_Cauchy	8_Cauchy	9_Cauchy	Mises(Cauchy)	1_ln(V)	2_ln(V)	3_ln(V)	4_ln(V)	5_ln(V)	6_ln(V)	7_ln(V)	8_ln(V)	9_ln(V)	Mises(ln(V))
0	0.0	nan	nan	1	1	5.0	5.0	5.0	1.0	0.0	0.0	0.0	1.0	0.0	0.0	0.0	1.0	6.20738151415e-06	2.47916504366e-07	7.13211028467e-08	2.47916504366e-07	6.14858885802e-06	-8.39916706611e-07	7.13211028467e-08	-8.39916706611e-07	6.8094839246e-06	6.20738151415e-06	2.47916504366e-07	7.13211028467e-08	2.47916504366e-07	6.14858885802e-06	-8.39916706611e-07	7.13211028467e-08	-8.39916706611e-07	6.8094839246e-06	1.64845721501e-06	0.0	0.0	0.0	0.0	0.0	0.0	0.0	0.0	0.0	0.0
10	2.5	nan	nan	1	1	5.0	5.0	5.0	1.00025	-7.94610375934e-22	-7.20903930464e-20	-2.34908954207e-21	0.999937137373	-1.75553704625e-20	1.10532009352e-22	-1.55369075962e-21	0.999920543972	54197774.1521	-942161.6792	-999216.097616	-941866.986237	295.558244682	-344785.299964	-998886.981961	-344779.578828	273.183490424	54205488.33354688	-942001.0453120195	-999029.157624291	-942001.0458537338	295.5078534688823	-344720.79523747443	-999029.1574570296	-344720.7956218199	273.1323814401108	54260638.7274	0.0002499687552074404	0.0	0.0	0.0	-6.286460293747229e-05	0.0	0.0	0.0	-7.945918479715852e-05	0.000214301375415
20	5.0	nan	nan	1	1	5.0	5.0	5.0	1.0005	-1.76243754201e-21	-8.18391818545e-23	3.13242958216e-22	0.999874249845	3.56811026368e-19	2.62112856603e-22	6.17878068183e-22	0.999841058222	108438448.062	-1885172.6706	-1999263.40876	-1883993.61319	10.2178732212	-689573.102177	-1997946.66836	-689550.211368	11.3929304499	108469326.23618604	-1884530.0858848838	-1998515.590266935	-1884530.086036976	10.21439033114128	-689315.1694224323	-1998515.5896821197	-689315.1695423676	11.388668958371014	108580175.04	0.0004998750416509929	0.0	0.0	0.0	-0.00012575806221390757	0.0	0.0	0.0	-0.00015895441058322147	0.00042858294292
30	7.5	nan	nan	1	1	5.0	5.0	5.0	1.00075	1.08967604019e-20	-1.94830502566e-20	-1.593951191e-21	0.999811614054	-2.39528499435e-19	-1.33165738863e-21	-2.81003593842e-21	0.999756528556	160317018.89	-2813611.93121	-3008074.76907	-2810973.70232	3052.20311071	-1079185.59177	-3005088.607	-1079126.17454	2681.46370822	160386275.53197017	-2812187.9912032187	-3006386.7647818998	-2812188.037520574	3050.65842216573	-1078579.9984764773	-3006386.799463811	-1078580.0399024377	2679.9589842402634	160552697.169	0.0007497188905459742	0.0	0.0	0.0	-0.00018840369286099123	0.0	0.0	0.0	-0.0002435010879838158	0.000644566284877
40	10.0	nan	nan	1	1	5.0	5.0	5.0	1.001	1.10430744351e-20	-3.04248196235e-19	-6.56070548028e-21	0.999743740381	-7.19714082852e-19	-1.76499663204e-21	-1.59066831794e-21	0.999617188513	181822856.912	-3084401.96092	-3653247.75337	-3080530.86572	-321.831604633	-2196644.58946	-3648201.23502	-2196366.48391	-160.292712475	181939111.09288305	-3082500.6569398823	-3650533.6395744095	-3082500.5003333893	-321.63321942945834	-2195012.632421564	-3650533.8275965154	-2195012.5876310566	-160.17362592745894	182167139.367	0.0009995003330834232	0.0	0.0	0.0	-0.00025629245910667914	0.0	0.0	0.0	-0.0003828847780227951	0.000882424658104
50	12.5	nan	nan	1	1	5.0	5.0	5.0	1.00125	7.76407232579e-21	-3.28864470879e-19	-3.58422529298e-21	0.999667820865	-1.35063622061e-18	-3.71073222791e-21	-1.20316522023e-20	0.999459566678	189945477.428	-2895094.33877	-4013921.42677	-2890519.51569	-3781.50269701	-2953124.45477	-4006743.30632	-2952509.28479	-3841.47720304	190111336.8198107	-2893043.4858857873	-4010242.407763015	-2893043.502127481	-3778.823922225712	-2950417.7249056255	-4010241.9735003207	-2950417.7597915614	-3837.9562403348937	190376570.412	0.0012492194004318981	0.0	0.0	0.0	-0.0003322343187100645	0.0	0.0	0.0	-0.0005405794087236019	0.00113017042172
60	15.0	nan	nan	1	1	5.0	5.0	5.0	1.0015	-2.42117833246e-20	-4.39787116276e-19	-9.16386871738e-22	0.999588950983	2.13096160095e-18	2.61306355506e-21	1.32700449769e-20	0.999299162067	195102257.677	-2591320.1421	-4165915.1677	-2586375.31909	-1382.21963149	-3389675.7707	-4156759.75012	-3388692.86416	-3129.75517669	195319374.47319892	-2589253.6307871765	-4161386.187920574	-2589253.53039178	-1381.1173468055044	-3385990.6805322166	-4161385.5415908955	-3385990.4685641415	-3126.352659514498	195593960.397	0.0014988761237359487	0.0	0.0	0.0	-0.0004111335208047393	0.0	0.0	0.0	-0.0007010836347089451	0.00138017960583
70	17.5	nan	nan	1	1	5.0	5.0	5.0	1.00175	-1.97541070035e-20	2.89366389835e-20	-5.67008399216e-21	0.999508406903	-8.86733273959e-19	4.2302016526e-21	-1.03500974146e-21	0.99913818309	199067535.293	-2243715.86629	-4184039.33749	-2238695.30645	208.99271236	-3683333.90783	-4173129.64887	-3681970.09769	-379.429423341	199337235.85090837	-2241728.1821549297	-4178784.321411459	-2241728.334272682	208.80756792841797	-3678707.7613368616	-4178783.485859882	-3678708.2793559874	-378.95287243898946	199608188.542	0.001748470534116803	0.0	0.0	0.0	-0.0004917139685009499	0.0	0.0	0.0	-0.000862188487696239	0.0016310336534
80	20.0	nan	nan	1	1	5.0	5.0	5.0	1.002	1.26186402445e-20	1.07185650184e-19	8.30343285926e-21	0.9994268093	8.17563190366e-19	3.64042187585e-21	-2.8684762487e-20	0.998977183594	202442516.112	-1919281.30445	-4138475.43424	-1914352.75114	312.644081439	-3888055.40579	-4125989.48989	-3886307.07061	-472.900378013	202766013.2345799	-1917411.5636470667	-4132583.762811351	-1917411.8299268598	312.3395073286219	-3882520.240652188	-4132582.6984383264	-3882521.07692278	-472.22714128850834	203030969.506	0.001998002662673058	0.0	0.0	0.0	-0.0005733550365899239	0.0	0.0	0.0	-0.001023339839648083	0.00188224908358
90	22.5	nan	nan	1	1	5.0	5.0	5.0	1.00225	3.4197094089e-20	1.23459684274e-18	4.6458857598e-21	0.999344472705	1.46368658134e-18	-8.84256074819e-22	2.36212797648e-20	0.998816342356	205473137.201	-1644487.78643	-4067399.77799	-1639720.37805	122.021853829	-4030738.57427	-4053464.12899	-4028608.6122	-277.618204514	205851576.59601137	-1642740.4377164703	-4060930.7244076347	-1642740.4068299667	121.89219964057747	-4024327.829018314	-4060929.778921527	-4024328.018489344	-277.1766627088008	206109336.155	0.00224747254047937	0.0	0.0	0.0	-0.00065574224695981	0.0	0.0	0.0	-0.0011843587199863058	0.00213362275526
100	25.0	nan	nan	1	1	5.0	5.0	5.0	1.0025	-2.87002721234e-20	4.1197482254e-19	2.35131258997e-21	0.999261579828	-7.33044563712e-19	2.04809919668e-21	-3.29758653122e-20	0.998655690595	208268280.882	-1420644.37213	-3987008.64389	-1416055.5068	268.753252825	-4132182.40626	-3971717.72211	-4129677.54111	-637.149832465	208702745.09005168	-1419009.2055055306	-3980004.8948416533	-1419009.5112778477	268.4439168941689	-4124923.6388029014	-3980003.041350326	-4124924.2678647614	-636.0305879558064	208953390.916	0.002496880198587146	0.0	0.0	0.0	-0.0007386929384614106	0.0	0.0	0.0	-0.0013452137995034854	0.00238506870948
110	27.5	nan	nan	1	1	5.0	5.0	5.0	1.00275	7.64660233905e-20	-1.7812325331e-18	-1.65177628569e-21	0.999178212654	1.50945903412e-18	6.85153701378e-21	4.9829153305e-20	0.998495291423	210901115.519	-1244454.48619	-3910140.33093	-1240022.10314	227.130165766	-4206056.58709	-3893547.813	-4203182.31357	-526.220802832	211392658.27894756	-1242911.8418391119	-3902624.0614303867	-1242912.1963738527	226.84861182326335	-4197971.492396819	-3902622.4223650577	-4197971.986054019	-525.2092745911589	211636749.742	0.0027462256680252286	0.0	0.0	0.0	-0.0008221251983291302	0.0	0.0	0.0	-0.0015058417878620434	0.00263652439269
120	30.0	nan	nan	1	1	5.0	5.0	5.0	1.003	1.31114330944e-20	8.87055254012e-19	7.30514218219e-21	0.99909444921	-2.18943954795e-19	-5.8316233185e-21	-1.64789887657e-20	0.998335139885	213409161.918	-1108381.00659	-3841597.19564	-1104065.45156	185.817168255	-4263236.65281	-3823728.74582	-4259997.0927	-451.801290636	213958801.38672286	-1106908.6572368944	-3833578.37494091	-1106908.9937152513	185.57033274821268	-4254337.716098085	-3833576.8339597224	-4254338.204712587	-450.8582158270794	214197311.653	0.002995508979798371	0.0	0.0	0.0	-0.0009059610488083355	0.0	0.0	0.0	-0.001666247534721375	0.00288796267002
130	32.5	nan	nan	1	1	5.0	5.0	5.0	1.00325	-4.43949902709e-20	1.42973288514e-18	1.35244030152e-22	0.999010358273	1.27439829227e-18	2.16225012121e-21	-1.08538504076e-20	0.998175222408	215820528.271	-1001902.65385	-3780765.06562	-997669.00794	157.744512126	-4310785.63046	-3761639.25385	-4307182.43573	-388.759914667	216429260.1174546	-1000482.6769097549	-3772250.560681154	-1000482.9798184827	157.52094392921572	-4301077.48808569	-3772249.1324701514	-4301077.9507157495	-387.8844045107203	216663021.316	0.0032447301648890294	0.0	0.0	0.0	-0.0009901317456958863	0.0	0.0	0.0	-0.0018264445267953666	0.00313936607979
140	35.0	nan	nan	1	1	5.0	5.0	5.0	1.0035	-5.35806241781e-22	1.40667315762e-18	-3.79841337284e-21	0.998925990884	-9.03796066121e-18	1.99201635115e-20	-4.77678192186e-20	0.998015524308	218153774.861	-918438.999654	-3726945.69702	-914253.019762	140.453817039	-4351937.56851	-3706575.32086	-4347971.42633	-342.422161649	218822573.99280906	-917055.5492379036	-3717939.984365695	-917055.8666357717	140.2422505749648	-4341421.63873329	-3717938.655545158	-4341422.049745167	-341.59473998929	219052274.52	0.003493889254255838	0.0	0.0	0.0	-0.001074586277079114	0.0	0.0	0.0	-0.0019864473728201182	0.00339072423874
150	37.5	nan	nan	1	1	5.0	5.0	5.0	1.00375	-3.3065511011e-20	-1.92912250046e-18	-1.12513106919e-20	0.998841386593	-1.00369930091e-18	1.1530897739e-20	4.2747660081e-21	0.997856031322	220421828.157	-853012.181613	-3679817.66331	-848841.025352	128.201188433	-4390077.06481	-3658208.71299	-4385746.65489	-303.56579251	221151650.28778583	-851651.2502057682	-3670322.385904895	-851651.5590046814	127.99665088061798	-4378749.057997113	-3670321.1326178415	-4378749.45075217	-302.7824815760582	221377959.902	0.003742986278834297	0.0	0.0	0.0	-0.0011592851183989735	0.0	0.0	0.0	-0.002146270269127222	0.00364203078966
160	40.0	nan	nan	1	1	5.0	5.0	5.0	1.004	-2.19616452633e-20	-1.20993279841e-18	-9.80746693273e-21	0.998756578373	-5.92264048284e-18	-1.86702936059e-20	4.84552063076e-21	0.997696729474	222634428.814	-800892.453558	-3638826.0521	-796710.06362	106.296809379	-4426343.97156	-3615979.76629	-4421647.22016	-263.634062694	223426212.9317189	-799543.2112829309	-3628840.9164278232	-799543.5084657123	106.11773396349201	-4414197.844085113	-3628839.750993144	-4414198.188360064	-262.91063655432845	223649695.605	0.003992021269537457	0.0	0.0	0.0	-0.0012441953170861547	0.0	0.0	0.0	-0.0023059271335989914	0.00389328175425
170	42.5	nan	nan	1	1	5.0	5.0	5.0	1.00425	9.59632908138e-20	1.3760182577e-18	1.20065265912e-20	0.998671604524	8.4301698538e-18	9.73095272607e-21	8.41084484674e-20	0.997537594293	224798655.279	-759670.291321	-3603110.71425	-755450.76222	84.5794149015	-4460996.85157	-3579026.48712	-4455931.644	-222.573519887	225653324.04374292	-758322.6540889303	-3592634.739211711	-758322.9331810289	84.4293730084331	-4448026.589102598	-3592633.695503576	-4448026.926051153	-221.92639166268611	225874422.472	0.004240994257254614	0.0	0.0	0.0	-0.0013292785754269868	0.0	0.0	0.0	-0.0024654424140267634	0.00414447692785
180	45.0	nan	nan	1	1	5.0	5.0	5.0	1.0045	-1.94933383154e-20	1.85836298932e-18	1.20714602693e-20	0.998586501362	3.9602975818e-18	5.12851979783e-21	-8.44685822266e-21	0.997378599787	226919819.053	-727496.577885	-3571886.08362	-723214.087533	68.9601237492	-4494495.31261	-3546562.25027	-4489059.04091	-194.817924779	227838279.2445652	-726141.0153062686	-3560917.9555871715	-726141.3036402148	68.83162862491524	-4480694.144577874	-3560916.9957363717	-4480694.464863107	-194.2197007897566	228057365.951	0.004489905272852001	0.0	0.0	0.0	-0.0014144985695786155	0.0	0.0	0.0	-0.0026248420988939634	0.00439561767515
190	47.5	nan	nan	1	1	5.0	5.0	5.0	1.00475	8.39470448504e-20	-2.85406841679e-18	1.44764879003e-20	0.998501297602	2.488481883e-18	-1.18783135963e-21	-3.14731883319e-21	0.997219725245	229002024.821	-702727.49626	-3544173.80192	-698357.414121	54.3986109834	-4527338.24911	-3517610.51793	-4521527.74243	-166.679773304	229985167.7963104	-701355.2813683941	-3532713.0492605967	-701355.5761961418	54.29238690012548	-4512698.249274101	-3532712.1925692703	-4512698.562222889	-166.14078290400104	230202546.346	0.00473875434717347	0.0	0.0	0.0	-0.0014998265757850007	0.0	0.0	0.0	-0.00278414689760261	0.00464670525474
200	50.0	nan	nan	1	1	5.0	5.0	5.0	1.005	-8.06521776755e-20	2.97579052547e-18	-9.86536957561e-21	0.998416018918	-1.11131070096e-17	9.04935590133e-22	1.53134499236e-19	0.997060951298	231048523.879	-683761.225925	-3519337.90295	-679282.019097	42.9918319091	-4559844.5328	-3491535.94874	-4553656.12138	-142.817639362	232097226.04030827	-682364.9325503974	-3507384.3896747767	-682365.2005413356	42.90403925905485	-4544356.914486881	-3507383.621056862	-4544357.202939721	-142.33255591871475	232313152.985	0.004987541511038968	0.0	0.0	0.0	-0.0015852369063441283	0.0	0.0	0.0	-0.0029433761868421578	0.00489774129256
210	100.0	nan	nan	1	1	5.0	5.0	5.0	1.01	-6.59345666266e-21	-8.3298543522e-18	-6.75641124333e-21	0.996706098794	2.82355455117e-18	4.11274200561e-20	-2.58087588947e-20	0.993898866144	266355681.638	-708794.98734	-3345320.22215	-699468.761019	-845.18104722	-5197383.82212	-3291991.89758	-5182749.75364	-1409.79006923	268876381.18372154	-706085.1351111637	-3323144.348931131	-706088.2953848682	-841.9497662636206	-5162930.760213998	-3323146.1888258937	-5162935.158133183	-1400.4446781270904	269090513.537	0.009950330853168092	0.0	0.0	0.0	-0.003299338040791285	0.0	0.0	0.0	-0.006119821823799211	0.00990800643286
220	150.0	nan	nan	1	1	5.0	5.0	5.0	1.015	-2.19401799264e-19	-6.12626505269e-18	-5.83096157401e-20	0.994999427619	-1.12110964793e-17	-4.33442640978e-21	-3.14793508274e-19	0.990757421928	294636716.54	-851117.551088	-3353602.33107	-834350.063082	1868.64575927	-5789074.34378	-3273496.09493	-5764383.29451	904.357464325	298879894.15488833	-846362.0263053029	-3320646.8403646676	-846365.8619010502	1858.2049086414643	-5732185.730612783	-3320638.981653507	-5732175.443104558	895.4704404421341	299102274.818	0.014888612493750559	0.0	0.0	0.0	-0.005013117080995774	0.0	0.0	0.0	-0.009285555717849852	0.0148975984694
230	200.0	nan	nan	1	1	5.0	5.0	5.0	1.02	1.88976028383e-19	-3.44918433567e-18	-8.10206866383e-20	0.993299798843	-1.63123259343e-17	-6.37127595013e-20	1.99623704023e-19	0.98763617133	317821298.802	-959951.06665	-3353305.2415	-934827.809054	-4559.2059953	-6296895.00829	-3246912.2226	-6260976.34521	-2443.83755884	323970647.1080502	-952910.114104383	-3309730.015210605	-952915.2746383509	-4525.76558966482	-6215068.689137479	-3309734.9291058285	-6215053.965551947	-2412.0806005640106	324207797.467	0.01980262729617973	0.0	0.0	0.0	-0.006722748274689786	0.0	0.0	0.0	-0.01244089669578236	0.0198658702858
240	250.0	nan	nan	1	1	5.0	5.0	5.0	1.025	7.77035269459e-19	-1.77560141836e-17	7.14353177001e-21	0.991607310572	-1.04374907006e-17	-5.07558023863e-21	-4.37407110859e-19	0.98453682089	337051951.341	-1040704.04699	-3288734.37785	-1006805.20664	-3839.32536542	-6717396.25817	-3158917.13421	-6669485.62934	-2217.30628578	345243223.4352948	-1031267.698587271	-3235677.3795799217	-1031273.2904494222	-3804.5131516264673	-6609024.817761319	-3235687.346240208	-6609011.577905808	-2181.5345869279386	345486015.381	0.024692612590371414	0.0	0.0	0.0	-0.008428106347270096	0.0	0.0	0.0	-0.015583981003053214	0.0248121500547
250	300.0	nan	nan	1	1	5.0	5.0	5.0	1.03	6.17027106128e-20	-6.13181047152e-18	7.59781936242e-20	0.989921479396	4.5463633176e-17	-2.11169284217e-19	1.38345957449e-20	0.981460866787	353130698.339	-1101504.19581	-3150461.29671	-1058646.15124	-17925.9017095	-7064174.91965	-3002027.70657	-7003795.56713	-15988.2253879	363464281.08633614	-1089622.200456197	-3089841.317448961	-1089625.071100107	-17732.533875192268	-6928248.749862504	-3089875.3557875613	-6928245.181843968	-15680.586029674127	363723292.785	0.02955880224154443	0.0	0.0	0.0	-0.01012965274041697	0.0	0.0	0.0	-0.018713136883713496	0.0297359855536
260	350.0	nan	nan	1	1	5.0	5.0	5.0	1.035	3.22213318369e-19	-1.14183350012e-17	-4.6322114303e-21	0.988241697873	1.52345387129e-16	2.31610571515e-20	-2.39891476627e-19	0.978409811359	366694052.744	-1153414.78342	-2943480.54284	-1101315.81842	-13822.1257008	-7348607.54999	-2782595.39254	-7275507.89081	-12388.1989941	379245025.325553	-1139001.6798946266	-2877780.364448938	-1139010.9611068927	-13649.404029872248	-7184582.403591576	-2877836.3112731623	-7184592.9398857625	-12111.687268606802	379499870.114	0.03440142671733232	0.0	0.0	0.0	-0.011827977677461745	0.0	0.0	0.0	-0.021826666696452907	0.0346369427113
270	400.0	nan	nan	1	1	5.0	5.0	5.0	1.04	-7.21928497051e-19	-2.5369867615e-17	-4.08825745948e-20	0.986567383552	2.74058171829e-17	-1.88650119221e-19	-1.093268072e-19	0.975384567159	378194949.182	-1204493.88294	-2676656.40903	-1142624.57316	-13906.6038282	-7582180.77121	-2510416.27012	-7496252.16326	-12714.0368269	393018588.33675724	-1187395.448041592	-2608750.429534258	-1187410.6137946441	-13709.192148836559	-7389823.093083735	-2608813.94834648	-7389838.85439147	-12391.4854821839	393271337.397	0.03922071315328133	0.0	0.0	0.0	-0.013523650173531701	0.0	0.0	0.0	-0.024923457895123693	0.0395148302914
280	450.0	nan	nan	1	1	5.0	5.0	5.0	1.045	7.45809201335e-19	3.78382587731e-17	2.01104150524e-20	0.984898351777	-2.0092325605e-16	-7.76490984616e-20	-2.18851310566e-19	0.972385603306	388004560.017	-1253684.51571	-2359950.32729	-1181599.23455	-13198.9111668	-7770859.10973	-2196026.94187	-7672150.61991	-12191.5057145	405141655.83524925	-1233767.8561663786	-2292953.0422842815	-1233787.2276508186	-12989.226659443115	-7550250.033134853	-2293019.4208260057	-7550266.996120014	-11845.397674191729	405390160.436	0.04401688541677426	0.0	0.0	0.0	-0.01521683930062057	0.0	0.0	0.0	-0.02800284197062377	0.0443695519751
290	500.0	nan	nan	1	1	5.0	5.0	5.0	1.05	-2.44895092152e-19	1.88640457752e-17	1.64211895204e-19	0.98323414499	7.05347363887e-17	2.24410791463e-19	9.81422499834e-19	0.96941347327	396409124.779	-1300644.31869	-1998232.02682	-1217963.10542	-13610.8403601	-7921202.15083	-1844943.61476	-7809880.66907	-12635.7086153	415889196.95841974	-1277792.097075438	-1935528.9179875946	-1277815.434043059	-13371.698931656301	-7672640.425324376	-1935606.6003875912	-7672661.660561485	-12239.209008724994	416133658.755	0.04879016416943205	0.0	0.0	0.0	-0.01690799290574607	0.0	0.0	0.0	-0.03106405710132173	0.0492010357871
300	550.0	nan	nan	1	1	5.0	5.0	5.0	1.055	7.11706199041e-19	9.50622429726e-18	3.23791578978e-20	0.981574771349	4.12465340643e-19	-5.96893530018e-20	1.002202104e-18	0.966468179907	403637087.216	-1348315.89587	-1603651.51179	-1254496.39406	-13145.0979826	-8037146.88582	-1469155.08143	-7913480.23707	-12268.0842476	425480945.9538013	-1322365.8806556065	-1548581.8000927179	-1322386.6917725673	-12892.104234111222	-7761149.664093953	-1548662.1859035448	-7761175.474380643	-11846.795795822105	425720223.991	0.05354076692802976	0.0	0.0	0.0	-0.018597087475424164	0.0	0.0	0.0	-0.03410690388969352	0.054009337964
310	600.0	nan	nan	1	1	5.0	5.0	5.0	1.06	-8.44829338102e-19	-4.29345119095e-18	-1.57879000434e-19	0.979920232231	-5.74840497841e-17	1.02702744855e-20	2.96009890925e-19	0.963549636042	409869685.295	-1401782.22519	-1197809.37153	-1295905.59605	-13376.2251825	-8127890.52924	-1088905.40013	-7992138.2944	-12665.7755505	434091200.2328679	-1372462.8312166748	-1153164.10856558	-1372487.9779116884	-13096.450757518169	-7824944.318725361	-1153254.9711313066	-7824976.343611922	-12193.691349507235	434326466.225	0.058268908123975824	0.0	0.0	0.0	-0.020284106312980627	0.0	0.0	0.0	-0.037131276064395556	0.0587945544511
320	650.0	nan	nan	1	1	5.0	5.0	5.0	1.065	-1.11952609336e-18	-3.25049025858e-17	-1.5715769894e-19	0.978270341022	-6.73862355144e-17	1.99820366213e-19	5.74218027886e-19	0.960657901684	415258520.697	-1457941.96881	-782750.676925	-1339237.93674	-12627.9797647	-8196035.31028	-706151.951513	-8048512.25769	-12010.1082354	441866326.4719926	-1425022.9896896929	-751302.7131785407	-1425049.9818425754	-12342.851679289352	-7866749.588912196	-751398.8351698429	-7866784.306489933	-11527.587479414637	442097095.663	0.06297479916138839	0.0	0.0	0.0	-0.021969224832045144	0.0	0.0	0.0	-0.040136914986670054	0.0635567598858
330	700.0	nan	nan	1	1	5.0	5.0	5.0	1.07	-4.27255329996e-19	-1.96101626877e-17	8.94082980496e-20	0.976624919881	1.35854132102e-16	-1.06487923338e-19	-2.67712042169e-18	0.957792963136	419924683.11	-1512949.98997	-361592.44317	-1380948.68339	-12523.3660445	-8247397.39003	-323766.249735	-8088406.86409	-11980.1997346	448923106.4589216	-1476281.4174509824	-346025.23025613354	-1476311.8191016223	-12219.843813740501	-7892331.918997734	-346124.332394906	-7892372.404507442	-11464.43032751786	449150702.323	0.06765864847381486	0.0	0.0	0.0	-0.023652610701837714	0.0	0.0	0.0	-0.043123638003936524	0.0682960580507
340	750.0	nan	nan	1	1	5.0	5.0	5.0	1.075	-8.90840432495e-19	8.22456948034e-17	-2.52131268151e-19	0.974983793119	2.93689616219e-17	2.66021284997e-19	9.49437907088e-20	0.954954783741	423970831.473	-1566523.73634	56698.26462	-1420805.46159	-12448.3197969	-8279178.2631	50264.4330879	-8109153.4062	-12040.5238801	455360938.64509255	-1525968.9856028687	54095.84457892377	-1525999.5749563696	-12126.053051272198	-7899168.406009332	53985.92953163386	-7899220.618430084	-11487.870269612293	455585912.764	0.07232066157962608	0.0	0.0	0.0	-0.025334430564495972	0.0	0.0	0.0	-0.04609128649036848	0.0730125613779
350	800.0	nan	nan	1	1	5.0	5.0	5.0	1.08	1.62365628077e-18	3.3671399303e-17	-2.0066739916e-19	0.973346832132	1.18232723366e-16	-4.29922160291e-19	4.01512973025e-18	0.95214324406	427479017.619	-1612931.61606	470687.164227	-1453684.12415	-12677.9531786	-8290793.47183	414855.122257	-8110241.30252	-12451.5658576	461259042.03695464	-1568519.4526900873	447755.5522564534	-1568556.3943336713	-12328.865020022073	-7886870.711080454	447637.5877866769	-7886925.349065757	-11844.932623525943	461482010.594	0.0769610411361284	0.0	0.0	0.0	-0.02701480385532003	0.0	0.0	0.0	-0.04903978906013209	0.0777064068932
360	850.0	nan	nan	1	1	5.0	5.0	5.0	1.085	-3.0569948462e-19	-1.21011653177e-16	2.75947452348e-20	0.971714079197	1.35597269361e-16	6.65185561391e-19	9.24817703336e-19	0.949358042661	430518951.01	-1644846.63267	872510.377832	-1473143.66651	-12807.5352235	-8290080.77604	763322.060074	-8099413.84443	-12833.8041121	466684894.67971534	-1596855.5716144263	827565.4819413989	-1596895.781801112	-12433.854667105012	-7863040.792481735	827445.2829001332	-7863100.344677478	-12172.707116174339	466906267.416	0.08157998699242285	0.0	0.0	0.0	-0.028693674999147423	0.0	0.0	0.0	-0.05196926737318676	0.0823777708298
370	900.0	nan	nan	1	1	5.0	5.0	5.0	1.09	1.08373895134e-19	-5.00707909599e-17	2.12764088438e-19	0.970085522867	3.38316076441e-17	-1.50295408578e-19	3.58565011159e-18	0.946598924669	433151239.638	-1668262.72939	1262428.60988	-1484768.75402	-11328.5464422	-8280878.21153	1096228.12274	-8080450.72336	-11356.4835659	471697453.2639208	-1616858.2338402644	1193906.4730994843	-1616898.6161563243	-10979.477794370467	-7831408.463274543	1193781.6780228904	-7831466.2642989885	-10740.076020825265	471916142.449	0.08617769624105241	0.0	0.0	0.0	-0.030371043467146273	0.0	0.0	0.0	-0.05487979750366262	0.0870268212724
380	950.0	nan	nan	1	1	5.0	5.0	5.0	1.095	-2.63766721519e-18	-1.17175573308e-16	-1.49302791843e-19	0.968461306478	-1.77587604232e-16	-2.08767151719e-19	1.96422473693e-18	0.943865450008	435423066.612	-1679990.57719	1636191.29795	-1485895.06164	-10813.5707912	-8271720.02585	1410235.902	-8061714.74367	-10839.7681779	476342212.1856921	-1625483.7699838744	1542899.6680300352	-1625532.9471741086	-10462.72762199957	-7800086.76119445	1542763.6723273487	-7800154.746102045	-10221.711082413764	476559911.827	0.09075436326846412	0.0	0.0	0.0	-0.03204674894351479	0.0	0.0	0.0	-0.05777165476644096	0.0916537711819
390	1000.0	nan	nan	1	1	5.0	5.0	5.0	1.1	-9.94575498754e-19	-6.35612200131e-17	-8.41474293538e-20	0.966841326551	9.19299416034e-17	4.80638258008e-19	-9.2640258139e-19	0.941157425359	437374610.151	-1670999.02134	1982623.39705	-1468754.55505	-10725.0000276	-8262850.81315	1696200.4739	-8043423.08119	-10709.3490354	480657905.68692994	-1614065.8071316285	1864199.2816326073	-1614104.8703186992	-10359.584658615993	-7769302.315826129	1864059.2034560011	-7769372.693726146	-10069.668706750377	480875420.925	0.09531017980432493	0.0	0.0	0.0	-0.03372088535785771	0.0	0.0	0.0	-0.06064485757723892	0.0962587828508
400	1050.0	nan	nan	1	1	5.0	5.0	5.0	1.105	-1.53083999859e-18	-1.5012944306e-16	1.85500215449e-19	0.965225386532	-4.6222190885e-17	3.36166200942e-20	-2.14807389988e-18	0.938474748944	439043110.366	-1650854.75752	2291611.26429	-1442062.54005	-10161.2066222	-8251325.96999	1946135.88968	-8022722.21515	-10192.3250582	484680825.41014516	-1591930.105292157	2148572.1124938536	-1591962.2599744836	-9798.518406473204	-7736289.809043847	2148433.0971145025	-7736363.821539122	-9556.134464326622	484897810.646	0.09984533496971612	0.0	0.0	0.0	-0.03539364374125825	0.0	0.0	0.0	-0.0634993290777953	0.10084199983
410	1100.0	nan	nan	1	1	5.0	5.0	5.0	1.11	2.10097258144e-18	5.03605026977e-17	-5.05572790392e-21	0.963613585467	9.20145919586e-17	-4.76853079525e-19	-9.36307242045e-19	0.935817025324	440460956.364	-1623306.38982	2577141.31748	-1409248.42454	-9023.12303712	-8240166.11129	2172600.84	-8002548.06286	-9117.00223235	488442630.1246594	-1562739.4559536881	2409419.055192614	-1562765.0919699315	-8686.46268779666	-7703890.008603933	2409273.405889962	-7703966.228694383	-8523.66098663821	488658778.814	0.10436001532424286	0.0	0.0	0.0	-0.03706490968264802	0.0	0.0	0.0	-0.0663353073793342	0.105403625056
420	1150.0	nan	nan	1	1	5.0	5.0	5.0	1.115	-4.5189207736e-19	-4.83077712896e-17	3.07499429633e-19	0.962006296598	-6.3642296948e-17	-9.95210773465e-19	1.86901128534e-18	0.93318360122	441657047.929	-1582944.20455	2832366.06353	-1365768.79113	-5436.57027781	-8228931.91852	2370366.94789	-7982481.75868	-4680.65809224	491971735.11059725	-1521330.7425094915	2640563.4048167835	-1521360.623775544	-5224.960850591778	-7671683.672728249	2640405.141660329	-7671776.97488928	-4363.69247180737	492184245.792	0.10885440491208208	0.0	0.0	0.0	-0.03873428301768502	0.0	0.0	0.0	-0.06915331162106768	0.109943910196
430	1200.0	nan	nan	1	1	5.0	5.0	5.0	1.12	1.046548911e-19	-1.38085163946e-17	-1.01299846536e-19	0.960403738678	1.70830160668e-16	4.64200524875e-19	2.47156273075e-18	0.930573923619	442649460.392	-1535478.02173	3048925.67852	-1316695.28699	-5402.63820023	-8221489.68009	2533123.16312	-7966211.80048	-6053.72711161	495285049.2167815	-1473244.0750866032	2834490.2882764065	-1473263.9444377203	-5183.665676542743	-7643260.31872703	2834337.648140355	-7643335.931776591	-5627.9596536651425	495498242.178	0.11332868530700327	0.0	0.0	0.0	-0.04040152180837953	0.0	0.0	0.0	-0.07195376100544856	0.114463099624
440	1250.0	nan	nan	1	1	5.0	5.0	5.0	1.125	-7.82698147932e-19	-7.99794978577e-17	-3.13111022908e-19	0.958806135477	1.41152217308e-16	2.16708085599e-19	4.16149933964e-18	0.927987499368	443459318.647	-1483269.96526	3234380.58986	-1264167.48618	-3947.23355376	-8214847.29857	2667841.67932	-7950876.5834	-4793.86444665	498403237.72648317	-1420775.8102777812	2998525.835813668	-1420795.8693099464	-3780.9259824914525	-7615811.181668164	2998383.109349373	-7615884.757848948	-4444.290335445937	498615000.149	0.11778303565638346	0.0	0.0	0.0	-0.042066377321606306	0.0	0.0	0.0	-0.07473701679528533	0.118961409344
450	1300.0	nan	nan	1	1	5.0	5.0	5.0	1.13	2.80252762e-18	3.16710648237e-17	3.71873933624e-19	0.957213528766	4.59437446854e-16	-8.62914815015e-20	9.01693042132e-20	0.925423987463	444106463.806	-1424441.02747	3397652.07214	-1206624.92351	-1572.92394411	-8212417.5829	2782454.57085	-7939714.37328	-1895.03568241	501345953.16304004	-1362151.0767217935	3141171.3843334857	-1362143.0258030586	-1504.140924585538	-7592481.678488858	3141076.414427104	-7592515.431569625	-1751.983938169375	501555083.331	0.12221763272424911	0.0	0.0	0.0	-0.04372878935995892	0.0	0.0	0.0	-0.07750328166191353	0.123439031263
460	1350.0	nan	nan	1	1	5.0	5.0	5.0	1.135	-1.2624761381e-19	-1.22186937861e-16	-1.67249302413e-19	0.955625702311	9.71300092155e-17	-8.40097864999e-19	2.5061752763e-18	0.922883277781	444601046.128	-1363274.13446	3539718.76991	-1147821.69002	-209.994316775	-8222841.01152	2878123.54932	-7941160.10131	-487.708918492	504122268.03252363	-1301489.1637383627	3263510.958234569	-1301486.9818889627	-200.47716069860644	-7581204.466590566	3263434.0022297106	-7581258.646457254	-449.65250162173766	504330295.004	0.126632650933366	0.0	0.0	0.0	-0.0453889673758626	0.0	0.0	0.0	-0.08025251208485949	0.127896116345
470	1400.0	nan	nan	1	1	5.0	5.0	5.0	1.14	6.37048185674e-19	2.80064032471e-17	2.63506655935e-20	0.954042536462	7.56627003211e-17	-7.21513252383e-19	-3.85775861871e-18	0.920365190384	444957220.798	-1304069.79872	3660003.35133	-1091328.84983	432.724878143	-8243867.54878	2954804.8533	-7952883.33148	184.99950502	506746007.7622283	-1242898.8927676657	3365184.604303551	-1242875.7461566352	412.4267523441241	-7579811.681044216	3365122.5177127453	-7579831.920583624	170.09751804488272	506953833.568	0.131028262406404	0.0	0.0	0.0	-0.04704702104146909	0.0	0.0	0.0	-0.08298474163173421	0.132332823033
480	1450.0	nan	nan	1	1	5.0	5.0	5.0	1.145	-1.454527624e-18	1.09603416397e-16	1.01908651467e-21	0.952464034667	2.28533724334e-17	-4.08375759695e-19	6.10717372415e-19	0.917869425168	445185570.856	-1242153.90578	3757595.29286	-1033283.96235	935.127276092	-8266995.60597	3012156.70383	-7966769.88402	671.205803922	509227197.1737808	-1181922.5512769003	3445529.1689821016	-1181925.7641715137	889.7834727114669	-7580426.384486042	3445466.8258682447	-7580465.627441014	615.4625486671521	509434751.974	0.13540463700620298	0.0	0.0	0.0	-0.04870293157395477	0.0	0.0	0.0	-0.08570013685756846	0.136749333561
490	1500.0	nan	nan	1	1	5.0	5.0	5.0	1.15	2.06424576224e-19	3.33432137406e-17	-3.50406942367e-19	0.950890279717	-5.76185162645e-17	-3.50512821486e-19	8.52449325905e-19	0.915395615409	445299085.437	-1174103.99907	3838101.16472	-970808.175288	1832.97750032	-8292643.53935	3055069.45326	-7983115.36199	1631.80018065	511578833.5364301	-1115321.0502708585	3509846.8717787843	-1115306.3865246354	1741.2072460358181	-7583413.708035365	3509795.8167548208	-7583430.954175013	1492.2401764884835	511785562.474	0.13976194237515863	0.0	0.0	0.0	-0.05035659668164479	0.0	0.0	0.0	-0.08839894058289295	0.141145840522
500	1550.0	nan	nan	1	1	5.0	5.0	5.0	1.155	6.55074105583e-19	-3.49226390197e-17	2.75404821866e-19	0.949321450638	1.49150908248e-16	2.37063346113e-19	9.55267876046e-19	0.912943291492	445306269.887	-1104900.31453	3899658.16488	-908130.963271	1882.55905409	-8321930.79709	3082379.78898	-8003059.12227	1641.57466219	513809008.20928735	-1047845.6415188032	3556569.1823474844	-1047831.34915397	1785.3477583339375	-7589773.605571786	3556551.0961749014	-7589798.382540173	1497.1501621981445	514015628.317	0.14410034397375687	0.0	0.0	0.0	-0.05200781208084619	0.0	0.0	0.0	-0.09108151259222873	0.145522559229
510	1600.0	nan	nan	1	1	5.0	5.0	5.0	1.16	-1.32401837568e-19	4.87258349886e-18	-5.39559987401e-19	0.947757763323	1.79009507853e-16	-1.07467305183e-20	-3.33500694136e-18	0.91051196857	445217229.186	-1037889.39864	3948521.72052	-847953.47339	2688.86173774	-8355500.63647	3099275.74843	-8027140.1079	2348.78202692	515927827.58609134	-982669.389411886	3591527.4626676645	-982627.725840804	2545.8031708375593	-7600062.029357945	3591511.062815869	-7600063.049964517	2136.423641704716	516133688.37	0.14842000511827322	0.0	0.0	0.0	-0.053656333299801205	0.0	0.0	0.0	-0.09374823484870065	0.149879702552
520	1650.0	nan	nan	1	1	5.0	5.0	5.0	1.165	1.34271927497e-18	-1.34189924119e-16	-3.9410854849e-19	0.94619931194	2.87143110328e-17	5.73335426173e-19	2.61837736331e-18	0.908101275672	445036579.686	-967153.593013	3981978.17955	-785488.065849	5049.49210548	-8393308.88582	3104080.67026	-8055266.87054	6148.00826099	517939216.55384463	-914187.4152051368	3612354.1604199596	-914160.9746445378	4772.956611396493	-7614206.534102123	3612568.4581001042	-7614120.086371379	5577.324188751136	518142118.031	0.15272108701766393	0.0	0.0	0.0	-0.05530204296776766	0.0	0.0	0.0	-0.09639936951694154	0.154217461702
530	1700.0	nan	nan	1	1	5.0	5.0	5.0	1.17	2.17184541632e-19	8.0995752106e-17	-2.57074499492e-19	0.94464634533	2.3929511911e-16	3.34683893284e-19	-1.06827398261e-18	0.905710682513	444778877.842	-888748.90545	3995528.69891	-717518.600403	3930.54284694	-8436231.95706	3093046.96002	-8088461.501	3703.39576762	519858819.17916465	-838694.368708255	3615090.2513121893	-838637.7836878656	3709.1737964213567	-7632967.300196314	3615162.0960582076	-7632917.543754851	3350.7730628805803	520063096.787	0.1570037488096647	0.0	0.0	0.0	-0.056944659278847586	0.0	0.0	0.0	-0.0990353589120422	0.158536061795
540	1750.0	nan	nan	1	1	5.0	5.0	5.0	1.175	1.23347849455e-18	2.38586946627e-17	3.96292305307e-19	0.943098967114	4.19453044821e-16	4.50198011466e-19	-1.48826335811e-18	0.903339824429	444441641.438	-800665.696033	3995008.86067	-642594.596692	3670.77653865	-8482797.43323	3071402.15253	-8125136.05681	3277.02126739	521682558.1267444	-754331.4212631198	3605143.955782488	-754273.1413646605	3458.3498422070593	-7654978.239374292	3605190.8340172064	-7654936.960652689	2957.223332195674	521886806.032	0.16126814759612232	0.0	0.0	0.0	-0.05858405263595143	0.0	0.0	0.0	-0.10165646808755693	0.162835688453
550	1800.0	nan	nan	1	1	5.0	5.0	5.0	1.18	-3.28953186e-19	-1.42258389398e-17	-1.95519027028e-19	0.941557123839	-6.24977860297e-16	3.46277656749e-19	2.25065918508e-19	0.900988485141	444035197.489	-708119.073093	3984069.99998	-564965.38985	3496.59379395	-8532910.83136	3042084.9712	-8165202.69727	3151.56461272	523421409.5203693	-666047.2573153221	3585900.868862161	-665971.9372648101	3288.8490013939704	-7680129.2056240905	3585959.8800063175	-7680079.620205463	2836.596315598023	523625462.685	0.16551443847757333	0.0	0.0	0.0	-0.0602202595029577	0.0	0.0	0.0	-0.10426280154314521	0.167116498697
560	1850.0	nan	nan	1	1	5.0	5.0	5.0	1.185	-1.65594941188e-18	8.55311106127e-17	-7.97137412705e-20	0.940020944475	-3.35937978502e-16	1.93758786684e-19	1.85711973686e-19	0.898656275399	443565103.267	-613034.346007	3968096.86053	-486224.152937	3344.88974126	-8585336.03109	3009293.15881	-8207498.46809	2993.36563643	525080910.8087341	-575669.0029249869	3562266.314677836	-575579.5918140245	3141.013802552812	-7707284.982871349	3562323.5035405997	-7707239.391085873	2687.2241149739825	525284848.577	0.16974277458709455	0.0	0.0	0.0	-0.06185312260993004	0.0	0.0	0.0	-0.10685465866820981	0.171378682669
570	1900.0	nan	nan	1	1	5.0	5.0	5.0	1.19	2.22241593025e-18	-3.05777835168e-17	2.05405489709e-20	0.938490451614	-2.95132219207e-16	2.01858539243e-19	-4.07144914944e-19	0.896342913454	443036300.592	-515752.835871	3950144.035	-406665.804929	3264.47862651	-8639111.61773	2975419.45404	-8251068.71491	2981.82179354	526665977.9959531	-483526.714970403	3537008.5685995324	-483430.0114556133	3060.5020788748275	-7735569.018813962	3537074.0379878883	-7735511.805723484	2669.960674937217	526869797.332	0.17395330712343798	0.0	0.0	0.0	-0.06348259710003107	0.0	0.0	0.0	-0.10943222331577748	0.17562240785
580	1950.0	nan	nan	1	1	5.0	5.0	5.0	1.195	5.08074184565e-19	-5.09187503495e-17	3.02337822611e-19	0.93696573552	2.36074699845e-16	-4.93026114861e-19	-1.60860821106e-18	0.894048056344	442453720.669	-419213.54072	3928565.10953	-328588.487499	3220.83086037	-8691783.61079	2939257.87539	-8293586.44228	3036.93194826	528181613.52185917	-392379.7023400293	3508668.5233826665	-392254.3520472846	3014.6656334338486	-7762780.230688533	3508755.5933148544	-7762714.3769354	2712.3357351686873	528385245.47	0.17814618538347404	0.0	0.0	0.0	-0.06510856569410085	0.0	0.0	0.0	-0.11199575095355675	0.17984785254
590	2000.0	nan	nan	1	1	5.0	5.0	5.0	1.2	-3.20615205426e-19	8.28301607719e-17	5.51114046197e-19	0.935447030856	-1.33257340844e-16	5.5554773428e-19	-1.46430820757e-19	0.891771274016	441823174.473	-327012.301846	3903060.91673	-254875.105252	14867.1358024	-8742361.00454	2900784.47456	-8334053.59982	17286.1217336	529633945.42277575	-305583.1236984253	3477001.536864524	-305530.61809326085	13892.88957418479	-7788042.077005797	3477304.982734068	-7787921.487132429	15399.163148216943	529825548.794	0.1823215567939546	0.0	0.0	0.0	-0.06673075608322009	0.0	0.0	0.0	-0.11454559854774207	0.184055198019
600	2050.0	nan	nan	1	1	5.0	5.0	5.0	1.205	-2.4987471944e-19	1.04094975852e-16	3.42201310691e-19	0.933934494028	1.29736066064e-16	6.70214819515e-19	-5.14200615054e-18	0.889512174552	441160772.251	-239882.456893	3870868.78744	-185856.823519	37685.4905832	-8790733.6285	2857698.31259	-8372383.95691	39862.0344329	531041639.3553622	-223799.72307259485	3439576.611882256	-223722.77513095833	35158.89600937677	-7811270.14379433	3439917.8080988275	-7811063.948914293	35420.6068111456	531212228.87	0.18647956694261839	0.0	0.0	0.0	-0.06834897808652113	0.0	0.0	0.0	-0.1170820850086981	0.188244627846
610	2100.0	nan	nan	1	1	5.0	5.0	5.0	1.21	-4.0432058946e-18	-7.9634173113e-17	-2.87302987797e-19	0.932428068809	-9.25873185798e-17	-4.43633506124e-20	-8.46450612103e-19	0.887270297591	440418405.664	-159029.665722	3831546.7712	-122499.735823	17800.0330384	-8843162.76336	2809901.27405	-8414745.45517	21515.7936799	532346224.8369993	-148127.88860412242	3396044.8912148485	-148068.90690816092	16579.807918801278	-7838029.787454343	3396407.407519624	-7837899.122509628	19070.262108316336	532534031.923	0.1906203596086497	0.0	0.0	0.0	-0.06996326844589006	0.0	0.0	0.0	-0.11960561074791774	0.192416413046
620	2150.0	nan	nan	1	1	5.0	5.0	5.0	1.215	3.0540037611e-18	-3.04704750303e-17	6.33871812122e-19	0.930927946158	-8.93148544337e-16	8.59103166753e-19	1.92268538093e-18	0.885045464884	439647481.602	-84796.432923	3783904.05287	-64857.2880146	5341.63072908	-8900961.94454	2756486.13524	-8462174.13313	6446.22065421	533608748.06620646	-78856.17811332889	3345397.8218215625	-78718.55909269134	4967.432823160291	-7869453.951612594	3345601.1400943757	-7869372.421290638	5699.185876348684	533808938.624	0.19474407679251185	0.0	0.0	0.0	-0.07157339873021765	0.0	0.0	0.0	-0.12211626254345954	0.196570628243
630	2200.0	nan	nan	1	1	5.0	5.0	5.0	1.22	2.75791280648e-18	1.01559462134e-16	-7.65532495861e-19	0.929434191907	-3.37201751659e-16	-7.59259158095e-19	6.32098336889e-18	0.882837551918	438864893.406	-18819.7379391	3725891.97492	-14237.4777536	38961.5222125	-8964059.42039	2696557.3662	-8514422.26264	42695.4205343	534849258.7292583	-17473.219926664984	3285880.6380277677	-17351.363795788995	36173.896177494105	-7905443.712769574	3286322.8070939453	-7905230.839293099	37653.28050583689	535017872.498	0.19885085874516517	0.0	0.0	0.0	-0.07317927378158319	0.0	0.0	0.0	-0.12461406821606594	0.200707354709
640	2250.0	nan	nan	1	1	5.0	5.0	5.0	1.225	-6.96314022202e-19	7.17645752885e-17	-7.22651452906e-19	0.927946550081	-6.08542880021e-16	2.04542574894e-18	1.10450052297e-17	0.880646089826	438009678.956	39878.1652896	3664279.69261	30254.8072958	16989.1737282	-9033492.2392	2634572.80679	-8572871.32831	20645.9798722	535993267.7741872	36965.592301069075	3223514.0358031616	37022.864579170375	15748.339097554215	-7946879.460131704	3223931.6977336416	-7946736.367395012	18162.53438163223	536182099.601	0.20294084399669038	0.0	0.0	0.0	-0.07478114475017547	0.0	0.0	0.0	-0.12709944791361588	0.204826919978
650	2300.0	nan	nan	1	1	5.0	5.0	5.0	1.23	1.41308918404e-18	3.16353782668e-16	-7.2439845836e-19	0.926465169839	-4.5888306379e-16	2.46910104125e-19	-8.81315282305e-18	0.878471002073	437134265.574	96474.5059111	3599088.38612	72789.4637817	1551.56916778	-9106687.38737	2570714.91816	-8634786.96562	2667.13299959	537103922.1625006	89285.31216876896	3158335.805873026	89435.92293758733	1435.9476235590769	-7991461.659942679	3158620.0717812404	-7991330.3774433965	2340.5098035705864	537308229.969	0.20701416938432612	0.0	0.0	0.0	-0.07637882722942173	0.0	0.0	0.0	-0.1295723803539592	0.208929360784
660	2350.0	nan	nan	1	1	5.0	5.0	5.0	1.235	4.3593080026e-19	1.75600570817e-16	-5.71376662482e-19	0.92499019883	-7.01946685422e-16	-1.46954922393e-18	-7.87527559221e-18	0.876312114263	436256570.916	151695.947436	3529596.40699	113714.177874	36787.4820736	-9181596.25599	2504863.55332	-8698169.57908	41267.5159585	538202901.6863382	140167.7834525056	3089733.0618174914	140287.40098093933	33991.809987091765	-8037372.617506853	3090210.9506214247	-8037150.43546604	36124.69918190844	538374519.455	0.2110709700799406	0.0	0.0	0.0	-0.07797213738530831	0.0	0.0	0.0	-0.13203295668289688	0.213014759382
670	2400.0	nan	nan	1	1	5.0	5.0	5.0	1.24	-3.17968227465e-18	-9.06809121133e-17	-5.53218393675e-20	0.923521423025	-3.92005365682e-16	-5.69841415265e-19	-1.29234728438e-18	0.874168849824	435308032.396	204411.859067	3456736.43245	152364.874989	3619.27841335	-9258083.04686	2437161.95998	-8763131.78222	4458.80342557	539205582.5157036	188577.15357201005	3018544.6724121976	188730.70345423603	3338.9120586746526	-8084485.989590462	3018853.8609842677	-8084298.315225572	3893.5850587973046	539409192.564	0.2151113796169455	0.0	0.0	0.0	-0.07956128196707371	0.0	0.0	0.0	-0.13448172996746938	0.217083483871
680	2450.0	nan	nan	1	1	5.0	5.0	5.0	1.245	5.64499813742e-18	-3.65371896963e-17	1.0941812794e-18	0.922059044693	-9.59730680886e-18	-3.40824882151e-19	-2.6068365394e-18	0.872041306473	434358552.186	258108.571021	3382498.0643	191190.388406	11388.8510378	-9337603.99198	2369602.63603	-8830886.4892	14403.1947991	540197522.0207471	237736.5839933722	2946520.5408889875	237777.2315782077	10489.952079567604	-8134059.929092647	2946997.280737539	-8133882.49476154	12546.73573294605	540393951.469	0.219135529916671	0.0	0.0	0.0	-0.08114601767882317	0.0	0.0	0.0	-0.13691848638658483	0.221135473117
690	2500.0	nan	nan	1	1	5.0	5.0	5.0	1.25	3.62424222306e-19	1.35964219916e-16	-2.74809251825e-19	0.920602857007	-7.55567206176e-16	-1.01723363009e-18	8.27376488922e-18	0.86992919072	433375925.905	312116.133614	3303515.42222	229859.100275	3627.58601307	-9421171.23123	2299404.76392	-8902427.95928	5301.94425803	541138657.9224601	287026.70235095633	2870740.9689864833	287015.58531274676	3335.982791956065	-8186958.065161308	2871171.963162858	-8186806.976243089	4607.367198722129	541343512.12	0.22314355131420976	0.0	0.0	0.0	-0.08272654418538887	0.0	0.0	0.0	-0.13934346062286349	0.225170959432
700	2550.0	nan	nan	1	1	5.0	5.0	5.0	1.255	-2.71728169479e-18	-6.23616360713e-17	4.89452694615e-19	0.919153003939	-3.40949131297e-16	-1.06202049718e-18	1.22025683964e-20	0.867832477042	432412820.986	364289.789043	3212947.03131	266844.801457	46515.8703925	-9505411.2226	2221974.24863	-8974604.93671	51765.3102025	542094314.7284765	334477.85825072957	2785300.320459176	334529.9740531339	42709.20890872581	-8240230.749652081	2785577.922756363	-8240161.344524718	44875.29165300471	542260161.829	0.22713557258374711	0.0	0.0	0.0	-0.08430268088800463	0.0	0.0	0.0	-0.14175658174799147	0.2291899542
