inc	time	elem	node	ip	grain	1_pos	2_pos	3_pos	1_f	2_f	3_f	4_f	5_f	6_f	7_f	8_f	9_f	1_p	2_p	3_p	4_p	5_p	6_p	7_p	8_p	9_p	1_Cauchy	2_Cauchy	3_Cauchy	4_Cauchy	5_Cauchy	6_Cauchy	7_Cauchy	8_Cauchy	9_Cauchy	Mises(Cauchy)	1_ln(V)	2_ln(V)	3_ln(V)	4_ln(V)	5_ln(V)	6_ln(V)	7_ln(V)	8_ln(V)	9_ln(V)	Mises(ln(V))
0	0.0	nan	nan	1	1	5.0	5.0	5.0	1.0	0.0	0.0	0.0	1.0	0.0	0.0	0.0	1.0	0.0	0.0	0.0	0.0	0.0	0.0	0.0	0.0	0.0	0.0	0.0	0.0	0.0	0.0	0.0	0.0	0.0	0.0	0.0	0.0	0.0	0.0	0.0	0.0	0.0	0.0	0.0	0.0	0.0
10	2.5	nan	nan	1	1	5.0	5.0	5.0	1.00025	5.12690421069e-23	7.74544783731e-23	-1.93111130114e-23	0.99991062601	3.5192657655e-22	6.64652546883e-23	5.8629657089e-23	0.999910316602	38317355.5631	363.087646842	37.8673407256	362.964416407	56.9209689581	515.643897968	37.8545345565	515.643757632	47.768956142	38324217.49019842	363.0294553327239	37.8612600684146	363.0294165962903	56.91184632029632	515.5610969655213	37.861313600947454	515.561116185048	47.761285504431115	38324165.1693	0.0002499687552074404	0.0	0.0	0.0	-8.937798409277725e-05	0.0	0.0	0.0	-8.968741979637249e-05	0.000226334375276
20	5.0	nan	nan	1	1	5.0	5.0	5.0	1.0005	2.63793067222e-23	-3.1719791552e-22	1.79847159745e-23	0.999821219021	6.40237794116e-22	4.05609305835e-23	-1.42649881574e-22	0.999820600261	76665064.0502	734.856703444	70.4044252085	734.358102981	15.6506665285	1032.45755925	70.3566480567	1032.45692741	15.3512725356	76692531.37637407	734.6212495750805	70.38182351951853	734.6212065705299	15.645651931820083	1032.1261129727009	70.38185522276227	1032.1261200880933	15.346344369702873	76692515.9119	0.0004998750416509929	0.0	0.0	0.0	-0.00017879696222406727	0.0	0.0	0.0	-0.0001794158330581043	0.000452654433882
30	7.5	nan	nan	1	1	5.0	5.0	5.0	1.00075	-3.07478543322e-23	1.22975261458e-22	9.80467519817e-23	0.999731776533	-8.44952071026e-23	-1.98949862016e-22	-4.36596267063e-23	0.999730845893	115035188.784	993.139793344	-97.7886446505	992.138549515	-224.682973115	1632.00057217	-97.6842788112	1632.00000046	-215.907725836	115097031.03806233	992.6626759575586	-97.74157471594145	992.6719174773838	-224.5750324669372	1631.2150192010827	-97.73679331612668	1631.2159662483907	-215.80380004214004	115097251.275	0.0007497188905459742	0.0	0.0	0.0	-0.0002682594453477106	0.0	0.0	0.0	-0.0002691903354675108	0.000678962733352
40	10.0	nan	nan	1	1	5.0	5.0	5.0	1.001	-3.69995303056e-22	1.00124397036e-21	-8.1386817457e-23	0.99964155834	-9.33938610361e-23	-8.95423013089e-23	-1.48194576618e-22	0.999640243684	152270796.505	12048.1305011	-9905.4507471	12031.7864283	1450.85246465	-14493.0554768	-9892.0110599	-14493.0297443	1333.05058994	152380216.01804614	12040.426026003495	-9899.103442978705	12040.432289767054	1449.9246811501798	-14483.76848591925	-9899.119310845454	-14483.761817900326	1332.1963857528865	152378829.414	0.0009995003330834232	0.0	0.0	0.0	-0.0003585059155670602	0.0	0.0	0.0	-0.00035982104382857236	0.000905776193434
50	12.5	nan	nan	1	1	5.0	5.0	5.0	1.00125	2.07208743445e-22	-8.8478340246e-21	2.47559647701e-22	0.999542114371	-1.57052388508e-20	-4.51795710819e-22	-4.66762510027e-22	0.999540411372	178823239.423	79594.4016463	-90053.0727674	79458.7076211	6095.378421	-42937.9644793	-89899.3495286	-42937.8759678	5863.38355798	178987418.1055004	79531.58466711079	-89981.84835393373	79531.65913440727	6090.567865841563	-42904.004157442105	-89981.88665750378	-42903.98881486826	5858.746114281399	178981579.743	0.0012492194004318981	0.0	0.0	0.0	-0.00045799049063577796	0.0	0.0	0.0	-0.00045969427122301217	0.00113870827912
60	15.0	nan	nan	1	1	5.0	5.0	5.0	1.0015	-4.78110394056e-22	1.59247519059e-20	-1.11105865902e-21	0.999426480189	1.89892751297e-20	6.90075426022e-22	1.494198379e-21	0.999421990246	186904895.548	99321.572218	-108530.575697	99115.9266191	-7119.0495031	-31549.9726661	-108305.514011	-31549.8491216	-6936.31464255	187120308.08458078	99230.16900407766	-108430.21053536065	99230.16018749303	-7112.498015944448	-31520.796389405492	-108430.33880721731	-31520.814567030633	-6929.900188965745	187127510.422	0.0014988761237359487	0.0	0.0	0.0	-0.000573684336395262	0.0	0.0	0.0	-0.0005781768660356842	0.00138320691519
70	17.5	nan	nan	1	1	5.0	5.0	5.0	1.00175	7.28539324506e-22	1.81100855361e-22	-3.91153032161e-22	0.999307822146	-5.92661467209e-20	-1.42652466514e-21	-1.62799484308e-21	0.999298471927	190703889.823	100934.513368	-114794.663002	100688.391493	-4084.03666008	-16598.7500105	-114513.714377	-16598.591024	-5271.35972085	190969953.0468311	100828.92086010595	-114673.4977418267	100828.86832369212	-4079.7641505202937	-16581.230103119473	-114673.4798020697	-16581.2264299157	-5265.795823928826	190974811.127	0.001748470534116803	0.0	0.0	0.0	-0.0006924175196911306	0.0	0.0	0.0	-0.0007017742589626372	0.00163038656533
80	20.0	nan	nan	1	1	5.0	5.0	5.0	1.002	-1.00119873392e-21	6.57875869715e-20	1.51725603858e-21	0.999189005608	1.43403132919e-20	1.82227888945e-21	-3.96209173655e-21	0.999173738055	193786699.721	101042.273857	-119686.874127	100758.828968	-1648.9185049	-4245.95919836	-119349.267291	-4245.90360729	-2159.286514	194104368.25983837	100923.98231758356	-119544.92843721333	100923.99979767724	-1646.9880939851298	-4240.92359515277	-119544.91285081576	-4240.932871233219	-2156.725653288143	194106459.405	0.001998002662673058	0.0	0.0	0.0	-0.000811323425860419	0.0	0.0	0.0	-0.000826603487549818	0.0018779981337
90	22.5	nan	nan	1	1	5.0	5.0	5.0	1.00225	-3.37334593557e-21	-4.09784758471e-20	-4.00438134537e-21	0.999070205656	1.78138514792e-20	-2.22759738961e-21	5.84330724465e-21	0.999048550217	196611193.377	101475.31953	-126484.974687	101153.362078	-465.324349124	6091.17450355	-126080.977531	6091.00952465	-337.313845419	196981589.5752349	101343.9362927843	-126318.4725879851	101343.92508770885	-464.72187928575397	6083.156212501464	-126318.50172250254	6083.123306080138	-336.86981273110143	196982190.369	0.00224747254047937	0.0	0.0	0.0	-0.0009302268708883113	0.0	0.0	0.0	-0.0009519026986512319	0.00212572838817
100	25.0	nan	nan	1	1	5.0	5.0	5.0	1.0025	2.83940085016e-21	7.76678134229e-20	2.61482131386e-21	0.998951498237	-3.01119488966e-19	-3.47209062119e-22	3.49266673893e-21	0.998923105351	199311133.94	101774.715653	-134232.979003	101414.43733	-191.289545589	15134.5377079	-133754.035549	15134.0529405	-82.06876181	199735425.3699811	101630.35855888408	-134038.77330957682	101630.3273095755	-191.01822080308625	15112.641349702244	-134038.76972258568	15112.586823983047	-81.95002630316651	199735776.064	0.002496880198587146	0.0	0.0	0.0	-0.0010490518255012098	0.0	0.0	0.0	-0.0010774749166711003	0.00237348577608
110	27.5	nan	nan	1	1	5.0	5.0	5.0	1.00275	1.78733050857e-21	-5.91864271894e-20	1.90561733617e-22	0.998832903777	-4.42990890186e-19	7.71345921206e-23	9.05721411715e-21	0.998797475533	201928921.542	102605.573167	-142388.928001	102204.743525	-103.055969999	23097.5657535	-141827.63315	23096.7109089	6.99603871398	202408268.29010215	102447.37714501146	-142164.35179016116	102447.3611306169	-102.89707956066607	23061.13620894661	-142164.3091160891	23061.100681560205	6.985004542381655	202408547.743	0.0027462256680252286	0.0	0.0	0.0	-0.001167777810167283	0.0	0.0	0.0	-0.0012032480797130084	0.00262123907305
120	30.0	nan	nan	1	1	5.0	5.0	5.0	1.003	-4.28686352456e-22	8.0984394089e-20	-7.42704792496e-22	0.998714430337	-1.81555494505e-19	-1.30756575329e-21	8.79582504358e-21	0.998671697027	204485038.611	104086.509833	-150726.673007	103641.751508	-49.6489254085	30168.6376712	-150076.190083	30167.3221852	48.0223265442	205020586.21263322	103913.21250926958	-150469.28421759172	103913.18990675134	-49.56626315079544	30117.12011977148	-150469.24056829297	30117.09554000653	47.94032109521614	205020838.312	0.002995508979798371	0.0	0.0	0.0	-0.001286396716578281	0.0	0.0	0.0	-0.0013291859493869988	0.00286897324032
130	32.5	nan	nan	1	1	5.0	5.0	5.0	1.00325	-3.16572360182e-21	1.60514191071e-19	2.01459838187e-21	0.998596070987	5.83279688099e-20	-5.86677849453e-22	-3.90946237008e-22	0.998545799828	206990401.761	105839.787922	-159239.433315	105348.807206	-16.5370257789	36667.9457095	-158492.734037	36666.0723633	72.5259852839	207583277.7848193	105650.55998500396	-158946.73160257607	105650.55444354833	-16.507459702345706	36600.545504181464	-158946.69973376987	36600.51813868111	72.39267358059949	207583522.738	0.0032447301648890294	0.0	0.0	0.0	-0.0014049154446980484	0.0	0.0	0.0	-0.0014552585472544757	0.00311668030717
140	35.0	nan	nan	1	1	5.0	5.0	5.0	1.0035	8.4837711575e-21	-9.43036563123e-20	-2.74727360944e-21	0.998477818804	-1.20320719965e-18	-1.0974618777e-21	-5.96221445771e-21	0.998419804077	209451234.267	107805.477807	-167813.155232	107265.95698	7.68287987549	42775.6467308	-166963.57372	42773.1669736	82.5109731051	210102546.23005956	107599.50294160507	-167482.7968940308	107599.51243148543	7.668200842657939	42691.43824583343	-167482.76556596637	42691.443878548416	82.34854133447071	210102797.153	0.003493889254255838	0.0	0.0	0.0	-0.001523340890790315	0.0	0.0	0.0	-0.0015814457493982948	0.00336435563922
150	37.5	nan	nan	1	1	5.0	5.0	5.0	1.00375	-3.84204715016e-21	-2.48078703535e-19	6.71050271934e-23	0.998359661344	-5.26065776478e-19	2.20216158577e-21	-6.66490438807e-21	0.998293730758	211871455.551	109720.280399	-176468.73199	109131.068413	22.7090228887	48490.3114429	-175509.450282	48487.1257183	91.7493017425	212582290.13419807	109497.19822595113	-176098.3074263074	109497.20616066201	22.6628511312509	48388.5256916397	-176098.2893335564	48388.54218086465	91.55671127798081	212582552.959	0.003742986278834297	0.0	0.0	0.0	-0.0016416854844910208	0.0	0.0	0.0	-0.001707726577336456	0.00361199612603
160	40.0	nan	nan	1	1	5.0	5.0	5.0	1.004	-8.00504037798e-21	-9.13434870927e-20	4.2451943012e-21	0.998241593518	-9.74221789204e-20	-2.16369768729e-21	-3.52027389187e-21	0.998167590134	214253586.977	111608.576795	-185135.693317	110968.433927	31.6185608703	53832.4724762	-184060.190778	53828.4933742	98.1584953167	215025009.45951453	111367.99291954013	-184722.91889129902	111367.97703845281	31.550403779428635	53712.44879242347	-184722.90159327938	53712.4604677871	97.93964331789797	215025289.398	0.003992021269537457	0.0	0.0	0.0	-0.0017599542933984815	0.0	0.0	0.0	-0.0018340907826912317	0.00385959988545
170	42.5	nan	nan	1	1	5.0	5.0	5.0	1.00425	5.22447274888e-21	-1.29068506494e-19	2.4659288036e-21	0.998123615048	-7.9999688561e-19	2.50346212389e-21	9.32460025016e-21	0.998041386273	216599495.378	113277.289457	-193582.929275	112586.199333	34.5533691577	59060.9110216	-192386.111773	59056.0540186	101.029420994	217432549.83010906	113019.25946184473	-193126.06245705002	113019.21250524546	34.47466136270328	58921.523883567104	-193126.0401216638	58921.53249707212	100.79098576491383	217432851.572	0.004240994257254614	0.0	0.0	0.0	-0.001878147567485987	0.0	0.0	0.0	-0.001960534319074445	0.0041071655793
180	45.0	nan	nan	1	1	5.0	5.0	5.0	1.0045	2.84560470476e-21	1.94870517428e-19	-7.84529112218e-21	0.998005725524	-1.13094075284e-18	1.12496563307e-22	1.36364859882e-20	0.997915122851	218910688.261	114650.811252	-201724.333838	113909.535192	38.2995555355	64226.483524	-200401.929656	64220.6791257	104.303141445	219806397.97163078	114375.65306501927	-201221.9327181395	114375.61511534876	38.20763785826559	64066.525344274036	-201221.90768378825	64066.5516019439	104.04337102429795	219806720.442	0.004489905272852001	0.0	0.0	0.0	-0.00199626568913313	0.0	0.0	0.0	-0.0020870535308814453	0.00435469206173
190	47.5	nan	nan	1	1	5.0	5.0	5.0	1.00475	4.70707127573e-21	-2.2495404233e-19	5.41570656675e-21	0.997887923565	7.02769494799e-19	1.44715248166e-21	1.71226386798e-21	0.997788803353	221188265.698	115766.3696	-209659.288518	114975.718366	43.4488520029	69364.7676268	-208206.665774	69357.9152982	99.0006249077	222147633.10291976	115474.41561549262	-209109.77079109964	115474.40646868704	43.339277300779315	69182.96232877251	-209109.72764303838	69182.99990784611	98.74114392431241	222147979.673	0.00473875434717347	0.0	0.0	0.0	-0.0021143100139812687	0.0	0.0	0.0	-0.0022136449520945567	0.00460217858035
200	50.0	nan	nan	1	1	5.0	5.0	5.0	1.005	-6.5266618282e-21	-3.02307216928e-19	-8.04236690312e-21	0.997770200483	3.23901180409e-20	1.22381371627e-21	1.97127479729e-20	0.997662438627	223433279.323	116804.432614	-217534.319382	115964.159342	43.7788599349	74436.1757004	-215946.067905	74428.1786905	94.0709856388	224457286.81909865	116495.63172266899	-216935.78238935894	116495.62971563813	43.66311988405768	74231.36753553669	-216935.76108301614	74231.40972030413	93.81215307849878	224457660.098	0.004987541511038968	0.0	0.0	0.0	-0.002232289221659901	0.0	0.0	0.0	-0.002340297734693804	0.00484962426171
210	100.0	nan	nan	1	1	5.0	5.0	5.0	1.01	-5.50305166956e-20	-5.70877045392e-19	1.35543883124e-20	0.995426824071	1.64856268901e-18	-1.25235144741e-21	-2.27966840917e-20	0.995132653604	262223320.908	135300.547974	-357105.876485	133348.438831	4230.6651845	150249.004348	-351850.386947	150206.013401	1575.67777508	264716490.46037656	134616.1620794596	-355194.54186660034	134616.29047134682	4209.265362990399	149444.82793338285	-355195.7136276728	149446.23172689666	1567.2442888865014	264714546.361	0.009950330853168092	0.0	0.0	0.0	-0.004583664888827505	0.0	0.0	0.0	-0.004879230504867382	0.00978933979539
220	150.0	nan	nan	1	1	5.0	5.0	5.0	1.015	-1.09160957487e-20	2.3460165661e-19	3.27356727418e-20	0.993097851091	-2.15518144929e-18	3.94532064963e-20	3.79311941692e-20	0.992610339035	292787355.784	173365.028485	-470585.860492	169626.816031	-187.669586905	189829.378041	-460204.319751	189735.079075	1026.00192671	297017118.7529167	172074.55636127663	-466853.68328805995	172077.33587350466	-186.27263636377558	188323.85707906113	-466852.6778558299	188322.75369093375	1017.8647910169254	297018132.308	0.014888612493750559	0.0	0.0	0.0	-0.006926078914658437	0.0	0.0	0.0	-0.00741709976879904	0.0147095332826
230	200.0	nan	nan	1	1	5.0	5.0	5.0	1.02	-3.50990311494e-20	-1.57797936734e-18	-6.85641737939e-20	0.990780274229	-1.43853204993e-17	1.34764265397e-20	9.94271096289e-22	0.990102366526	317492146.768	223966.957709	-550997.779194	217554.86893	4045.32935877	224591.305504	-534847.62901	224434.562138	2766.97793682	323649944.85402685	221770.45137741085	-545220.6863837225	221774.37158271254	4005.655687078449	222236.51413228895	-545221.0626201247	222233.46987954254	2737.9667702625197	323648407.62	0.01980262729617973	0.0	0.0	0.0	-0.009262490498303584	0.0	0.0	0.0	-0.009946940667654959	0.0196088774594
240	250.0	nan	nan	1	1	5.0	5.0	5.0	1.025	4.29905409883e-20	1.42645642274e-19	7.47738186523e-20	0.988473157169	-8.15127681129e-18	-7.60609116855e-20	9.13257027095e-20	0.987611832064	337783065.778	282831.316845	-601422.941852	272754.500575	8741.25814847	251816.110907	-579487.178527	251596.841081	5974.57922781	346008452.87001157	279394.173991651	-593596.38180988	279396.3709812333	8635.028918590346	248539.1259860095	-593598.3251212311	248539.27909001062	5896.829611360609	346003320.712	0.024692612590371414	0.0	0.0	0.0	-0.011593791854992045	0.0	0.0	0.0	-0.012465540959145358	0.0244866923917
250	300.0	nan	nan	1	1	5.0	5.0	5.0	1.03	-2.97574089463e-20	-2.00445053012e-18	-6.77063874987e-20	0.986177001999	-1.34942688255e-18	7.0376526516e-20	-3.13749606341e-20	0.98513950102	354647757.231	343552.323907	-627552.671335	328937.66725	8623.43691594	274842.916071	-600218.733769	274548.803331	5084.51065645	365043495.2128214	338577.3742657033	-617814.4866026172	338579.76911406236	8498.561718171539	270577.9814904611	-617812.8579691959	270573.087332002	5005.610659194076	365039083.473	0.02955880224154443	0.0	0.0	0.0	-0.01391942527846118	0.0	0.0	0.0	-0.014972022436962546	0.0293426446419
260	350.0	nan	nan	1	1	5.0	5.0	5.0	1.035	-2.86527092382e-20	2.52616326862e-18	3.51849545356e-20	0.983892036613	-6.85575232618e-18	-3.64058731197e-20	-7.66531730041e-20	0.982686002693	368812652.461	413858.074632	-642439.22768	393423.83774	6001.48789735	290529.521803	-609968.278258	290166.858826	5387.08023718	381455249.52883697	406908.07943206304	-630876.3629994307	406910.0861759992	5900.703800975532	285300.4613696108	-630877.4935864888	285294.03309265	5290.121525566412	381452190.387	0.03440142671733232	0.0	0.0	0.0	-0.016239106838669404	0.0	0.0	0.0	-0.017465637438614207	0.0341765363316
270	400.0	nan	nan	1	1	5.0	5.0	5.0	1.04	-5.56622241896e-20	-4.77275934254e-18	-1.97536520542e-19	0.98161837079	-1.66267405939e-17	-1.17709455528e-19	-2.9192527306e-19	0.980251796203	380808305.041	490186.780731	-645630.891881	462675.580535	6146.67978076	310541.51396	-608537.561329	310099.675209	5826.42109001	395754705.26004606	480828.95112896943	-632423.916436432	480835.20128568466	6029.337607801309	304189.10083825514	-632422.1400515314	304179.7686869935	5707.236272131647	395751579.94	0.03922071315328133	0.0	0.0	0.0	-0.01855267061182457	0.0	0.0	0.0	-0.019945805418617953	0.0389882649472
280	450.0	nan	nan	1	1	5.0	5.0	5.0	1.045	-1.03758227316e-19	2.87093214793e-18	9.20834001506e-20	0.979356058348	8.68684234352e-18	2.11394277344e-20	-4.52669627136e-19	0.977837103375	391045387.635	561031.09639	-651421.334133	525802.212045	5589.48610835	336261.778933	-609554.639048	335735.280306	5620.30278732	408338229.3781073	549040.1834018693	-636509.7682516432	549054.2813151713	5470.02206793432	328564.4724322615	-636510.4151296063	328559.6129337294	5491.6494704957395	408335740.764	0.04401688541677426	0.0	0.0	0.0	-0.020860006609744398	0.0	0.0	0.0	-0.02241218378639609	0.0437778269808
290	500.0	nan	nan	1	1	5.0	5.0	5.0	1.05	-5.09989934863e-20	-1.35256603298e-18	4.13011279848e-21	0.977105682018	-1.38364486295e-17	3.59773935624e-20	-9.15192629729e-21	0.975441510563	399840796.018	622081.260854	-648119.946734	578905.520487	5373.73440974	353885.862476	-602096.804369	353276.712823	5422.71124001	419511945.0199933	607374.5450186187	-631719.8881218338	607386.1979590998	5246.6931533768575	344931.1174232214	-631718.4339533745	344924.8453843104	5285.494691404815	419509850.337	0.04879016416943205	0.0	0.0	0.0	-0.023160462862993954	0.0	0.0	0.0	-0.024865079134795798	0.048545267107
300	550.0	nan	nan	1	1	5.0	5.0	5.0	1.055	-4.34848848019e-21	-2.67499622188e-18	-1.97894689747e-20	0.974866977511	-8.96911276447e-18	-1.40653791359e-19	-6.3064249901e-21	0.973065243905	407428763.197	672025.25884	-639090.000355	620978.089104	-11219.9495807	362614.22762	-589443.548007	361944.382466	-10600.0791896	429501184.1415689	654622.8741216607	-621389.9189933316	654619.5278490357	-10929.404133850665	352571.352081019	-621376.6054882164	352571.67614661634	-10306.5019720065	429515081.222	0.05354076692802976	0.0	0.0	0.0	-0.02545425061421409	0.0	0.0	0.0	-0.02730414467110341	0.0532906801024
310	600.0	nan	nan	1	1	5.0	5.0	5.0	1.06	7.57068783833e-20	-6.7480203232e-18	3.37820562167e-21	0.972639880067	-8.57144403062e-19	1.45573861642e-19	-1.60539213284e-19	0.970708493889	414030927.98	719114.660773	-629200.076705	659848.934499	3285.16287159	374147.295609	-576177.936816	373407.929943	-5939.20166638	438522500.36618716	698881.3445064947	-610282.3770527442	698881.6174487416	3192.730130340627	362898.0818436411	-610261.1482217303	362901.5654435802	-5760.632023020863	438527179.502	0.058268908123975824	0.0	0.0	0.0	-0.02774137828840237	0.0	0.0	0.0	-0.029729068030270887	0.0580141057301
320	650.0	nan	nan	1	1	5.0	5.0	5.0	1.065	-3.58632426378e-20	2.19056616794e-18	-1.05614420611e-19	0.970423668668	-2.11517626517e-17	-1.18478733497e-19	4.72922317254e-19	0.968371708469	419779174.641	776218.409231	-613023.713309	707290.325422	3385.87799428	393668.71129	-557389.935691	392840.03777	-6119.78724857	446701505.4115471	752648.5649761783	-593152.3921587911	752652.042348772	3283.0659299924805	380907.8388816444	-593137.8648961127	380911.46406292927	-5921.412772759159	446706395.458	0.06297479916138839	0.0	0.0	0.0	-0.030022531019075042	0.0	0.0	0.0	-0.03213926906101796	0.062715707716
330	700.0	nan	nan	1	1	5.0	5.0	5.0	1.07	-3.25353295974e-19	-3.63038321193e-18	2.43945488809e-19	0.96821847141	-1.29532910506e-17	-7.01531877506e-20	-6.87420176256e-20	0.966054646763	424805897.584	831030.29757	-589592.806912	751987.653861	2947.15902102	407873.128281	-532297.899091	406971.690763	-6596.75456136	454166900.54001105	803954.3436875681	-569108.4513896798	803962.2423812329	2851.1370805797187	393702.30043208436	-569088.3492179287	393712.06982887123	-6367.562033662567	454172375.138	0.06765864847381486	0.0	0.0	0.0	-0.03229752356515826	0.0	0.0	0.0	-0.03453487622161617	0.0673956123947
340	750.0	nan	nan	1	1	5.0	5.0	5.0	1.075	-8.05649101208e-20	-3.86974942887e-18	-2.42959489519e-19	0.966024415121	-2.55094559977e-18	2.77811090268e-19	-7.81652591638e-20	0.963757007835	429220243.782	874150.012017	-557811.362687	785537.963603	3277.5168504	416008.160348	-500088.641833	415032.788903	4096.76751291	461025072.768505	843742.5567498406	-537144.074983481	843745.6109745672	3163.5078752288578	400594.77705744107	-537144.7545443807	400595.80350062845	3944.9795098189797	461025295.681	0.07232066157962608	0.0	0.0	0.0	-0.03456617063663122	0.0	0.0	0.0	-0.036916082706909326	0.0720539663343
350	800.0	nan	nan	1	1	5.0	5.0	5.0	1.08	1.9306395497e-19	-1.09838732737e-17	9.09137667645e-20	0.963841816339	6.81529326806e-18	-1.04804610791e-19	-8.66792637727e-19	0.961478258585	433103726.451	922787.684759	-534370.794712	823543.63838	11251.8073271	413424.525905	-475708.425485	412414.301783	4731.22989824	467354778.9800651	888666.0034320286	-513349.5605750477	888671.769807708	10835.752160446953	397161.11135650956	-513328.77662656194	397164.56491226994	4545.111396946802	467350975.358	0.0769610411361284	0.0	0.0	0.0	-0.036828088770628854	0.0	0.0	0.0	-0.03928332618503577	0.0766909341442
360	850.0	nan	nan	1	1	5.0	5.0	5.0	1.085	-4.07723941372e-19	1.09399599094e-19	-2.17197776522e-19	0.9616702881	1.66780787314e-17	2.37171913568e-19	-5.49406745413e-19	0.959218379942	436503022.319	983839.545972	-507950.179772	872004.854586	-23343.9530673	401485.790472	-449045.0349	400459.96149	-17339.1943364	473198724.1472815	945316.0796964372	-486816.3792822175	945312.0907345663	-22429.891427464223	384781.55266835087	-486795.1119111929	384779.4515081293	-16617.77895286076	473222301.052	0.08157998699242285	0.0	0.0	0.0	-0.039083622926575856	0.0	0.0	0.0	-0.041636513711382196	0.0813067306982
370	900.0	nan	nan	1	1	5.0	5.0	5.0	1.09	3.0731993144e-19	-5.32474027402e-18	-3.37866884281e-19	0.959510021459	-7.79386778504e-18	3.31321404094e-19	-4.91603364208e-19	0.956977300927	439528984.114	1046255.24464	-474196.423332	920997.944408	1852.49451962	384050.500707	-416320.787456	383034.1932	2797.65385972	478670174.2853026	1003019.8166535735	-453400.7779838841	1003015.1878489975	1775.942078130598	367208.15939967765	-453395.22782977804	367205.696892547	2674.9641585520276	478672168.195	0.08617769624105241	0.0	0.0	0.0	-0.04133251912931106	0.0	0.0	0.0	-0.04397560680003343	0.0859013946708
380	950.0	nan	nan	1	1	5.0	5.0	5.0	1.095	-3.2522632375e-19	-9.76801041752e-18	1.41745669767e-20	0.957361318385	-2.00708692017e-17	-2.28415999989e-19	5.67677510783e-19	0.954754198611	442190462.971	1095564.14557	-453920.943182	957863.635157	10926.7920789	364054.241782	-395776.317798	363073.237221	6681.58011105	483773325.7846341	1047929.6167425754	-433002.32229782554	1047939.5537267649	10451.70114572343	347277.0633338581	-432994.47084748995	347287.0117819849	6373.664287050983	483769273.455	0.09075436326846412	0.0	0.0	0.0	-0.043574405613078175	0.0	0.0	0.0	-0.046301355283667404	0.0904751953626
390	1000.0	nan	nan	1	1	5.0	5.0	5.0	1.1	1.49761049903e-19	2.11977935984e-18	-8.27246787002e-20	0.955224001207	-6.43056825644e-18	2.04809919668e-19	-2.4855123046e-19	0.952548983233	444531081.094	1138390.84465	-439212.231593	988574.75814	7594.98974837	342973.479427	-380333.147955	342029.069857	5756.13781143	488550641.4396828	1086454.1205546514	-418000.2244480885	1086468.0845527835	7248.484074223109	326409.3781274209	-417995.5267400019	326424.7020625513	5478.141827710921	488548765.935	0.09531017980432493	0.0	0.0	0.0	-0.04580940976772403	0.0	0.0	0.0	-0.04861374733714653	0.0950282994972
400	1050.0	nan	nan	1	1	5.0	5.0	5.0	1.105	2.8283703967e-19	1.25711071378e-17	2.75719150499e-19	0.953098123031	-1.23636105355e-17	-3.08091690952e-19	3.71172484465e-20	0.950361356789	446586213.452	1164317.97864	-424197.882473	1004267.20777	-383.783044483	322637.605443	-364810.096141	321735.199294	-3941.02565484	493036337.60296667	1108716.6172176588	-402780.6551334682	1108722.5963971615	-365.4556973531491	306348.0310967755	-402754.55959922285	306370.91271042405	-3742.048135413065	493042910.272	0.09984533496971612	0.0	0.0	0.0	-0.04803741837110136	0.0	0.0	0.0	-0.050912991144628494	0.0995608697646
410	1100.0	nan	nan	1	1	5.0	5.0	5.0	1.11	-3.4989739911e-21	4.93735504955e-18	-1.65853021539e-19	0.950983684991	3.45016901147e-17	3.26362456322e-19	-4.01718610125e-19	0.948191149694	448407201.248	1173500.67046	-416459.196891	1005406.97351	11790.3186124	305041.052834	-355742.452745	304149.548161	11299.8352988	497283002.47545916	1114973.2958026524	-394526.7112244078	1114995.0248463973	11202.286230205513	288976.31331342	-394517.91701083165	288980.3411846597	10704.73864209044	497276520.377	0.10436001532424286	0.0	0.0	0.0	-0.05025837221902732	0.0	0.0	0.0	-0.0531991623543464	0.104073038972
420	1150.0	nan	nan	1	1	5.0	5.0	5.0	1.115	1.02596038556e-19	8.49497283735e-18	-1.80391547986e-20	0.948881068617	2.2454446385e-17	-1.37930712782e-19	1.22978596029e-19	0.946037541287	449996863.618	1176820.3333	-417518.605594	1001508.46456	9016.44494465	289460.503905	-354217.346115	288613.408672	8101.52261843	501290338.1816873	1115647.3174164628	-394629.1699765604	1115666.7023290398	8547.755617821807	273591.54027283087	-394593.2684867394	273610.8189534951	7657.376470466217	501286650.075	0.10885440491208208	0.0	0.0	0.0	-0.052471811074033946	0.0	0.0	0.0	-0.05547302648192688	0.108565044473
430	1200.0	nan	nan	1	1	5.0	5.0	5.0	1.12	2.60108597979e-19	3.35046529264e-18	9.8884479147e-20	0.946790382481	-1.73129299254e-17	1.8693289227e-19	2.96739464225e-19	0.943900216096	451386345.018	1178861.13192	-419343.556655	996554.821611	10278.4982879	273599.195551	-353376.795076	272777.999687	9554.78168007	505089678.4806441	1115112.1316878453	-395455.94969966786	1115119.1434817628	9722.670318006418	258013.8122944873	-395419.51983580657	258027.04701367585	9010.500348700225	505084666.912	0.11332868530700327	0.0	0.0	0.0	-0.054677559314262825	0.0	0.0	0.0	-0.0577348217117577	0.11303703279
440	1250.0	nan	nan	1	1	5.0	5.0	5.0	1.125	3.53524172506e-19	2.24397556573e-18	-1.7912761601e-19	0.944711449035	3.45160102655e-17	-3.26663550065e-19	8.21913126412e-19	0.94177907321	452596110.028	1183050.15388	-421521.876573	993508.245437	15452.4132515	255397.821291	-352838.267982	254625.470653	15303.4171527	508701012.8610154	1116610.2185705863	-396614.34493258904	1116665.9181147304	14584.607830540548	240306.48281429822	-396576.9486782943	240325.73894438954	14399.14535063785	508690831.835	0.11778303565638346	0.0	0.0	0.0	-0.05687574305215916	0.0	0.0	0.0	-0.059984561413179566	0.117489169524
450	1300.0	nan	nan	1	1	5.0	5.0	5.0	1.13	-5.14076207089e-20	1.45411734242e-18	4.12478575533e-19	0.942644632033	-1.28110556899e-17	1.04092408284e-19	-4.40761535038e-19	0.939673399961	453628429.677	1188988.56584	-422589.391506	991875.844877	3641.73279636	236164.960741	-351395.928288	235441.474494	2513.41398474	512124240.4547265	1119753.1724304827	-396727.3563427836	1119779.1638515964	3429.6728909140634	221711.90857791316	-396708.76228262956	221731.60075775202	2359.5956396523134	512125623.37	0.12221763272424911	0.0	0.0	0.0	-0.05906591569516731	0.0	0.0	0.0	-0.06222291094172912	0.121921655805
460	1350.0	nan	nan	1	1	5.0	5.0	5.0	1.135	1.31547359995e-19	-6.73197963676e-18	-2.21578525046e-19	0.940590263148	-8.25682423028e-18	2.92768997285e-19	-2.38267721085e-19	0.93758275231	454524096.876	1203550.47581	-434879.216419	997455.084322	17135.0816333	218405.030741	-359258.287936	217699.8328	17228.6659048	515402860.2695825	1130990.1897983905	-407354.30681574275	1131053.7922706597	16102.03279228005	204581.47123051158	-407377.18957127683	204575.03043388692	16138.208017391014	515391067.978	0.126632650933366	0.0	0.0	0.0	-0.061247661270463154	0.0	0.0	0.0	-0.06445025590239477	0.126334604753
470	1400.0	nan	nan	1	1	5.0	5.0	5.0	1.14	-1.40253435942e-19	-5.02430827554e-18	4.04934688347e-19	0.93854802585	3.1112923051e-17	-2.61567744579e-19	8.81443660737e-21	0.935507000615	455271397.322	1226984.21606	-454935.29129	1010199.14016	13737.5928042	201061.820852	-373374.169933	200421.646972	13798.7162139	518521566.0949776	1150501.2182749277	-425195.12480974256	1150544.5835269277	12881.271861955316	187917.94711996525	-425246.4803892393	187928.53729642247	12896.662393780733	518513131.704	0.131028262406404	0.0	0.0	0.0	-0.06342125127605437	0.0	0.0	0.0	-0.06666665000898055	0.130728237517
480	1450.0	nan	nan	1	1	5.0	5.0	5.0	1.145	-7.70436022532e-21	8.91920399503e-18	-1.81820916084e-19	0.936518090721	-2.98912897828e-17	4.17957819911e-19	-1.12720232945e-18	0.93344577327	455892542.023	1251062.87043	-477776.269308	1023320.40107	12245.1360529	179503.293058	-389525.66282	178928.292149	12264.4827358	521503494.65476996	1170535.406742281	-445556.6369281462	1170594.1995484587	11456.950445159784	167398.19181117872	-445585.254623659	167411.17187527486	11437.40707201939	521496640.373	0.13540463700620298	0.0	0.0	0.0	-0.06558643991030579	0.0	0.0	0.0	-0.06887240738232901	0.135102694641
490	1500.0	nan	nan	1	1	5.0	5.0	5.0	1.15	-1.73777411808e-19	-2.38699178492e-18	-6.00599299163e-20	0.934500221637	-6.76636388046e-18	-4.74656087818e-19	3.8746463381e-19	0.93139904053	456401456.404	1265224.99169	-498262.074203	1028173.00137	14424.8027728	158089.278959	-403578.901993	157573.481197	14375.2144398	524362743.0439651	1181229.0941611608	-463639.6641117924	1181274.9669336826	13467.167361283648	147104.23287477426	-463674.5503642664	147112.4753942245	13376.33333836374	524353989.845	0.13976194237515863	0.0	0.0	0.0	-0.06774341491479809	0.0	0.0	0.0	-0.07106747857181858	0.139458131861
500	1550.0	nan	nan	1	1	5.0	5.0	5.0	1.155	4.50088823625e-19	1.12212013176e-17	-8.30886381697e-20	0.932494224647	2.29847154798e-17	2.91392568745e-19	-2.49835014771e-19	0.929366680981	456800752.163	1269631.61059	-512860.082422	1025077.93657	10050.739844	133795.274538	-412727.637508	133365.718166	10045.6493461	527100661.493662	1182792.7234669633	-476179.57479979267	1182833.5568409993	9363.300231173624	124226.03966144315	-476244.86106265266	124243.9142905293	9327.169725558108	527095986.945	0.14410034397375687	0.0	0.0	0.0	-0.06989232089138828	0.0	0.0	0.0	-0.07325191300508957	0.143794723353
510	1600.0	nan	nan	1	1	5.0	5.0	5.0	1.16	2.96464840261e-19	7.4004739206e-18	-3.83944153123e-19	0.930500244888	1.4113765893e-17	-3.24751108488e-19	1.53630600808e-19	0.927348305968	457101631.156	1269234.19707	-522216.234764	1018082.15321	906.589766633	105041.540478	-417450.616868	104698.118935	281.23607481	529728569.81344026	1179888.294641472	-483811.1668992601	1179840.9067336402	842.7716934836319	97316.52692590785	-483777.5741074849	97328.04653984137	260.55328132317504	529732649.59	0.14842000511827322	0.0	0.0	0.0	-0.07203293972092972	0.0	0.0	0.0	-0.07542604939353532	0.148112622466
520	1650.0	nan	nan	1	1	5.0	5.0	5.0	1.165	-4.93813590804e-19	1.69171008412e-18	-4.0670816358e-20	0.928518283396	3.47046868545e-17	-1.81556218288e-19	5.75373599202e-19	0.92534365025	457312966.64	1263300.79222	-537392.304305	1006785.3845	-8533.5212185	74102.6192025	-426793.929876	73842.931709	-8328.17987774	532255314.5449207	1171865.5681352918	-496792.5307988338	1171772.747760539	-7915.881753971521	68504.19598033256	-496734.9582519881	68498.32569793338	-7698.989221219262	532267700.411	0.15272108701766393	0.0	0.0	0.0	-0.07416520705745418	0.0	0.0	0.0	-0.07759009668008644	0.152411986729
530	1700.0	nan	nan	1	1	5.0	5.0	5.0	1.17	-5.98442012125e-19	-7.78264459849e-19	2.48683579358e-20	0.92654838277	-2.7791680395e-18	-1.4289710518e-19	4.88367433651e-19	0.923352399097	457441296.049	1253649.3235	-553452.301898	992734.337026	-19194.3358773	39772.5853892	-436736.33006	39631.8038494	-18737.5216428	534687195.867266	1160440.0977768356	-510535.8384569102	1160372.584395448	-17767.230903160485	36688.491780844575	-510485.88238550356	36685.16663469496	-17284.554223923755	534709234.073	0.1570037488096647	0.0	0.0	0.0	-0.07628901360562114	0.0	0.0	0.0	-0.079744319840531	0.156692976618
540	1750.0	nan	nan	1	1	5.0	5.0	5.0	1.175	-5.53972782394e-19	2.92422243172e-18	-1.36041432263e-19	0.924590453246	7.43869628235e-18	3.70040901387e-19	-3.79867807064e-19	0.921374501076	457507541.419	1246836.18417	-568171.411188	981081.756814	-9352.51079099	-2052.17451916	-445507.630187	-2043.0148031	-9582.19148213	537047455.5948532	1151689.3258689095	-522988.4598999005	1151647.598186686	-8638.814773592083	-1888.9785196639878	-522961.3013545941	-1887.1110505096096	-8820.18254883106	537060653.453	0.16126814759612232	0.0	0.0	0.0	-0.07840439276143922	0.0	0.0	0.0	-0.08188870097222023	0.160955701298
550	1800.0	nan	nan	1	1	5.0	5.0	5.0	1.18	-3.89105760145e-21	6.30446622641e-18	1.23309468275e-19	0.922644353326	-6.95503782249e-17	-3.06182558098e-19	-1.86373718176e-19	0.91940967236	457490937.131	1246048.85514	-582301.488751	974238.666392	-18643.9260084	-42977.925383	-453685.944542	-42832.6435165	-18719.2602772	539310776.7966766	1148534.3669925793	-534849.4640927103	1148476.1102639667	-17184.87173916491	-39475.63384771539	-534825.2813642467	-39480.6053590209	-17193.818873703134	539332434.667	0.16551443847757333	0.0	0.0	0.0	-0.08051143473907267	0.0	0.0	0.0	-0.08402347536950244	0.165200373398
560	1850.0	nan	nan	1	1	5.0	5.0	5.0	1.185	3.27364999224e-19	-7.74743979162e-18	6.2203982064e-21	0.920710101142	3.38604067643e-18	2.54956917124e-19	6.35711461804e-19	0.917457805257	457420885.634	1250261.20666	-594774.62129	971341.810768	-9069.6289399	-81712.7249621	-460486.515651	-81405.3362051	-9341.31285854	541510625.5637126	1149995.936805767	-545143.9177375988	1149907.9471548996	-8342.285894868506	-74894.2429961798	-545139.8241429416	-74876.99799969126	-8561.831164672665	541523579.32	0.16974277458709455	0.0	0.0	0.0	-0.08261005759396368	0.0	0.0	0.0	-0.08614868893163859	0.169427083578
570	1900.0	nan	nan	1	1	5.0	5.0	5.0	1.19	-4.64676980908e-19	1.28287904422e-17	-8.51400460889e-20	0.918787639994	1.57429278879e-17	-2.24225503006e-19	1.35386305218e-18	0.9155186743	457295395.62	1258783.31356	-597314.904754	971854.630554	12929.0725388	-115016.106182	-459556.551668	-114604.990802	12716.7449484	543643847.1637924	1155411.8266792549	-546312.6366348192	1155364.334079937	11867.335035666927	-105195.35294307914	-546331.96426435	-105193.61064185762	11630.914291405677	543636635.433	0.17395330712343798	0.0	0.0	0.0	-0.08470026059333202	0.0	0.0	0.0	-0.08826451715097465	0.173635991779
580	1950.0	nan	nan	1	1	5.0	5.0	5.0	1.195	2.0604076442e-19	-1.44768518598e-18	3.92057140571e-19	0.916876738866	-5.18415927455e-18	2.84550130718e-21	-6.24064758779e-19	0.913592114404	457098604.263	1260433.20539	-586816.141665	967048.767336	9463.01575573	-144174.696937	-448615.433735	-143629.806609	9268.14537605	545690757.4016644	1154515.0223829732	-535578.5701155475	1154476.4507491265	8667.808655244531	-131586.15203267915	-535563.428839689	-131560.14034138623	8458.901682635744	545686693.922	0.17814618538347404	0.0	0.0	0.0	-0.08678223357298763	0.0	0.0	0.0	-0.09037107146177463	0.177827297087
590	2000.0	nan	nan	1	1	5.0	5.0	5.0	1.2	-2.23543906181e-19	1.25509106959e-17	-8.15269211732e-20	0.914977081557	2.57318021464e-18	-1.82694418811e-19	3.71225424024e-19	0.911678229965	456840267.585	1259732.57627	-571719.099846	960474.606219	-10508.3994141	-168141.695661	-434386.700493	-167506.95058	-10573.0852484	547661960.7109191	1151477.6950766593	-520704.3900971413	1151420.8430785376	-9605.362093691967	-153138.34908199403	-520744.5336558031	-153112.27239537382	-9629.644885392441	547676016.358	0.1823215567939546	0.0	0.0	0.0	-0.08885626149899738	0.0	0.0	0.0	-0.09246816918356017	0.182001128515
600	2050.0	nan	nan	1	1	5.0	5.0	5.0	1.205	7.21844124628e-19	-1.27478458562e-19	-4.14252050767e-19	0.913088732306	5.44248050066e-17	3.04313129913e-19	2.62646388098e-19	0.909776977231	456560017.678	1258008.89814	-559548.170135	953146.268394	10776.5270084	-188760.618776	-422428.7202	-188040.235931	10540.1985364	549604082.990418	1147523.8580071211	-508554.43888803275	1147391.4940267138	9830.075023222043	-171558.15296943282	-508517.0413631781	-171525.54112705242	9579.630563628001	549598757.789	0.18647956694261839	0.0	0.0	0.0	-0.09092221547978821	0.0	0.0	0.0	-0.0945557894741777	0.18615753383
610	2100.0	nan	nan	1	1	5.0	5.0	5.0	1.21	1.66706671931e-19	-9.97820693733e-18	8.07103284725e-19	0.911211307458	3.91488305007e-17	-3.86687084034e-19	5.31169067267e-19	0.907888188022	456218304.463	1250082.97407	-557715.963911	941337.199186	12212.3132933	-205302.377726	-418467.181075	-204515.543476	12053.6248421	551469172.309623	1137944.5602239792	-505834.68450342095	1137872.9021195236	11116.810458282052	-186204.2153797941	-505836.23613656935	-186169.52234942841	10932.341753981469	551462460.024	0.1906203596086497	0.0	0.0	0.0	-0.09298045751220065	0.0	0.0	0.0	-0.09663404890824608	0.190296766723
620	2150.0	nan	nan	1	1	5.0	5.0	5.0	1.215	-2.77270941328e-20	-1.47360968812e-17	2.49940893889e-19	0.909344660826	3.63559246456e-17	1.12331788929e-18	2.31345873719e-18	0.906011863135	455828780.933	1233437.22116	-561266.484287	923179.476833	4611.28120845	-220099.396416	-418589.084575	-219276.385067	4778.33639185	553272822.3452493	1120487.1690185952	-508000.6993975146	1120530.637914415	4189.010464550052	-199211.3380123465	-508072.27167993446	-199196.4987932554	4324.8586847298075	553272776.704	0.19474407679251185	0.0	0.0	0.0	-0.09503109184439264	0.0	0.0	0.0	-0.09870287905689151	0.194418932707
630	2200.0	nan	nan	1	1	5.0	5.0	5.0	1.22	-1.88583944772e-19	-2.88654005348e-17	-2.14286100766e-19	0.907488816392	-4.86091297303e-17	-2.00142966652e-19	-3.53874483495e-19	0.904147814026	455401475.434	1206011.63773	-560227.897859	897087.795859	4230.28990243	-236429.180068	-415256.723111	-235537.584879	4336.69778879	555026494.7015722	1093332.4329847451	-506015.2661628346	1093337.4651469274	3835.0485240425755	-213550.1908026728	-506099.553607973	-213531.00805878072	3917.040358483987	555026664.626	0.19885085874516517	0.0	0.0	0.0	-0.0970740364540526	0.0	0.0	0.0	-0.10076242086573349	0.198524146361
640	2250.0	nan	nan	1	1	5.0	5.0	5.0	1.225	6.55848346636e-19	-4.6796982149e-18	-3.84248555588e-19	0.90564392728	-1.18627758356e-16	-2.48394066144e-19	-1.67275772193e-19	0.902295691569	454945109.054	1176818.15981	-551867.421197	869887.345296	14178.6900492	-256170.505761	-406416.807916	-255179.882374	14121.6991185	556740272.2526392	1064692.9765215658	-497440.5544314881	1064526.9238222234	12827.769172169106	-230906.18057929896	-497353.63626108423	-230866.78791314867	12728.973607075253	556731357.805	0.20294084399669038	0.0	0.0	0.0	-0.09910906643752435	0.0	0.0	0.0	-0.10281299493600524	0.202612535261
650	2300.0	nan	nan	1	1	5.0	5.0	5.0	1.23	-9.74683459383e-20	-1.12175749578e-17	4.99047989721e-19	0.903809768895	-1.28928936309e-16	7.06705065057e-19	4.06456700674e-19	0.900455351827	454444564.751	1140114.52653	-544354.884983	837627.976185	12181.2825177	-281748.068419	-398474.264403	-280646.730731	12145.7876548	558395228.7655064	1029392.9370423335	-489666.0363405135	1029228.8689567433	10998.304026527745	-253442.12703011962	-489622.15699597157	-253391.87923320546	10925.555851942425	558387929.496	0.20701416938432612	0.0	0.0	0.0	-0.10113637337228891	0.0	0.0	0.0	-0.10485469713114472	0.206684285719
660	2350.0	nan	nan	1	1	5.0	5.0	5.0	1.235	-1.67990456242e-19	-2.38016258178e-17	-9.05941441758e-19	0.901986025896	3.56096621493e-17	-5.28495619527e-19	5.07346265626e-19	0.898626919575	453903002.465	1100245.67517	-539300.247621	803461.947696	4093.59589812	-308170.081853	-392392.652656	-306974.655084	3874.06451192	559994577.8136069	991387.156300424	-484132.0706852102	991256.5718796138	3688.57473205082	-276645.56155659724	-484107.3019300016	-276602.5236254694	3477.763791871998	559994459.721	0.2110709700799406	0.0	0.0	0.0	-0.10315625139428838	0.0	0.0	0.0	-0.1068873255557479	0.210739515565
670	2400.0	nan	nan	1	1	5.0	5.0	5.0	1.24	3.85780494082e-19	-9.40450093425e-18	1.21210414752e-18	0.90017261796	1.28737625977e-17	3.30567842556e-19	-1.21205120796e-19	0.896810426124	453349917.467	1061637.48297	-535634.571823	770583.10468	24791.2453395	-329917.155521	-387347.760055	-328681.834882	24618.7442215	561574131.6247208	954671.3948899816	-479867.2562961491	954537.5904625636	22293.38465246051	-295568.00205422106	-479815.8632189478	-295565.24785086577	22055.576440520952	561555239.673	0.2151113796169455	0.0	0.0	0.0	-0.10516873631532643	0.0	0.0	0.0	-0.10891078137294467	0.214778292083
680	2450.0	nan	nan	1	1	5.0	5.0	5.0	1.245	1.31137905592e-19	1.8238472239e-17	1.15514118182e-19	0.898369572262	9.5643956084e-17	1.10173840147e-19	8.28504101533e-21	0.895005417427	452755205.205	1018264.60999	-528365.661416	734660.963476	27199.9190858	-346360.131697	-379808.689959	-345071.416836	27030.8443287	563096404.0410696	913830.4695705507	-472400.3378945632	913705.5564836047	24410.270755360598	-309673.12071032607	-472372.0568659749	-309680.57986981777	24167.69469884126	563075189.311	0.219135529916671	0.0	0.0	0.0	-0.10717374494045909	0.0	0.0	0.0	-0.11092550773453974	0.218800826302
690	2500.0	nan	nan	1	1	5.0	5.0	5.0	1.25	-1.99727721985e-19	-4.44602300058e-18	-4.94720180756e-19	0.896576997268	-7.72068678538e-17	6.74172051565e-19	6.50230135916e-20	0.893211629292	452128197.372	972792.945186	-519950.202342	697639.343237	21568.4311182	-361653.971465	-371474.442651	-360272.68492	21242.9840473	564572385.3549674	871276.5604783533	-463942.486971103	871142.1017714608	19317.644697748638	-322697.5240872894	-463860.05872871086	-322676.2152262334	18954.743752766757	564556114.26	0.22314355131420976	0.0	0.0	0.0	-0.10917110310184068	0.0	0.0	0.0	-0.1129317392934577	0.222807227532
700	2550.0	nan	nan	1	1	5.0	5.0	5.0	1.255	2.32142448649e-19	-1.50998445925e-17	7.75710126118e-19	0.89479477228	6.76475848833e-17	-1.88527696491e-19	3.75579702768e-19	0.891428944276	451465573.444	929314.658707	-508987.63833	662530.496143	-1005.26146903	-380273.521923	-361532.157583	-378803.583821	-1232.6846581	565997443.1492862	830677.276802398	-453252.3567089664	830607.2243000825	-898.5630988863165	-338632.7231269019	-453248.9049989649	-338597.40240105917	-1097.7029387117836	566001118.128	0.22713557258374711	0.0	0.0	0.0	-0.1111608917167113	0.0	0.0	0.0	-0.11492954841573096	0.226797632525
