inc	time	elem	node	ip	grain	1_pos	2_pos	3_pos	1_f	2_f	3_f	4_f	5_f	6_f	7_f	8_f	9_f	1_p	2_p	3_p	4_p	5_p	6_p	7_p	8_p	9_p	1_Cauchy	2_Cauchy	3_Cauchy	4_Cauchy	5_Cauchy	6_Cauchy	7_Cauchy	8_Cauchy	9_Cauchy	Mises(Cauchy)	1_ln(V)	2_ln(V)	3_ln(V)	4_ln(V)	5_ln(V)	6_ln(V)	7_ln(V)	8_ln(V)	9_ln(V)	Mises(ln(V))
0	0.0	nan	nan	1	1	5.0	5.0	5.0	1.0	0.0	0.0	0.0	1.0	0.0	0.0	0.0	1.0	0.0	0.0	0.0	0.0	0.0	0.0	0.0	0.0	0.0	0.0	0.0	0.0	0.0	0.0	0.0	0.0	0.0	0.0	0.0	0.0	0.0	0.0	0.0	0.0	0.0	0.0	0.0	0.0	0.0
10	2.5	nan	nan	1	1	5.0	5.0	5.0	1.00025	0.0	0.0	0.0	0.999908272375	0.0	0.0	0.0	0.999908272375	33500330.7	0.0	0.0	0.0	-1.23184049753e-05	0.0	0.0	0.0	-1.23184049753e-05	33506477.357258126	0.0	0.0	0.0	-1.2316455903012459e-05	0.0	0.0	0.0	-1.2316455903012459e-05	33506477.3573	0.0002499687552074404	0.0	0.0	0.0	-9.173183223585798e-05	0.0	0.0	0.0	-9.173183223585798e-05	0.000227800391629
20	5.0	nan	nan	1	1	5.0	5.0	5.0	1.0005	0.0	0.0	0.0	0.999816513393	0.0	0.0	0.0	0.999816513393	67025783.5078	0.0	0.0	0.0	-7.95873971963e-05	0.0	0.0	0.0	-7.95873971963e-05	67050386.946389824	0.0	0.0	0.0	-7.956222198676544e-05	0.0	0.0	0.0	-7.956222198676544e-05	67050386.9465	0.0004998750416509929	0.0	0.0	0.0	-0.00018350344272688673	0.0	0.0	0.0	-0.00018350344272688673	0.000455585656252
30	7.5	nan	nan	1	1	5.0	5.0	5.0	1.00075	0.0	0.0	0.0	0.999724723071	0.0	0.0	0.0	0.999724723071	100576364.703	0.0	0.0	0.0	4.32908541743e-05	0.0	0.0	0.0	4.32908541743e-05	100631760.28124824	0.0	0.0	0.0	4.3270321687796156e-05	0.0	0.0	0.0	4.3270321687796156e-05	100631760.281	0.0007497188905459742	0.0	0.0	0.0	-0.00027531482464849026	0.0	0.0	0.0	-0.00027531482464849026	0.00068335581013
40	10.0	nan	nan	1	1	5.0	5.0	5.0	1.001	0.0	0.0	0.0	0.999632901367	0.0	0.0	0.0	0.999632901367	134152080.563	0.0	0.0	0.0	-1.54319358739e-05	0.0	0.0	0.0	-1.54319358739e-05	134250628.91590527	0.0	0.0	0.0	-1.54221808160409e-05	0.0	0.0	0.0	-1.54221808160409e-05	134250628.916	0.0009995003330834232	0.0	0.0	0.0	-0.0003671660301979553	0.0	0.0	0.0	-0.0003671660301979553	0.000911110908854
50	12.5	nan	nan	1	1	5.0	5.0	5.0	1.00125	0.0	0.0	0.0	0.999541048304	0.0	0.0	0.0	0.999541048304	167752937.367	0.0	0.0	0.0	3.9499742688e-05	0.0	0.0	0.0	3.9499742688e-05	167907024.42688736	0.0	0.0	0.0	3.9468543806054775e-05	0.0	0.0	0.0	3.9468543806054775e-05	167907024.427	0.0012492194004318981	0.0	0.0	0.0	-0.0004590570465647091	0.0	0.0	0.0	-0.0004590570465647091	0.00113885096466
60	15.0	nan	nan	1	1	5.0	5.0	5.0	1.0015	0.0	0.0	0.0	0.999432201643	0.0	0.0	0.0	0.999432201643	183995287.297	-2.17337465252e-15	-2.17337465252e-15	-2.16888728304e-15	-0.000129955555179	-2.41536943152e-31	-2.16888728304e-15	-2.41536943152e-31	-0.000129955555179	184204409.83293462	-2.171352363614563e-15	-2.171352363614563e-15	-2.171352363615969e-15	-0.00012983463369998412	-2.4131219705043716e-31	-2.171352363615969e-15	-2.4131219705043716e-31	-0.00012983463369998412	184204409.833	0.0014988761237359487	0.0	0.0	0.0	-0.0005679596155315969	0.0	0.0	0.0	-0.0005679596155315969	0.00137789049285
70	17.5	nan	nan	1	1	5.0	5.0	5.0	1.00175	0.0	0.0	0.0	0.999309527258	0.0	0.0	0.0	0.999309527258	186042451.757	-2.06245567164e-15	-2.06245567164e-15	-2.05743109782e-15	3.24143001522e-05	-2.54803742035e-31	-2.05743109782e-15	-2.54803742035e-31	3.24143001522e-05	186299632.5744389	-2.0602752433475096e-15	-2.0602752433475096e-15	-2.0602752433715364e-15	3.238003175162055e-05	-2.5453436349959435e-31	-2.0602752433715364e-15	-2.5453436349959435e-31	3.238003175162055e-05	186299632.574	0.001748470534116803	0.0	0.0	0.0	-0.0006907112280887628	0.0	0.0	0.0	-0.0006907112280887628	0.0016261211748
80	20.0	nan	nan	1	1	5.0	5.0	5.0	1.002	0.0	0.0	0.0	0.999186875379	0.0	0.0	0.0	0.999186875379	188064784.318	-2.09935469256e-15	-2.09935469256e-15	-2.09346073409e-15	-2.33152726609e-05	-2.57479234046e-31	-2.09346073409e-15	-2.57479234046e-31	-2.33152726609e-05	188370997.9650921	-2.0968693799521952e-15	-2.0968693799521952e-15	-2.0968693799391128e-15	-2.3287670969149723e-05	-2.571744182905251e-31	-2.0968693799391128e-15	-2.571744182905251e-31	-2.3287670969149723e-05	188370997.965	0.001998002662673058	0.0	0.0	0.0	-0.0008134553861390062	0.0	0.0	0.0	-0.0008134553861390062	0.00187430536587
90	22.5	nan	nan	1	1	5.0	5.0	5.0	1.00225	0.0	0.0	0.0	0.999064250296	0.0	0.0	0.0	0.999064250296	190066736.67	-2.16139925129e-15	-2.16139925129e-15	-2.15452903226e-15	-2.85178335515e-05	-2.60264145651e-31	-2.15452903226e-15	-2.60264145651e-31	-2.85178335515e-05	190422946.36181566	-2.158566898830534e-15	-2.158566898830534e-15	-2.158566898832738e-15	-2.8480463058311373e-05	-2.5992308890611328e-31	-2.158566898832738e-15	-2.5992308890611328e-31	-2.8480463058311373e-05	190422946.362	0.00224747254047937	0.0	0.0	0.0	-0.0009361877910688306	0.0	0.0	0.0	-0.0009361877910688306	0.00212244022103
100	25.0	nan	nan	1	1	5.0	5.0	5.0	1.0025	0.0	0.0	0.0	0.998941652246	0.0	0.0	0.0	0.998941652246	192048555.003	-2.19230821785e-15	-2.19230821785e-15	-2.18452667668e-15	-4.47037886527e-07	-2.62693474728e-31	-2.18452667669e-15	-2.62693474728e-31	-4.47037886527e-07	192455709.56930012	-2.189158005520638e-15	-2.189158005520638e-15	-2.1891580055207754e-15	-4.463955205264701e-07	-2.623160003308358e-31	-2.1891580055307967e-15	-2.623160003308358e-31	-4.463955205264701e-07	192455709.569	0.002496880198587146	0.0	0.0	0.0	-0.0010589081994499263	0.0	0.0	0.0	-0.0010589081994499263	0.00237052559869
110	27.5	nan	nan	1	1	5.0	5.0	5.0	1.00275	0.0	0.0	0.0	0.998819081439	0.0	0.0	0.0	0.998819081439	194010482.112	-2.23552975124e-15	-2.23552975124e-15	-2.22676616573e-15	-2.26524502007e-05	-2.6566514185e-31	-2.22676616573e-15	-2.6566514185e-31	-2.26524502007e-05	194469516.23344725	-2.2320347555248998e-15	-2.2320347555248998e-15	-2.232034755547556e-15	-2.2617035679222906e-05	-2.6524980471037917e-31	-2.232034755547556e-15	-2.6524980471037917e-31	-2.2617035679222906e-05	194469516.233	0.0027462256680252286	0.0	0.0	0.0	-0.0011816163947678555	0.0	0.0	0.0	-0.0011816163947678555	0.0026185613752
120	30.0	nan	nan	1	1	5.0	5.0	5.0	1.003	0.0	0.0	0.0	0.99869653809	0.0	0.0	0.0	0.99869653809	195952757.438	-2.27773949005e-15	-2.27773949005e-15	-2.26796664344e-15	-3.67547292316e-05	-2.68422683329e-31	-2.26796664344e-15	-2.68422683329e-31	-3.67547292316e-05	196464591.86643723	-2.273890639756668e-15	-2.273890639756668e-15	-2.2738906397431755e-15	-3.6692622282582194e-05	-2.6796911138717745e-31	-2.2738906397431755e-15	-2.6796911138717745e-31	-3.6692622282582194e-05	196464591.866	0.002995508979798371	0.0	0.0	0.0	-0.0013043121553973503	0.0	0.0	0.0	-0.0013043121553973503	0.00286654742346
130	32.5	nan	nan	1	1	5.0	5.0	5.0	1.00325	0.0	0.0	0.0	0.998574022384	0.0	0.0	0.0	0.998574022384	197875617.118	-2.33456557936e-15	-2.33456557937e-15	-2.32368456626e-15	-3.89649691107e-05	-2.70685360923e-31	-2.32368456626e-15	-2.70685360923e-31	-3.89649691107e-05	198441158.90672237	-2.3303258126411818e-15	-2.3303258126511636e-15	-2.3303258126407786e-15	-3.8894205461695716e-05	-2.701937736252779e-31	-2.3303258126407786e-15	-2.701937736252779e-31	-3.8894205461695716e-05	198441158.907	0.0032447301648890294	0.0	0.0	0.0	-0.0014269952896489987	0.0	0.0	0.0	-0.0014269952896489987	0.00311448363636
140	35.0	nan	nan	1	1	5.0	5.0	5.0	1.0035	0.0	0.0	0.0	0.998451534631	0.0	0.0	0.0	0.998451534631	199779384.51	-2.39911929959e-15	-2.39911929959e-15	-2.38704967258e-15	7.20053091084e-06	-2.73232928567e-31	-2.38704967258e-15	-2.73232928567e-31	7.20053091084e-06	200399527.45950526	-2.394459406217381e-15	-2.394459406217381e-15	-2.3944594062129276e-15	7.18654506766976e-06	-2.727022186880756e-31	-2.3944594062129276e-15	-2.727022186880756e-31	7.18654506766976e-06	200399527.459	0.003493889254255838	0.0	0.0	0.0	-0.0015496654805469351	0.0	0.0	0.0	-0.0015496654805469351	0.0033623698232
150	37.5	nan	nan	1	1	5.0	5.0	5.0	1.00375	0.0	0.0	0.0	0.998329074909	0.0	0.0	0.0	0.998329074909	201664174.008	-2.46350248474e-15	-2.46350248474e-15	-2.45019791446e-15	1.03174448351e-05	-2.7490489464e-31	-2.45019791446e-15	-2.7490489464e-31	1.03174448351e-05	202339798.36917874	-2.458406677401152e-15	-2.458406677401152e-15	-2.4584066774138645e-15	1.0296102980795188e-05	-2.7433624801257854e-31	-2.4584066774138645e-15	-2.7433624801257854e-31	1.0296102980795188e-05	202339798.369	0.003742986278834297	0.0	0.0	0.0	-0.0016723226433503359	0.0	0.0	0.0	-0.0016723226433503359	0.00361020594812
160	40.0	nan	nan	1	1	5.0	5.0	5.0	1.004	0.0	0.0	0.0	0.998206643475	0.0	0.0	0.0	0.998206643475	203530270.203	-2.53050449053e-15	-2.53050449053e-15	-2.51590278267e-15	4.59863711088e-05	-2.77123171372e-31	-2.51590278267e-15	-2.77123171372e-31	4.59863711088e-05	204262243.32330632	-2.524950936570072e-15	-2.524950936570072e-15	-2.5249509365803814e-15	4.58854474414721e-05	-2.765149849445424e-31	-2.5249509365803814e-15	-2.765149849445424e-31	4.58854474414721e-05	204262243.323	0.003992021269537457	0.0	0.0	0.0	-0.001794966513956964	0.0	0.0	0.0	-0.001794966513956964	0.00385799185566
170	42.5	nan	nan	1	1	5.0	5.0	5.0	1.00425	0.0	0.0	0.0	0.998084240446	0.0	0.0	0.0	0.998084240446	205377823.756	1.63191868602e-10	-2.61703025225e-15	1.62189925039e-10	-2.40993246576e-05	1.00454773047e-27	-2.60096256065e-15	1.00454773047e-27	-2.40993246576e-05	206166999.89488247	1.6281314918512721e-10	-2.610956909383342e-15	1.6281314918495247e-10	-2.4043397347866124e-05	1.0022164762600718e-27	-2.6109569093749633e-15	1.0022164762600718e-27	-2.4043397347866124e-05	206166999.895	0.004240994257254614	0.0	0.0	0.0	-0.0019175969684055607	0.0	0.0	0.0	-0.0019175969684055607	0.00410572748377
180	45.0	nan	nan	1	1	5.0	5.0	5.0	1.0045	0.0	0.0	0.0	0.997961866027	0.0	0.0	0.0	0.997961866027	207207069.625	5.88821678265e-10	-2.67365485393e-15	5.84989129711e-10	3.4452780484e-06	1.24496985634e-27	-2.65625245109e-15	1.24496985634e-27	3.4452780484e-06	208054290.40454292	5.873810121317098e-10	-2.6671132401573658e-15	5.873810121279216e-10	3.4368485092248745e-06	1.2419237967684824e-27	-2.6671132401371497e-15	1.2419237967684824e-27	3.4368485092248745e-06	208054290.405	0.004489905272852001	0.0	0.0	0.0	-0.0020402137944963575	0.0	0.0	0.0	-0.0020402137944963575	0.00435341271157
190	47.5	nan	nan	1	1	5.0	5.0	5.0	1.00475	0.0	0.0	0.0	0.997839520481	0.0	0.0	0.0	0.997839520481	209018309.992	1.1430922428e-09	-2.75953907218e-15	1.13523027163e-09	2.20164589911e-05	1.7027219352e-27	-2.74055948695e-15	1.7027219352e-27	2.20164589911e-05	209924404.8883845	1.1401514976965786e-09	-2.7524398191972877e-15	1.1401514976957185e-09	2.1959818947935888e-05	1.698341474021152e-27	-2.7524398191776337e-15	1.698341474021152e-27	2.1959818947935888e-05	209924404.888	0.00473875434717347	0.0	0.0	0.0	-0.0021628167218019734	0.0	0.0	0.0	-0.0021628167218019734	0.00460104737932
200	50.0	nan	nan	1	1	5.0	5.0	5.0	1.005	0.0	0.0	0.0	0.997717203898	0.0	0.0	0.0	0.997717203898	210811660.607	1.77424977651e-09	-2.88988303886e-15	1.76139256323e-09	-1.21133981744e-05	1.61336993732e-27	-2.86894131851e-15	1.61336993732e-27	-1.21133981744e-05	211777446.45979637	1.7694619841140028e-09	-2.882084723074952e-15	1.7694619841239397e-09	-1.2080710310246419e-05	1.609016277299805e-27	-2.882084723053856e-15	1.609016277299805e-27	-1.2080710310246419e-05	211777446.46	0.004987541511038968	0.0	0.0	0.0	-0.002285405653160202	0.0	0.0	0.0	-0.002285405653160202	0.0048486314428
210	100.0	nan	nan	1	1	5.0	5.0	5.0	1.01	0.0	0.0	0.0	0.995277054726	0.0	0.0	0.0	0.995277054726	242980312.037	-1.223465726e-08	-2.84597535997e-12	-1.2056310538e-08	-0.00279624494988	3.27723292032e-24	-2.80448908328e-12	3.27723292032e-24	-0.00281808956227	245291840.38175508	-1.2171005030291606e-08	-2.831168841609285e-12	-1.21710050303567e-08	-0.0027816971597712722	3.260182734260916e-24	-2.831168841628367e-12	3.260182734260916e-24	-0.002803428123020459	245291840.385	0.009950330853168092	0.0	0.0	0.0	-0.004734133621900474	0.0	0.0	0.0	-0.004734133621900474	0.00978964298338
220	150.0	nan	nan	1	1	5.0	5.0	5.0	1.015	0.0	0.0	0.0	0.992849774111	0.0	0.0	0.0	0.992849774111	269623681.018	1.71361168154e-10	-4.2050377439e-12	1.67621573491e-10	-0.00159355881908	1.44117012542e-23	-4.1132716987e-12	1.44117012542e-23	-0.00158261898743	273521173.39871776	1.7004459435840293e-10	-4.172730293135308e-12	1.7004459435867179e-10	-0.0015813154514282464	1.4300975653845772e-23	-4.172730293156452e-12	1.4300975653845772e-23	-0.0015704596708840705	273521173.4	0.014888612493750559	0.0	0.0	0.0	-0.007175911264859015	0.0	0.0	0.0	-0.007175911264859015	0.0147096825057
230	200.0	nan	nan	1	1	5.0	5.0	5.0	1.02	0.0	0.0	0.0	0.990436296122	0.0	0.0	0.0	0.990436296122	291841769.594	-3.40841666921e-08	-1.36515355508e-12	-3.30962704065e-08	-0.000844504688187	1.89196788429e-23	-1.32558591248e-12	1.89196788429e-23	-0.000866449823612	297505059.0364612	-3.3738514863576e-08	-1.3513093608888358e-12	-3.3738514863277814e-08	-0.000835940459749032	1.8727811996155262e-23	-1.3513093608872208e-12	1.8727811996155262e-23	-0.0008576630467909255	297505059.037	0.01980262729617973	0.0	0.0	0.0	-0.009609729781079253	0.0	0.0	0.0	-0.009609729781079253	0.0196082380515
240	250.0	nan	nan	1	1	5.0	5.0	5.0	1.025	0.0	0.0	0.0	0.988037225178	0.0	0.0	0.0	0.988037225178	310482942.807	-3.47379377966e-08	3.67358736037e-13	-3.34852445548e-08	-0.000489285929344	2.07276321721e-23	3.54111323119e-13	2.07276321721e-23	-0.000489270873928	318046874.034689	-3.430100623482845e-08	3.6273812133019434e-13	-3.4301006234539994e-08	-0.00048313172219120677	2.046692133918267e-23	3.627381213282757e-13	2.046692133918267e-23	-0.00048311685614126727	318046874.035	0.024692612590371414	0.0	0.0	0.0	-0.012034904638373107	0.0	0.0	0.0	-0.012034904638373107	0.0244850114858
250	300.0	nan	nan	1	1	5.0	5.0	5.0	1.03	0.0	0.0	0.0	0.985652983894	0.0	0.0	0.0	0.985652983894	326207867.761	-4.00642130737e-08	-1.66581341333e-12	-3.83392341394e-08	-0.000328306254033	1.95471675478e-23	-1.59409122473e-12	1.95471675478e-23	-0.000306274302805	335773447.3184808	-3.946347739205322e-08	-1.6408356718600184e-12	-3.946347739217774e-08	-0.0003233835245900777	1.9254071037967396e-23	-1.6408356718725467e-12	1.9254071037967396e-23	-0.00030168192751665987	335773447.319	0.02955880224154443	0.0	0.0	0.0	-0.014450929638457283	0.0	0.0	0.0	-0.014450929638457283	0.0293398212533
260	350.0	nan	nan	1	1	5.0	5.0	5.0	1.035	0.0	0.0	0.0	0.983283858921	0.0	0.0	0.0	0.983283858921	339534945.166	-9.01133794907e-08	-1.06107604711e-12	-8.56106584789e-08	-0.000139184565022	4.22250807192e-24	-1.00805695672e-12	4.22250807192e-24	-0.000150226157335	351177480.47783893	-8.854621821649174e-08	-1.0426228795624176e-12	-8.85462182161255e-08	-0.00013676400703712817	4.149074457869073e-24	-1.04262287955666e-12	4.149074457869073e-24	-0.00014761357508052107	351177480.478	0.03440142671733232	0.0	0.0	0.0	-0.016857432543815654	0.0	0.0	0.0	-0.016857432543815654	0.0341725728408
270	400.0	nan	nan	1	1	5.0	5.0	5.0	1.04	0.0	0.0	0.0	0.980930035003	0.0	0.0	0.0	0.980930035003	350874529.442	-1.38165159193e-07	1.39008210976e-11	-1.30317648503e-07	0.00660949894683	3.7481250612e-25	1.31112816594e-11	3.7481250612e-25	0.0065873643934	364649631.05809176	-1.3543383306460537e-07	1.3626021892852749e-11	-1.3543383306434102e-07	0.006478838675640677	3.6740300290519473e-25	1.3626021892789585e-11	3.6740300290519473e-25	0.006457141690440446	364649631.052	0.03922071315328133	0.0	0.0	0.0	-0.01925414203866301	0.0	0.0	0.0	-0.01925414203866301	0.0389832367946
280	450.0	nan	nan	1	1	5.0	5.0	5.0	1.045	0.0	0.0	0.0	0.978591620833	0.0	0.0	0.0	0.978591620833	360554998.416	-1.81162620988e-07	2.27821332813e-11	-1.69649974073e-07	0.00505333617292	8.10106808668e-24	2.13343585968e-11	8.10106808668e-24	0.00506445957262	376503081.46478397	-1.7715393848310285e-07	2.227802079600409e-11	-1.77153938482387e-07	0.00494151829240319	7.9218114070573e-24	2.2278020795879378e-11	7.9218114070573e-24	0.004952395558670537	376503081.46	0.04401688541677426	0.0	0.0	0.0	-0.021640862566183052	0.0	0.0	0.0	-0.021640862566183052	0.0437718319886
290	500.0	nan	nan	1	1	5.0	5.0	5.0	1.05	0.0	0.0	0.0	0.97626866593	0.0	0.0	0.0	0.97626866593	368840053.061	-2.76628529962e-07	4.61869429205e-11	-2.57203586576e-07	0.00388846201781	1.98924177608e-23	4.29436810939e-11	1.98924177608e-23	0.00386619401727	386989672.0601703	-2.6985987773148774e-07	4.505682320991797e-11	-2.698598777321085e-07	0.003793317648161188	1.9405682506611226e-23	4.505682321013122e-11	1.9405682506611226e-23	0.0037715945095396055	386989672.056	0.04879016416943205	0.0	0.0	0.0	-0.02401745798029701	0.0	0.0	0.0	-0.02401745798029701	0.0485384147665
300	550.0	nan	nan	1	1	5.0	5.0	5.0	1.055	0.0	0.0	0.0	0.973961175762	0.0	0.0	0.0	0.973961175761	375944136.682	-3.19995111799e-07	7.67024348797e-11	-2.9541499083e-07	0.00311400008366	3.48218865633e-23	7.08106101028e-11	3.48218865633e-23	0.00312514463039	396314557.5545988	-3.1142196396294215e-07	7.464746188359111e-11	-3.114219639627456e-07	0.003030571362112895	3.388895612017417e-23	7.46474618828815e-11	3.388895612020897e-23	0.0030414173297579074	396314557.552	0.05354076692802976	0.0	0.0	0.0	-0.026383836748020344	0.0	0.0	0.0	-0.026383836749047054	0.0532830691177
310	600.0	nan	nan	1	1	5.0	5.0	5.0	1.06	0.0	0.0	0.0	0.971669121522	0.0	0.0	0.0	0.971669121522	382042665.512	-4.23967603999e-07	3.36469308478e-09	-3.88637952198e-07	0.00243451981412	8.07251495684e-22	3.08430978663e-09	8.07251495684e-22	0.00245689107727	404645824.48360693	-4.116313144832706e-07	3.2667897835987224e-09	-4.116313144816564e-07	0.002363681993080176	7.837627006231705e-22	3.2667897835472324e-09	7.837627006231705e-22	0.0023854023140910886	404645824.481	0.058268908123975824	0.0	0.0	0.0	-0.028739942431109555	0.0	0.0	0.0	-0.028739942431109555	0.0580059003701
320	650.0	nan	nan	1	1	5.0	5.0	5.0	1.065	0.0	0.0	0.0	0.969392448053	0.0	0.0	0.0	0.969392448053	387280167.126	-6.51009225167e-07	8.75818629196e-09	-5.92566597644e-07	0.00201802966217	1.11886312579e-21	7.97194333339e-09	1.11886312579e-21	0.00201802966217	412122184.2240924	-6.305766761337724e-07	8.483302213617316e-09	-6.305766761349066e-07	0.0019546918653634815	1.0837465332819445e-21	8.483302213610341e-09	1.0837465332819445e-21	0.0019546918653634815	412122184.222	0.06297479916138839	0.0	0.0	0.0	-0.03108574593233893	0.0	0.0	0.0	-0.03108574593233893	0.0627070300625
330	700.0	nan	nan	1	1	5.0	5.0	5.0	1.07	0.0	0.0	0.0	0.967131079793	0.0	0.0	0.0	0.967131079793	391776530.902	-8.26873654131e-07	1.39130463122e-08	-7.47378700918e-07	0.00154631323619	1.20717583365e-21	1.25754574796e-08	1.20717583365e-21	0.00154631323619	418858888.82461673	-7.990427897071432e-07	1.3444761824354493e-08	-7.990427897172974e-07	0.001494267516970119	1.1665447810167198e-21	1.3444761824398456e-08	1.1665447810167198e-21	0.001494267516970119	418858888.823	0.06765864847381486	0.0	0.0	0.0	-0.03342123967189311	0.0	0.0	0.0	-0.03342123967189311	0.0673865920971
340	750.0	nan	nan	1	1	5.0	5.0	5.0	1.075	0.0	0.0	0.0	0.964884925371	0.0	0.0	0.0	0.964884925371	395631846.963	-1.04596599515e-06	1.90446713987e-08	-9.38824949925e-07	0.00129467910364	1.2047494838e-21	1.70938756662e-08	1.2047494838e-21	0.00129467910364	424952316.260702	-1.008401725232915e-06	1.8360711135918836e-08	-1.0084017252313795e-06	0.0012481826825989238	1.1614827475946397e-21	1.8360711135834037e-08	1.1614827475946397e-21	0.0012481826825989238	424952316.259	0.07232066157962608	0.0	0.0	0.0	-0.035746433074004595	0.0	0.0	0.0	-0.035746433074004595	0.0720447297691
350	800.0	nan	nan	1	1	5.0	5.0	5.0	1.08	0.0	0.0	0.0	0.962653881137	0.0	0.0	0.0	0.962653881137	398930181.604	-1.31361204738e-06	2.41923123817e-08	-1.17088308862e-06	0.00108486762943	1.20685682545e-21	2.15637253777e-08	1.20685682545e-21	0.00108489851534	430483551.9632092	-1.2634940502615384e-06	2.3269307568632676e-08	-1.2634940502524686e-06	0.0010434768757184086	1.1608118405391683e-21	2.326930756862648e-08	1.1608118405391683e-21	0.0010435065832440054	430483551.962	0.0769610411361284	0.0	0.0	0.0	-0.0380613490931103	0.0	0.0	0.0	-0.0380613490931103	0.0766815934862
360	850.0	nan	nan	1	1	5.0	5.0	5.0	1.085	0.0	0.0	0.0	0.960437834003	0.0	0.0	0.0	0.960437834003	401742545.017	-1.60092520117e-06	2.93831529236e-08	-1.41713284112e-06	0.000910208923246	1.20139534711e-21	2.60098541474e-08	1.20139534711e-21	0.000921507983115	435521207.053727	-1.5362858954678847e-06	2.8196772321350428e-08	-1.5362858954705507e-06	0.0008734581288931514	1.152887546087074e-21	2.819677232115829e-08	1.152887546087074e-21	0.0008843009754521949	435521207.053	0.08157998699242285	0.0	0.0	0.0	-0.04036602140533972	0.0	0.0	0.0	-0.04036602140533972	0.0812973389318
370	900.0	nan	nan	1	1	5.0	5.0	5.0	1.09	0.0	0.0	0.0	0.958236663625	0.0	0.0	0.0	0.958236663625	404129241.03	-1.97871783385e-06	3.45660558839e-08	-1.73952291316e-06	0.000771322842505	1.20157974971e-21	3.03875798759e-08	1.20157974971e-21	0.000771322842505	440123652.057263	-1.8944562769914296e-06	3.309409781417829e-08	-1.894456276972135e-06	0.0007384768942660879	1.1504117768599756e-21	3.3094097814045765e-08	1.1504117768599756e-21	0.0007384768942660879	440123652.057	0.08617769624105241	0.0	0.0	0.0	-0.042660492245923234	0.0	0.0	0.0	-0.042660492245923234	0.085892125658
380	950.0	nan	nan	1	1	5.0	5.0	5.0	1.095	0.0	0.0	0.0	0.956050244067	0.0	0.0	0.0	0.956050244067	406141740.364	-2.26121513426e-06	2.50553988043e-08	-1.97427879543e-06	0.00071392278767	5.22074670423e-10	2.18760001295e-08	5.22074670423e-10	0.00071392278767	444340799.47337747	-2.159966659814502e-06	2.3933514881305153e-08	-2.159966659813086e-06	0.0006819560844455765	4.986981844239075e-10	2.393351488106083e-08	4.986981844239075e-10	0.0006819560844455765	444340799.473	0.09075436326846412	0.0	0.0	0.0	-0.044944810756343795	0.0	0.0	0.0	-0.044944810756343795	0.0904661160165
390	1000.0	nan	nan	1	1	5.0	5.0	5.0	1.1	0.0	0.0	0.0	0.953878445258	0.0	0.0	0.0	0.953878445258	407824184.027	-2.65243458889e-06	3.28844143442e-08	-2.30009107437e-06	0.000588714464214	5.81043142682e-10	2.85161218432e-08	5.81043142681e-10	0.00061149757996	448215535.6475102	-2.5278946009373185e-06	3.134038962690376e-08	-2.5278946009453755e-06	0.0005610725036590128	5.537613743425638e-10	3.134038962655869e-08	5.537613743416108e-10	0.0005827858818241442	448215535.647	0.09531017980432493	0.0	0.0	0.0	-0.04721903152405972	0.0	0.0	0.0	-0.04721903152405972	0.0950194742189
400	1050.0	nan	nan	1	1	5.0	5.0	5.0	1.105	0.0	0.0	0.0	0.951721134043	0.0	0.0	0.0	0.951721134043	409214597.349	-3.09395647954e-06	1.98242580684e-08	-2.66478169175e-06	0.000527563308036	1.48463069637e-09	1.70743578013e-08	1.48463069637e-09	0.000504728991132	451784878.2171199	-2.9419968883887577e-06	1.885059015455828e-08	-2.9419968883850143e-06	0.0005016520500316643	1.4117130987493278e-09	1.885059015457602e-08	1.4117130987493278e-09	0.00047993924000208074	451784878.217	0.09984533496971612	0.0	0.0	0.0	-0.04948321352751742	0.0	0.0	0.0	-0.04948321352751742	0.0995523656648
410	1100.0	nan	nan	1	1	5.0	5.0	5.0	1.10999999999	0.0	0.0	0.0	0.949578175094	0.0	0.0	0.0	0.949578175094	410345876.386	-3.47755241967e-06	1.11105850044e-08	-2.97496205447e-06	0.000452073510417	1.99902979697e-10	9.5048369664e-09	1.99902979697e-10	0.000452073510417	455080917.3345638	-3.299286135687461e-06	1.0541034221957889e-08	-3.299286135655478e-06	0.0004288993191860803	1.8965555362052903e-10	1.0541034221862012e-08	1.8965555362052903e-10	0.0004288993191860803	455080917.334	0.10436001531523384	0.0	0.0	0.0	-0.05173741921322428	0.0	0.0	0.0	-0.05173741921322428	0.104064956352
420	1150.0	nan	nan	1	1	5.0	5.0	5.0	1.115	0.0	0.0	0.0	0.947449431601	0.0	0.0	0.0	0.947449431588	411246594.095	-3.98622622063e-06	1.55290411968e-08	-3.38721772819e-06	0.00036764256781	4.78422930107e-10	1.31954988836e-08	4.78422930107e-10	0.00039051629248	458131585.67013824	-3.7733842690073147e-06	1.4699878160629503e-08	-3.7733842689703015e-06	0.0003480125324579449	4.528778494884458e-10	1.4699878160828531e-08	4.528778494946598e-10	0.0003696649294986534	458131585.67	0.10885440491208208	0.0	0.0	0.0	-0.05398171379175548	0.0	0.0	0.0	-0.05398171380547658	0.108557412474
430	1200.0	nan	nan	1	1	5.0	5.0	5.0	1.12	0.0	0.0	0.0	0.945334765827	0.0	0.0	0.0	0.945334765827	411941662.546	-4.48063927346e-06	1.09959138189e-08	-3.78187864136e-06	0.000299182542245	-1.69057744538e-08	9.28108894209e-09	-1.69057744538e-08	0.000310629088953	460961291.4092239	-4.231909080774376e-06	1.0385506331037781e-08	-4.231909080766014e-06	0.0002825742578375589	-1.5967297535494936e-08	1.0385506331134788e-08	-1.5967297535494936e-08	0.0002933853814296812	460961291.409	0.11332868530700327	0.0	0.0	0.0	-0.05621616466757133	0.0	0.0	0.0	-0.05621616466757133	0.113029899983
440	1250.0	nan	nan	1	1	5.0	5.0	5.0	1.125	0.0	0.0	0.0	0.943234039647	0.0	0.0	0.0	0.943234039647	412452879.824	-5.0424772706e-06	2.95024121062e-08	-4.22776551626e-06	0.00025348434081	-3.61361344379e-08	2.47357149781e-08	-3.61361344379e-08	0.000253515856954	463591441.47136503	-4.75195108521375e-06	2.7802608063674784e-08	-4.751951085230019e-06	0.0002388796466014499	-3.405412340850798e-08	2.7802608063775607e-08	-3.405412340850798e-08	0.00023890934691870382	463591441.471	0.11778303565638346	0.0	0.0	0.0	-0.05844084087774461	0.0	0.0	0.0	-0.05844084087774461	0.117482584356
450	1300.0	nan	nan	1	1	5.0	5.0	5.0	1.13	0.0	0.0	0.0	0.941147114872	0.0	0.0	0.0	0.941147114872	412799384.104	-5.52487053536e-06	3.49259982746e-08	-4.60151855257e-06	0.000266140334981	2.15286850488e-08	2.90889402741e-08	2.15286850488e-08	0.000254643173584	466040876.3056737	-5.195007117628508e-06	3.284073508430281e-08	-5.195007117637214e-06	0.00025025037702973803	2.0243310923920296e-08	3.284073508387196e-08	2.0243310923920296e-08	0.00023943965578157998	466040876.305	0.12221763272424911	0.0	0.0	0.0	-0.06065581275136702	0.0	0.0	0.0	-0.06065581275136702	0.121915630317
460	1350.0	nan	nan	1	1	5.0	5.0	5.0	1.135	0.0	0.0	0.0	0.939073853544	0.0	0.0	0.0	0.939073853544	412998032.267	-6.16616557638e-06	-4.55212532494e-10	-5.10174878365e-06	0.00012867736977	-2.35795197751e-08	-3.76632763941e-10	-2.35795197751e-08	0.000117123313196	468326232.7764203	-5.785215913224562e-06	-4.270892103467653e-10	-5.785215913265747e-06	0.00012072759935556564	-2.2122761923818812e-08	-4.270892103491343e-10	-2.2122761923818812e-08	0.00010988735980535826	468326232.776	0.126632650933366	0.0	0.0	0.0	-0.06286115159515777	0.0	0.0	0.0	-0.06286115159515777	0.126329201686
470	1400.0	nan	nan	1	1	5.0	5.0	5.0	1.14000000001	0.0	0.0	0.0	0.937014118244	0.0	0.0	0.0	0.937014118244	413063717.157	-6.7779229475e-06	2.97181956708e-08	-5.57106095974e-06	0.000186252575204	-1.78867297709e-10	2.44266393967e-08	-1.78867297709e-10	0.000163062210278	470462248.40090764	-6.345204761978895e-06	2.7820917727802298e-08	-6.345204761960735e-06	0.00017436178255038405	-1.6744799815171454e-10	2.7820917728007052e-08	-1.6744799815171454e-10	0.00015265194384312075	470462248.401	0.13102826241517593	0.0	0.0	0.0	-0.06505692936096372	0.0	0.0	0.0	-0.06505692936096372	0.130723461184
480	1450.0	nan	nan	1	1	5.0	5.0	5.0	1.145	0.0	0.0	0.0	0.934967772255	0.0	0.0	0.0	0.934967772255	413009634.481	-7.51943025596e-06	1.40665486539e-08	-6.14010913107e-06	0.000107906305843	-1.0512788418e-08	1.14862617104e-08	-1.0512788418e-08	0.000142688126289	472462017.59390664	-7.023972581036197e-06	1.3139699244699105e-08	-7.02397258106955e-06	0.00010079632468981167	-9.820097412265923e-09	1.313969924485351e-08	-9.820097412265923e-09	0.00013328635981416006	472462017.594	0.13540463700620298	0.0	0.0	0.0	-0.06724321846396183	0.0	0.0	0.0	-0.06724321846396183	0.135098570313
490	1500.0	nan	nan	1	1	5.0	5.0	5.0	1.15	0.0	0.0	0.0	0.93293467976	0.0	0.0	0.0	0.93293467976	412847508.333	-8.19841724168e-06	1.71203884541e-08	-6.6509458816e-06	7.67242151967e-05	-3.30829659136e-08	1.38888731476e-08	-3.30829659136e-08	9.99836325945e-05	474337208.30221343	-7.641540855636387e-06	1.5957488376080996e-08	-7.641540855570852e-06	7.151273322142844e-05	-3.083580991330422e-08	1.595748837602846e-08	-3.083580991330422e-08	9.319225782771291e-05	474337208.302	0.13976194237515863	0.0	0.0	0.0	-0.0694200915610243	0.0	0.0	0.0	-0.0694200915610243	0.139454689291
500	1550.0	nan	nan	1	1	5.0	5.0	5.0	1.155	0.0	0.0	0.0	0.930914705938	0.0	0.0	0.0	0.930914705938	412587782.532	-8.91914845066e-06	2.23274438077e-08	-7.18871554729e-06	0.000131715571893	-3.76350282867e-08	1.79956240575e-08	-3.76350282866e-08	0.000131683640845	476098246.0242445	-8.295288925537918e-06	2.0765726501601014e-08	-8.295288925494387e-06	0.00012250258316577796	-3.5002605359244476e-08	2.0765726501421417e-08	-3.500260535915147e-08	0.0001224728855696094	476098246.024	0.14410034397375687	0.0	0.0	0.0	-0.07158762143586396	0.0	0.0	0.0	-0.07158762143586396	0.14379197694
510	1600.0	nan	nan	1	1	5.0	5.0	5.0	1.16	0.0	0.0	0.0	0.928907717111	0.0	0.0	0.0	0.928907717111	412239783.479	-9.73223985799e-06	2.76226602121e-08	-7.79340750759e-06	5.39195789186e-05	-3.85955983477e-08	2.21197433087e-08	-3.85955983477e-08	7.73113962409e-05	477754470.48286754	-9.031964954103783e-06	2.56350955807958e-08	-9.031964954046064e-06	5.003984223970909e-05	-3.5818485440728483e-08	2.5635095580733195e-08	-3.5818485440728483e-08	7.174852157259247e-05	477754470.483	0.14842000511827322	0.0	0.0	0.0	-0.07374588082792982	0.0	0.0	0.0	-0.07374588082792982	0.148110590631
520	1650.0	nan	nan	1	1	5.0	5.0	5.0	1.165	0.0	0.0	0.0	0.926913580827	0.0	0.0	0.0	0.926913580827	411811859.359	-1.0461374254e-05	3.29732897264e-08	-8.32342478126e-06	1.91127199767e-05	-3.88489738e-08	2.62346695722e-08	-3.88489738e-08	1.91127199767e-05	479314269.69331884	-9.687764399446806e-06	3.053494259818907e-08	-9.68776439946816e-06	1.7699350359831802e-05	-3.597612476112086e-08	3.053494259785882e-08	-3.597612476112086e-08	1.7699350359831802e-05	479314269.693	0.15272108701766393	0.0	0.0	0.0	-0.07589494232830486	0.0	0.0	0.0	-0.07589494232830486	0.152410686231
530	1700.0	nan	nan	1	1	5.0	5.0	5.0	1.17	0.0	0.0	0.0	0.924932165914	0.0	0.0	0.0	0.924932165914	411311499.543	-1.12655615386e-05	-2.69378167698e-08	-8.90588054197e-06	5.96136959134e-05	-3.88854020032e-08	-2.12954300939e-08	-3.88854020032e-08	3.61859954707e-05	480785195.0744596	-1.0410152690723667e-05	-2.489239304827444e-08	-1.0410152690693841e-05	5.508714987624003e-05	-3.5932782481057736e-08	-2.489239304825188e-08	-3.5932782481057736e-08	3.343834542335967e-05	480785195.074	0.1570037488096647	0.0	0.0	0.0	-0.07803487830581896	0.0	0.0	0.0	-0.07803487830581896	0.156692418077
540	1750.0	nan	nan	1	1	5.0	5.0	5.0	1.175	0.0	0.0	0.0	0.922963342548	0.0	0.0	0.0	0.922963342548	410745437.254	-1.21028776004e-05	-3.03486110845e-08	-9.50681903365e-06	8.40230363056e-05	-3.7842329524e-08	-2.38388557688e-08	-3.7842329524e-08	7.22681845423e-05	482174060.4663797	-1.1160054670867786e-05	-2.7984432303663912e-08	-1.1160054670892011e-05	7.747758093098569e-05	-3.489438465005019e-08	-2.798443230376441e-08	-3.489438465005019e-08	6.663844063248023e-05	482174060.466	0.16126814759612232	0.0	0.0	0.0	-0.08016576081726393	0.0	0.0	0.0	-0.08016576081726393	0.160955938942
550	1800.0	nan	nan	1	1	5.0	5.0	5.0	1.18	0.0	0.0	0.0	0.921006982325	0.0	0.0	0.0	0.921006982325	410119738.25	-1.28687742377e-05	-2.88082199105e-08	-1.00442634973e-05	0.000177793345133	-3.72201531269e-08	-2.24852302422e-08	-3.72201531269e-08	0.000177825618386	483487027.7264946	-1.1841105538501142e-05	-2.6507666234227762e-08	-1.1841105538429427e-05	0.0001635952053300828	-3.424784312740932e-08	-2.650766623409929e-08	-3.424784312740932e-08	0.00016362490132037567	483487027.726	0.16551443847757333	0.0	0.0	0.0	-0.08228766151235378	0.0	0.0	0.0	-0.08228766151235378	0.165201399993
560	1850.0	nan	nan	1	1	5.0	5.0	5.0	1.185	0.0	0.0	0.0	0.919062958215	0.0	0.0	0.0	0.919062958215	409439877.552	-1.37736416753e-05	-2.33405042652e-08	-1.06825686612e-05	8.53163470832e-05	-3.7168523513e-08	-1.81024412627e-08	-3.71685235129e-08	8.53163470834e-05	484729680.94622594	-1.2646931534314925e-05	-2.143120653034852e-08	-1.2646931534342272e-05	7.83373072826492e-05	-3.412806744809172e-08	-2.1431206530443393e-08	-3.41280674479999e-08	7.833730728283284e-05	484729680.946	0.16974277458709455	0.0	0.0	0.0	-0.08440065166611316	0.0	0.0	0.0	-0.08440065166611316	0.169428950835
570	1900.0	nan	nan	1	1	5.0	5.0	5.0	1.19	0.0	0.0	0.0	0.917131144691	0.0	0.0	0.0	0.917131144691	408710806.109	-1.46781783243e-05	-1.76938238784e-08	-1.131244915e-05	3.45806321127e-05	-3.72228071468e-08	-1.3636602477e-08	-3.72228071468e-08	2.27512687376e-05	485907090.8143825	-1.3449116525228597e-05	-1.621225017572624e-08	-1.3449116525184754e-05	3.168505931215028e-05	-3.410599460320285e-08	-1.621225017579823e-08	-3.410599460320285e-08	2.084621521747081e-05	485907090.814	0.17395330712343798	0.0	0.0	0.0	-0.08650480202112522	0.0	0.0	0.0	-0.08650480202112522	0.17363873943
580	1950.0	nan	nan	1	1	5.0	5.0	5.0	1.195	0.0	0.0	0.0	0.915211417654	0.0	0.0	0.0	0.915211417654	407937008.817	-1.56312023246e-05	-1.20568792828e-08	-1.19714266437e-05	3.31265388028e-05	-3.72964437776e-08	-9.23396952379e-09	-3.72964437776e-08	2.130491123e-05	487023870.8654949	-1.4292330476877116e-05	-1.1024161779186771e-08	-1.4292330476964867e-05	3.0289124936960114e-05	-3.4101861713018745e-08	-1.1024161779221258e-08	-3.4101861713018745e-08	1.9480064665306065e-05	487023870.865	0.17814618538347404	0.0	0.0	0.0	-0.08860018285094397	0.0	0.0	0.0	-0.08860018285094397	0.177830912156
590	2000.0	nan	nan	1	1	5.0	5.0	5.0	1.2	0.0	0.0	0.0	0.913303654519	0.0	0.0	0.0	0.913303654519	407122555.218	-1.65298738083e-05	-6.46356466395e-09	-1.25806617981e-05	3.22517496639e-05	-3.73734826577e-08	-4.91933102398e-09	-3.73734826577e-08	3.22192050124e-05	488084226.51790506	-1.508249175626553e-05	-5.89760465752406e-09	-1.5082491756127371e-05	2.9427735146209114e-05	-3.41010010496665e-08	-5.897604657494682e-09	-3.41010010496665e-08	2.9398040156177617e-05	488084226.518	0.1823215567939546	0.0	0.0	0.0	-0.09068686384829629	0.0	0.0	0.0	-0.09068686384829629	0.182005613762
600	2050.0	nan	nan	1	1	5.0	5.0	5.0	1.205	0.0	0.0	0.0	0.911407734173	0.0	0.0	0.0	0.911407734173	406271144.309	-1.75252553819e-05	-8.7029283772e-10	-1.32553139406e-05	0.619853767139	-3.74510156642e-08	-6.58250309783e-10	-3.74510156642e-08	0.619853767139	489091998.672755	-1.595749065385522e-05	-7.924386561794231e-10	-1.5957490653857567e-05	0.5644032272473039	-3.410074315128557e-08	-7.924386561745671e-10	-3.410074315128557e-08	0.5644032272473039	489091998.108	0.18647956694261839	0.0	0.0	0.0	-0.0927649141525919	0.0	0.0	0.0	-0.0927649141525919	0.186162987397
610	2100.0	nan	nan	1	1	5.0	5.0	5.0	1.21	0.0	0.0	0.0	0.909523537464	0.0	0.0	0.0	0.909523537464	405386602.53	-1.85035074421e-05	4.70298656982e-09	-1.390857483e-05	0.000335161601483	-3.75285707458e-08	3.53510494347e-09	-3.75285707458e-08	0.000359017682711	490051255.9075305	-1.6813369067352725e-05	4.2734086585809335e-09	-1.6813369067422416e-05	0.00030454743353777497	-3.4100654294534165e-08	4.273408658551292e-09	-3.4100654294534165e-08	0.00032622446420032413	490051255.907	0.1906203596086497	0.0	0.0	0.0	-0.09483440179423427	0.0	0.0	0.0	-0.09483440179423427	0.190303174269
620	2150.0	nan	nan	1	1	5.0	5.0	5.0	1.215	0.0	0.0	0.0	0.907650945309	0.0	0.0	0.0	0.907650945309	404471078.324	-1.95369266231e-05	1.03738992678e-08	-1.45948229777e-05	0.000359167154869	-3.76061647204e-08	7.74969504284e-09	-3.76061647204e-08	0.000323276636839	490964108.15226823	-1.7715813641291395e-05	9.406907734636955e-09	-1.7715813641307594e-05	0.0003256877862359713	-3.410074771753435e-08	9.406907734728457e-09	-3.410074771753435e-08	0.0002931427631023378	490964108.152	0.19474407679251185	0.0	0.0	0.0	-0.0968953957555765	0.0	0.0	0.0	-0.0968953957555765	0.194426315032
630	2200.0	nan	nan	1	1	5.0	5.0	5.0	1.22	0.0	0.0	0.0	0.90578984155	0.0	0.0	0.0	0.90578984155	403527831.771	-2.05217395202e-05	1.60988671889e-08	-1.52363796627e-05	0.000383988869321	-3.76836989425e-08	1.19526150493e-08	-3.76836989425e-08	0.000395998775848	491834061.8061817	-1.8570640998349634e-05	1.4568271990339461e-08	-1.8570640998511147e-05	0.00034748123727539574	-3.410093203172257e-08	1.456827199031726e-08	-3.410093203172257e-08	0.0003583493053705549	491834061.806	0.19885085874516517	0.0	0.0	0.0	-0.09894796281582331	0.0	0.0	0.0	-0.09894796281582331	0.198532547707
640	2250.0	nan	nan	1	1	5.0	5.0	5.0	1.225	0.0	0.0	0.0	0.903940111019	0.0	0.0	0.0	0.903940111019	402559423.109	-2.15820007438e-05	2.18661839495e-08	-1.59255805291e-05	0.000352878370255	-3.7761121882e-08	1.61352822423e-08	-3.7761121882e-08	0.000364912798461	492663832.6047034	-1.94901847767289e-05	1.9746823781392415e-08	-1.9490184776513888e-05	0.00031867595231904966	-3.410115918322299e-08	1.9746823781337063e-08	-3.410115918322299e-08	0.00032954395441957783	492663832.604	0.20294084399669038	0.0	0.0	0.0	-0.1009921696573017	0.0	0.0	0.0	-0.1009921696573017	0.202622009103
650	2300.0	nan	nan	1	1	5.0	5.0	5.0	1.23	0.0	0.0	0.0	0.902101640006	0.0	0.0	0.0	0.902101640005	401568195.308	-2.26675050413e-05	2.76357125507e-08	-1.66247101404e-05	0.000385654242095	-3.78384120859e-08	2.02684728573e-08	-3.78384120858e-08	0.000373628287516	493455920.6178134	-2.042881319574325e-05	2.4906349781338945e-08	-2.0428813195834162e-05	0.000347566194671633	-3.410140863395242e-08	2.4906349781124917e-08	-3.41014086339001e-08	0.00033672794938809927	493455920.617	0.20701416938432612	0.0	0.0	0.0	-0.10302808233427709	0.0	0.0	0.0	-0.10302808233538559	0.206694834479
660	2350.0	nan	nan	1	1	5.0	5.0	5.0	1.23499999999	0.0	0.0	0.0	0.900274316277	0.0	0.0	0.0	0.900274316264	400556295.077	-2.37584184284e-05	3.33894233592e-08	-1.73191043776e-05	0.000389505788433	-3.79155607413e-08	2.43397897046e-08	-3.79155607412e-08	0.000365339129918	494212630.70314664	-2.1368582247211714e-05	3.003081376725226e-08	-2.1368582246924112e-05	0.00035032578035355897	-3.410167139616641e-08	3.003081376703706e-08	-3.4101671396568896e-08	0.0003285900224878968	494212630.703	0.21107097007184344	0.0	0.0	0.0	-0.10505576623531565	0.0	0.0	0.0	-0.10505576624975575	0.210751157543
670	2400.0	nan	nan	1	1	5.0	5.0	5.0	1.24	0.0	0.0	0.0	0.898458029029	0.0	0.0	0.0	0.898458029029	399525691.531	-2.48304388799e-05	-2.75729197538e-08	-1.79912154644e-05	0.000353604646777	-3.07666879554e-08	-1.99783154328e-08	-3.07666879554e-08	0.000341530019024	494936090.72346	-2.2287682715053102e-05	-2.4749320379422527e-08	-2.22876827149492e-05	0.0003173938331115773	-2.7616031382275863e-08	-2.4749320379520505e-08	-2.7616031382275863e-08	0.00030655570521690345	494936090.723	0.2151113796169455	0.0	0.0	0.0	-0.10707528611557413	0.0	0.0	0.0	-0.10707528611557413	0.214791110488
680	2450.0	nan	nan	1	1	5.0	5.0	5.0	1.245	0.0	0.0	0.0	0.896652668924	0.0	0.0	0.0	0.896652668924	398478192.84	-2.59986948823e-05	3.44947057683e-08	-1.87243366705e-05	0.000345895775549	-3.45024869964e-08	2.48431887477e-08	-3.45024869961e-08	0.000333796881629	495628267.8227204	-2.328938124312541e-05	3.0900026218404766e-08	-2.3289381243142863e-05	0.00030985011453907806	-3.09069965678235e-08	3.0900026218396984e-08	-3.090699656755476e-08	0.00029901204153585026	495628267.822	0.219135529916671	0.0	0.0	0.0	-0.10908670604164032	0.0	0.0	0.0	-0.10908670604164032	0.218814823972
690	2500.0	nan	nan	1	1	5.0	5.0	5.0	1.25	0.0	0.0	0.0	0.894858128013	0.0	0.0	0.0	0.894858128013	397415461.067	-2.71553214894e-05	3.55832277964e-08	-1.9440128123e-05	0.000357083813139	-3.38041299204e-08	2.54735524914e-08	-3.38041299204e-08	0.000344960699774	496290982.92578226	-2.4276761322778528e-05	3.1811279739201794e-08	-2.42767613229327e-05	0.00031923166540992736	-3.0220772533372044e-08	3.181127973890543e-08	-3.0220772533372044e-08	0.0003083936449590932	496290982.925	0.22314355131420976	0.0	0.0	0.0	-0.1110900894588924	0.0	0.0	0.0	-0.1110900894588924	0.222822427182
700	2550.0	nan	nan	1	1	5.0	5.0	5.0	1.255	0.0	0.0	0.0	0.893074299754	0.0	0.0	0.0	0.893074299754	396339025.473	-2.83013437778e-05	-2.68820004869e-08	-2.01396038059e-05	0.0003724058446	9.31630546922e-09	-1.91295806859e-08	9.31630546922e-09	0.000348111272074	496925923.76110953	-2.525083472036685e-05	-2.3984477789354604e-08	-2.5250834720315438e-05	0.0003322654395749758	8.31213144699699e-09	-2.3984477789334212e-08	8.31213144699699e-09	0.0003105894993697197	496925923.761	0.22713557258374711	0.0	0.0	0.0	-0.11308549915467266	0.0	0.0	0.0	-0.11308549915467266	0.226814047826
