inc	time	elem	node	ip	grain	1_pos	2_pos	3_pos	1_f	2_f	3_f	4_f	5_f	6_f	7_f	8_f	9_f	1_p	2_p	3_p	4_p	5_p	6_p	7_p	8_p	9_p	1_Cauchy	2_Cauchy	3_Cauchy	4_Cauchy	5_Cauchy	6_Cauchy	7_Cauchy	8_Cauchy	9_Cauchy	Mises(Cauchy)	1_ln(V)	2_ln(V)	3_ln(V)	4_ln(V)	5_ln(V)	6_ln(V)	7_ln(V)	8_ln(V)	9_ln(V)	Mises(ln(V))
0	0.0	nan	nan	1	1	5.0	5.0	5.0	1.0	0.0	0.0	0.0	1.0	0.0	0.0	0.0	1.0	5.35391165775e-06	2.27313949772e-07	4.73551296614e-08	2.27313949772e-07	5.34948210112e-06	-8.01032449114e-07	4.73551296614e-08	-8.01032449114e-07	5.88909885775e-06	5.35391165775e-06	2.27313949772e-07	4.73551296614e-08	2.27313949772e-07	5.34948210112e-06	-8.01032449114e-07	4.73551296614e-08	-8.01032449114e-07	5.88909885775e-06	1.54127122072e-06	0.0	0.0	0.0	0.0	0.0	0.0	0.0	0.0	0.0	0.0
10	2.5	nan	nan	1	1	5.0	5.0	5.0	1.00025	8.41216833572e-22	-3.62787457993e-20	-5.0253807152e-22	0.999936072957	1.24983035599e-19	-3.49277013651e-22	2.47065924273e-21	0.999922253294	58525337.9584	-976547.363328	-939505.36083	-976240.87518	23.3891545195	-293315.282246	-939197.517638	-293311.228646	24.2138808569	58533630.34633475	-976379.197772557	-939330.5918213358	-976379.1976286547	23.385126808905664	-293260.71904365823	-939330.5914558588	-293260.719221127	24.20937653352974	58582830.8985	0.0002499687552074404	0.0	0.0	0.0	-6.392908641956824e-05	0.0	0.0	0.0	-7.77497284311637e-05	0.000214020907412
20	5.0	nan	nan	1	1	5.0	5.0	5.0	1.0005	4.81625911659e-21	-3.06493681406e-21	1.03020175415e-21	0.999872119617	-1.3220631275e-19	4.03974331656e-22	-4.24819283092e-21	0.99984447533	117095272.842	-1954100.85081	-1879814.41177	-1952874.5185	-479.580217351	-586636.426454	-1878582.77763	-586620.20656	-346.830220388	117128465.31140353	-1953428.094925499	-1879115.2762640882	-1953428.0910408122	-479.4151079539187	-586418.246216511	-1879115.2910257594	-586418.2455426006	-346.7012282278813	117227329.04	0.0004998750416509929	0.0	0.0	0.0	-0.00012788856039360497	0.0	0.0	0.0	-0.000155536765215371	0.000428022896548
30	7.5	nan	nan	1	1	5.0	5.0	5.0	1.00075	5.56708061885e-21	1.37859161659e-19	4.08151593749e-21	0.999807623351	1.94694017764e-20	3.37520709195e-21	1.2259075172e-20	0.999759094826	170957538.339	-2920466.0116	-2857829.61251	-2917716.02031	311.109010051	-1098012.38682	-2855000.01301	-1097959.16633	-1888.26662294	171031635.3113576	-2918980.5011278098	-2856237.319989399	-2918980.62627827	310.95076280874895	-1097400.6089507362	-2856237.436402383	-1097400.6835970588	-1887.2145403359686	171189188.781	0.0007497188905459742	0.0	0.0	0.0	-0.00019239515576060555	0.0	0.0	0.0	-0.00024093419631215744	0.000644864921809
40	10.0	nan	nan	1	1	5.0	5.0	5.0	1.001	1.11617683906e-21	-4.5125721624e-19	3.48274057158e-21	0.999732904004	7.83157439967e-19	1.05630964223e-21	-3.5435383466e-21	0.999626910043	193468627.682	-3163093.5032	-3477424.76766	-3159089.47199	1764.06387681	-2038616.90586	-3472654.57383	-2038400.66614	1549.53557965	193592543.61737105	-3161112.9491246315	-3474878.943095443	-3161112.857029387	1762.959317650779	-2037124.433313958	-3474878.7961491044	-2037124.3324677662	1548.4011638089976	193793920.889	0.0009995003330834232	0.0	0.0	0.0	-0.00026713167248843434	0.0	0.0	0.0	-0.00037315957237354924	0.00088189112066
50	12.5	nan	nan	1	1	5.0	5.0	5.0	1.00125	-2.85544815405e-20	2.52411268788e-19	1.11741760998e-21	0.99964842664	5.57724873653e-19	1.60307602713e-21	-5.40831364002e-21	0.999481806679	203879608.361	-2916539.51243	-3892109.58427	-2911874.08698	-1621.92184765	-2545005.55219	-3885235.58965	-2544581.26717	-1945.33914718	204057053.21118674	-2914408.6165229427	-3888617.655493499	-2914408.411355451	-1620.7368314306104	-2542722.2202509497	-3888617.0707735308	-2542722.133157147	-1943.593824855175	204279832.508	0.0012492194004318981	0.0	0.0	0.0	-0.0003516351764028461	0.0	0.0	0.0	-0.0005183276295595055	0.00112691755129
60	15.0	nan	nan	1	1	5.0	5.0	5.0	1.0015	-7.50914560076e-21	-3.83609972155e-19	-1.5683344414e-21	0.999559802086	-6.81950030865e-19	-3.8414267647e-21	-1.0777336201e-20	0.999334879125	211109087.311	-2589452.11715	-4155344.0405	-2584435.41675	2942.02972172	-2817964.84801	-4146360.63087	-2817330.79235	4329.71305747	211342626.40897325	-2587294.620176882	-4150947.598434014	-2587294.4443915184	2939.5784617884533	-2814983.381474976	-4150947.535839082	-2814983.4299035156	4325.132129288366	211564921.903	0.0014988761237359487	0.0	0.0	0.0	-0.00044029482954387563	0.0	0.0	0.0	-0.0006653421660183962	0.00137395383194
70	17.5	nan	nan	1	1	5.0	5.0	5.0	1.00175	-4.28090782415e-20	2.83354027552e-19	-2.77725890665e-21	0.999468865622	-4.94774774676e-19	-3.84556266776e-21	2.54198806092e-20	0.99918768025	216976582.892	-2295678.45449	-4297450.31942	-2290450.52442	-2905.4364583	-2960495.7491	-4286457.73549	-2959662.62994	-4682.19168032	217268379.25234285	-2293531.1160508087	-4292222.666327323	-2293530.7882791823	-2902.718762632588	-2956894.4405080886	-4292222.2873568805	-2956894.2120372755	-4676.496006839489	217495920.444	0.001748470534116803	0.0	0.0	0.0	-0.0005312754798284334	0.0	0.0	0.0	-0.0008126498604701313	0.0016217789345
80	20.0	nan	nan	1	1	5.0	5.0	5.0	1.002	8.02199758054e-21	1.00668294138e-18	-6.48096009935e-22	0.999376208099	1.62906604197e-19	-3.86624218307e-21	-2.55013578996e-20	0.99904088217	222109032.475	-2060098.15239	-4386362.01223	-2054703.16292	-4438.9158382	-3040971.13722	-4373408.30071	-3039950.31957	-7740.47333692	222461035.11605543	-2057960.0061652802	-4380339.218761031	-2057959.495775415	-4434.308751333637	-3036795.6630905266	-4380339.361797923	-3036795.1988823847	-7729.8451051118755	222687117.57	0.001998002662673058	0.0	0.0	0.0	-0.0006239865401147695	0.0	0.0	0.0	-0.0009595780778171709	0.00186992173908
90	22.5	nan	nan	1	1	5.0	5.0	5.0	1.00225	-3.08401883681e-20	6.83861231671e-19	-8.67877898691e-21	0.99928212389	3.46888364196e-18	-7.32882022722e-22	2.10151438474e-20	0.998894724091	226769942.41	-1884134.80976	-4451524.79674	-1878555.3706	1412.60094512	-3093834.48173	-4436622.23786	-3092635.62404	419.893128459	227183953.03328365	-1881985.136289458	-4444722.11101889	-1881985.0221296055	1410.9892606691437	-3089106.5773346885	-4444722.115288419	-3089107.1308978884	419.2514604643721	227399764.131	0.00224747254047937	0.0	0.0	0.0	-0.0007181339064388233	0.0	0.0	0.0	-0.0011058871768716788	0.00211818557527
100	25.0	nan	nan	1	1	5.0	5.0	5.0	1.0025	-2.31155622178e-20	-6.0667245922e-19	6.0756415992e-21	0.999186901171	-1.23966745989e-18	1.67007765674e-21	4.78931370814e-20	0.998749107475	231094596.226	-1755719.39788	-4498310.61612	-1749916.8254	1080.11835268	-3132120.92168	-4481479.97879	-3130748.99737	83.6125420905	231572323.96846023	-1753534.5285008643	-4490744.302844207	-1753534.321560204	1078.7742213128488	-3126852.586490746	-4490744.268600802	-3126853.000306703	83.47190291698988	231785523.086	0.002496880198587146	0.0	0.0	0.0	-0.0008134295731501821	0.0	0.0	0.0	-0.0012516755441042623	0.00236652020542
110	27.5	nan	nan	1	1	5.0	5.0	5.0	1.00275	4.82246297118e-21	1.13121415542e-18	-4.79040972245e-21	0.999090809836	7.2516641284e-18	-3.35752610635e-21	1.90807819849e-20	0.998603975027	235176192.957	-1664734.37734	-4534186.21951	-1658659.66156	680.891579233	-3164332.59334	-4515438.30514	-3162791.01057	-368.138866626	235719277.41617712	-1662489.790094047	-4525866.276253284	-1662489.9484352618	679.9735225295016	-3158526.2443398894	-4525865.654690399	-3158526.5702721532	-367.46335522601805	235930445.163	0.0027462256680252286	0.0	0.0	0.0	-0.0009096037280680097	0.0	0.0	0.0	-0.0013970003237104437	0.00261487053571
120	30.0	nan	nan	1	1	5.0	5.0	5.0	1.003	-2.95485458416e-20	4.9033695069e-19	5.25197650425e-21	0.998993968375	-6.03304014329e-18	5.86801926545e-21	2.11055133293e-20	0.998459321203	239070980.911	-1603609.67789	-4561747.15986	-1597205.20392	624.531050525	-3195580.2761	-4541095.126	-3193870.05142	-395.745311912	239681007.5320842	-1601280.2967767715	-4552682.994377025	-1601280.7202792529	623.6238654077333	-3189230.6763914553	-4552682.433272425	-3189230.6802073787	-394.95896824353775	239890219.059	0.002995508979798371	0.0	0.0	0.0	-0.001006538014472747	0.0	0.0	0.0	-0.0015418668630200207	0.00286320475689
130	32.5	nan	nan	1	1	5.0	5.0	5.0	1.00325	-6.65053212493e-21	-4.84059477021e-19	-1.9504918844e-21	0.998896484791	-2.63054684448e-18	-1.07475576989e-20	1.33368398113e-20	0.998315108841	242815201.508	-1562243.25423	-4586048.7843	-1555464.36272	526.454127751	-3224780.62983	-4563489.82128	-3222903.71473	-341.521898312	243493708.1858866	-1559810.5223517988	-4576242.3620174015	-1559810.8490633823	525.6343311312933	-3217885.029256993	-4576241.734253224	-3217884.995279	-340.791616513632	243701313.645	0.0032447301648890294	0.0	0.0	0.0	-0.0011041245302129607	0.0	0.0	0.0	-0.0016863121845153203	0.00311150761156
140	35.0	nan	nan	1	1	5.0	5.0	5.0	1.0035	-2.96511162376e-20	-1.81754741635e-18	5.66660078629e-21	0.998798444696	-3.04990756271e-18	-3.82157442999e-22	-2.37696552872e-20	0.998171301936	246433856.723	-1535639.35458	-4609079.00105	-1528444.86951	418.963905356	-3253652.9213	-4584603.8282	-3251610.0022	-267.104201765	247182338.70811182	-1533086.9158851872	-4598528.875600137	-1533087.1433650523	418.26753111907004	-3246205.349565558	-4598528.4302003635	-3246205.3900003303	-266.49280351468485	247388712.488	0.003493889254255838	0.0	0.0	0.0	-0.0012022777503382116	0.0	0.0	0.0	-0.0018303721735763623	0.00335977006129
150	37.5	nan	nan	1	1	5.0	5.0	5.0	1.00375	6.10790164309e-21	1.45317849242e-18	-4.03043753466e-21	0.99869995099	4.78735742599e-19	-9.08244312583e-21	1.5844024248e-20	0.998027833956	249945858.753	-1519489.13664	-4630544.56708	-1511844.6451	356.654049066	-3282496.82415	-4604146.4743	-3280287.82514	-227.540838033	250765775.35664067	-1516803.7291737252	-4619250.150294672	-1516804.0652433347	356.02373100505014	-3274490.446780902	-4619249.809713141	-3274490.5415630736	-226.98584044617223	250971159.876	0.003742986278834297	0.0	0.0	0.0	-0.0013008948068450445	0.0	0.0	0.0	-0.0019741133241135446	0.00360799074428
160	40.0	nan	nan	1	1	5.0	5.0	5.0	1.004	2.26002286962e-20	2.06565858672e-18	9.55434966529e-21	0.998601063949	-3.63957318854e-18	1.02454590671e-20	8.0720420076e-21	0.997884671905	253365015.056	-1511233.41767	-4649791.64878	-1503107.18161	322.477262462	-3311355.14256	-4621469.64858	-3308979.60334	-194.771844788	254257791.6953187	-1508403.335354265	-4637754.504422124	-1508403.6467823405	321.8733602540213	-3302782.874621575	-4637754.21786302	-3302782.8871020954	-194.26762933284562	254462314.415	0.003992021269537457	0.0	0.0	0.0	-0.0013999154755784716	0.0	0.0	0.0	-0.0021175685615798597	0.00385616665499
170	42.5	nan	nan	1	1	5.0	5.0	5.0	1.00425	5.04844871453e-20	1.2363049707e-18	-2.04541085969e-21	0.998501829621	1.81070001524e-18	-1.36666780806e-20	-5.8790207676e-20	0.997741787494	256700910.627	-1509416.25843	-4667569.17131	-1500776.92033	287.4425532	-3340480.0873	-4637319.96849	-3337937.39733	-168.215943109	257667938.32168344	-1506430.2273607692	-4654789.621438909	-1506430.5537431268	286.87391456921165	-3331334.034975497	-4654789.391670794	-3331334.059967024	-167.7553770294893	257871747.773	0.004240994257254614	0.0	0.0	0.0	-0.0014992937583911754	0.0	0.0	0.0	-0.002260766112976262	0.00410429678809
180	45.0	nan	nan	1	1	5.0	5.0	5.0	1.0045	-4.20869495667e-20	6.93889555827e-19	4.39191546235e-21	0.998402292909	-7.10082608934e-18	-3.48292668722e-20	1.30286736741e-19	0.997599151035	259961349.464	-1512039.81508	-4684823.50455	-1502861.46751	264.00768235	-3369602.27	-4652638.94316	-3366891.68324	-153.898353299	261003987.36528316	-1508888.7315003434	-4671299.609974457	-1508889.0571098954	263.45749163119535	-3359875.084799377	-4671299.477555312	-3359875.0974386674	-153.4540878739861	261207221.084	0.004489905272852001	0.0	0.0	0.0	-0.0015989847860778128	0.0	0.0	0.0	-0.002403735624090525	0.00435238097998
190	47.5	nan	nan	1	1	5.0	5.0	5.0	1.00475	7.82190259036e-20	3.08942363493e-18	2.11179210385e-21	0.998302483905	6.26773444413e-18	1.12331127185e-21	-5.49682196557e-20	0.99745674655	263153030.147	-1518805.59446	-4702310.22539	-1509059.68947	233.223729357	-3399185.48191	-4668177.07701	-3396305.85391	-141.473432715	264272608.45519802	-1515479.6227126832	-4688037.86585218	-1515479.9480289188	232.71300202131792	-3388868.340971147	-4688037.725360992	-3388868.419286007	-141.04403533371783	264475450.227	0.00473875434717347	0.0	0.0	0.0	-0.0016989585080235236	0.0	0.0	0.0	-0.002546493012907245	0.00460041762936
200	50.0	nan	nan	1	1	5.0	5.0	5.0	1.005	-4.10968143735e-20	-1.19952107604e-18	8.08320894587e-21	0.998202429485	9.14688049555e-18	-1.45335633626e-20	-2.41520195253e-20	0.997314558859	266281415.86	-1528856.7555	-4719636.64011	-1518516.24339	223.956103558	-3428924.67651	-4683544.44174	-3425874.89335	-132.715253234	267479237.2036742	-1525346.7318530828	-4704612.733940995	-1525347.0286371566	223.44193425039154	-3418009.462791499	-4704612.564268356	-3418009.603260671	-132.2927839500643	267681800.861	0.004987541511038968	0.0	0.0	0.0	-0.0017991880836310413	0.0	0.0	0.0	-0.0026890534065278377	0.00484840565805
210	100.0	nan	nan	1	1	5.0	5.0	5.0	1.01	-1.65828206121e-19	1.27568455812e-18	2.41247225651e-20	0.996173783305	-1.21482524086e-17	-3.12310312076e-20	-4.67274328031e-20	0.994498706136	318651631.462	-1872464.96788	-5093466.0063	-1846834.6574	2918.09757752	-4100967.79692	-5015291.05965	-4094070.81057	505.994250757	321645008.3217802	-1864181.1189231942	-5062405.510282283	-1864183.6102421272	2905.187814193068	-4075959.660266596	-5062404.128345551	-4075958.501504145	502.90864414036906	321856435.186	0.009950330853168092	0.0	0.0	0.0	-0.003833555387699047	0.0	0.0	0.0	-0.00551648170856478	0.00979852655275
220	150.0	nan	nan	1	1	5.0	5.0	5.0	1.015	-5.82864546829e-20	1.77446785005e-18	-5.68107644701e-21	0.994132784579	-1.92353307562e-17	2.68205041814e-20	1.55056660184e-19	0.991708179729	358158403.639	-2186284.8154	-5445113.188	-2141335.13224	141.403716265	-4740095.16637	-5320158.52969	-4728534.11513	820.357381308	363284487.9173018	-2171984.895974958	-5396304.817818893	-2171982.6453080294	140.47883139430587	-4697606.367407339	-5396302.4389771465	-4697606.005320779	813.0039424784949	363514770.136	0.014888612493750559	0.0	0.0	0.0	-0.005884495151817265	0.0	0.0	0.0	-0.008326388635105065	0.0147303248999
230	200.0	nan	nan	1	1	5.0	5.0	5.0	1.02	2.56588117291e-19	-3.11483131463e-19	3.8525109849e-20	0.992095567421	-9.47835161933e-18	1.11057269041e-19	-5.65933814052e-19	0.988934180026	388852132.525	-2399553.7731	-5724018.78937	-2333908.61771	-1900.03334639	-5237715.95279	-5549681.92103	-5221026.28022	-2178.42837188	396336060.5597341	-2378827.3745941287	-5656494.506291801	-2378827.5024829013	-1883.6216081937914	-5175928.417197665	-5656492.239499794	-5175929.11569442	-2152.730200811521	396581905.265	0.01980262729617973	0.0	0.0	0.0	-0.007935838211475862	0.0	0.0	0.0	-0.011127501620622524	0.0196428220356
240	250.0	nan	nan	1	1	5.0	5.0	5.0	1.025	-5.03124335779e-20	2.85045777341e-18	-8.69093595697e-20	0.990068015485	-2.40609237788e-17	-1.61399481121e-19	-2.22002041519e-19	0.986174763721	413180734.941	-2549816.72025	-5905730.14578	-2462922.00672	5810.72608649	-5632210.14795	-5682050.96835	-5610055.37921	6305.34227	423176116.1955253	-2522500.230233394	-5819487.001890459	-2522503.304625485	5748.475086302455	-5549961.298406329	-5819507.197388397	-5549954.188194291	6213.263470725202	423421844.276	0.024692612590371414	0.0	0.0	0.0	-0.009981635703309559	0.0	0.0	0.0	-0.013921694932423703	0.0245352005944
250	300.0	nan	nan	1	1	5.0	5.0	5.0	1.03	-2.28844479546e-19	-3.7659680405e-18	2.94000669217e-20	0.988052013709	3.49756579882e-17	-2.41708792433e-19	-4.54168478406e-19	0.983430495738	432749657.895	-2663106.9402	-5991447.69539	-2554650.01782	7085.08596252	-5957505.57331	-5720587.07447	-5929630.6498	7557.55597634	445362097.9986517	-2629103.6629899275	-5887280.65868866	-2629105.0052422327	6994.621648674902	-5853928.652796964	-5887312.941303575	-5853919.505161044	7426.160652407597	445610254.098	0.02955880224154443	0.0	0.0	0.0	-0.012019937165539347	0.0	0.0	0.0	-0.016708313972606643	0.0294067962309
260	350.0	nan	nan	1	1	5.0	5.0	5.0	1.035	2.52243764714e-19	-2.35156198492e-17	2.84881002963e-20	0.986048026355	1.96159860392e-17	6.6723696931e-20	6.9078845571e-19	0.980702556137	448671117.812	-2732839.67121	-6018215.18495	-2603586.76916	6757.3045061	-6212042.78453	-5702525.06085	-6178348.62891	7124.95217709	463973031.95815414	-2692380.8718334707	-5896975.1030098535	-2692382.0127852936	6657.264818364604	-6086897.9445622405	-5897009.495959065	-6086880.193974464	6981.416301548319	464221786.88	0.03440142671733232	0.0	0.0	0.0	-0.014050217294919868	0.0	0.0	0.0	-0.019486070145941795	0.0342571083358
270	400.0	nan	nan	1	1	5.0	5.0	5.0	1.04	-1.9175370088e-19	1.10901097342e-17	8.12026663731e-20	0.984055794211	5.79072750901e-17	4.00355416476e-22	-7.6356049728e-19	0.977992283841	461762786.225	-2789828.96657	-5990263.29192	-2639770.55973	6165.95760493	-6409153.46248	-5633156.77548	-6369640.4547	7712.39817314	479803905.5405084	-2742892.6554877344	-5853193.064668905	-2742906.665657881	6062.2210290559915	-6262498.118836883	-5853244.787206175	-6262477.101875701	7535.9217615490215	480050279.285	0.03922071315328133	0.0	0.0	0.0	-0.0160726821034061	0.0	0.0	0.0	-0.022253498711572648	0.0390857768315
280	450.0	nan	nan	1	1	5.0	5.0	5.0	1.045	-2.77482699565e-19	-1.26311141281e-17	6.39443700728e-20	0.982075023632	-2.13606621523e-17	3.03886304717e-19	3.2965463516e-19	0.975300658806	472614785.986	-2845198.69305	-5921392.20716	-2673872.89939	10407.1735487	-6572280.8981	-5526498.56799	-6526927.39898	11018.1976073	493428375.70117325	-2791629.586819586	-5769828.0575697925	-2791628.1942488295	10211.228363307471	-6404056.580179628	-5769881.291439206	-6404039.086101103	10736.17545913896	493667413.087	0.04401688541677426	0.0	0.0	0.0	-0.018087574735320973	0.0	0.0	0.0	-0.02500948751377777	0.0438925886106
290	500.0	nan	nan	1	1	5.0	5.0	5.0	1.05	-7.08543060378e-19	-1.80071131303e-17	1.10412068164e-19	0.980106556846	-1.20533582488e-17	-2.04561765484e-19	-1.13715496658e-18	0.972627150254	481659973.021	-2894660.13256	-5831621.72065	-2701964.87165	-5271.82707805	-6701162.77748	-5401927.32877	-6650007.87604	-3337.77446572	505266929.5348637	-2834404.9136883826	-5666654.721819966	-2834392.66469862	-5162.088773760534	-6511597.890553625	-5666684.773200129	-6511581.372851731	-3243.3543090710145	505516126.727	0.04879016416943205	0.0	0.0	0.0	-0.02009398175284766	0.0	0.0	0.0	-0.027754466273550053	0.0486775993021
300	550.0	nan	nan	1	1	5.0	5.0	5.0	1.055	-3.96927580017e-19	-4.49020106273e-19	1.52565192179e-20	0.978150688016	-8.18133241885e-18	1.5569855234e-19	1.23905038316e-19	0.9699718555	489256125.428	-2939886.30261	-5731486.49865	-2725747.82244	4012.79660616	-6801436.36601	-5269606.52483	-6744544.52299	5820.69262553	515669415.31854135	-2872889.6328085167	-5554040.589934065	-2872901.764232017	3921.3495291201243	-6590864.97989149	-5554094.827613459	-6590844.013563154	5640.484909340386	515904678.072	0.05354076692802976	0.0	0.0	0.0	-0.022091543090101563	0.0	0.0	0.0	-0.030488222854103707	0.0534407702738
310	600.0	nan	nan	1	1	5.0	5.0	5.0	1.06	2.85953029037e-19	9.79154205158e-18	-7.46447784768e-20	0.97620665214	-5.65681954099e-17	2.38673039585e-19	2.53898125939e-19	0.967335488512	495647339.45	-2974472.15244	-5612081.87945	-2739344.92001	4648.96266948	-6894963.31188	-5121536.53633	-6832277.26836	6432.14875954	524872592.47827196	-2900861.0120416023	-5423459.11677559	-2900867.119458989	4533.91185500587	-6663222.746371186	-5423521.817505674	-6663194.588991339	6215.96344809616	525102160.426	0.058268908123975824	0.0	0.0	0.0	-0.024080981231471857	0.0	0.0	0.0	-0.033209906249946484	0.0581821183452
320	650.0	nan	nan	1	1	5.0	5.0	5.0	1.065	-1.11583355911e-19	-1.35070917794e-17	3.45430623802e-20	0.974274395684	6.41828892568e-17	6.48393794956e-20	-7.66458938147e-19	0.964718141534	501041678.457	-3000129.16359	-5479794.53363	-2744571.06338	3957.00509735	-6984599.70129	-4963862.58453	-6916062.32275	5623.99509361	533079668.24619687	-2920047.3874551062	-5281209.280186334	-2920066.523109185	3851.381646127395	-6731480.995219755	-5281265.678196581	-6731453.4194444185	5420.184077672033	533304962.283	0.06297479916138839	0.0	0.0	0.0	-0.02606229460056216	0.0	0.0	0.0	-0.035919301619122816	0.0629017007757
330	700.0	nan	nan	1	1	5.0	5.0	5.0	1.07	2.85158935649e-19	-3.07875300503e-18	-3.37291166575e-20	0.972353658166	5.74525507464e-17	-1.1332374392e-21	4.74020813107e-19	0.962120002233	505605997.975	-3026486.35273	-5327813.50936	-2750306.79898	1705.77446509	-7058079.4587	-4790710.65884	-6983777.65067	3578.06491773	540453982.3104798	-2939853.564913483	-5120837.382779335	-2939866.7500732965	1656.946887471848	-6783885.561917798	-5120901.777346721	-6783867.901590022	3439.0634275267707	540675886.317	0.06765864847381486	0.0	0.0	0.0	-0.028035694847753385	0.0	0.0	0.0	-0.038616093650176576	0.0675995940094
340	750.0	nan	nan	1	1	5.0	5.0	5.0	1.075	8.87492005375e-19	-1.81736477487e-17	-1.17501006013e-19	0.970444369762	1.10530917474e-17	1.12456858638e-19	5.63488668161e-19	0.959541024713	509470181.507	-3058381.05435	-5162940.29467	-2760934.80591	3551.63446599	-7122018.38066	-4608511.69321	-7041956.65237	5836.55035406	547122503.8909605	-2964965.0808879524	-4949006.153758635	-2964981.305914617	3443.152434115601	-6826906.913770795	-4949103.1042121565	-6826865.326577539	5594.704174438127	547336972.275	0.07232066157962608	0.0	0.0	0.0	-0.03000119922980276	0.0	0.0	0.0	-0.04130020810343762	0.0722759108918
350	800.0	nan	nan	1	1	5.0	5.0	5.0	1.08	3.26028275354e-19	-2.24733722774e-18	1.05976725719e-19	0.968546776492	1.35093284758e-17	-1.8971552785e-19	3.5488033512e-19	0.956980742466	512723266.532	-3089174.15998	-4982857.01549	-2770383.60847	-1352.44516226	-7181686.08805	-4415365.31656	-7095896.18815	843.547764423	553170774.3000448	-2988927.9036642155	-4763586.651472566	-2988932.521379652	-1308.5571982387237	-6865656.364963352	-4763682.887846128	-6865628.488360588	806.4274888870696	553384560.866	0.0769610411361284	0.0	0.0	0.0	-0.03195849942632625	0.0	0.0	0.0	-0.04397201054669572	0.0769308401605
360	850.0	nan	nan	1	1	5.0	5.0	5.0	1.085	-3.88232257418e-19	-1.49804261818e-17	4.6785335446e-21	0.966660471889	1.71576581983e-17	7.18058946145e-20	2.23854926092e-19	0.954439366182	515455693.994	-3117695.78214	-4801521.94874	-2777666.67303	-8333.73210541	-7241548.01752	-4223756.18994	-7149978.05793	-9274.96410844	558687606.9152216	-3010617.9979395913	-4577994.0114086205	-3010633.0465356344	-8047.508679417423	-6904428.181617311	-4578007.897568012	-6904410.8631092245	-8843.181515729742	558904605.201	0.08157998699242285	0.0	0.0	0.0	-0.03390796008690465	0.0	0.0	0.0	-0.04663116200170695	0.0815644864359
370	900.0	nan	nan	1	1	5.0	5.0	5.0	1.09	-1.99828307147e-18	-8.43476732365e-18	3.78617109978e-20	0.964785188489	-1.77868713292e-16	8.52326903175e-21	1.41285095602e-18	0.951916978598	517740047.574	-3140430.22298	-4615321.58462	-2779660.99367	-1037.99085176	-7291662.73256	-4030715.98182	-7194373.66255	731.576606708	563744163.635071	-3026659.5824135374	-4388790.413046628	-3026649.511483951	-1000.3868052676468	-6933770.249611664	-4388867.773835582	-6933737.876384975	695.6690534043386	563947827.4	0.08617769624105241	0.0	0.0	0.0	-0.035849805024860106	0.0	0.0	0.0	-0.049277455348596046	0.08617696386
380	950.0	nan	nan	1	1	5.0	5.0	5.0	1.095	-2.56619219283e-18	-2.45188774357e-17	-1.37649471374e-19	0.962920632279	6.77707355329e-17	-1.43227977425e-19	-1.16879958809e-18	0.949413545112	519626356.392	-3160429.86053	-4432720.5439	-2779205.12925	4380.50947486	-7327258.36923	-3843303.57965	-7224453.17296	827.084969671	568388464.640617	-3040021.21142271	-4204029.366213503	-3040007.722672274	4213.617231859014	-6949233.33266901	-4203961.931324935	-6949210.030260066	784.4143266905593	568584406.026	0.09075436326846412	0.0	0.0	0.0	-0.03778428773625509	0.0	0.0	0.0	-0.051910805943309164	0.090768440214
390	1000.0	nan	nan	1	1	5.0	5.0	5.0	1.1	-6.76302868823e-19	-5.20676181935e-17	2.75021010062e-19	0.96106683816	-5.73539243476e-17	3.4754820617e-20	1.30879825241e-18	0.946928746247	521168601.068	-3175122.45701	-4255350.21893	-2774114.42239	-3824.21690606	-7359878.97762	-3663252.04838	-7251581.08182	-3438.33336444	572673846.8062322	-3048249.3771133907	-4025214.5276739206	-3048270.318847255	-3671.4069960060892	-6961845.737361443	-4025278.265167141	-6961818.8951870855	-3252.383164131183	572871001.814	0.09531017980432493	0.0	0.0	0.0	-0.039711321795622076	0.0	0.0	0.0	-0.054531430182284665	0.095339101912
400	1050.0	nan	nan	1	1	5.0	5.0	5.0	1.105	-2.15540768319e-18	4.19969390812e-17	-2.11447216903e-19	0.959224013444	-8.37648351594e-17	3.85545574789e-19	1.39956312666e-18	0.944462204323	522413090.93	-3197182.1273	-4090921.9732	-2775423.3743	-1783.70737455	-7389581.56944	-3496623.58696	-7275835.33056	-261.878314913	576646188.5515248	-3063518.558525306	-3859569.5886072204	-3063547.48415245	-1709.1364918660624	-6971681.318975062	-3859617.4162297514	-6971656.814173468	-247.0684082403429	576836729.422	0.09984533496971612	0.0	0.0	0.0	-0.04163064071564369	0.0	0.0	0.0	-0.05713960943945812	0.0998891080462
410	1100.0	nan	nan	1	1	5.0	5.0	5.0	1.11	3.98462827234e-18	2.35365971496e-17	-6.15819422433e-19	0.957391915492	3.40907997259e-17	9.32583274927e-19	-1.0192982729e-18	0.942013835552	523389069.061	-3229109.16897	-3947622.59605	-2785188.83848	-3250.88871849	-7420618.89877	-3350207.98519	-7301406.62187	-3739.53676164	580333459.658302	-3088179.015680548	-3714692.6933998275	-3088215.5741934394	-3109.008025874991	-6982764.469771633	-3714708.436896271	-6982746.489739197	-3518.8849863874375	580523087.662	0.10436001532424286	0.0	0.0	0.0	-0.04354244629167718	0.0	0.0	0.0	-0.05973531709112827	0.104418628965
420	1150.0	nan	nan	1	1	5.0	5.0	5.0	1.115	8.01663745017e-19	6.61764011505e-17	2.56945459316e-19	0.955570563333	1.7728526641e-16	7.1971330737e-20	-7.95787453945e-19	0.939583345605	524123293.057	-3259234.27882	-3819437.68004	-2793265.16396	-9971.06903516	-7456168.51889	-3218620.74822	-7331407.48335	-11429.6496362	583761417.957878	-3111038.615534852	-3584774.141459248	-3111100.869673239	-9517.689786259172	-6998066.8202968165	-3584856.1526251743	-6998052.252684559	-10727.420079638461	583955237.145	0.10885440491208208	0.0	0.0	0.0	-0.04544666838648774	0.0	0.0	0.0	-0.06231875133850493	0.10892784342
430	1200.0	nan	nan	1	1	5.0	5.0	5.0	1.12	-4.19625416026e-19	-3.3987871988e-17	-3.95488285751e-19	0.953759812495	2.35940498062e-16	1.05918823076e-18	-1.76288732147e-19	0.937170678152	524643909.198	-3282603.83357	-3712024.28201	-2795411.71528	-7203.72010167	-7491502.6734	-3106113.99627	-7361185.93397	-7924.43565113	586957861.9770371	-3127387.943626905	-3474991.6606170284	-3127433.398120474	-6863.096656634947	-7013130.124638835	-3475038.9708985114	-7013116.814543199	-7418.418014189824	587146519.554	0.11332868530700327	0.0	0.0	0.0	-0.04734340810612007	0.0	0.0	0.0	-0.06488985948752896	0.113416880251
440	1250.0	nan	nan	1	1	5.0	5.0	5.0	1.125	-1.69665993291e-18	-2.56415071107e-17	3.11847090932e-20	0.951959637981	-1.77774957332e-16	1.59573066329e-19	-3.23174833113e-18	0.934775516144	524961606.644	-3299625.56542	-3603692.27135	-2792131.20393	-3688.5015405	-7527473.26688	-2994372.96316	-7391579.38231	-4466.82174166	589931624.8439943	-3137652.2511996697	-3364934.7001429396	-3137689.4558863617	-3507.4389298549822	-7028751.095507395	-3364960.951789815	-7028738.6338255545	-4170.878739386336	590114874.417	0.11778303565638346	0.0	0.0	0.0	-0.049232642168334534	0.0	0.0	0.0	-0.06744886820515386	0.117885938977
450	1300.0	nan	nan	1	1	5.0	5.0	5.0	1.13	-1.90185366438e-18	2.87585949741e-17	1.94071874546e-19	0.950169779253	-1.50277144431e-16	7.62382592088e-19	-3.40475481061e-18	0.932397827692	525101596.532	-3317610.07373	-3512131.6488	-2789668.1812	-4600.52433028	-7566518.53698	-2898026.89997	-7424987.76349	-6715.23553693	592708113.6784714	-3148804.1168141416	-3271079.730168055	-3148836.2945153248	-4366.4413926735815	-7047197.511150462	-3271146.133653033	-7047191.0554231955	-6254.341535193035	592891252.813	0.12221763272424911	0.0	0.0	0.0	-0.05111459535201646	0.0	0.0	0.0	-0.06999570162590858	0.122335171072
460	1350.0	nan	nan	1	1	5.0	5.0	5.0	1.135	-1.73588814628e-19	-5.33684755121e-17	7.63520792611e-20	0.948389961541	7.65225446417e-17	-9.19255740898e-19	-1.51333023939e-18	0.930037634734	525081591.534	-3332635.69663	-3434627.60264	-2784740.95325	-3306.9223419	-7610141.75905	-2814410.47186	-7462874.69244	-4230.72679861	595304713.8856562	-3157122.674244918	-3190779.887361736	-3157165.3684850554	-3132.7635115170083	-7069845.722454454	-3190802.8156399853	-7069842.926538973	-3930.358554025157	595484929.547	0.126632650933366	0.0	0.0	0.0	-0.05298950947258911	0.0	0.0	0.0	-0.07253022619770683	0.126764709202
470	1400.0	nan	nan	1	1	5.0	5.0	5.0	1.14	5.70741387772e-19	1.18986754742e-17	-1.93411370827e-20	0.9466203772	-7.7673662417e-17	-1.16101747289e-18	1.3342357106e-18	0.927694462934	524918405.232	-3360672.45002	-3359510.75892	-2790636.30858	2305.47366404	-7665127.65646	-2733883.20987	-7511877.49534	1211.83882297	597738166.7708371	-3177725.433617208	-3113116.232430209	-3177769.753524841	2179.9691602533185	-7102948.924219708	-3113143.5319190533	-7102948.747955663	1122.9596752622986	597912758.143	0.131028262406404	0.0	0.0	0.0	-0.05485713501445153	0.0	0.0	0.0	-0.07505284293617444	0.131174751612
480	1450.0	nan	nan	1	1	5.0	5.0	5.0	1.145	-2.04764921043e-18	-5.90093526357e-17	1.08995934955e-19	0.944860888306	1.64655105194e-16	5.96522953104e-19	-1.00442225677e-18	0.925368125204	524617240.0	-3398167.60566	-3287511.09208	-2804143.8936	5190.91936892	-7722662.12959	-2656856.52293	-7563324.84478	4833.17911043	600012295.7600039	-3207190.6187113016	-3038742.2765006735	-3207139.7715415	4899.189750015063	-7138281.5884183785	-3038685.0836777133	-7138266.060815228	4467.448255352134	600183770.953	0.13540463700620298	0.0	0.0	0.0	-0.05671757046637496	0.0	0.0	0.0	-0.07756364744652504	0.13556547554
490	1500.0	nan	nan	1	1	5.0	5.0	5.0	1.15	1.56934029303e-18	2.23210394196e-17	-4.5590224897e-19	0.943111359345	1.99495952594e-16	-8.84130343366e-19	-1.9937037996e-19	0.923058505836	524199054.154	-3437882.88366	-3222337.02872	-2819409.19337	1202.22431302	-7775114.28077	-2586450.17538	-7609793.55407	972.899933364	602149082.0356345	-3238649.9427662403	-2971051.266769807	-3238664.0994812245	1132.552746649688	-7168791.758054487	-2971063.351782449	-7168789.13341979	897.030805188489	602324179.987	0.13976194237515863	0.0	0.0	0.0	-0.05857091281710216	0.0	0.0	0.0	-0.08006265988358018	0.139937027424
500	1550.0	nan	nan	1	1	5.0	5.0	5.0	1.155	-3.1591152559e-18	-4.04228987479e-17	3.2131003714e-19	0.941371922675	-1.55289461896e-16	-1.35134842312e-19	-6.17116441634e-19	0.920765233084	523672296.645	-3480524.38788	-3166083.10875	-2836784.22113	1558.13880982	-7822995.15874	-2523956.42969	-7651762.12883	-222.250611756	604156491.1699698	-3272757.180866124	-2911917.628649755	-3272775.00113028	1465.1269206405107	-7194984.063627573	-2911868.109496555	-7194996.11627811	-204.4088711891028	604332009.872	0.14410034397375687	0.0	0.0	0.0	-0.060416975534228354	0.0	0.0	0.0	-0.08255017958094611	0.14428957961
510	1600.0	nan	nan	1	1	5.0	5.0	5.0	1.16	2.47254211259e-18	-6.93762997193e-18	1.00227820462e-19	0.939642758756	-6.6850275417e-17	3.65342515508e-19	-1.91747083435e-18	0.918487788191	523041910.121	-3516101.19832	-3120722.46226	-2848215.8601	-9787.53006023	-7868557.6816	-2471042.29287	-7691411.91533	-11627.3866631	606038663.1166176	-3300121.9631450693	-2863085.954356287	-3300173.272392704	-9186.323457396158	-7218955.626998112	-2863149.469856278	-7218960.99051531	-10667.46814033655	606224792.29	0.14842000511827322	0.0	0.0	0.0	-0.062255519829659496	0.0	0.0	0.0	-0.08502666979803006	0.148623351023
520	1650.0	nan	nan	1	1	5.0	5.0	5.0	1.165	-9.4232415382e-21	1.74051374026e-17	2.79428228365e-19	0.93792389826	-3.40880998084e-17	2.96289477972e-19	2.28434197963e-18	0.916226050662	522337361.62	-3550532.52139	-3076083.5229	-2858524.28871	8306.62967214	-7915413.76557	-2419114.0881	-7732278.09935	8324.72656738	607828211.7013433	-3326326.9453348713	-2815169.8085679184	-3326378.379526061	7782.0906967897035	-7244027.57248538	-2815050.000465155	-7244007.718769307	7618.622421207001	607996850.143	0.15272108701766393	0.0	0.0	0.0	-0.06408646518626156	0.0	0.0	0.0	-0.0874921645545419	0.152938439094
530	1700.0	nan	nan	1	1	5.0	5.0	5.0	1.17	-3.65537068388e-18	-2.12160908336e-17	3.5949931166e-19	0.936214806236	-7.37314652014e-17	-2.50245296354e-19	4.29128066903e-19	0.913980060237	521544433.296	-3587164.78898	-3031292.58125	-2870465.07856	-167.982840299	-7961283.42607	-2367988.4488	-7772211.85239	-1269.99870768	609507547.7596045	-3354507.3295132928	-2767365.2913684393	-3354594.5834488967	-157.08775653253062	-7268113.795524083	-2767370.794142895	-7268119.297297692	-1159.4230017437426	609684724.894	0.1570037488096647	0.0	0.0	0.0	-0.06591033499234866	0.0	0.0	0.0	-0.08994652369921842	0.157235042897
540	1750.0	nan	nan	1	1	5.0	5.0	5.0	1.175	6.64179709766e-19	7.1729152106e-17	-6.15819422433e-19	0.934515371262	4.10529870359e-16	1.62804695546e-18	-1.76468726649e-18	0.911749841971	520687682.908	-3607044.26571	-2987710.66994	-2868846.52301	5779.40095521	-8003432.33561	-2318243.4992	-7808488.42169	4106.59563786	611104045.0722159	-3366959.6260647085	-2720910.2848907975	-3367015.914629459	5394.724390827453	-7288731.661833292	-2720801.790262056	-7288755.92305739	3739.8796407435884	611275852.692	0.16126814759612232	0.0	0.0	0.0	-0.06772720357332217	0.0	0.0	0.0	-0.09238962261828736	0.161513240022
550	1800.0	nan	nan	1	1	5.0	5.0	5.0	1.18	1.60120990767e-18	7.7216509471e-17	-4.58641871159e-19	0.932825674725	4.93508182487e-16	-7.80405203274e-19	3.3563680535e-19	0.90953495878	519764787.971	-3619016.37658	-2952151.65725	-2860950.34558	6959.12796029	-8043184.39932	-2275414.63094	-7842368.07585	6000.46621302	612614070.2501845	-3372012.259005258	-2681983.897028782	-3372022.26189902	6484.155458905547	-7307108.016227018	-2681888.1363790073	-7307112.911267892	5451.330292758764	612784267.66	0.16551443847757333	0.0	0.0	0.0	-0.06953693940256192	0.0	0.0	0.0	-0.09482184440146858	0.165773243282
560	1850.0	nan	nan	1	1	5.0	5.0	5.0	1.185	2.00323292026e-19	3.34539897683e-17	5.26669204735e-19	0.931145490045	-2.31460540804e-16	9.81697950978e-20	-1.28643128864e-19	0.907335375154	518774760.587	-3630264.35427	-2919856.09102	-2852582.44784	-657.881415362	-8076367.86225	-2235686.90013	-7869827.52213	-2128.82012108	614035458.6886812	-3376385.7410416673	-2646217.594632555	-3376391.6537203426	-611.8731897596097	-7319479.478300245	-2646217.8492497792	-7319459.641808984	-1929.314693808008	614212533.428	0.16974277458709455	0.0	0.0	0.0	-0.07133974104114911	0.0	0.0	0.0	-0.09724313408795107	0.170015189219
570	1900.0	nan	nan	1	1	5.0	5.0	5.0	1.19	-1.96882220677e-19	6.76567566619e-20	5.75823585455e-19	0.929474596514	2.19441355041e-16	5.28019163495e-19	4.41674742434e-19	0.905151139882	517734180.038	-3646721.01941	-2892932.4831	-2848377.44239	3553.38105237	-8103567.90178	-2200481.01312	-7891481.08465	1078.66184953	615386847.813446	-3385590.8807471124	-2615494.5053922366	-3385625.4488097616	3298.9346930254997	-7326419.626104302	-2615525.739942194	-7326397.125958909	975.2160332476062	615560135.731	0.17395330712343798	0.0	0.0	0.0	-0.07313580246415535	0.0	0.0	0.0	-0.09965334383158446	0.174239176309
580	1950.0	nan	nan	1	1	5.0	5.0	5.0	1.195	-4.26634613664e-18	5.57270122839e-17	4.89029178141e-19	0.927812766572	-1.07088257939e-16	1.2948213816e-18	-2.9773208096e-18	0.902982204663	516646401.119	-3661984.21157	-2868753.27542	-2843228.83359	13721.2743653	-8126526.88154	-2167582.07176	-7909050.65035	13569.5735438	616671493.2178085	-3393668.13492395	-2587408.1953729033	-3393690.862013813	12715.90724966743	-7329540.129287137	-2587235.815384126	-7329549.123884657	12238.774974401807	616833966.658	0.17814618538347404	0.0	0.0	0.0	-0.07492532671173813	0.0	0.0	0.0	-0.10205243266631171	0.178445345301
590	2000.0	nan	nan	1	1	5.0	5.0	5.0	1.2	-2.50689988652e-18	-5.27538736995e-18	1.6615080656e-19	0.926160159501	-1.57589844562e-16	-9.24149341401e-19	3.42264838162e-18	0.900828071012	515507577.125	-3678758.1579	-2852038.31224	-2839276.81477	7546.98741466	-8148490.63981	-2140892.86498	-7925636.3201	5760.37106399	617884139.0266517	-3403126.408800777	-2566185.307316458	-3403139.329079354	6981.527753480395	-7331786.837135053	-2566060.7202010374	-7331806.307941623	5183.022796594891	618052633.391	0.1823215567939546	0.0	0.0	0.0	-0.07670810086713528	0.0	0.0	0.0	-0.10444085976874654	0.18263391009
600	2050.0	nan	nan	1	1	5.0	5.0	5.0	1.205	1.34953524321e-18	-2.8809641944e-17	7.81652591638e-20	0.924516496618	-5.34900882675e-16	4.10837449198e-19	-3.7417680445e-19	0.898688831423	514331630.674	-3699718.34873	-2844137.07339	-2838595.5042	2919.19258835	-8172686.83924	-2121096.82977	-7944370.72114	2339.76726541	619040729.6507869	-3416427.996252922	-2552988.224210778	-3416484.8656122894	2695.6677090656444	-7336064.585618884	-2552915.7665067697	-7336063.988122641	2100.2497846792394	619212789.627	0.18647956694261839	0.0	0.0	0.0	-0.07848438448722375	0.0	0.0	0.0	-0.10681843187583664	0.186804966571
610	2100.0	nan	nan	1	1	5.0	5.0	5.0	1.21	2.04113764465e-18	-1.03049432793e-16	-8.21171972583e-19	0.922881602275	-3.4884893114e-16	7.45938241511e-19	4.61156500221e-19	0.896564470734	513127045.371	-3729330.19818	-2839812.40106	-2844414.08814	8101.38809952	-8201309.36484	-2104137.60865	-7967449.14268	7116.94570955	620150920.5215031	-3437668.0913451593	-2543069.871351605	-3437678.8965176716	7467.79767018897	-7344324.133373526	-2543001.556202827	-7344333.762822362	6373.269657969659	620318669.809	0.1906203596086497	0.0	0.0	0.0	-0.08025432759886955	0.0	0.0	0.0	-0.10918507470890351	0.190958624224
620	2150.0	nan	nan	1	1	5.0	5.0	5.0	1.215	1.25445579488e-18	7.29856526914e-18	-1.90317715336e-20	0.921255573132	-2.70249355832e-16	2.82961943942e-20	-2.78599724264e-18	0.894454580132	511886246.883	-3762688.51489	-2840591.87814	-2852992.93996	9709.36650141	-8226988.00316	-2091119.0417	-7987670.63804	9396.11253366	621205140.5342417	-3462292.042555234	-2537771.0272346474	-3462280.713738609	8934.213460152792	-7349951.239562574	-2537700.3310463782	-7349970.208588069	8394.441433160897	621371394.906	0.19474407679251185	0.0	0.0	0.0	-0.08201778596418913	0.0	0.0	0.0	-0.11154115414535579	0.195095076899
630	2200.0	nan	nan	1	1	5.0	5.0	5.0	1.22	-1.78215732102e-18	-2.21961807454e-17	2.62262576294e-19	0.919638498185	-5.80830185448e-16	2.10249459376e-19	7.39300944275e-19	0.892358845455	510611452.846	-3794769.75614	-2841774.97733	-2860517.80254	6829.13858467	-8246267.65535	-2078482.74569	-8001690.27034	7064.59311672	622205542.1892526	-3485668.3822566103	-2532868.900668027	-3485683.7236046195	6272.873974537083	-7349883.455742456	-2532734.9719730904	-7349915.9559828425	6296.659075387297	622374223.505	0.19885085874516517	0.0	0.0	0.0	-0.083774622914362	0.0	0.0	0.0	-0.11388693418931917	0.199214480343
640	2250.0	nan	nan	1	1	5.0	5.0	5.0	1.225	-2.14331099391e-18	1.85447275889e-18	-7.72176410541e-19	0.918030348198	3.33162198594e-16	5.28713995209e-19	2.45650142616e-18	0.890277156299	509320220.46	-3828558.08603	-2839385.09018	-2869218.75685	19547.3910305	-8262143.53455	-2063645.9872	-8012313.2481	17538.9706964	623173031.0001005	-3510539.9678105144	-2524824.3527989117	-3510600.360012565	17923.692402467248	-7346823.533904482	-2524950.8523206506	-7346772.664807447	15595.919162373953	623331181.749	0.20294084399669038	0.0	0.0	0.0	-0.08552482986886889	0.0	0.0	0.0	-0.11622245316256102	0.203316938863
650	2300.0	nan	nan	1	1	5.0	5.0	5.0	1.23	1.13343596254e-18	-4.42499540766e-17	3.17213838747e-19	0.916431021263	-5.18757705249e-16	-1.21684223807e-18	-5.01856433336e-18	0.888209285218	507996082.622	-3863400.42363	-2837596.31415	-2878540.90604	18431.0002619	-8277088.31255	-2049220.75606	-8022133.59368	13697.9503106	624087196.2153955	-3536301.6424668613	-2517362.267062124	-3536366.8829284534	16870.520616975216	-7342985.9262401145	-2517524.2089957264	-7342931.379803582	12152.08205481678	624247549.246	0.20701416938432612	0.0	0.0	0.0	-0.08726847775028873	0.0	0.0	0.0	-0.11854788220669865	0.207402628819
660	2350.0	nan	nan	1	1	5.0	5.0	5.0	1.235	-3.9117569691e-18	-1.83759033346e-17	4.9710246092e-20	0.914840396433	1.82770651776e-16	1.28097851404e-18	-8.96319676873e-19	0.886155151521	506646285.709	-3895085.59708	-2831545.11504	-2885412.58695	3749.57005753	-8289869.3226	-2031755.58197	-8029948.42687	1740.35120589	624956462.2826785	-3559100.7486773394	-2506173.8527764734	-3559203.518175818	3426.137183986812	-7337285.084698517	-2506203.670188083	-7337295.86824442	1540.368424180281	625128649.992	0.2110709700799406	0.0	0.0	0.0	-0.08900565904918818	0.0	0.0	0.0	-0.12086322912430361	0.211471669089
670	2400.0	nan	nan	1	1	5.0	5.0	5.0	1.24	-3.91773913929e-18	2.20114216838e-17	1.00627514134e-18	0.913258280518	-1.85443887758e-16	1.13506385399e-18	-8.06904761378e-19	0.884114819026	505285538.208	-3926522.64532	-2815997.10777	-2891889.68128	13554.8786362	-8295425.10577	-2007736.93022	-8030666.8574	13283.7652568	625798589.2647926	-3581605.524843298	-2486662.8181064436	-3581619.3934081243	12364.178841516346	-7325265.0416393075	-2486591.9238505694	-7325229.823625718	11730.212739705954	625960707.853	0.2151113796169455	0.0	0.0	0.0	-0.09073654625997779	0.0	0.0	0.0	-0.12316833900290236	0.215524137846
680	2450.0	nan	nan	1	1	5.0	5.0	5.0	1.245	-1.33937084785e-18	-4.47270453842e-18	-9.10560418298e-20	0.911684618433	-2.27604105674e-17	9.50794483293e-20	-2.46380708533e-18	0.882087958812	503894682.258	-3953926.07788	-2796149.34501	-2895455.75013	63.8766085425	-8295626.2712	-1981093.46393	-8026322.42233	-286.371038825	626589703.2818761	-3600371.377405815	-2463464.933983086	-3600480.067005023	58.1648489509012	-7308616.923842091	-2463476.614150863	-7308619.57102691	-252.2987599044424	626763209.565	0.219135529916671	0.0	0.0	0.0	-0.09246116183666202	0.0	0.0	0.0	-0.12546350140348933	0.219560239831
690	2500.0	nan	nan	1	1	5.0	5.0	5.0	1.25	2.3868859058e-18	-6.32000398704e-17	-6.61320973569e-19	0.91011969943	-1.75912331881e-16	-1.77309142151e-18	-7.51334106082e-18	0.88007423349	502495913.124	-3978991.23836	-2773535.55919	-2897009.95895	1390.89685557	-8299322.97586	-1952662.77481	-8025292.77172	2857.8011022	627356949.3972851	-3616959.649034162	-2437952.3360956074	-3616863.9042680827	1264.345031492083	-7295148.522602283	-2437863.7310511707	-7295105.313918898	2512.0221913578075	627527772.932	0.22314355131420976	0.0	0.0	0.0	-0.09417915028641832	0.0	0.0	0.0	-0.1277490188290353	0.223580077033
700	2550.0	nan	nan	1	1	5.0	5.0	5.0	1.255	-1.85140226446e-18	3.55583901862e-17	1.33672386989e-19	0.908563376318	1.17915880104e-16	-3.00961394071e-20	6.82989135151e-18	0.878073543407	501088206.727	-4009834.47226	-2754888.88346	-2902934.57913	8583.04732196	-8307490.79047	-1927500.1416	-8028713.76195	7121.42930535	628098943.6477815	-3638746.723304316	-2416045.64045511	-3638740.8806520696	7788.734306815755	-7285693.81797625	-2416063.2530701216	-7285701.216783181	6245.5144126867635	628264232.356	0.22713557258374711	0.0	0.0	0.0	-0.095890634285636	0.0	0.0	0.0	-0.1300249264323444	0.227583783001
