inc	time	elem	node	ip	grain	1_pos	2_pos	3_pos	1_f	2_f	3_f	4_f	5_f	6_f	7_f	8_f	9_f	1_p	2_p	3_p	4_p	5_p	6_p	7_p	8_p	9_p	1_Cauchy	2_Cauchy	3_Cauchy	4_Cauchy	5_Cauchy	6_Cauchy	7_Cauchy	8_Cauchy	9_Cauchy	Mises(Cauchy)	1_ln(V)	2_ln(V)	3_ln(V)	4_ln(V)	5_ln(V)	6_ln(V)	7_ln(V)	8_ln(V)	9_ln(V)	Mises(ln(V))
0	0.0	nan	nan	1	1	5.0	5.0	5.0	1.0	0.0	0.0	0.0	1.0	0.0	0.0	0.0	1.0	3.55394295479e-06	-8.7401701907e-07	6.66365271648e-07	-8.7401701907e-07	6.09691008293e-06	-7.43250029188e-07	6.66365271648e-07	-7.43250029188e-07	5.25157570332e-06	3.55394295479e-06	-8.7401701907e-07	6.66365271648e-07	-8.7401701907e-07	6.09691008293e-06	-7.43250029188e-07	6.66365271648e-07	-7.43250029188e-07	5.25157570332e-06	3.21134264457e-06	0.0	0.0	0.0	0.0	0.0	0.0	0.0	0.0	0.0	0.0
10	2.5	nan	nan	1	1	5.0	5.0	5.0	1.00025	4.30314864287e-21	6.39543996377e-20	3.1380130513e-21	0.999924421622	1.21785413845e-20	5.03967543016e-21	7.47667876171e-22	0.999929121718	53849601.345	372801.006499	-1396450.943	372679.661117	18.1089884715	900132.120362	-1396002.96361	900136.35151	18.9690483239	53857488.84442482	372734.248304777	-1396207.440614333	372734.2485334205	18.105745660057742	899975.1622391082	-1396207.4400090354	899975.1623599341	18.96574064700389	53938130.78	0.0002499687552074404	0.0	0.0	0.0	-7.55812341899516e-05	0.0	0.0	0.0	-7.088079398438002e-05	0.000215483602342
20	5.0	nan	nan	1	1	5.0	5.0	5.0	1.0005	2.44452550525e-21	-3.03101465412e-20	-2.23783374969e-21	0.999848813933	3.39480610258e-20	-2.30364630717e-21	1.17661272257e-21	0.999858217921	107742265.66	745862.966786	-2793841.38786	745377.513429	-114.791549229	1800390.7482	-2792049.24724	1800407.68207	-110.615196209	107773837.65122057	745595.9338167529	-2792867.4079164164	745595.9333050426	-114.75045169553854	1799763.101803544	-2792867.40856027	1799763.1022602927	-110.57663389725558	107935211.461	0.0004998750416509929	0.0	0.0	0.0	-0.0001511974967652761	0.0	0.0	0.0	-0.00014179213102883607	0.000430947450181
30	7.5	nan	nan	1	1	5.0	5.0	5.0	1.00075	2.48691851164e-21	1.23273899508e-19	1.68103779986e-21	0.999768592205	-1.97527680049e-19	1.08670335986e-20	-3.64124905646e-21	0.999785283239	158097333.761	1071198.64373	-4000801.05296	1070148.20149	-3294.12506485	2682272.51521	-3996944.39221	2682317.24696	-1646.32094452	158167888.4811133	1070625.7281334542	-3998728.037772324	1070625.7807447521	-3292.363248180729	2680882.6956243943	-3998728.1243336997	2680882.647136091	-1645.4679032723595	158400857.176	0.0007497188905459742	0.0	0.0	0.0	-0.00023143457391507774	0.0	0.0	0.0	-0.00021473981594401928	0.000648609012904
40	10.0	nan	nan	1	1	5.0	5.0	5.0	1.001	-7.84870324221e-21	-2.27394845523e-19	4.86713072426e-21	0.999653819813	1.20625680777e-20	3.18056115405e-21	-7.85211536224e-21	0.999689533978	178277002.666	1139597.47513	-3656113.67215	1138064.81441	4249.00945379	3511243.87978	-3651327.11888	3511369.13861	4520.83370299	178394125.31879997	1138812.5787250064	-3653726.058509243	1138812.4889172486	4246.082953584581	3508950.8729057205	-3653725.9314694447	3508950.6872939467	4517.881386627664	178616288.612	0.0009995003330834232	0.0	0.0	0.0	-0.00034624012119329975	0.0	0.0	0.0	-0.000310514226552717	0.000885491935628
50	12.5	nan	nan	1	1	5.0	5.0	5.0	1.00125	-3.14245914709e-20	1.12128467935e-19	-8.23871890103e-22	0.999527828795	-4.07532655856e-19	-8.83352638494e-21	7.38041561793e-21	0.99958258818	186864148.854	1040053.11043	-2720262.53943	1038264.07253	-3314.52051554	4471751.26339	-2715732.5385	4471996.08017	-3935.41899902	187030491.14226764	1039188.4366327878	-2718149.8884677594	1039188.3119986723	-3311.764907185612	4468278.345069594	-2718150.022900017	4468278.175965896	-3932.362615081102	187262011.07	0.0012492194004318981	0.0	0.0	0.0	-0.0004722827129255562	0.0	0.0	0.0	-0.0004174989605635733	0.00112984963412
60	15.0	nan	nan	1	1	5.0	5.0	5.0	1.0015	3.64571583177e-20	-1.10585569297e-19	-1.01693584507e-20	0.999398980836	6.03415021968e-19	-3.07706017991e-21	-1.22284177905e-20	0.999473717875	192924719.325	1031869.4586	-2121141.51455	1029704.50674	-2069.72947329	5405664.13978	-2116849.71927	5406068.49535	-2179.03258828	193142387.89580834	1030866.4992528567	-2119238.2705121124	1030866.2775546536	-2067.717731878335	5400813.7806812385	-2119238.06874964	5400813.889853618	-2177.0774001166646	193413985.519	0.0014988761237359487	0.0	0.0	0.0	-0.0006011998484177006	0.0	0.0	0.0	-0.000526420660045191	0.00137580183313
70	17.5	nan	nan	1	1	5.0	5.0	5.0	1.00175	8.63411123383e-21	-3.69557414319e-19	-1.38288054807e-20	0.999268639714	-1.08139161956e-18	9.26504324605e-21	-8.00462678768e-21	0.999364008191	197742505.118	1072233.08273	-1811139.24567	1069576.93246	-6351.03806901	6212146.79394	-1806825.16329	6212739.86661	-6404.02457995	198013166.7326932	1071041.1261959407	-1809298.5380106186	1071040.9243286448	-6343.977886437444	6205833.228479948	-1809298.2694938106	6205833.424346941	-6397.516004133224	198344489.196	0.001748470534116803	0.0	0.0	0.0	-0.0007316278604040786	0.0	0.0	0.0	-0.0006361941375810777	0.00162252349672
80	20.0	nan	nan	1	1	5.0	5.0	5.0	1.002	-1.10395524551e-20	-9.76329548802e-20	1.2927178613e-20	0.999137513034	1.02865678756e-18	-2.48903816196e-21	1.15991401395e-21	0.999253821134	201839571.899	1147564.75886	-1651847.93015	1144286.21199	1592.51591279	6867176.92568	-1647320.42659	6867976.79336	1665.72936244	202164657.16840813	1146129.4279959928	-1649973.909484184	1146129.213280604	1590.5240537481518	6859386.116829109	-1649973.6209048766	6859386.5861506155	1663.839593296066	202541729.81	0.001998002662673058	0.0	0.0	0.0	-0.0008628591218846006	0.0	0.0	0.0	-0.0007464573960139384	0.00186964883963
90	22.5	nan	nan	1	1	5.0	5.0	5.0	1.00225	4.02671522191e-21	6.60724576347e-19	1.73046184146e-21	0.9990059369	9.25252800339e-19	4.34218122802e-21	8.89756825893e-21	0.999143249267	205470936.26	1230255.67837	-1583094.18818	1226273.568	701.491427052	7393504.32111	-1578186.56081	7394520.82919	727.797304801	205851754.2176654	1228546.3752886706	-1581111.9477231733	1228546.3322371468	700.5167829362609	7384246.689130518	-1581111.557375656	7384246.967048567	726.886007625685	206277143.443	0.00224747254047937	0.0	0.0	0.0	-0.0009945575083991423	0.0	0.0	0.0	-0.0008571179536685701	0.00211702782249
100	25.0	nan	nan	1	1	5.0	5.0	5.0	1.0025	-1.78042355046e-20	4.9089033452e-20	-1.65634645858e-20	0.998874066264	8.11173426929e-19	1.55197694479e-20	-3.62350603232e-20	0.999032471493	208797113.211	1307729.8667	-1569341.90253	1302999.93695	40.5399222498	7816937.99557	-1563913.47739	7818177.88306	46.560642603	209234910.66152787	1305732.027922111	-1567192.8870430894	1305732.0151941	40.47798879490432	7806233.686467173	-1567192.6287284363	7806233.933973156	46.496883684772214	209701036.211	0.002496880198587146	0.0	0.0	0.0	-0.0011265680755827541	0.0	0.0	0.0	-0.0009679968648297708	0.00236454812639
110	27.5	nan	nan	1	1	5.0	5.0	5.0	1.00275	1.78671012311e-20	4.11911129633e-20	7.82347423353e-21	0.998742024797	1.53655829817e-19	1.69536870397e-20	-9.90449521859e-20	0.998921542569	211907750.896	1377361.64495	-1586717.47227	1371856.23775	-68.6208244161	8164420.38302	-1580658.97549	8165888.55058	-31.8771803238	212403729.73940372	1375067.2396402815	-1584359.0502617522	1375067.1239362697	-68.50651603204085	8152285.173663318	-1584358.5731081355	8152285.83547775	-31.829799586555296	212903612.002	0.0027462256680252286	0.0	0.0	0.0	-0.0012587671180147354	0.0	0.0	0.0	-0.0010790393846610215	0.0026121477752
120	30.0	nan	nan	1	1	5.0	5.0	5.0	1.003	-2.2077450549e-20	1.17103545729e-19	1.85073390253e-20	0.998609901119	-6.23499794421e-20	-5.46497551198e-21	-6.03552333949e-20	0.998810476161	214856052.21	1440627.4153	-1619815.2635	1434321.62662	-135.715170127	8457068.3528	-1613048.40262	8458767.77069	-5.7591541693	215411376.09520045	1438029.02973228	-1617218.4459947818	1438028.8205767388	-135.47038765539577	8443510.34798535	-1617217.5395688806	8443511.126353908	-5.7499213433733205	215939852.635	0.002995508979798371	0.0	0.0	0.0	-0.0013910659647815994	0.0	0.0	0.0	-0.0011902318840286022	0.00285979022741
130	32.5	nan	nan	1	1	5.0	5.0	5.0	1.00325	-3.71668792832e-20	5.25666661833e-19	1.77546046678e-20	0.998477785566	3.34433257558e-20	-2.02276679042e-20	-1.34904886101e-20	0.998699251746	217677948.702	1498459.97525	-1662633.85585	1491331.90392	-119.476966762	8706512.28138	-1655091.29197	8708444.14332	3.13545255293	218293751.59226185	1495551.0920129444	-1659774.332945172	1495550.826885095	-119.24503227488053	8691538.165941311	-1659773.4842054553	8691538.888853585	3.1300599655237606	218846499.683	0.0032447301648890294	0.0	0.0	0.0	-0.0015233741794620553	0.0	0.0	0.0	-0.0013015949613248965	0.00310744901499
140	35.0	nan	nan	1	1	5.0	5.0	5.0	1.0035	1.66693437042e-20	3.30433012116e-19	1.96835898563e-20	0.9983457044	-2.33830352048e-18	-5.55273937498e-20	-2.18997721535e-19	0.998587886089	220396377.021	1551474.72955	-1710236.22256	1543505.64663	-116.580963741	8923098.68052	-1701863.85827	8925263.98466	-2.39082302403	221073763.2711158	1548249.8123722933	-1707095.3133698236	1548249.5971256276	-116.33863691132697	8906711.094828157	-1707094.5212815397	8906711.805503303	-2.386432193157619	221647371.586	0.003493889254255838	0.0	0.0	0.0	-0.0016556654579407096	0.0	0.0	0.0	-0.00141311188345959	0.00335510907708
150	37.5	nan	nan	1	1	5.0	5.0	5.0	1.00375	-2.31544397066e-20	7.47887079034e-20	-1.9137650652e-20	0.998213666681	1.10434939708e-18	-2.65996469579e-20	-1.85840600271e-19	0.998476404149	223028870.866	1600663.48519	-1759546.15383	1591834.53367	-110.65818551	9114609.78813	-1750300.90232	9117009.42078	0.145796541912	223768921.1246784	1597116.7828600926	-1756109.503847552	1597116.5294665152	-110.4129924085024	9096807.627328355	-1756108.7182789715	9096808.223680392	0.1455117800232537	224360679.669	0.003742986278834297	0.0	0.0	0.0	-0.00178793071496763	0.0	0.0	0.0	-0.0015247577034374008	0.0036027591121
160	40.0	nan	nan	1	1	5.0	5.0	5.0	1.004	6.17738481455e-21	6.36873650565e-19	-1.26426284823e-20	0.998081678777	4.51252666747e-19	-3.54686774857e-20	-1.67059050872e-19	0.998364823962	225588208.539	1646808.1874	-1809192.12828	1637100.38895	-91.1008297355	9286988.11544	-1799036.93768	9289623.21566	-6.36582315359	226391981.6810559	1642933.6843983287	-1805447.6200004057	1642933.3947263628	-90.88649363918202	9267766.716370672	-1805446.9250700264	9267767.195445348	-6.35264772731561	226999785.26	0.003992021269537457	0.0	0.0	0.0	-0.001920163557660748	0.0	0.0	0.0	-0.001636514397505319	0.00385039103446
170	42.5	nan	nan	1	1	5.0	5.0	5.0	1.00425	-1.2427561523e-20	-9.65728402072e-19	8.47032947254e-21	0.997949735901	-2.11155428942e-18	-2.63469432807e-20	1.03298728486e-19	0.998253168825	228084009.835	1691183.65054	-1858290.72042	1680573.61418	-77.614060292	9444070.01796	-1847193.42719	9446941.99236	-5.03541001687	228952544.47401172	1686973.395473151	-1854228.0654190995	1686973.170196138	-77.42083763964933	9423423.08803364	-1854227.4646818428	9423423.53215205	-5.024401441374396	229574696.638	0.004240994257254614	0.0	0.0	0.0	-0.002052368767680738	0.0	0.0	0.0	-0.0017483586636793552	0.00409799920607
180	45.0	nan	nan	1	1	5.0	5.0	5.0	1.0045	-1.860825506e-20	3.56245183131e-19	-3.23923927876e-20	0.997817836342	-2.4169696375e-18	1.08642315243e-19	-7.21165009345e-20	0.998141453682	230523419.707	1734442.16444	-1906411.7235	1722904.12299	-68.5159332991	9588277.17614	-1894343.458	9591387.36287	-2.60253294871	231457734.57202977	1729887.2153254496	-1902021.8255425503	1729887.079147672	-68.3359984496876	9566198.231769199	-1902021.2603444685	9566198.6986	-2.596540091063776	232092796.865	0.004489905272852001	0.0	0.0	0.0	-0.0021845480464967836	0.0	0.0	0.0	-0.0018602755581219072	0.00434557952522
190	47.5	nan	nan	1	1	5.0	5.0	5.0	1.00475	-8.33136312963e-21	3.26670332946e-18	-2.15563267631e-20	0.997685978715	-2.32441557158e-18	3.63760946176e-20	-3.38767683968e-20	0.998029690232	232911931.397	1777035.25453	-1953265.17414	1764541.37796	-63.7595998567	9722386.35663	-1940200.17485	9725736.28983	3.4510419661	233913025.7481938	1772125.8788102102	-1948539.9897738867	1772125.6712820646	-63.58345263024411	9698866.729790859	-1948539.478996325	9698867.21479243	3.4426934787764716	234559871.791	0.00473875434717347	0.0	0.0	0.0	-0.0023167027697275785	0.0	0.0	0.0	-0.0019722533817243585	0.00459312881128
200	50.0	nan	nan	1	1	5.0	5.0	5.0	1.005	1.23580783515e-20	1.22194263373e-18	3.08273670686e-20	0.997554164311	-6.26359357799e-19	8.45544022152e-21	-6.82151035754e-20	0.997917885983	235253945.094	1819236.05819	-1998571.27629	1805757.48975	-57.437844208	9848734.15551	-1984487.13607	9852325.62272	4.00560377351	236322799.36799073	1813962.0082510482	-1993503.9186423172	1813961.7798414535	-57.27132922641536	9823762.787745943	-1993503.4675760265	9823763.272542784	3.995447604872202	236980570.081	0.004987541511038968	0.0	0.0	0.0	-0.002448831631160634	0.0	0.0	0.0	-0.002084284629888694	0.00484064424072
210	100.0	nan	nan	1	1	5.0	5.0	5.0	1.01	-6.28260218846e-20	-2.73575098351e-18	-1.09187840857e-20	0.994925295346	1.98140693261e-18	1.59907247296e-19	7.16786742363e-19	0.995680284135	275025610.908	2500519.96837	-2731499.41852	2463200.89079	-1199.39724605	11660905.4913	-2692776.17943	11669754.5274	-1627.10324056	277627676.0902695	2486503.3328159326	-2718249.1815943504	2486505.663220826	-1192.6740387590573	11604339.577545917	-2718253.0036319587	11604339.854337972	-1619.2103216401729	278428813.293	0.009950330853168092	0.0	0.0	0.0	-0.005087624696463724	0.0	0.0	0.0	-0.004329072793480964	0.00978226145867
220	150.0	nan	nan	1	1	5.0	5.0	5.0	1.015	-3.01179769753e-19	-1.96173492329e-18	-5.86570315974e-20	0.99230918256	3.80790444319e-18	2.37053419945e-19	5.67015766293e-20	0.993450266157	306260053.589	2998877.83828	-3323560.02431	2931831.57731	8078.15756852	12964218.4758	-3252994.94913	12979121.2376	8583.57715707	310668494.9795471	2974038.607901844	-3299821.6999835577	2974033.645532947	8011.247468243808	12871622.337753333	-3299819.983635579	12871617.231130812	8522.269481882797	311554191.613	0.014888612493750559	0.0	0.0	0.0	-0.007720544290387071	0.0	0.0	0.0	-0.006571277471252761	0.0147046603499
230	200.0	nan	nan	1	1	5.0	5.0	5.0	1.02	3.70100458391e-19	-5.48276154952e-18	1.03814475598e-19	0.989706038759	-4.77361464729e-18	-9.13472094055e-20	7.55091822169e-19	0.991232086985	331486949.335	3402655.73469	-3861546.00605	3301594.24175	7253.76414573	14014885.5165	-3752637.49528	14036487.38	7469.30356219	337897409.8155913	3365444.9231369556	-3825205.939374846	3365442.123098406	7174.438327391869	13882994.850607034	-3825207.8767376617	13882986.959302446	7399.011769979926	338859591.639	0.01980262729617973	0.0	0.0	0.0	-0.010347310492569326	0.0	0.0	0.0	-0.008806577333817012	0.0196065703097
240	250.0	nan	nan	1	1	5.0	5.0	5.0	1.025	-1.09690766669e-19	1.24912014906e-17	9.12810349565e-20	0.987117222984	-1.55485867661e-17	3.9208361035e-20	2.37473627697e-19	0.989026654261	352158018.197	3727944.15478	-4375862.07398	3590176.46599	-9124.6331676	14896803.5485	-4222309.30675	14925610.3588	-9728.09787857	360712220.34023505	3677371.759316054	-4324849.8063956825	3677384.7464579563	-9000.850584531325	14723141.829753019	-4324872.60349424	14723133.111752681	-9614.691120386531	361755464.064	0.024692612590371414	0.0	0.0	0.0	-0.012966479646484574	0.0	0.0	0.0	-0.011033997003681045	0.024487331647
250	300.0	nan	nan	1	1	5.0	5.0	5.0	1.03	-7.12037071286e-21	4.84655708807e-18	2.11228841222e-20	0.984543179141	-8.78631246654e-19	1.4353237989e-19	-1.19751599024e-18	0.986835162413	369295858.121	3991709.79399	-4872874.59245	3815558.20196	-6585.69306732	15640972.1951	-4668693.55459	15677371.1512	-7274.37757928	380097535.21934706	3927146.6497564134	-4805219.625196957	3927160.936572902	-6479.174038300497	15423813.012857797	-4805249.9744329	15423800.519296259	-7173.380156182984	381193580.126	0.02955880224154443	0.0	0.0	0.0	-0.01557752290993261	0.0	0.0	0.0	-0.01325226219626181	0.0293465194751
260	350.0	nan	nan	1	1	5.0	5.0	5.0	1.035	3.41407217303e-19	1.35293197768e-17	5.94220082278e-19	0.981984793387	8.53632525053e-18	4.6719160997e-19	-1.94167744779e-18	0.984657642737	383631990.03	4216937.9273	-5351379.62103	4000949.49119	-3177.42167985	16253814.8257	-5091123.51266	16298055.2645	-1220.76812679	396757181.04695755	4137820.075531327	-5265270.020067357	4137833.8691506633	-3117.8071486884064	15992273.016320324	-5265305.985267045	15992272.456508812	-1201.1246210569152	397894165.901	0.03440142671733232	0.0	0.0	0.0	-0.018179456096857866	0.0	0.0	0.0	-0.015461269052168053	0.0341839020194
270	400.0	nan	nan	1	1	5.0	5.0	5.0	1.04	-3.00246710022e-19	1.97380448104e-17	1.15818520647e-19	0.979443405529	-3.82673934574e-18	2.39108136587e-19	-1.33697202407e-18	0.982493280733	395711868.117	4397051.23873	-5811843.7634	4141038.38683	-11303.612227	16756179.0908	-5490513.70804	16808357.5124	-7783.08373558	411216128.78578043	4303270.0236279825	-5705598.9957309235	4303287.092926062	-11062.526455619272	16449863.844382914	-5705635.776882765	16449865.398981443	-7640.803255082057	412397146.871	0.03922071315328133	0.0	0.0	0.0	-0.020770822206063088	0.0	0.0	0.0	-0.01766177421070673	0.0389993386352
280	450.0	nan	nan	1	1	5.0	5.0	5.0	1.045	8.62226600746e-19	-2.98245594684e-18	-2.26316615595e-20	0.976919218484	-2.73530099726e-18	3.21938694406e-20	3.75718669111e-19	0.980342427859	405976867.399	4542808.51292	-6249675.56915	4246862.92959	5476.66708214	17166488.9449	-5863004.45892	17226624.9528	5277.68595616	423901385.5298962	4434353.809741462	-6121847.815785956	4434368.616967138	5345.9175026426265	16815374.12450722	-6121865.340326209	16815357.67382261	5169.738794539799	425097187.398	0.04401688541677426	0.0	0.0	0.0	-0.02335131358809719	0.0	0.0	0.0	-0.019853352166483686	0.0437927371457
290	500.0	nan	nan	1	1	5.0	5.0	5.0	1.05	6.16322348246e-19	2.18657320169e-17	-2.56015708308e-19	0.974412155849	-1.79345991691e-17	4.60190353265e-19	1.31808914505e-18	0.97820518731	414724802.24	4649602.91704	-6657046.52571	4314878.55549	2974.43641264	17492399.2455	-6201876.26257	17560485.1783	2788.32091718	435098267.55391926	4526855.21582752	-6506532.448454477	4526848.102787961	2895.9124529449323	17096900.68299884	-6506545.070015879	17096895.227443643	2725.277712010764	436318061.422	0.04879016416943205	0.0	0.0	0.0	-0.025920906889828364	0.0	0.0	0.0	-0.022035827977425843	0.0485641823674
300	550.0	nan	nan	1	1	5.0	5.0	5.0	1.055	-1.15050897039e-18	9.18277682541e-18	-1.15434708843e-19	0.971922491022	-7.42401878956e-18	2.96117424404e-19	-9.85416955012e-19	0.976081463525	422223328.047	4719072.85262	-7029565.30662	4347454.43585	1929.59999653	17741255.5121	-6503744.76953	17817170.0077	2016.37770045	445066111.4587698	4582665.488239823	-6855582.763969711	4582656.883166234	1873.8238603999664	17302157.415821303	-6855605.084361461	17302155.029680632	1966.472122513709	446300602.814	0.05354076692802976	0.0	0.0	0.0	-0.028479219448153445	0.0	0.0	0.0	-0.024209229325763505	0.0533136899206
310	600.0	nan	nan	1	1	5.0	5.0	5.0	1.06	4.69785648371e-19	1.68016264277e-17	-1.02729214634e-19	0.969450944098	-8.60147399558e-18	-9.13392684716e-19	-6.66753895832e-19	0.973970532337	428675368.576	4760335.4925	-7375526.32579	4353676.46888	4842.71356973	17923682.8051	-6776949.0066	18007244.7194	5032.1888637	454001068.10616547	4610901.860982037	-7177303.550979981	4610887.193323242	4690.693974416402	17441970.45217704	-7177324.178242214	17441971.96156767	4896.945032159085	455240163.752	0.058268908123975824	0.0	0.0	0.0	-0.031025404756507592	0.0	0.0	0.0	-0.026374230071399003	0.0580413044158
320	650.0	nan	nan	1	1	5.0	5.0	5.0	1.065	9.80043589753e-19	1.44127155838e-17	2.88732355895e-19	0.966997249846	-1.09350630002e-18	-8.01121114535e-19	-4.94892234323e-18	0.971872501909	434231851.494	4787453.50274	-7690750.12321	4346888.8556	-727.927169816	18056199.3197	-7018270.55059	18147225.6726	-603.977845285	462048051.39780146	4625361.34738906	-7467820.223053998	4625343.623372021	-703.2812314635194	17532808.66897665	-7467849.769485395	17532802.38447237	-586.47048662842	463295459.586	0.06297479916138839	0.0	0.0	0.0	-0.033559627539091454	0.0	0.0	0.0	-0.028530654000864058	0.0627471718206
330	700.0	nan	nan	1	1	5.0	5.0	5.0	1.07	-1.41825079106e-19	8.52074116779e-18	-2.46857164565e-19	0.964561415642	-3.75114364043e-17	7.72996973708e-19	2.26018830574e-18	0.969787261506	439030903.053	4809798.05861	-7964859.96854	4335852.94385	-16599.7840992	18151880.0815	-7218908.34809	18250219.2199	-15908.9633335	469341255.20141196	4635179.849188912	-7717283.982551797	4635196.859455771	-15997.13414573951	17587655.521813143	-7717296.166888498	17587650.737213597	-15414.456550091518	470602866.625	0.06765864847381486	0.0	0.0	0.0	-0.03608177251843998	0.0	0.0	0.0	-0.030678549573477088	0.0674314042987
340	750.0	nan	nan	1	1	5.0	5.0	5.0	1.075	1.98311588776e-19	2.36791236778e-17	-5.49883201446e-19	0.962143465791	6.46575718144e-17	-3.03939244276e-19	-8.32434863804e-19	0.967714685359	443184126.008	4825408.68999	-8219602.67064	4318828.17067	-15374.7970563	18207594.1967	-7399292.66334	18313012.1181	-15110.605308	475989124.50948054	4638507.958668536	-7946987.420336462	4638512.796884306	-14779.29085188083	17603712.47050798	-7946996.812672513	17603701.14001188	-14609.439787798821	477245553.62	0.07232066157962608	0.0	0.0	0.0	-0.03859170659675006	0.0	0.0	0.0	-0.032817981681814754	0.0720941107484
350	800.0	nan	nan	1	1	5.0	5.0	5.0	1.08	-1.51989474473e-19	1.41651569701e-17	-6.80643912678e-19	0.959743157165	-5.45265548394e-18	1.72702077011e-19	-2.43893872739e-18	0.965654777363	446775002.149	4813767.14763	-8467527.91598	4277774.09044	-10838.7426002	18223082.5883	-7571004.23889	18335327.3999	-8411.50972997	482072045.0323027	4615719.724944315	-8169168.560750148	4615735.64779899	-10392.816370016744	17580979.34101283	-8169144.376552949	17580977.589391153	-8115.124215278416	483315395.411	0.0769610411361284	0.0	0.0	0.0	-0.04108957493649393	0.0	0.0	0.0	-0.034948881972913765	0.0767354574792
360	850.0	nan	nan	1	1	5.0	5.0	5.0	1.085	7.42689076064e-19	-3.0094948267e-18	1.58580449594e-19	0.957360502707	1.66091778951e-17	1.15037662149e-19	5.29289712916e-19	0.963607254498	449876248.79	4792861.61142	-8699647.08574	4229078.58234	-9746.88285009	18210115.4939	-7726336.17057	18328941.3115	-9827.61493337	487660408.6054195	4584216.186666489	-8375223.220983835	4584269.996549761	-9322.576313169426	17531030.93012834	-8375254.893089059	17531035.99829254	-9461.127329149193	488893981.782	0.08157998699242285	0.0	0.0	0.0	-0.04357525761987188	0.0	0.0	0.0	-0.03707147973302258	0.081355604788
370	900.0	nan	nan	1	1	5.0	5.0	5.0	1.09	-9.74829043171e-19	-6.25630446243e-18	5.32677844705e-19	0.954995569652	1.71365353141e-18	3.21607822161e-20	-1.19881631816e-19	0.961571855293	452550931.571	4764152.59041	-8909709.66008	4174103.52623	-8348.48553759	18173744.2345	-7859978.77494	18298908.1278	-3531.07263277	492815504.92269826	4545455.619335777	-8559249.717446374	4545483.819329899	-7965.250856189733	17458887.11739346	-8559300.486261483	17458902.333365332	-3392.179272657454	494033324.31	0.08617769624105241	0.0	0.0	0.0	-0.04604857762002085	0.0	0.0	0.0	-0.03918598425161677	0.0859546845386
380	950.0	nan	nan	1	1	5.0	5.0	5.0	1.095	2.70891724444e-19	1.28691965608e-17	1.12178925952e-19	0.952648359303	9.21845808832e-18	-9.28162821734e-19	-2.14908140586e-19	0.959548254805	454847600.884	4724449.19448	-9104307.50299	4110288.97276	-14333.6780657	18124486.104	-7978116.99349	18255760.9654	-13520.6838942	497584066.0100446	4496454.923246947	-8727707.337755943	4496482.548368463	-13641.957962434302	17374765.770047404	-8727723.054951327	17374767.489594553	-12961.400084095723	498796513.228	0.09075436326846412	0.0	0.0	0.0	-0.04850942631184232	0.0	0.0	0.0	-0.04129267318353847	0.0905328724212
390	1000.0	nan	nan	1	1	5.0	5.0	5.0	1.1	-2.88520597658e-20	-7.68637268659e-17	1.75335820082e-19	0.950318760971	-1.39800802711e-17	-2.27229822991e-19	-2.09900058286e-18	0.957536376325	456809345.797	4685047.48968	-9282316.59817	4047579.98928	-12962.0286386	18054152.8223	-8080140.54269	18191290.1305	-11936.4606679	502007719.9302083	4448012.824195483	-8879620.166687952	4448062.239419564	-12306.229496943926	17270906.222372014	-8879618.965488516	17270922.43298721	-11418.619020865846	503204146.006	0.09531017980432493	0.0	0.0	0.0	-0.05095781280358033	0.0	0.0	0.0	-0.043391567709025934	0.0950903061885
400	1050.0	nan	nan	1	1	5.0	5.0	5.0	1.105	-9.67099867528e-19	2.63562771868e-17	8.55662095404e-19	0.948006561381	-1.0143684088e-16	1.69845987792e-18	8.97974038098e-19	0.955536135003	458475101.14	4648605.50615	-9454331.89578	3988197.77253	-13035.9356396	17964996.9726	-8175554.58213	18107676.19	-12671.5942618	506124425.25080234	4402641.257499141	-9025208.068502627	4402691.226610145	-12346.185969337643	17149581.526760876	-9025240.09198828	17149573.601386257	-12096.441719317674	507305769.183	0.09984533496971612	0.0	0.0	0.0	-0.053393855463091826	0.0	0.0	0.0	-0.04548269811735849	0.099627163962
410	1100.0	nan	nan	1	1	5.0	5.0	5.0	1.11	2.27745983693e-19	-6.50823588374e-17	-2.89685267961e-19	0.945711141825	-4.96037052291e-17	-6.55815259412e-19	-4.20803321218e-18	0.953547908863	459876901.442	4609240.45472	-9615139.27494	3927060.53292	-6775.59821858	17855158.7392	-8259913.04771	18003122.2061	-6513.93977378	509965237.4393512	4354756.420238479	-9159549.096952483	4354783.531918335	-6401.50587351255	17009135.117972914	-9159556.623513259	17009139.093854122	-6205.292452500897	511123751.151	0.10436001532424286	0.0	0.0	0.0	-0.05581810346615123	0.0	0.0	0.0	-0.04756560993595411	0.104143628385
420	1150.0	nan	nan	1	1	5.0	5.0	5.0	1.115	-5.57506497971e-19	-1.12435418116e-17	-2.45586615145e-19	0.943432124967	2.06634216878e-17	3.88576364553e-20	2.92860318024e-18	0.951571722963	461036167.365	4569921.51209	-9765348.15144	3866782.72165	-15474.5333379	17723661.6708	-8334042.83315	17876571.5366	-14299.2645976	513550087.8656472	4307173.297472134	-9283296.11140026	4307225.217948219	-14584.82308886773	16848759.19595854	-9283324.67646044	16848755.79790429	-13593.402444664345	514697970.868	0.10885440491208208	0.0	0.0	0.0	-0.05823085638293244	0.0	0.0	0.0	-0.04964021625020082	0.108639903225
430	1200.0	nan	nan	1	1	5.0	5.0	5.0	1.12	-2.01699720565e-19	-4.2187561199e-17	4.84502845829e-19	0.941169421538	1.5949842155e-17	-1.49756748564e-18	-1.57071672156e-18	0.949607516633	461989709.728	4537007.31999	-9911523.7206	3812608.22393	-4442.904202	17582361.6853	-8403605.7402	17739995.3121	-3139.43627068	516916446.42546445	4265867.0260018455	-9402743.595381897	4265895.653577913	-4177.387691549357	16679820.720656535	-9402724.616836943	16679819.031784482	-2978.2821611871373	518035508.544	0.11332868530700327	0.0	0.0	0.0	-0.060632111460356936	0.0	0.0	0.0	-0.0517065201398686	0.113116109501
440	1250.0	nan	nan	1	1	5.0	5.0	5.0	1.125	-4.69415071456e-19	2.16713644253e-17	7.21089735909e-19	0.938922953461	4.02037570969e-18	2.56200996765e-19	-4.03264445254e-18	0.947654996253	462746269.153	4502871.60638	-10051492.0087	3758055.30697	6424.22483918	17430925.7326	-8466963.61273	17593059.245	7551.96610421	520071090.5792643	4223638.934876532	-9515860.199555777	4223601.6846348	6025.844956075811	16502052.857097542	-9515847.654541574	16502076.120822161	7149.530996716167	521161407.722	0.11778303565638346	0.0	0.0	0.0	-0.0630218548325242	0.0	0.0	0.0	-0.05376477096814683	0.117572438176
450	1300.0	nan	nan	1	1	5.0	5.0	5.0	1.13	1.04327989322e-18	7.55992787292e-18	1.29945442021e-18	0.936692592541	-8.61581929263e-17	-4.19175429772e-19	-3.74912664323e-18	0.945713947925	463325238.769	4466002.485	-10187961.4128	3702047.66928	-2942.31551575	17266926.7014	-8526396.9434	17433259.7273	-1457.90373602	523032984.5988564	4179080.362690186	-9625244.319609141	4179122.740507853	-2753.283956741032	16313213.352079311	-9625175.725435678	16313245.15128143	-1377.378563294678	524112923.401	0.12221763272424911	0.0	0.0	0.0	-0.0654001268361131	0.0	0.0	0.0	-0.05581513628546354	0.122009073057
460	1350.0	nan	nan	1	1	5.0	5.0	5.0	1.135	1.95537555874e-18	2.85012028372e-17	1.66865490609e-19	0.934478267623	-7.4733147836e-17	1.22798601528e-18	-4.2253973876e-18	0.943784281882	463752447.649	4425635.20197	-10320306.9201	3643792.24512	-38.0849012905	17091277.6894	-8581571.61712	17261513.0213	1450.17449256	525828678.6733261	4131492.903901962	-9730329.470935555	4131537.1408276246	-35.55365326159533	16114226.474526277	-9730269.861100662	16114255.988918195	1367.2728642859001	526886467.673	0.126632650933366	0.0	0.0	0.0	-0.0677669079770531	0.0	0.0	0.0	-0.057857653905665545	0.126426135132
470	1400.0	nan	nan	1	1	5.0	5.0	5.0	1.14	1.4130097747e-18	3.57227145779e-17	4.72962021923e-19	0.932279841512	4.26472089217e-17	1.12708321544e-19	-2.44312095257e-18	0.941865842253	464039834.522	4388941.54474	-10444176.3903	3589200.01671	10981.54021	16903378.3068	-8628963.75265	17077217.0718	10695.7104985	528469493.8864434	4087576.5430104467	-9827047.447734972	4087542.8684733366	10227.496928575369	15904585.908967616	-9827053.127507344	15904616.45729721	10063.718825508751	529497864.948	0.131028262406404	0.0	0.0	0.0	-0.07012225023225055	0.0	0.0	0.0	-0.05989243253862441	0.130823791298
480	1450.0	nan	nan	1	1	5.0	5.0	5.0	1.145	-2.30181203416e-19	1.14068868216e-17	-9.80440636447e-19	0.930097107493	1.66596822346e-17	-8.51003414195e-19	1.55382900218e-18	0.939958421437	464186756.56	4357779.5338	-10559754.2707	3539907.44108	-8106.67481411	16707201.5819	-8668777.82227	16884325.0414	-7776.50870898	530952669.528342	4049031.216082816	-9915623.582248198	4049067.0601062784	-7532.317577419927	15688084.945169883	-9915644.212670263	15688072.015773298	-7302.152224912399	531978481.65	0.13540463700620298	0.0	0.0	0.0	-0.07246628162673625	0.0	0.0	0.0	-0.061919637210203944	0.135202251557
490	1500.0	nan	nan	1	1	5.0	5.0	5.0	1.15	8.28557041092e-19	1.84808030712e-17	-1.1429650832e-18	0.927929866703	-5.80979633824e-17	1.68840136167e-18	5.23111666356e-18	0.938062167586	464225288.93	4329752.42413	-10673608.2084	3493718.1794	-1221.44825372	16501119.4695	-8706540.94739	16681280.9654	609.58337733	533312816.64646614	4013595.5142801995	-10002262.859653842	4013664.7598828557	-1132.2585570340557	15463237.097516803	-10002276.882853126	15463220.040492296	571.2419882652758	534311386.553	0.13976194237515863	0.0	0.0	0.0	-0.07479912372533758	0.0	0.0	0.0	-0.06393905542798249	0.13956160621
500	1550.0	nan	nan	1	1	5.0	5.0	5.0	1.155	-1.6083038086e-19	-3.11611774592e-17	-9.05266462378e-21	0.925777890052	-5.7924348098e-17	1.46367293286e-18	-3.31049592545e-18	0.936176830355	464143900.119	4308344.84654	-10784814.2113	3453344.48999	-12032.4434851	16289176.4425	-8741598.20061	16472098.86	-12113.6898893	535535116.83991414	3984470.216901805	-10086114.155438023	3984512.657520892	-11127.919052589712	15233873.284992158	-10086166.838627	15233828.687190907	-11328.897899700429	536524852.885	0.14410034397375687	0.0	0.0	0.0	-0.07712093266193666	0.0	0.0	0.0	-0.06595089902848551	0.143902086754
510	1600.0	nan	nan	1	1	5.0	5.0	5.0	1.16	6.58991632964e-19	-1.51741452638e-17	-9.83511130881e-19	0.923640934909	-1.09997604355e-16	6.87393706476e-19	-4.83200532673e-18	0.934302624544	463980559.711	4292265.0642	-10895973.2334	3417644.91327	9107.46738528	16071187.5518	-8775963.76259	16256731.9788	8238.09121399	537661628.8879262	3960417.5418287423	-10169623.301230285	3960373.9694909444	8403.342537050687	14999846.264694603	-10169604.895934798	14999876.647563865	7688.921638559305	538612736.517	0.14842000511827322	0.0	0.0	0.0	-0.07943188144778202	0.0	0.0	0.0	-0.06795488408517109	0.148223777038
520	1650.0	nan	nan	1	1	5.0	5.0	5.0	1.165	-1.12819494618e-18	9.00316613593e-19	1.08335513954e-18	0.921518441799	7.40234004006e-18	1.85209047873e-18	5.6442437487e-18	0.93243961122	463714801.663	4275272.67015	-10999035.844	3381723.15772	9414.03318891	15847449.7147	-8803364.55667	16035292.1692	8373.65998312	539667435.9987518	3935656.4269348327	-10245299.557639755	3935621.3328524698	8666.20753384884	14761463.809603183	-10245282.57761556	14761491.383723965	7799.834107067201	540598857.517	0.15272108701766393	0.0	0.0	0.0	-0.08173248926838911	0.0	0.0	0.0	-0.06995088964698226	0.152526933661
530	1700.0	nan	nan	1	1	5.0	5.0	5.0	1.17	-2.85137759825e-18	-1.70202271026e-17	4.59038917853e-19	0.919410496512	-1.22115813563e-17	2.0532608037e-19	4.97261279597e-19	0.930587491727	463362982.553	4254201.08199	-11088936.5579	3343121.2425	-859.176211486	15617845.8856	-8819893.14001	15807679.8409	-721.461012306	541570085.3640331	3907283.6602373356	-10308478.736882664	3907378.286257354	-789.112951575466	14518635.884242728	-10308528.001997901	14518610.652912455	-670.6833848325858	542490476.082	0.1570037488096647	0.0	0.0	0.0	-0.08402257897733251	0.0	0.0	0.0	-0.07193918074616763	0.156811680541
540	1750.0	nan	nan	1	1	5.0	5.0	5.0	1.175	9.37983109966e-19	-7.531695206e-17	-1.46007304283e-19	0.917316919	-8.85445891412e-18	-1.29948088999e-18	-3.9318740016e-18	0.928746298851	462941807.084	4229652.08992	-11167332.7535	3302157.3317	9212.78283338	15398016.2469	-8826909.20502	15589858.7938	9749.92533717	543387824.1099735	3875874.2950235954	-10360773.670306768	3875977.628038413	8442.204562079476	14285896.626106776	-10360773.024031095	14285887.27331468	9045.738311070487	544279514.715	0.16126814759612232	0.0	0.0	0.0	-0.08630226228908035	0.0	0.0	0.0	-0.07391966804451482	0.16107813502
550	1800.0	nan	nan	1	1	5.0	5.0	5.0	1.18	-6.2733377656e-19	3.47137659889e-17	4.19916583601e-19	0.915237370313	-4.60301791037e-17	-2.67180661344e-18	-5.1275139462e-18	0.926915883967	462428987.97	4208590.63966	-11245809.2292	3264351.74483	-13397.3624258	15189409.7772	-8833877.98493	15383188.1197	-12668.5730135	545093472.6865035	3847816.504919208	-10412978.221319262	3847892.054671686	-12248.896763346229	14064527.503631596	-10413034.981290437	14064490.993127491	-11730.376373648774	545988192.531	0.16551443847757333	0.0	0.0	0.0	-0.08857182624334833	0.0	0.0	0.0	-0.07589245759058341	0.165326536002
560	1850.0	nan	nan	1	1	5.0	5.0	5.0	1.185	-3.27674695645e-18	-4.02739284827e-17	-5.70476689976e-19	0.913172006888	-3.99621938883e-17	6.88796604795e-19	1.69935985043e-19	0.925096096599	461865545.835	4193401.47927	-11325378.5776	3231539.68142	-11680.211948	14982814.0641	-8841445.25694	15178404.3256	-10968.6180378	546734057.0855259	3825262.5198117485	-10466025.489167871	3825340.1159453564	-10654.805462586495	13845940.144065695	-10466074.552253544	13845891.328147693	-10136.335415013433	547610388.924	0.16974277458709455	0.0	0.0	0.0	-0.09083101866405387	0.0	0.0	0.0	-0.07785765865058357	0.169556928715
570	1900.0	nan	nan	1	1	5.0	5.0	5.0	1.19	7.76517454395e-19	-3.27979362809e-17	-4.62956445234e-19	0.911120629473	-3.87858239432e-17	-1.61688001719e-18	5.95117407807e-18	0.923286789116	461244202.846	4189256.27538	-11400939.9608	3207560.4265	-7027.18644726	14775301.1168	-8845685.0638	14972514.9276	-6498.65253627	548300218.9292643	3812881.832804803	-10515206.77491391	3812960.8420596025	-6395.844460019759	13627415.541083733	-10515234.721942315	13627342.517656397	-5993.77554939791	549156047.435	0.17395330712343798	0.0	0.0	0.0	-0.09307997613802009	0.0	0.0	0.0	-0.07981537863907255	0.173769495974
580	1950.0	nan	nan	1	1	5.0	5.0	5.0	1.195	-3.5353037636e-19	2.9636888731e-17	1.73271177273e-19	0.909082907484	1.07093604834e-16	1.52328287652e-18	8.50166969159e-18	0.921488017076	460566656.74	4192175.47254	-11472377.22	3189229.64485	-7610.40340035	14569375.2292	-8846630.65479	14768098.591	-6933.04536167	549793130.5081847	3806991.04571346	-10560440.1823394	3807085.3039225326	-6911.146203009216	13411258.42112294	-10560505.609706776	13411179.819743134	-6381.938932039438	550633660.997	0.17814618538347404	0.0	0.0	0.0	-0.09531898161066064	0.0	0.0	0.0	-0.08176550567248929	0.177964404316
590	2000.0	nan	nan	1	1	5.0	5.0	5.0	1.2	-1.13253599004e-18	-1.25671631406e-16	-9.2908926402e-20	0.907058441692	-2.54125766044e-18	-1.72318265207e-18	-7.61207333874e-18	0.919699949111	459837349.143	4198144.9916	-11542209.6399	3173366.50227	-10449.3293156	14368365.8789	-8846212.35507	14568535.3781	-9416.76449485	551217263.7031896	3803908.1801062855	-10604066.497973295	3803985.0468185013	-9468.060140792448	13200514.632862462	-10604151.614884682	13200442.340082612	-8651.376124200213	552045259.871	0.1823215567939546	0.0	0.0	0.0	-0.09754839688324811	0.0	0.0	0.0	-0.08370780440566002	0.182141809217
600	2050.0	nan	nan	1	1	5.0	5.0	5.0	1.205	-4.37974267246e-18	4.57108741524e-17	-1.33672386989e-19	0.905046934166	1.09331307062e-17	2.8123876129e-18	-9.8419934515e-19	0.917922758505	459073160.184	4206571.23893	-11616744.3695	3159341.71747	13547.9191236	14168639.0166	-8849152.70478	14370252.1909	12970.8308513	552592088.970291	3803076.5185778686	-10651880.466071991	3802939.0320444647	12248.401410090384	12991819.770778252	-10651835.486944048	12991856.209989028	11893.49919211769	553384870.337	0.18647956694261839	0.0	0.0	0.0	-0.09976847567003727	0.0	0.0	0.0	-0.08564203296379579	0.186301824061
610	2100.0	nan	nan	1	1	5.0	5.0	5.0	1.21	1.31014821117e-18	-7.18253234327e-17	-3.40030788763e-19	0.903048011182	5.85057832767e-17	2.87604743284e-18	-3.68165517502e-18	0.916156389478	458259064.795	4221719.90586	-11695570.5513	3150817.33869	8660.95734942	13969944.5802	-8855323.35685	14172672.6679	9896.8139067	553899035.8133419	3808328.7478622776	-10703484.938244676	3808401.88443424	7812.875698367684	12784933.470873993	-10703454.54348795	12784883.4026829	9057.309185758235	554682217.988	0.1906203596086497	0.0	0.0	0.0	-0.10197955844920073	0.0	0.0	0.0	-0.08756819800968373	0.190444668516
620	2150.0	nan	nan	1	1	5.0	5.0	5.0	1.215	-1.73959391542e-19	1.92792375031e-16	1.16302917614e-18	0.901061696857	9.3568023914e-18	-3.10569924067e-19	3.36955000374e-18	0.914400657432	457400378.215	4245970.66831	-11771815.779	3148855.38464	8574.23132359	13772485.7272	-8859383.67664	13976363.6174	8412.44543577	555143758.0578042	3821766.7890429692	-10752579.207907762	3821744.570110365	7717.602186618852	12580025.584131014	-10752574.292831242	12580021.502086356	7684.072498117511	555914997.255	0.19474407679251185	0.0	0.0	0.0	-0.10418154773925965	0.0	0.0	0.0	-0.08948644752541685	0.19457044764
630	2200.0	nan	nan	1	1	5.0	5.0	5.0	1.22	1.83636742965e-18	-1.02813229715e-16	-1.38823406099e-18	0.899087881664	4.86665691521e-17	2.0322437987e-18	5.14569868479e-18	0.912655471392	456508140.391	4275759.34363	-11842108.1913	3151027.60293	9637.7603022	13579034.6998	-8858808.33939	13783948.1574	9230.08357329	556339019.0185201	3840135.607932908	-10796103.758486774	3840105.9048210466	8655.844153703596	12379608.866167573	-10796085.119069396	12379609.300507303	8414.797293437377	557097188.83	0.19885085874516517	0.0	0.0	0.0	-0.10637449437831649	0.0	0.0	0.0	-0.09139682843077618	0.198679287394
640	2250.0	nan	nan	1	1	5.0	5.0	5.0	1.225	-2.01117385414e-19	-4.82254238052e-17	6.63015039463e-19	0.897126254694	-1.04472726077e-16	2.74756312266e-19	-2.54882801741e-18	0.910920903421	455582787.867	4310094.51054	-11901768.5434	3156442.41511	11689.5145845	13388468.0415	-8850238.16658	13594328.6076	11069.881665	557484854.3462024	3862513.732187221	-10829835.12337135	3862456.806760399	10475.619616881944	12182634.951708663	-10829807.153876534	12182628.663551493	10072.872181140008	558229136.168	0.20294084399669038	0.0	0.0	0.0	-0.10855867466077353	0.0	0.0	0.0	-0.09329920939828767	0.202771338452
650	2300.0	nan	nan	1	1	5.0	5.0	5.0	1.23	-2.65957757526e-18	-1.50829568731e-17	1.61100372612e-18	0.895176714977	-7.13045040493e-17	-8.15851546884e-19	5.04441207314e-18	0.909196853116	454630155.169	4344392.98288	-11954163.8817	3161740.45952	20513.1252399	13202962.1353	-8836321.06786	13409709.2987	20012.2618956	558587917.937587	3884776.7711080723	-10856886.982807688	3884718.1610418893	18342.933696104643	11991057.606352353	-10856873.727808798	11991025.534795772	18175.329351431043	559312353.086	0.20701416938432612	0.0	0.0	0.0	-0.11073413329567947	0.0	0.0	0.0	-0.09519364816679968	0.206846725606
660	2350.0	nan	nan	1	1	5.0	5.0	5.0	1.235	3.92933290275e-18	-3.48062778686e-17	8.70485171981e-19	0.893239111435	5.74685120235e-17	3.05381847265e-18	2.69787934634e-18	0.907483108822	453635996.636	4376217.01943	-12001598.1992	3165280.22197	295.165898935	13026427.5419	-8818904.36787	13234060.3651	696.826664268	559630309.8780092	3904750.9841712583	-10879386.218425358	3904863.733495062	263.3665856255087	11808388.676443947	-10879485.360011563	11808306.125078047	631.6697394830326	560361243.289	0.2110709700799406	0.0	0.0	0.0	-0.1129009719821893	0.0	0.0	0.0	-0.0970803258846721	0.210905630972
670	2400.0	nan	nan	1	1	5.0	5.0	5.0	1.24	-2.66201279498e-18	-9.69439796044e-18	-5.88423200546e-19	0.891313372057	6.38308676579e-17	1.47876070723e-18	1.10782645078e-18	0.90577978199	452634029.243	4408353.30831	-12044401.4958	3168860.58222	16286.2730605	12859357.0214	-8798099.69515	13067973.2009	15581.6966848	560653008.1237084	3924931.5412221462	-10897656.556330413	3925094.2327901977	14500.31391622332	11635020.337317744	-10897724.742675018	11634934.091914061	14098.166612519097	561359400.158	0.2151113796169455	0.0	0.0	0.0	-0.1150592050891638	0.0	0.0	0.0	-0.09895906872074593	0.214948094983
680	2450.0	nan	nan	1	1	5.0	5.0	5.0	1.245	1.42672112053e-18	-1.18401177043e-17	4.74550208699e-19	0.889399214061	1.17221418966e-16	-7.37606878381e-19	-2.91961669007e-18	0.904086677016	451592535.588	4445451.19839	-12079071.7095	3175772.27738	8256.80215517	12697092.6728	-8771585.21135	12906698.1628	8282.22682577	561616610.5343081	3949448.237229339	-10908561.05642461	3949503.859554871	7335.54621602964	11466693.301554522	-10908656.736314207	11466628.252714347	7479.645719878692	562319427.088	0.219135529916671	0.0	0.0	0.0	-0.11720908457919407	0.0	0.0	0.0	-0.10083004153144513	0.218974346373
690	2500.0	nan	nan	1	1	5.0	5.0	5.0	1.25	-3.47336447933e-18	1.37789496508e-17	2.36533950521e-19	0.887496595298	1.27031172226e-16	-3.60677216853e-19	1.66952840882e-18	0.902403742387	450528767.271	4478745.38641	-12107030.8386	3179858.36882	7801.66719374	12533234.8991	-8740367.29207	12743803.1647	7185.19398176	562541987.8442329	3970502.49331902	-10913421.777835442	3970454.2258078046	6916.342942554876	11297607.193538938	-10913450.922906833	11297650.988007326	6476.819422025985	563234823.639	0.22314355131420976	0.0	0.0	0.0	-0.11935059392386871	0.0	0.0	0.0	-0.1026932510982274	0.222984468019
700	2550.0	nan	nan	1	1	5.0	5.0	5.0	1.255	3.65865293655e-19	3.30409023878e-18	1.11204838063e-18	0.885605592518	-1.27953855803e-17	-1.1815050823e-18	-6.20565453916e-18	0.900730706517	449455121.159	4506304.6809	-12134744.3412	3179978.04559	12472.0461601	12372570.8892	-8709310.33514	12583815.0336	12492.0430886	563444331.9652609	3986409.028423283	-10918087.101821896	3986472.7782861427	11033.13711260288	11132068.61582657	-10918134.676065056	11132011.129778482	11239.56225908907	564122347.923	0.22713557258374711	0.0	0.0	0.0	-0.12148358265959185	0.0	0.0	0.0	-0.10454894893720404	0.226978569247
