inc	time	elem	node	ip	grain	1_pos	2_pos	3_pos	1_f	2_f	3_f	4_f	5_f	6_f	7_f	8_f	9_f	1_p	2_p	3_p	4_p	5_p	6_p	7_p	8_p	9_p	1_Cauchy	2_Cauchy	3_Cauchy	4_Cauchy	5_Cauchy	6_Cauchy	7_Cauchy	8_Cauchy	9_Cauchy	Mises(Cauchy)	1_ln(V)	2_ln(V)	3_ln(V)	4_ln(V)	5_ln(V)	6_ln(V)	7_ln(V)	8_ln(V)	9_ln(V)	Mises(ln(V))
0	0.0	nan	nan	1	1	5.0	5.0	5.0	1.0	0.0	0.0	0.0	1.0	0.0	0.0	0.0	1.0	1.18248903675e-05	-9.0459308907e-08	-1.23553484501e-08	-9.0459308907e-08	1.18618521506e-05	-1.86874024992e-07	-1.23553484501e-08	-1.86874024992e-07	9.26636088129e-06	1.18248903675e-05	-9.0459308907e-08	-1.23553484501e-08	-9.0459308907e-08	1.18618521506e-05	-1.86874024992e-07	-1.23553484501e-08	-1.86874024992e-07	9.26636088129e-06	2.6022642918e-06	0.0	0.0	0.0	0.0	0.0	0.0	0.0	0.0	0.0	0.0
10	2.5	nan	nan	1	1	5.0	5.0	5.0	1.00025	-1.42171667783e-22	1.00003690059e-19	8.97568512802e-22	0.999928774552	1.49587212727e-21	1.11648703179e-21	6.54816852412e-22	0.999926354273	56126475.8062	1354237.2289	-388462.517715	1353802.32192	12.369239564	322925.238512	-388336.824978	322924.45687	3.63646502573	56134607.79833863	1353998.4704131575	-388393.08983023366	1353998.47016699	12.367058808030022	322867.5237641797	-388393.0899039998	322867.5237470276	3.6358150992551153	56190377.3597	0.0002499687552074404	0.0	0.0	0.0	-7.122798465353838e-05	0.0	0.0	0.0	-7.364843898011938e-05	0.000214942520828
20	5.0	nan	nan	1	1	5.0	5.0	5.0	1.0005	-5.01685041513e-21	1.24766521074e-19	-5.07692440712e-21	0.9998575219	1.14873350475e-19	-9.60263633355e-21	-7.59868790207e-22	0.999852680453	112298128.492	2709428.37436	-777112.371815	2707688.49315	-277.135444007	645832.654295	-776609.580813	645829.526018	-295.985639391	112330679.30074775	2708473.348258131	-776834.6917409883	2708473.34550215	-277.03775861133335	645601.8834750412	-776834.6893724762	645601.8824085429	-295.87987693342836	112442492.741	0.0004998750416509929	0.0	0.0	0.0	-0.00014248825096892687	0.0	0.0	0.0	-0.00014733039959054505	0.000429865335317
30	7.5	nan	nan	1	1	5.0	5.0	5.0	1.00075	-4.40701150853e-21	-2.43192030669e-19	-1.91321705805e-21	0.999783685885	2.1982903805e-19	2.30576595749e-22	2.675102101e-21	0.999775122449	164827185.091	4038585.85635	-1108864.97505	4034686.2926	736.126422449	826498.934749	-1107784.79051	826491.961191	-1080.70423066	164899929.54421565	4036466.8977504387	-1108273.6848291208	4036466.9518285715	735.7401928456949	826058.2131564885	-1108273.6977180054	826058.3187451223	-1080.127956850627	165065607.199	0.0007497188905459742	0.0	0.0	0.0	-0.00021633751427241292	0.0	0.0	0.0	-0.0002249028397475487	0.000646911613274
40	10.0	nan	nan	1	1	5.0	5.0	5.0	1.001	-1.24817418531e-20	1.42805404454e-19	-9.24963700714e-21	0.999688394986	4.56711541802e-19	-2.72349216683e-21	-6.31697154291e-21	0.999662866092	186844151.844	4839531.57812	-1279118.10575	4833190.43186	1979.18860018	698846.543047	-1277409.36654	698828.800112	1628.0550076	186965423.95037794	4836327.371185778	-1278238.5710323376	4836327.437639484	1977.878198597851	698366.00900236	-1278238.4753082348	698366.1123392254	1626.9355402927895	187168188.525	0.0009995003330834232	0.0	0.0	0.0	-0.0003116535729300681	0.0	0.0	0.0	-0.00033719075041182173	0.000882738134743
50	12.5	nan	nan	1	1	5.0	5.0	5.0	1.00125	-1.28452877323e-20	1.01530759174e-19	-9.06843275421e-21	0.999581927629	-8.36412465177e-19	-2.10194865456e-20	-1.2172376304e-20	0.9995379839	196294532.709	5203384.07087	-1535231.91982	5194715.36929	-535.04736371	878401.496926	-1532606.92564	878362.86503	-422.344377006	196467403.45681918	5199290.1166613195	-1533956.5805900015	5199290.200377773	-534.6263954753539	877671.796172481	-1533956.646906771	877671.7806704638	-421.9935294593778	196697982.736	0.0012492194004318981	0.0	0.0	0.0	-0.00041815978761841697	0.0	0.0	0.0	-0.00046212286232305555	0.00112652646553
60	15.0	nan	nan	1	1	5.0	5.0	5.0	1.0015	5.52722085308e-21	-2.61543652944e-19	-2.15664080268e-20	0.999472408199	8.15403628582e-21	-4.79144369821e-21	-2.7081893255e-21	0.999410866157	202946797.073	5324571.34119	-1732431.939	5313790.91833	-1912.1791018	1045600.64038	-1728818.4143	1045536.24075	-1980.50741333	203173623.1172499	5319730.479781497	-1730750.3128998263	5319729.943687184	-1910.440634339072	1044585.7033497832	-1730750.6499785015	1044585.6861016126	-1978.584986894151	203414527.111	0.0014988761237359487	0.0	0.0	0.0	-0.000527731026525708	0.0	0.0	0.0	-0.000589307450531181	0.00137205756579
70	17.5	nan	nan	1	1	5.0	5.0	5.0	1.00175	-7.72710769216e-21	-1.01486592899e-18	-5.42268590317e-22	0.99936101312	1.91364269417e-18	1.12744717491e-21	7.14518613123e-21	0.999283254305	208326411.955	5396741.4713	-1878736.78643	5383870.43387	-6150.91650941	1210970.80245	-1874110.88341	1210876.80163	-5587.55020553	208609134.6131115	5391177.775835157	-1876653.8978529198	5391176.958979838	-6144.575307692253	1209628.242241556	-1876654.265238454	1209628.4650540235	-5581.355487578543	208859681.818	0.001748470534116803	0.0	0.0	0.0	-0.0006391911191253135	0.0	0.0	0.0	-0.0007170026799984913	0.00161833528863
80	20.0	nan	nan	1	1	5.0	5.0	5.0	1.002	-5.34358675709e-22	2.20233901601e-18	-1.50381435362e-21	0.999248266948	-5.1736762337e-19	2.02038864616e-20	-3.06528319594e-20	0.999155711692	212985093.577	5467380.71022	-1996054.49254	5452365.5059	-2919.03982385	1369770.2988	-1990388.62387	1369643.43524	-2913.88928128	213325430.126852	5461078.49939677	-1993568.9835326911	5461078.037061902	-2915.6750674252435	1368064.645758795	-1993569.1375187999	1368064.6570024793	-2910.2608742991333	213579001.427	0.001998002662673058	0.0	0.0	0.0	-0.0007520157449729838	0.0	0.0	0.0	-0.0008446449201101388	0.00186498892975
90	22.5	nan	nan	1	1	5.0	5.0	5.0	1.00225	1.58256194794e-20	-6.20856590472e-19	-1.16660383716e-20	0.99913461709	-1.03205401833e-18	-9.65816083217e-21	-1.20768369433e-21	0.999028288839	217186954.944	5542726.73265	-2092738.61475	5525497.31317	3291.10660139	1520040.44348	-2086011.93357	1519878.93602	3027.02779929	217586498.84197974	5535662.659752247	-2089849.0432184443	5535662.190408367	3286.912164596002	1517941.6311575552	-2089849.4262011098	1517941.886600522	3022.848197837431	217840439.533	0.00224747254047937	0.0	0.0	0.0	-0.0008657575699549821	0.0	0.0	0.0	-0.0009721835783502857	0.00211185614721
100	25.0	nan	nan	1	1	5.0	5.0	5.0	1.0025	-2.96258872289e-20	-1.30965151506e-18	1.49350561524e-20	0.999020327677	-1.53272018013e-18	-1.3441684954e-21	1.61382937509e-21	0.998900940178	221071711.506	5627421.84175	-2174302.07245	5607888.44577	-1016.22619964	1660243.37964	-2166496.45425	1660045.4085	-1191.60480109	221531978.62353292	5619564.60850128	-2171006.7479921337	5619563.963333045	-1014.8073036502273	1657727.1512445714	-2171007.0588468066	1657727.586174813	-1189.7988310295852	221797268.798	0.002496880198587146	0.0	0.0	0.0	-0.0009801525155765417	0.0	0.0	0.0	-0.0010996642311408237	0.00235886843779
110	27.5	nan	nan	1	1	5.0	5.0	5.0	1.00275	-5.71126853937e-21	-7.61687346783e-19	-2.58154797372e-20	0.998905622561	-5.29268826605e-19	3.27728958694e-20	-1.16748271656e-20	0.998773678843	224734254.868	5716284.10541	-2242459.46743	5694368.36795	35.2155009038	1788350.25059	-2233567.6517	1788114.5031	-104.579303477	225256705.48053792	5707606.793931084	-2238759.664053722	5707606.342034545	35.162043821436754	1785399.6758343796	-2238760.1346548614	1785400.1477220578	-104.40675950654587	225528109.947	0.0027462256680252286	0.0	0.0	0.0	-0.0010949767072462526	0.0	0.0	0.0	-0.0012270737040955277	0.00260595016601
120	30.0	nan	nan	1	1	5.0	5.0	5.0	1.003	2.30295354341e-20	-5.57366290857e-19	-3.44673753542e-20	0.998790640087	-1.91355537492e-18	3.48623540967e-20	-2.84310248341e-20	0.99864644153	228223507.061	5805459.0526	-2301534.40292	5781094.45279	71.2592998352	1904866.33047	-2291544.97841	1904591.62503	-32.0535897061	228809552.72251725	5795939.911854417	-2297428.869943583	5795939.4850415345	71.14245682615639	1901468.3836370136	-2297429.341550602	1901468.6892591587	-31.99641173414196	229087892.522	0.002995508979798371	0.0	0.0	0.0	-0.001210091778818742	0.0	0.0	0.0	-0.001354475357733312	0.00285307974323
130	32.5	nan	nan	1	1	5.0	5.0	5.0	1.00325	2.18623835898e-20	-3.60689314369e-19	-2.34134506359e-20	0.998675464926	-3.57299838412e-19	-1.01610866446e-20	1.8505684664e-20	0.998519217341	231575042.519	5892369.055	-2352844.35315	5865501.06074	51.8513552418	2011991.40226	-2341749.94308	2011676.94177	-19.0201281424	232226054.9126707	5881990.842140111	-2348332.829611902	5881990.37601376	51.760029597266325	2008133.4562137204	-2348333.1578307766	2008133.7808932548	-18.983657495415926	232511006.653	0.0032447301648890294	0.0	0.0	0.0	-0.0013254130459362766	0.0	0.0	0.0	-0.001481880101157359	0.00310023423896
140	35.0	nan	nan	1	1	5.0	5.0	5.0	1.0035	1.28477692742e-20	2.34078816424e-18	5.47017124021e-20	0.998560156879	2.44845668111e-18	-1.74684001759e-20	-1.68422244522e-20	0.998391995192	234812937.117	5976571.66331	-2397543.15832	5947151.01375	18.4913350387	2110644.65664	-2385339.43209	2110289.67539	5.43821468595	235530252.19113275	5965318.88158235	-2392626.0308650993	5965318.586298104	18.456519266593077	2106315.930063092	-2392626.253474585	2106316.3892927114	5.42706143740675	235821400.296	0.003493889254255838	0.0	0.0	0.0	-0.001440880691185208	0.0	0.0	0.0	-0.0016092990353330286	0.00334739865408
150	37.5	nan	nan	1	1	5.0	5.0	5.0	1.00375	4.08527960928e-20	1.70905233926e-19	-2.66089268904e-20	0.998444770794	6.60528534542e-20	1.75411920698e-20	-2.54821259503e-20	0.998264755289	237955026.391	6058636.88894	-2437245.01747	6026614.27787	9.45123717927	2201984.14297	-2423926.29447	2201587.66597	22.2558240771	238739949.68008915	6046494.028666275	-2431921.6900051283	6046493.790283764	9.432294790976142	2197174.6623550174	-2431921.9070377243	2197175.193016384	22.20721384763435	239036946.411	0.003742986278834297	0.0	0.0	0.0	-0.0015564398303030782	0.0	0.0	0.0	-0.001736751992023245	0.00359456259366
160	40.0	nan	nan	1	1	5.0	5.0	5.0	1.004	-9.93013781758e-20	1.58939404621e-18	-4.28822837257e-20	0.998329335862	4.7761143871e-18	4.35742203081e-20	7.59930828752e-21	0.998137493377	241013999.996	6138798.31979	-2472918.07208	6104125.82586	17.7084154001	2286916.62168	-2458478.54308	2286477.60385	17.1609499416	241867807.6606151	6125750.206296206	-2467187.6507744864	6125750.0859278	17.670775881446087	2281617.2161393287	-2467187.862137849	2281617.6593263503	17.121183370164136	242170354.901	0.003992021269537457	0.0	0.0	0.0	-0.001672061253622021	0.0	0.0	0.0	-0.0018642432451084058	0.00384171833118
170	42.5	nan	nan	1	1	5.0	5.0	5.0	1.00425	2.43273818152e-20	-2.27578355542e-18	-5.17111313703e-21	0.998213860985	4.89362201056e-18	-5.10866746313e-20	-7.2037505186e-20	0.998010219634	243999216.418	6217490.84601	-2505781.01734	6180119.90378	14.1486996314	2365641.4081	-2490211.86605	2365159.22073	20.706760934	244923156.04691452	6203521.984317634	-2499641.2238555765	6203521.8547139885	14.116911691039306	2359844.9918914707	-2499641.426772421	2359845.4079953977	20.65602416371304	245231005.65	0.004240994257254614	0.0	0.0	0.0	-0.0017877360632741785	0.0	0.0	0.0	-0.0019917626088746263	0.00408885950579
180	45.0	nan	nan	1	1	5.0	5.0	5.0	1.0045	1.34755993591e-20	-1.50033316401e-18	4.23069602226e-20	0.998098359056	9.95195884214e-19	-1.76338362984e-20	1.31124670702e-20	0.99788293584	246918211.359	6294682.39958	-2536077.27147	6254566.46269	16.6033852456	2439502.03507	-2519371.30531	2438975.89447	24.6444188876	247913504.5511317	6279777.917829795	-2529526.3000294436	6279777.755878091	16.564071927364235	2433200.528274168	-2529526.5429282626	2433200.9133985573	24.580759595307217	248226427.434	0.004489905272852001	0.0	0.0	0.0	-0.0019034513586762883	0.0	0.0	0.0	-0.0021193083082251757	0.00433598143192
190	47.5	nan	nan	1	1	5.0	5.0	5.0	1.00475	5.95495594783e-20	-1.66648355698e-18	4.30272729774e-20	0.997982838364	-1.91061598861e-18	-3.50608774437e-20	4.18569933564e-20	0.997755645139	249776789.628	6370149.99625	-2563987.33776	6327245.81771	16.3474932422	2509639.48875	-2546138.92851	2509068.44164	18.9203779925	250844632.53726786	6354296.126202759	-2557023.9049049965	6354295.9875504365	16.306808009726456	2502823.657090923	-2557024.152893217	2502823.9348329683	18.868992878462475	251162416.736	0.00473875434717347	0.0	0.0	0.0	-0.002019198846582317	0.0	0.0	0.0	-0.0022468772000935806	0.0045830804031
200	50.0	nan	nan	1	1	5.0	5.0	5.0	1.005	-2.85939794147e-20	-1.26314491363e-18	7.98605658292e-20	0.997867295029	-3.36708831423e-18	-8.49018180724e-21	-8.08602135995e-20	0.997628361208	252579526.598	6443684.9625	-2589849.62439	6397952.56905	24.8446597845	2575729.05328	-2570853.44619	2575112.50692	12.1880845439	253721090.28581378	6426869.040285254	-2582472.4522243896	6426868.888704074	24.779823302134407	2568392.103482196	-2582472.7289576507	2568392.300723919	12.153366853265345	254043487.672	0.004987541511038968	0.0	0.0	0.0	-0.0021349824249141548	0.0	0.0	0.0	-0.002374455581766175	0.00483015288016
210	100.0	nan	nan	1	1	5.0	5.0	5.0	1.01	-1.11209470274e-19	1.2329602659e-17	3.69328647181e-20	0.995557050375	6.42351571453e-18	-7.43139062318e-20	-1.16721801876e-19	0.995084863984	299861979.825	7632550.91957	-2935915.16347	7523409.68225	4541.32976896	3492439.54655	-2892558.45048	3490786.95299	1914.9190804	302687949.57042205	7594308.166068797	-2919819.306598269	7594312.062594656	4518.575521166312	3473292.601238406	-2919818.6008754983	3473296.4303095522	1904.4207309168235	303072332.386	0.009950330853168092	0.0	0.0	0.0	-0.004452848857762009	0.0	0.0	0.0	-0.004927255024386296	0.00976409759772
220	150.0	nan	nan	1	1	5.0	5.0	5.0	1.015	2.65892244821e-19	-1.02205510045e-17	-1.25320757934e-19	0.993257764475	1.76469983963e-17	2.9675931656e-20	1.4855502057e-19	0.992546630527	336285565.446	8563522.8188	-3154266.30064	8380085.36939	-3068.5007727	4138490.21542	-3084492.22001	4135527.45916	-2239.69196805	341110696.5328063	8500324.352423187	-3128746.2719878457	8500325.470603703	-3045.85535596968	4105007.1867826427	-3128749.484748805	4105007.426854564	-2221.571429785669	341547933.807	0.014888612493750559	0.0	0.0	0.0	-0.00676506707660431	0.0	0.0	0.0	-0.007481284625712853	0.0146803504624
230	200.0	nan	nan	1	1	5.0	5.0	5.0	1.02	2.21747269891e-19	-1.79567676095e-18	1.48532273103e-19	0.990972894892	3.34587278588e-18	1.83548069203e-19	9.92682909513e-20	0.990016119355	365071054.05	9341267.54351	-3299249.12055	9075440.46869	5702.27952917	4726856.37544	-3202258.56435	4722287.13043	4684.6784665	372111728.03987217	9250460.932676805	-3264022.6367402747	9250467.266749391	5646.84757888537	4676387.155476224	-3264016.5655192095	4676381.701889578	4634.659585195753	372582330.159	0.01980262729617973	0.0	0.0	0.0	-0.009068096295626205	0.0	0.0	0.0	-0.010034053809286516	0.0195770801025
240	250.0	nan	nan	1	1	5.0	5.0	5.0	1.025	-3.07512664523e-20	-2.00704523026e-17	-1.52869181054e-20	0.988704751226	-1.68057755657e-17	-2.58973706178e-19	3.27166475877e-19	0.98749413593	388210309.391	10000309.4919	-3417725.42974	9646206.12431	6413.84483642	5294750.27591	-3292659.64659	5288265.55324	6765.72304688	397617891.4448922	9879956.90233069	-3372459.036716915	9879964.665564517	6336.654941868735	5224623.446860815	-3372451.360131633	5224621.8775939485	6676.113777551217	398125187.363	0.024692612590371414	0.0	0.0	0.0	-0.011359524562124352	0.0	0.0	0.0	-0.01258472052322582	0.0244533899603
250	300.0	nan	nan	1	1	5.0	5.0	5.0	1.03	1.48521933345e-19	-4.1753701659e-17	-5.21980538228e-19	0.986454072892	2.0458208104e-17	8.77605542694e-20	-2.19851371927e-19	0.984981926184	407046583.825	10571302.6902	-3511990.88265	10124377.2179	-5897.81376091	5825237.44717	-3358472.29814	5816548.0866	-7247.47641546	418927608.41142744	10419887.30682539	-3456521.6767484164	10419891.243635815	-5813.337915514968	5733232.283666024	-3456500.616108127	5733236.229560295	-7133.008076848406	419482942.829	0.02955880224154443	0.0	0.0	0.0	-0.013638510211930197	0.0	0.0	0.0	-0.01513198703017046	0.0293087204389
260	350.0	nan	nan	1	1	5.0	5.0	5.0	1.035	1.14733259684e-19	7.96429346101e-18	9.95346431085e-21	0.984220574308	8.27893311369e-18	6.92184736584e-21	-5.80482266665e-19	0.982481315876	422569351.061	11061758.2058	-3559832.52382	10519052.4406	7136.74538523	6327465.6761	-3379181.06363	6316278.61659	6132.83654567	436999817.01161534	10878261.922161963	-3494594.4065983463	10878271.176402029	7018.358576271059	6211507.426735382	-3494577.878749793	6211501.995097861	6020.445103996689	437573464.661	0.03440142671733232	0.0	0.0	0.0	-0.015905246168066392	0.0	0.0	0.0	-0.017673952339646262	0.0341426249145
270	400.0	nan	nan	1	1	5.0	5.0	5.0	1.04	7.8717815813e-19	-1.69303026438e-17	1.66620645148e-19	0.982004187739	5.50246499171e-17	2.54374581972e-20	-6.53141811672e-20	0.979993065904	435461017.849	11474298.8328	-3572634.1436	10834444.6015	7305.86221392	6789303.11759	-3366478.74457	6775384.51191	6141.17456927	452494120.69662374	11258222.155628871	-3498177.686987571	11258235.025051126	7168.282876476126	6647808.793602465	-3498158.909591072	6647794.792204835	6013.187745126441	453094360.211	0.03922071315328133	0.0	0.0	0.0	-0.018159706136763893	0.0	0.0	0.0	-0.020209782950714683	0.0389549574652
280	450.0	nan	nan	1	1	5.0	5.0	5.0	1.045	2.22385853324e-19	-1.26537788769e-17	-8.93983718823e-20	0.979804767554	4.8846246016e-17	-1.54901150229e-19	3.1370659295e-19	0.97751794109	446247930.349	11841586.9193	-3568934.93304	11102825.366	5960.21194983	7209288.66061	-3338445.02117	7192448.60493	5230.68255578	465920618.1931639	11592280.455841526	-3485642.0920231654	11592289.636327842	5834.72882220552	7041036.185986942	-3485619.2315579713	7041022.623131952	5108.6073656456165	466546079.319	0.04401688541677426	0.0	0.0	0.0	-0.020401943945450737	0.0	0.0	0.0	-0.022738633234783624	0.0437455901617
290	500.0	nan	nan	1	1	5.0	5.0	5.0	1.05	-4.84661664507e-20	-1.19989628517e-17	6.71257067087e-20	0.977621824868	4.66885089922e-17	-5.87708516496e-19	-1.62643560763e-19	0.975056787344	455334422.823	12165112.3968	-3554767.68953	11326562.856	5824.3711865	7594314.64032	-3301031.36643	7574375.77636	5041.77888912	477671891.00597465	11882201.611913128	-3462988.3985095504	11882213.219198465	5688.920122005576	7398239.713812791	-3462970.985801353	7398226.758905644	4911.606981321861	478319046.998	0.04879016416943205	0.0	0.0	0.0	-0.022632365867195605	0.0	0.0	0.0	-0.025259566250628723	0.0485144710461
300	550.0	nan	nan	1	1	5.0	5.0	5.0	1.055	-4.01434059994e-19	-6.5093582024e-17	1.48538476957e-19	0.975455200118	1.15789271541e-17	2.73207830159e-19	-7.31095312599e-20	0.972609899137	463024371.15	12446108.2503	-3533887.11871	11507698.3948	-8542.89332823	7955270.03242	-3257879.61042	7932064.92136	-8393.91880277	488042717.6756921	12129486.87391671	-3433941.44219718	12129487.665717207	-8325.567350544101	7730278.452744807	-3433910.865168078	7730278.044494128	-8156.521323689581	488722578.611	0.05354076692802976	0.0	0.0	0.0	-0.024851045019175958	0.0	0.0	0.0	-0.027772203049647434	0.0532616360395
310	600.0	nan	nan	1	1	5.0	5.0	5.0	1.06	4.6785335446e-20	8.48700543369e-19	-6.0594288592e-20	0.973304501125	2.05412504201e-17	-2.90995522051e-19	4.39173348262e-19	0.970177873064	469575836.018	12690075.1401	-3497036.10427	11652145.1173	-3311.26226109	8283143.38697	-3200666.30658	8256543.88641	-3449.40815341	497285324.84890926	12339767.100939225	-3389577.116506074	12339733.703037154	-3219.8552538795984	8028614.072050885	-3389536.389899719	8028622.958664384	-3343.4127054083374	497976515.398	0.058268908123975824	0.0	0.0	0.0	-0.027058294958513095	0.0	0.0	0.0	-0.030275850002936193	0.0579870836923
320	650.0	nan	nan	1	1	5.0	5.0	5.0	1.065	4.52560439295e-19	5.47955672095e-17	7.10060109622e-19	0.971169665619	-4.84866408252e-17	-4.60177118376e-19	-4.16435807584e-20	0.967760614284	475163178.815	12906918.461	-3452893.48117	11769753.6383	-5431.08028834	8580801.05267	-3137581.45085	8550691.9461	-5067.16619579	505568174.09851086	12522902.962749898	-3338400.7122787754	12522882.920651073	-5269.491059333874	8296274.559981315	-3338350.688594046	8296285.889535333	-4899.146564905983	506275327.488	0.06297479916138839	0.0	0.0	0.0	-0.029254093082525606	0.0	0.0	0.0	-0.03277052158246106	0.0626909532341
330	700.0	nan	nan	1	1	5.0	5.0	5.0	1.07	-2.00760043389e-19	-1.85003377686e-17	7.65024606965e-19	0.969050629435	-1.35824591828e-16	8.50182851027e-19	1.10136782456e-18	0.965358126101	479939106.646	13110066.1671	-3395099.69598	11873173.2159	-5578.79757101	8852673.74805	-3063015.8593	8818953.49198	-5308.98813115	513039984.8734048	12692075.568365231	-3274328.7849931656	12692053.059926283	-5400.92776416167	8537765.330342222	-3274268.731931783	8537777.210842878	-5120.136141390618	513760190.2	0.06765864847381486	0.0	0.0	0.0	-0.03143841929738365	0.0	0.0	0.0	-0.035256131358768046	0.0673733473089
340	750.0	nan	nan	1	1	5.0	5.0	5.0	1.075	7.53991671954e-20	-2.30324669622e-17	9.95495323595e-19	0.966946531724	4.16349251404e-17	-7.443302024e-20	-2.22213799756e-19	0.962971142029	484022580.211	13301817.6525	-3323615.89228	11964842.2344	2675.79913105	9109250.46992	-2977209.60419	9071756.24625	2975.72239462	519816295.52987975	12849589.486886265	-3197421.5867308425	12849648.386597957	2584.8287265389336	8763381.52044392	-3197375.7645591223	8763339.472444238	2862.737250347343	520540629.566	0.07232066157962608	0.0	0.0	0.0	-0.03361207800067689	0.0	0.0	0.0	-0.03773183437341757	0.0720343584272
350	800.0	nan	nan	1	1	5.0	5.0	5.0	1.08	5.24750145714e-19	3.24127480481e-17	2.05534529885e-19	0.96485727101	-6.00209928705e-17	-5.89931977983e-19	5.67406195542e-19	0.960599555525	487507637.451	13486870.6411	-3244142.75268	12049045.397	2121.44350883	9346137.81131	-2885446.38272	9304852.9954	2283.25795984	525988160.3319978	13000050.972726796	-3113243.763988776	13000114.737200938	2044.8682636948247	8969027.406208796	-3113203.810547599	8968986.687342003	2191.1300293975683	526724528.517	0.0769610411361284	0.0	0.0	0.0	-0.0357750942713952	0.0	0.0	0.0	-0.04019765245712055	0.0766741369288
360	850.0	nan	nan	1	1	5.0	5.0	5.0	1.085	-1.31145846526e-18	1.83906734717e-17	6.28399185189e-19	0.962783150053	-5.79144484004e-17	3.77114949985e-19	-1.51407139322e-20	0.958242904177	490478313.152	13655415.3991	-3159855.88178	12117302.6747	5536.26269537	9574718.0365	-2790660.52828	9529534.08872	5624.74987981	531637634.02503794	13134077.234147545	-3024886.308303703	13134146.713529373	5324.89856253691	9165745.077640167	-3024843.5472865966	9165714.33886511	5384.495222448488	532381326.065	0.08157998699242285	0.0	0.0	0.0	-0.03792707420995327	0.0	0.0	0.0	-0.04265397972984425	0.081292831173
370	900.0	nan	nan	1	1	5.0	5.0	5.0	1.09	-5.08087419455e-20	5.21356719969e-18	-9.61308776059e-19	0.960723700633	-6.80345598262e-17	-1.86958700305e-18	-1.19008129089e-19	0.955901360051	492990390.907	13814613.6512	-3071007.11267	12176228.0587	2315.43071029	9805183.82438	-2693150.32092	9755937.36939	2655.07458383	536817753.3171678	13258645.722074239	-2932620.186417306	13258707.493919194	2222.246402024407	9363338.78755139	-2932574.2068964853	9363310.515473658	2535.4305722248214	537575054.962	0.08617769624105241	0.0	0.0	0.0	-0.040068423700038734	0.0	0.0	0.0	-0.04510055111711424	0.0858906065695
380	950.0	nan	nan	1	1	5.0	5.0	5.0	1.095	1.06710269486e-18	2.060190592e-17	-3.04892156342e-19	0.958678847426	8.41023248494e-17	-7.25404309985e-19	1.16533204696e-19	0.953574789986	495113381.446	13966949.7171	-2985275.45879	12228205.6059	-164.308661453	10037016.1387	-2599671.81305	9983535.82543	152.98215209	541597633.655299	13376198.023526983	-2843787.5364821046	13376263.838120924	-157.35899656554346	9561309.096170967	-2843744.7966286144	9561268.199629152	145.73152240835284	542368223.147	0.09075436326846412	0.0	0.0	0.0	-0.042199142951920975	0.0	0.0	0.0	-0.047537419696261865	0.0904676114547
390	1000.0	nan	nan	1	1	5.0	5.0	5.0	1.1	-1.32400514079e-18	-5.78570089787e-17	-5.57249658391e-19	0.956648113849	7.1806079903e-17	3.82408905906e-19	-3.9139539608e-19	0.951263438342	496896842.881	14096560.3975	-2900224.93867	12259562.6087	748.655879194	10261237.9851	-2508029.62048	10203427.1558	1242.75507997	546025861.5516909	13471615.10711914	-2756048.005421354	13471685.987881076	715.4655864832384	9751127.957322402	-2756002.687358021	9751076.825864742	1180.974831886404	546804993.672	0.09531017980432493	0.0	0.0	0.0	-0.044319652273828704	0.0	0.0	0.0	-0.04996424287107307	0.0950239844494
400	1050.0	nan	nan	1	1	5.0	5.0	5.0	1.105	-5.80217568869e-19	2.22925836828e-17	-4.75279368409e-19	0.954631042957	2.51121446059e-17	8.27604129027e-19	1.96458704204e-19	0.948967475274	498372171.538	14212431.5444	-2805097.49242	12278458.2924	1415.04425799	10471150.8575	-2408951.67311	10408973.1758	1895.93646772	550131994.5423002	13553603.61085434	-2659194.6549660577	13553671.605412703	1349.4488191341563	9926510.02927713	-2659140.025002315	9926457.410195725	1797.3222444995067	550918689.381	0.09984533496971612	0.0	0.0	0.0	-0.046430355604283095	0.0	0.0	0.0	-0.05238075358966613	0.0995598836292
410	1100.0	nan	nan	1	1	5.0	5.0	5.0	1.11	1.36848760541e-19	1.62993253021e-16	1.34630427574e-18	0.952627591343	7.0346986242e-17	-5.55230096925e-19	1.08512861477e-19	0.946686659197	499572334.06	14314232.8711	-2696273.47606	12284871.0636	-662.896663832	10671952.0024	-2299510.54605	10605332.6702	-425.680324689	553947958.8114947	13621936.217224918	-2549868.622042727	13622009.83917235	-630.8361862374676	10092476.074285375	-2549799.271103982	10092414.067650583	-402.56632444107476	554743783.446	0.10436001532424286	0.0	0.0	0.0	-0.04853122678646036	0.0	0.0	0.0	-0.05478711784792525	0.104075483381
420	1150.0	nan	nan	1	1	5.0	5.0	5.0	1.115	-1.87387510734e-18	2.78175943092e-17	-1.34743751318e-18	0.95063764603	-1.55075083151e-16	-1.25681160527e-18	-5.56156539211e-19	0.94442081698	500525990.109	14395109.9938	-2576923.09638	12273187.721	-8284.23402593	10855929.415	-2182630.14689	10784871.8084	-8334.72457063	557501542.6208475	13670190.57434296	-2431149.029419357	13670261.33017126	-7867.050543255292	10241819.904442504	-2431081.8976592086	10241759.389416663	-7863.237198979557	558309751.582	0.10885440491208208	0.0	0.0	0.0	-0.050622313198416126	0.0	0.0	0.0	-0.05718343146818072	0.108570954784
430	1200.0	nan	nan	1	1	5.0	5.0	5.0	1.12	-1.31329811494e-18	7.06277247244e-18	8.79228471056e-19	0.94866102016	-1.04674478737e-16	-1.65560530475e-18	-6.16163529568e-19	0.942169925589	501267190.156	14456339.4164	-2452864.71615	12244860.5257	-9183.05824726	11023273.3892	-2063328.00389	10947780.1893	-9090.29955527	560827093.197462	13699700.613380197	-2308577.8120275396	13699778.62125688	-8702.420791254437	10374842.19764222	-2308489.90211074	10374777.919530474	-8555.573293466869	561639256.038	0.11332868530700327	0.0	0.0	0.0	-0.052703741063137514	0.0	0.0	0.0	-0.05956963257502435	0.113046436279
440	1250.0	nan	nan	1	1	5.0	5.0	5.0	1.125	4.07316968511e-19	5.45573921326e-17	-2.25680182831e-18	0.946697827846	-7.6696292275e-17	1.88488653566e-18	-2.15027254594e-19	0.939933639002	501821403.867	14507954.3598	-2344927.48035	12208561.5738	7396.38724487	11175227.798	-1959193.82935	11095464.4516	7419.55087859	563950008.7018821	13720074.371022582	-2201737.366690567	13720057.280790562	6994.713421326572	10492826.251694262	-2201754.187040296	10492905.731686344	6966.485126019827	564748885.194	0.11778303565638346	0.0	0.0	0.0	-0.054775320298007066	0.0	0.0	0.0	-0.061946003016542274	0.117502087209
450	1300.0	nan	nan	1	1	5.0	5.0	5.0	1.13	-7.23869062768e-19	5.60395409717e-17	4.44030552818e-19	0.944747700678	3.15913643173e-17	-7.72679336353e-19	3.77194359324e-20	0.937711853103	502190362.276	14553035.8917	-2251823.33247	12167171.7969	264.576218838	11316424.2578	-1868592.08843	11232194.7892	-44.9449750722	566869543.984733	13734275.38736534	-2109308.1355003966	13734232.367251126	249.69103886747374	10600221.343993725	-2109255.821360505	10600266.335313926	-42.100461524955264	567677103.756	0.12221763272424911	0.0	0.0	0.0	-0.05683737054433321	0.0	0.0	0.0	-0.06431257002324718	0.121938134897
460	1350.0	nan	nan	1	1	5.0	5.0	5.0	1.135	9.17442560995e-20	-1.21170180687e-17	1.32632786395e-18	0.942810460422	-8.06700944075e-18	-1.54260581563e-18	-1.47590197103e-18	0.935504498303	502386299.793	14591746.1358	-2164481.23191	12120963.8951	-12687.8214723	11449379.108	-1783980.16083	11360576.8208	-12676.973538	569596766.3433161	13742492.975309657	-2022709.7623992024	13742536.057328295	-11949.37849331679	10699455.626475958	-2022645.3851310927	10699380.711693708	-11846.64378464575	570417660.092	0.126632650933366	0.0	0.0	0.0	-0.058890012922313176	0.0	0.0	0.0	-0.06666932483166473	0.126354730231
470	1400.0	nan	nan	1	1	5.0	5.0	5.0	1.14	-1.31912146645e-18	1.01927709708e-16	-1.21173357061e-18	0.940886248397	1.62550916534e-19	-1.5881867761e-22	-1.71150947927e-18	0.933311337045	502453842.309	14621810.1371	-2076587.57238	12067950.7048	-8347.70607714	11567254.3001	-1700024.28054	11474091.5086	-8590.73445542	572179783.7648612	13742626.63912306	-1936013.039887444	13742630.353916163	-7845.773323249192	10784209.372408645	-1935938.0769471475	10784174.746307857	-8009.184947996998	572996943.109	0.131028262406404	0.0	0.0	0.0	-0.060933030447675805	0.0	0.0	0.0	-0.06901643921645413	0.130751980736
480	1450.0	nan	nan	1	1	5.0	5.0	5.0	1.145	2.09111258853e-21	3.57474373521e-17	-1.14670393957e-18	0.938975283408	8.79651656657e-18	1.91821198818e-18	1.6053127235e-18	0.931131806547	502391190.128	14652382.8585	-1985222.65283	12015869.1001	3802.41495296	11675969.7694	-1614407.11598	11578552.028	3528.88597925	574614647.7397879	13743318.43727885	-1846501.1181931035	13743263.269569328	3566.5051912621825	10860087.257442854	-1846493.319321749	10860194.488508958	3282.297780237507	575420497.334	0.13540463700620298	0.0	0.0	0.0	-0.06296612236951218	0.0	0.0	0.0	-0.07135443648744522	0.135130090786
490	1500.0	nan	nan	1	1	5.0	5.0	5.0	1.15	1.52148293151e-19	3.37895206945e-17	1.09231515993e-18	0.937077104488	2.63226076271e-18	8.72205707656e-19	-1.52999296565e-18	0.928966012427	502200638.639	14684849.0125	-1885195.85276	11965908.0312	5557.20762299	11776103.9292	-1522870.50903	11674296.015	5486.24680787	576902085.2382302	13745856.956113873	-1749376.581371194	13745815.444751766	5201.863566729456	10927692.421652295	-1749394.7729499878	10927807.493895417	5090.989178264467	577706110.628	0.13976194237515863	0.0	0.0	0.0	-0.06498971145474884	0.0	0.0	0.0	-0.07368312595380397	0.139489236857
500	1550.0	nan	nan	1	1	5.0	5.0	5.0	1.155	-2.4786301619e-19	-4.70708384888e-17	-1.30019557404e-19	0.935191526026	-2.66524740205e-17	4.8910858748e-19	-5.24895729502e-20	0.926813899436	501896717.044	14710200.5061	-1792072.75331	11910659.1801	-1412.78210195	11862494.2807	-1437980.0779	11756293.9203	-1937.17429081	579056916.9423316	13741814.124751579	-1659102.0108867008	13741770.665885719	-1319.777322934977	10982304.194341404	-1659051.1199942147	10982365.997099577	-1793.4370997966548	579866638.997	0.14410034397375687	0.0	0.0	0.0	-0.06700393000091649	0.0	0.0	0.0	-0.0760024893028817	0.143829564088
510	1600.0	nan	nan	1	1	5.0	5.0	5.0	1.16	-1.01614836913e-18	8.92826195361e-17	-7.94688958092e-20	0.933318355417	2.21782871744e-16	-2.27081592225e-18	3.75315004972e-19	0.924675493479	501502038.647	14719325.9041	-1707725.94998	11842950.4588	11436.7596809	11937437.7802	-1361307.71651	11827062.4479	12317.7279293	581103575.9120238	13722732.077084942	-1577358.3949588663	13722737.557606915	10662.416876531088	11026135.485683821	-1577382.9835563411	11026293.61486427	11377.39433913749	581898354.969	0.14842000511827322	0.0	0.0	0.0	-0.06900891938321821	0.0	0.0	0.0	-0.07831242088123413	0.148151188055
520	1650.0	nan	nan	1	1	5.0	5.0	5.0	1.165	-2.59342959604e-18	-1.80910355666e-18	-1.26843183851e-18	0.931457333394	3.10209405669e-17	-1.27136998405e-18	8.67758784682e-19	0.922550589635	500999535.097	14719314.9301	-1624124.18282	11768593.4649	-5143.88586297	12002127.5152	-1286071.95105	11887403.5118	-5631.65539653	583020956.7926136	13695297.83208244	-1496684.776665555	13695295.387211995	-4786.027695049031	11060362.08906661	-1496621.946485723	11060401.405728852	-5189.758879630575	583828443.699	0.15272108701766393	0.0	0.0	0.0	-0.07100489418277513	0.0	0.0	0.0	-0.08061306485835995	0.152454334175
530	1700.0	nan	nan	1	1	5.0	5.0	5.0	1.17	2.65219250675e-18	6.79540652264e-17	3.48805520701e-19	0.929608333115	1.41545875871e-16	8.67467617107e-19	-2.99770253989e-18	0.920439248097	500427721.231	14707972.4171	-1546482.54023	11686031.8182	-6617.31826117	12061715.3278	-1216543.27876	11942747.9567	-8171.29765716	584852327.1992633	13657519.083201012	-1421867.5778060337	13657522.584453352	-6144.704917072337	11089786.991564903	-1421780.0843870055	11089788.823295232	-7512.857665751798	585657605.516	0.1570037488096647	0.0	0.0	0.0	-0.07299192873039177	0.0	0.0	0.0	-0.0829042792952786	0.156739081371
540	1750.0	nan	nan	1	1	5.0	5.0	5.0	1.175	3.77856103814e-19	-6.39028654584e-17	2.30009149849e-19	0.927771018075	-1.63311181544e-16	7.14842867923e-19	-2.02279408738e-18	0.918341542465	499787200.133	14693469.3721	-1478568.51578	11601851.5018	1956.61111492	12122392.1285	-1155518.69705	11999230.8861	1563.74671167	586597350.2743027	13617025.625471415	-1356321.9362612478	13617026.10115016	1813.269760612769	11120124.761463309	-1356225.6210274429	11120167.084039692	1434.4576833326523	587390251.702	0.16126814759612232	0.0	0.0	0.0	-0.07497032440718354	0.0	0.0	0.0	-0.08518590693984683	0.161005572559
550	1800.0	nan	nan	1	1	5.0	5.0	5.0	1.18	-5.54594822215e-19	-1.4398395433e-17	4.23688527195e-19	0.925945266309	3.84128382789e-17	-1.38458123141e-18	-1.90297201257e-18	0.916257201178	499062394.51	14676661.2365	-1421623.81613	11516870.2712	498.471546495	12185874.4035	-1103786.0692	12058338.3796	260.775911896	588236717.2150877	13574625.650436979	-1301120.0442498247	13574747.437290583	461.04250360721676	11152940.224557152	-1301014.6646922792	11152906.429582618	238.67127307211214	589027233.37	0.16551443847757333	0.0	0.0	0.0	-0.07694015374055176	0.0	0.0	0.0	-0.0874581664091596	0.165254011013
560	1850.0	nan	nan	1	1	5.0	5.0	5.0	1.185	1.27496987407e-18	3.71434535283e-18	1.03953441941e-19	0.924131042366	1.90734773184e-16	-3.71847463845e-19	-1.72472451673e-18	0.914186137939	498279107.633	14661630.3172	-1374127.05251	11433962.4939	4629.78816447	12244331.0945	-1059977.55584	12112694.4093	4400.80929388	589799618.779521	13534096.93990427	-1254801.3593669932	13534074.812160425	4273.740400866902	11181064.570305685	-1254667.0104614203	11181183.5922903	4018.6542242863716	590582754.236	0.16974277458709455	0.0	0.0	0.0	-0.07890139665363922	0.0	0.0	0.0	-0.08972107625020773	0.169484498963
570	1900.0	nan	nan	1	1	5.0	5.0	5.0	1.19	-6.53697677044e-19	-4.12336697515e-17	-1.26334964083e-18	0.922328311613	4.06252353975e-17	-1.541599964e-18	1.40199834638e-18	0.912128043464	497429716.621	14648524.5385	-1330090.48172	11353538.3845	5600.91902522	12299391.3921	-1019446.94175	12163533.0473	6280.88941867	591276173.0750768	13495566.301619029	-1211849.4898282376	13495528.116915774	5160.081061829804	11206012.965704296	-1211778.6015391895	11206163.888406234	5722.537483194429	592054560.29	0.17395330712343798	0.0	0.0	0.0	-0.0808540324610842	0.0	0.0	0.0	-0.09197490022766962	0.173697224101
580	1950.0	nan	nan	1	1	5.0	5.0	5.0	1.195	4.71215016469e-19	-1.49093786464e-16	-7.17145738749e-19	0.920537026786	-2.28189670139e-16	9.32477395809e-19	3.33217467494e-18	0.910082792191	496530896.874	14631888.7536	-1293759.75975	11271261.6369	10275.50532	12355698.5806	-985199.117127	12215490.5834	9492.43532292	592685241.8123682	13454004.928206217	-1176100.6009702801	13453967.257332113	9448.31535717041	11232026.979150526	-1175985.181675254	11232129.581977896	8629.159164847633	593456602.369	0.17814618538347404	0.0	0.0	0.0	-0.08279805447269212	0.0	0.0	0.0	-0.09421970318003932	0.177892306764
590	2000.0	nan	nan	1	1	5.0	5.0	5.0	1.2	1.49421905852e-19	-3.54412349417e-17	-3.76267917038e-18	0.918757050983	-2.56622925052e-17	4.02128891709e-19	1.06321825471e-18	0.908050236165	495577398.643	14613842.2914	-1265767.37334	11188747.7377	17726.4164896	12408606.8598	-957752.011879	12264158.5788	17026.5507948	594019813.2043418	13411374.64038622	-1148079.509508458	13411301.361478938	16267.837563393152	11254885.832371516	-1148001.649692428	11255029.44877041	15443.464965867843	594780858.599	0.1823215567939546	0.0	0.0	0.0	-0.08473355394522028	0.0	0.0	0.0	-0.0964555757383725	0.182069905738
600	2050.0	nan	nan	1	1	5.0	5.0	5.0	1.205	-1.88560121971e-18	5.496365031e-17	2.90444950636e-18	0.916988112034	-1.72925217253e-16	2.33055821481e-18	-8.30416543109e-19	0.906030347558	494570560.068	14602495.0469	-1245460.05392	11112327.114	10486.3353476	12459555.0916	-936399.723052	12310818.5998	10685.289904	595280711.718668	13375107.338972	-1127143.083610708	13375147.10209007	9604.9243924483	11275914.712930335	-1127080.2158440582	11276053.830122251	9670.20224676153	596044955.03	0.18647956694261839	0.0	0.0	0.0	-0.086660770785714	0.0	0.0	0.0	-0.09868247729925987	0.186230178362
610	2100.0	nan	nan	1	1	5.0	5.0	5.0	1.21	-2.78237088283e-18	-8.69316266514e-17	5.00199425133e-19	0.915229997729	-1.66613445368e-16	5.53112514557e-19	4.86871891104e-19	0.904023134301	493518957.732	14602108.5687	-1228781.35727	11044910.8225	-5611.11583423	12507712.9819	-917976.120656	12354563.6819	-6545.02038137	596477477.1735287	13349059.181511613	-1109580.9636786673	13349113.422688344	-5129.609671992184	11294377.263914902	-1109485.404716258	11294382.655457808	-5910.1075867489	597254503.802	0.1906203596086497	0.0	0.0	0.0	-0.0885798816549111	0.0	0.0	0.0	-0.10090032787647644	0.19037324704
620	2150.0	nan	nan	1	1	5.0	5.0	5.0	1.215	-1.68580732327e-18	-1.98266272513e-16	-1.14680320124e-19	0.913482556742	1.51014539551e-16	3.44742409533e-19	1.36352452173e-19	0.902028657441	492443745.199	14610153.8397	-1210133.79201	10984464.9482	8207.51163618	12549584.4985	-898361.216603	12392340.5744	8935.08251808	597635010.8647349	13330860.251353212	-1090327.2133575224	13330864.474698452	7488.845896748286	11307141.066044372	-1090260.8078167965	11307243.044601148	8050.48473762245	598396673.702	0.19474407679251185	0.0	0.0	0.0	-0.0904909983195666	0.0	0.0	0.0	-0.10310898842530926	0.194499191777
630	2200.0	nan	nan	1	1	5.0	5.0	5.0	1.22	-5.5493892935e-19	3.17912640928e-18	1.91760318324e-19	0.91174542756	8.71730310414e-17	1.36774645158e-18	2.23368213019e-18	0.900046875913	491328653.945	14618888.0011	-1188182.81748	10925214.6111	7008.62495313	12587863.7072	-876514.775569	12426465.5321	7178.16646265	598733240.2887573	13313412.227239506	-1068193.2837361328	13313469.69575729	6382.750393883029	11316668.841529682	-1068121.1598868952	11316774.445770565	6453.273934060897	599494101.964	0.19885085874516517	0.0	0.0	0.0	-0.09239446432100333	0.0	0.0	0.0	-0.10530843266639078	0.198608203556
640	2250.0	nan	nan	1	1	5.0	5.0	5.0	1.225	5.05149273919e-19	-1.24324319624e-16	1.40269979554e-18	0.910018611104	-6.51988788072e-17	1.67204303788e-18	1.67854467749e-18	0.898077590681	490176986.895	14624488.8414	-1167794.84261	10864141.8193	-650.133085571	12625127.2232	-856006.612924	12459474.2174	-1739.34844672	599775586.1011294	13293236.978360472	-1047563.0945373559	13293253.664216265	-590.9521534533496	11325291.789527183	-1047401.0035132715	11325301.362246802	-1560.2716974262505	600541633.639	0.20294084399669038	0.0	0.0	0.0	-0.09429022791773846	0.0	0.0	0.0	-0.10749881053614561	0.202700411595
650	2300.0	nan	nan	1	1	5.0	5.0	5.0	1.23	1.13801523442e-18	4.58855746978e-17	1.98900541372e-18	0.908301959975	-7.69994771306e-17	-4.21875347292e-19	3.89441926346e-18	0.89612082558	489005020.687	14621343.6311	-1155356.51682	10797209.1364	11681.4500939	12658615.4249	-841616.22112	12488998.3062	11376.7916643	600781424.7366883	13265254.980658332	-1034143.1403967543	13265227.17299133	10598.02833098089	11330546.128403736	-1033992.2311955584	11330678.709470235	10183.203961787884	601533117.561	0.20701416938432612	0.0	0.0	0.0	-0.09617840062646779	0.0	0.0	0.0	-0.10968002512096875	0.206775907261
660	2350.0	nan	nan	1	1	5.0	5.0	5.0	1.235	-1.53440018395e-18	-1.17283252371e-16	-7.35224598217e-19	0.90659504708	1.28770289685e-16	-2.36803942273e-18	1.0032261536e-18	0.894176593578	487795131.758	14611215.2562	-1141499.34473	10725940.5581	-3822.58280607	12686973.3239	-826422.140752	12513282.08	-4269.11346398	601728833.2704946	13231104.02604765	-1019519.1010249937	13231185.138100429	-3461.5184205029186	11331247.536519634	-1019448.5310901217	11331332.404914344	-3812.9174064484923	602491052.249	0.2110709700799406	0.0	0.0	0.0	-0.09805940367142735	0.0	0.0	0.0	-0.11185199134905012	0.210834881401
670	2400.0	nan	nan	1	1	5.0	5.0	5.0	1.24	7.42583196946e-19	2.91692736046e-17	-6.00811057399e-19	0.904897698511	-1.27540397846e-17	-3.60904856957e-18	-9.54549883274e-20	0.892245018086	486569168.08	14598064.6359	-1126457.40432	10653045.1684	943.43334799	12707157.3189	-810477.387182	12529664.1976	1147.1740938	602644185.3755895	13194394.513001785	-1003907.2837465103	13194415.405754244	852.7179527269066	11324713.867771389	-1003823.3344931686	11324880.157881007	1022.3701527234705	603397826.846	0.2151113796169455	0.0	0.0	0.0	-0.09993338199108662	0.0	0.0	0.0	-0.11401450016794314	0.214877393697
680	2450.0	nan	nan	1	1	5.0	5.0	5.0	1.245	3.16110048937e-18	-5.86467613229e-17	3.14053347062e-18	0.903209996389	3.90909940323e-17	1.4924191135e-18	3.71076531514e-19	0.890325780826	485330407.547	14588626.5799	-1108411.69089	10583575.1719	14759.4756034	12721225.874	-792526.417378	12539936.5755	15221.8489189	603531326.6575812	13161218.742270013	-985696.0378322117	13161176.520056535	13315.351234309563	11312819.99588259	-985544.1007887057	11312980.518107079	13536.591404762896	604268456.313	0.219135529916671	0.0	0.0	0.0	-0.10180019846103254	0.0	0.0	0.0	-0.1161678373624878	0.218903590603
