inc	time	elem	node	ip	grain	1_pos	2_pos	3_pos	1_f	2_f	3_f	4_f	5_f	6_f	7_f	8_f	9_f	1_p	2_p	3_p	4_p	5_p	6_p	7_p	8_p	9_p	1_Cauchy	2_Cauchy	3_Cauchy	4_Cauchy	5_Cauchy	6_Cauchy	7_Cauchy	8_Cauchy	9_Cauchy	Mises(Cauchy)	1_ln(V)	2_ln(V)	3_ln(V)	4_ln(V)	5_ln(V)	6_ln(V)	7_ln(V)	8_ln(V)	9_ln(V)	Mises(ln(V))
0	0.0	nan	nan	1	1	5.0	5.0	5.0	1.0	0.0	0.0	0.0	1.0	0.0	0.0	0.0	1.0	8.08851037591e-06	7.77887436005e-07	-2.76338390029e-08	7.77887436005e-07	8.88689115132e-06	-6.30480583681e-07	-2.76338390029e-08	-6.30480583681e-07	1.04610019095e-05	8.08851037591e-06	7.77887436005e-07	-2.76338390029e-08	7.77887436005e-07	8.88689115132e-06	-6.30480583681e-07	-2.76338390029e-08	-6.30480583681e-07	1.04610019095e-05	2.71700406421e-06	0.0	0.0	0.0	0.0	0.0	0.0	0.0	0.0	0.0	0.0
10	2.5	nan	nan	1	1	5.0	5.0	5.0	1.00025	9.54975170431e-22	7.94407975178e-20	4.76921321925e-22	0.999932968104	6.14138694826e-20	7.56611766545e-22	-3.13320506399e-22	0.99992479371	55194854.3132	508184.950436	-878152.388622	508023.880543	2.95654970295	486260.807546	-877866.880193	486256.832229	3.86277119853	55202705.96767013	508096.14797826466	-877991.7588479188	508096.1486560738	2.956033062542215	486171.8617494929	-877991.7597220759	486171.86158641113	3.8620646286077553	55237075.8883	0.0002499687552074404	0.0	0.0	0.0	-6.703414273749078e-05	0.0	0.0	0.0	-7.520911813439856e-05	0.000214112284582
20	5.0	nan	nan	1	1	5.0	5.0	5.0	1.0005	3.32426116727e-21	1.98313889372e-19	-1.41238504654e-21	0.999865911399	-4.34127649923e-20	-8.68539643181e-23	-1.86449741244e-21	0.999849559664	110433815.139	1016650.03171	-1756870.33838	1016005.7068	-78.8436287953	972454.421979	-1755728.1707	972438.518656	-80.3169231536	110465243.46895787	1016294.8524687159	-1756227.8323419718	1016294.851592763	-78.81608380008818	972098.7851262514	-1756227.8329112134	972098.7852526864	-80.28755040653112	110534040.424	0.0004998750416509929	0.0	0.0	0.0	-0.00013409759167989314	0.0	0.0	0.0	-0.00015045165328239217	0.000428203888427
30	7.5	nan	nan	1	1	5.0	5.0	5.0	1.00075	-2.29757169955e-21	3.0116369143e-19	4.94281775031e-21	0.999794959797	3.40045833111e-19	-1.47341546611e-21	-6.80614547766e-21	0.999772648319	162817403.264	1452803.03877	-2632819.25778	1451416.65674	-5054.85096925	1570949.19257	-2630248.01861	1570914.23683	-2335.3726771	162887827.04519954	1452044.3778103716	-2631385.66303813	1452044.4412827734	-5052.2113009778595	1570093.7960229116	-2631385.685758903	1570093.8976163538	-2334.1010448068587	162997364.438	0.0007497188905459742	0.0	0.0	0.0	-0.00020506122661586998	0.0	0.0	0.0	-0.00022737752931079353	0.000644087727494
40	10.0	nan	nan	1	1	5.0	5.0	5.0	1.001	-1.8071776734e-20	-2.08961849355e-19	-6.88720917769e-21	0.99969342586	-4.51505370424e-19	1.55344519037e-21	-1.62778804793e-21	0.999671072533	186611015.903	1219521.67284	-3767765.88762	1217929.45033	5072.84868503	2478937.2022	-3762763.88414	2478881.68882	4693.39666367	186729664.07465228	1218704.2347674936	-3765156.185253726	1218703.8156684227	5069.4483849422195	2477220.193108835	-3765156.267317661	2477220.1092722076	4690.145833139555	186899812.32	0.0009995003330834232	0.0	0.0	0.0	-0.0003066211434579496	0.0	0.0	0.0	-0.00032898157550430995	0.000878296012091
50	12.5	nan	nan	1	1	5.0	5.0	5.0	1.00125	1.28156126279e-20	-2.60476486556e-19	3.19912101905e-22	0.999579290445	-7.30730215756e-19	-4.05111704998e-21	-2.99010281801e-21	0.999553440166	195676693.07	425560.82567	-4534864.98697	424850.450687	-4862.24599411	3073952.75534	-4527180.7824	3073873.21359	-5275.43426361	195846507.95722082	425219.4246622575	-4531109.763789109	425219.15035295003	-4858.345316269959	3071407.2818414536	-4531109.623806353	3071407.2361092484	-5271.065791099154	196082315.474	0.0012492194004318981	0.0	0.0	0.0	-0.0004207980780942219	0.0	0.0	0.0	-0.00044665957153628794	0.00112206483106
60	15.0	nan	nan	1	1	5.0	5.0	5.0	1.0015	5.39621612357e-21	-1.89125251765e-18	1.54269184241e-21	0.999461150187	2.46834623894e-19	-1.27902802216e-21	-2.97061237483e-22	0.999433280408	201338292.313	-302111.191736	-4874695.26694	-301495.93133	-1562.16304933	3384108.55422	-4864635.29183	3384013.98843	-2651.75917041	201561070.51373518	-301829.7565169461	-4870018.384172102	-301829.53265510837	-1560.7077980450006	3380861.770961718	-4870017.947484305	3380861.5705647664	-2649.215018193386	201825243.514	0.0014988761237359487	0.0	0.0	0.0	-0.000538995044734677	0.0	0.0	0.0	-0.0005668802382453708	0.0013679705837
70	17.5	nan	nan	1	1	5.0	5.0	5.0	1.00175	5.06968657676e-21	8.28959257665e-19	-9.92451298941e-21	0.999341419288	-1.46450466296e-18	4.19421929595e-21	-1.5997621348e-20	0.999312166288	205673141.07	-798797.283308	-5009851.66135	-796876.563805	-3997.38691041	3574611.1883	-4997659.32738	3574506.43533	-5830.49290623	205950342.2872106	-797950.687488684	-5004395.535185274	-797950.5745013125	-3993.15032734036	3570718.152946544	-5004395.050097835	3570718.037112449	-5824.143036603249	206234957.185	0.001748470534116803	0.0	0.0	0.0	-0.0006587976715398961	0.0	0.0	0.0	-0.000688070378138967	0.0016146914891
80	20.0	nan	nan	1	1	5.0	5.0	5.0	1.002	1.97036489862e-20	-9.93878185498e-20	-4.63965605581e-21	0.999221194661	-1.53987942833e-20	-1.30355392732e-20	-1.79207645734e-20	0.999190426077	209376804.754	-1120334.37501	-5072817.55398	-1117226.89224	952.785039361	3691093.73043	-5058592.73469	3690980.36152	1945.26805429	209709771.1834724	-1119004.095187889	-5066638.09443945	-1119003.588802242	951.6537068401534	3686597.419627401	-5066637.281759116	3686597.7086189906	1942.898423387824	209997912.091	0.001998002662673058	0.0	0.0	0.0	-0.0007791087654278815	0.0	0.0	0.0	-0.0008099018049429764	0.00186175685217
90	22.5	nan	nan	1	1	5.0	5.0	5.0	1.00225	-8.46288484703e-21	1.17184940301e-18	-1.27882122701e-20	0.999100924477	-2.06301739903e-19	9.88646268123e-21	-4.28620178007e-20	0.999068053578	212701348.778	-1334516.39192	-5115049.90991	-1330322.53388	34.3844946399	3770555.87614	-5098811.34253	3770432.33137	-14.3090724092	213091345.16012436	-1332762.534135627	-5108159.505599119	-1332761.7331528417	34.33930560067046	3765476.6188656883	-5108160.21590643	3765477.126522114	-14.289796879938601	213387118.201	0.00224747254047937	0.0	0.0	0.0	-0.0008994799338133891	0.0	0.0	0.0	-0.0009323809540616794	0.0021090208681
100	25.0	nan	nan	1	1	5.0	5.0	5.0	1.0025	1.09708964643e-20	-8.33930819942e-19	-1.43267682094e-21	0.998980772387	2.20711867239e-18	-9.9964777027e-22	-1.59087511309e-21	0.9989451802	215786142.051	-1484027.43442	-5155807.93435	-1478817.3633	-271.07566099	3834310.77233	-5137526.09978	3834174.50773	-159.211699885	216234389.95417625	-1481889.7445192474	-5148197.743252219	-1481889.2787435933	-270.6851859290877	3828651.1670698225	-5148198.172044934	3828651.5127146817	-158.9766966659982	216535169.975	0.002496880198587146	0.0	0.0	0.0	-0.0010197473786665728	0.0	0.0	0.0	-0.0010553765139280238	0.0023563845519
110	27.5	nan	nan	1	1	5.0	5.0	5.0	1.00275	-1.10962143271e-20	1.04538051839e-18	-4.6123590956e-21	0.998860793229	-2.6104804768e-18	4.72320129768e-22	-6.6413090611e-20	0.998821881104	218695607.782	-1592271.37034	-5196897.81225	-1586094.7617	-251.668521813	3890150.48402	-5176540.36198	3889999.67424	-171.624774035	219203278.96931708	-1589777.5796073214	-5188556.375577961	-1589776.6582823596	-251.27436247616913	3883906.481332345	-5188556.974560444	3883907.217063137	-171.34930254495256	219508017.812	0.0027462256680252286	0.0	0.0	0.0	-0.0011398561602723781	0.0	0.0	0.0	-0.001178813423610381	0.00260380411942
120	30.0	nan	nan	1	1	5.0	5.0	5.0	1.003	7.29407864149e-21	3.98688647541e-20	1.04158582733e-20	0.998740991433	-2.47205945271e-18	-1.4220889091e-20	2.51586983308e-21	0.9986982476	221478467.356	-1671656.75636	-5239124.58083	-1664557.81069	-221.856945103	3941304.71143	-5216655.00544	3941136.69454	-114.035913691	222046711.99269643	-1668829.188403188	-5230038.881933572	-1668828.546620619	-221.48167931559092	3934469.6939925156	-5230039.314369555	3934470.354821335	-113.83815241252859	222354833.145	0.002995508979798371	0.0	0.0	0.0	-0.0012598017841334635	0.0	0.0	0.0	-0.001302600415672712	0.00285124712659
130	32.5	nan	nan	1	1	5.0	5.0	5.0	1.00325	2.06315388383e-20	5.81253198996e-19	2.55267937034e-21	0.998621359637	-1.28677043269e-18	-1.83170874844e-20	1.24858777562e-20	0.99857433311	224157812.451	-1732757.46838	-5281865.85773	-1724762.65898	-216.494237652	3991131.67505	-5257249.86856	3990944.30272	-68.340929497	224787744.53714356	-1729610.0974173988	-5272023.627238519	-1729609.616255296	-216.1009987310421	3983694.5990382712	-5272023.881300707	3983695.1738367276	-68.21358298759786	225099002.294	0.0032447301648890294	0.0	0.0	0.0	-0.0013795915619663455	0.0	0.0	0.0	-0.0014266841199760912	0.00309869795464
140	35.0	nan	nan	1	1	5.0	5.0	5.0	1.0035	2.31461679005e-20	1.11181428851e-18	-1.23415347393e-21	0.99850191339	-8.9993528333e-20	8.5464300889e-21	1.15425609856e-19	0.99845016039	226753141.533	-1781907.45512	-5325151.74079	-1773031.8786	-184.702431343	4040386.33808	-5298354.62451	4040177.46451	-54.6598013549	227445851.62539303	-1778448.841719844	-5314540.357033674	-1778448.3287013632	-184.3439310728271	4032335.095215168	-5314540.612923049	4032335.6364298644	-54.55088124211132	227760116.356	0.003493889254255838	0.0	0.0	0.0	-0.001499209863706532	0.0	0.0	0.0	-0.0015510418537589194	0.00334614389149
150	37.5	nan	nan	1	1	5.0	5.0	5.0	1.00375	4.25038485954e-20	-1.77222619059e-19	8.67547026446e-21	0.998382641605	-2.92552275964e-19	-9.28758391775e-21	5.77595406327e-20	0.998325765396	229277130.133	-1822381.50767	-5368563.29462	-1812636.18844	-162.439168956	4089466.57259	-5339551.94491	4089234.08269	-39.7614082227	230033684.5046373	-1818617.9015352803	-5357170.860901693	-1818617.4122618297	-162.1036974588265	4080788.4636966665	-5357171.065334977	4080788.942956556	-39.67703197846737	230350864.737	0.003742986278834297	0.0	0.0	0.0	-0.0016186677310564808	0.0	0.0	0.0	-0.0016756377010487993	0.00359357652655
160	40.0	nan	nan	1	1	5.0	5.0	5.0	1.004	-4.19314396115e-20	2.12599479497e-19	2.64697796017e-22	0.998263529677	1.39735207288e-18	-4.88847198407e-20	-2.03941380025e-20	0.998201180819	231739172.352	-1855453.51025	-5411573.73442	-1844851.76938	-135.940880987	4138800.91173	-5380318.13866	4138542.86103	-37.6587341254	232560615.02791622	-1851391.5838818718	-5399389.559433467	-1851391.1902242515	-135.6432815882827	4129482.388687027	-5399389.678806817	4129482.835392073	-37.57394536913901	232880615.339	0.003992021269537457	0.0	0.0	0.0	-0.0017379797352109303	0.0	0.0	0.0	-0.0018004389990211374	0.0038409897057
170	42.5	nan	nan	1	1	5.0	5.0	5.0	1.00425	-7.285310527e-20	3.62959408163e-19	6.64060595758e-21	0.998144556942	1.29098078201e-20	1.28105461466e-20	-3.95979631035e-20	0.998076442935	234146963.444	-1883167.04867	-5454878.70671	-1871717.74214	-116.906107908	4188428.87145	-5421345.26575	4188143.37195	-30.9557790087	235034319.3162262	-1878811.460525962	-5441890.702304077	-1878811.0638094698	-116.63571508335419	4178456.26975505	-5441890.749177034	4178456.590509511	-30.8820736495583	235357125.964	0.004240994257254614	0.0	0.0	0.0	-0.001857166524663762	0.0	0.0	0.0	-0.0019254094767526071	0.00408837802757
180	45.0	nan	nan	1	1	5.0	5.0	5.0	1.0045	6.58501942041e-20	-1.14204525836e-18	-2.5053646393e-20	0.998025711618	-1.83443451535e-18	2.01385391932e-20	3.44884684598e-20	0.997951574997	236506292.238	-1906712.61472	-5497987.00475	-1894422.93925	-109.426965731	4238196.65116	-5462145.13615	4237882.11627	-18.3201222274	237460567.7084517	-1902067.087693204	-5484184.25997504	-1902066.7161849835	-109.16035715935452	4227556.621157834	-5484184.258535081	4227556.912694211	-18.27412939927352	237786144.66	0.004489905272852001	0.0	0.0	0.0	-0.0019762398582488026	0.0	0.0	0.0	-0.0020505258950000507	0.00433573756722
190	47.5	nan	nan	1	1	5.0	5.0	5.0	1.00475	-4.10298127439e-20	-3.3607537651e-18	1.06937909591e-20	0.997906988186	1.61578772519e-19	-5.87298234913e-21	-7.39251313439e-21	0.997826590727	238821229.596	-1926678.08889	-5540681.41213	-1913555.88788	-98.4754967188	4287951.87253	-5502502.35769	4287606.65903	-12.1028989243	239843411.54379645	-1921746.3745233633	-5526053.691710316	-1921746.1240997843	-98.22342917065505	4276631.43078305	-5526053.691829151	4276631.68013718	-12.07094656888307	240171706.037	0.00473875434717347	0.0	0.0	0.0	-0.0020952052243169996	0.0	0.0	0.0	-0.002175774554705573	0.00458306556252
200	50.0	nan	nan	1	1	5.0	5.0	5.0	1.005	1.13786965063e-20	7.92582956252e-19	-1.80358460761e-20	0.997788375631	5.18320388094e-18	-3.46456327762e-20	-1.70723460986e-19	0.997701507763	241095022.889	-1943528.04162	-5582947.47799	-1929581.58029	-81.5158860668	4337445.03105	-5542403.06985	4337067.6279	-13.5978370928	242186079.21755648	-1938313.9474416608	-5567484.804959232	-1938313.748085976	-81.2971953672449	4325431.933207246	-5567484.773621026	4325432.149231605	-13.560176178073961	242517030.06	0.004987541511038968	0.0	0.0	0.0	-0.0022140736220596403	0.0	0.0	0.0	-0.002301137824967894	0.00483035970972
210	100.0	nan	nan	1	1	5.0	5.0	5.0	1.01	-7.85788494701e-20	-6.21901846914e-18	-5.34623373505e-20	0.995430943205	9.16098723372e-18	6.85567291684e-21	1.08509552755e-19	0.995191759693	279988716.271	-2035033.31555	-6317141.70863	-2005677.00377	4186.44431206	5218681.34977	-6224522.6798	5217425.96262	9501.94363085	282632839.17914367	-2024619.3270964604	-6283304.526360031	-2024617.9689011525	4165.020789214479	5190727.968290553	-6283305.059422716	5190726.540395929	9451.047353168466	283000073.232	0.009950330853168092	0.0	0.0	0.0	-0.004579526839321917	0.0	0.0	0.0	-0.004819837082747849	0.00976766063693
220	150.0	nan	nan	1	1	5.0	5.0	5.0	1.015	1.10273101821e-19	5.82596540311e-18	-5.53880138166e-20	0.993091678931	-9.16121222684e-18	1.32282723559e-20	-2.86601538637e-19	0.992684463331	310654112.748	-2009974.39098	-6848430.27942	-1966594.21868	7598.35212018	5928435.29412	-6697866.2368	5925997.553	12338.5993856	315120415.12353605	-1994863.8354789955	-6794158.176242543	-1994868.122260124	7541.229341927943	5881453.921917054	-6794162.067619111	5881447.17697269	12240.819060532967	315513608.427	0.014888612493750559	0.0	0.0	0.0	-0.006932293991221697	0.0	0.0	0.0	-0.007342426429658616	0.0146858908863
230	200.0	nan	nan	1	1	5.0	5.0	5.0	1.02	8.34062755249e-20	2.00797762825e-18	1.71656520717e-20	0.990766770761	-8.16016321262e-18	-1.10491477502e-19	-1.92494854708e-19	0.990187692643	335449171.228	-1944462.19793	-7221746.27966	-1888742.22882	8620.53132729	6507853.92	-7010681.27152	6504037.60856	5697.10343912	341930441.3083408	-1925226.4013485091	-7146125.223793256	-1925234.936350963	8535.251815447215	6439708.243622111	-7146135.828171818	6439695.733192191	5637.4473724617565	342345309.653	0.01980262729617973	0.0	0.0	0.0	-0.009276119715973365	0.0	0.0	0.0	-0.00986076529485201	0.0195836223993
240	250.0	nan	nan	1	1	5.0	5.0	5.0	1.025	1.55880532074e-19	1.03104556109e-17	9.81499427631e-20	0.988455401787	1.50442415117e-17	9.68860107871e-20	4.67694535782e-19	0.987704426278	355748951.8	-1838187.2056	-7453224.12015	-1772635.04919	-11906.7681312	6990000.09099	-7182019.65508	6984673.98524	-12252.0871602	364384210.6189702	-1815678.1761878172	-7356364.4377421355	-1815663.0394732691	-11760.966989045965	6899160.317768393	-7356352.13940848	6899145.0294898385	-12092.863010752772	364828148.549	0.024692612590371414	0.0	0.0	0.0	-0.01161175444845073	0.0	0.0	0.0	-0.012371789678886094	0.0244601927639
250	300.0	nan	nan	1	1	5.0	5.0	5.0	1.03	8.48753482928e-20	8.01260742623e-18	2.29757686943e-20	0.986157578936	-4.47819867205e-17	2.17859521012e-19	-3.23030572814e-19	0.985236285072	372547371.48	-1685785.71979	-7567679.89344	-1614022.46375	-4837.76756432	7402244.20343	-7238753.79699	7395315.48174	-3342.46741912	383437680.45586026	-1661210.8076440291	-7450393.516615507	-1661203.586661668	-4767.24394350653	7287521.803009366	-7450357.1298392685	7287508.6435861355	-3290.664766422931	383877156.467	0.02955880224154443	0.0	0.0	0.0	-0.0139391207836649	0.0	0.0	0.0	-0.014873783255624343	0.0293151366112
260	350.0	nan	nan	1	1	5.0	5.0	5.0	1.035	-3.14063934974e-20	-1.9002416548e-17	1.27769626137e-19	0.983873749448	-3.18076224166e-17	-4.20075402279e-20	-9.59992731705e-19	0.982783604923	386545721.518	-1492750.6682	-7592483.77045	-1419006.69423	-2299.06074175	7745843.68048	-7209399.31397	7737248.67198	-1561.50180353	399763919.40208775	-1467536.8715759467	-7455969.951085278	-1467530.608062284	-2260.2276993649907	7606572.43051831	-7455929.702104239	7606560.125928123	-1533.4258034238985	400199352.706	0.03440142671733232	0.0	0.0	0.0	-0.01625769356797364	0.0	0.0	0.0	-0.017366320481788305	0.0341482882987
270	400.0	nan	nan	1	1	5.0	5.0	5.0	1.04	1.37682558598e-19	-7.99297346721e-18	1.2361387074e-19	0.981604708691	-3.57605134232e-17	-1.97649844286e-19	-1.10603974066e-19	0.980346207465	398289479.806	-1269656.13575	-7549371.46771	-1198344.28721	-9843.33845536	8032582.76097	-7116298.44507	8022276.57242	-6016.62101982	413887899.3001153	-1245298.036709657	-7395045.034293228	-1245275.6721398325	-9654.49597570603	7868378.382641591	-7394997.768099044	7868370.800787906	-5893.627514045291	414323633.935	0.03922071315328133	0.0	0.0	0.0	-0.018566588641968994	0.0	0.0	0.0	-0.019849496780236585	0.0389595454105
280	450.0	nan	nan	1	1	5.0	5.0	5.0	1.045	6.61347443348e-19	-2.30803640284e-17	7.35859872927e-21	0.979351218218	6.17525002682e-17	1.24897655051e-19	-1.10201633416e-18	0.977923810359	408206455.968	-1022135.40831	-7446048.51558	-957910.660977	-3409.40576037	8269812.69663	-6968065.49022	8257749.2207	-2401.8111664	426222508.4559624	-1000200.6266654675	-7275638.3466109065	-1000187.7207702273	-3336.2407273578874	8080549.871384267	-7275598.680290869	8080539.895439613	-2346.8433474499075	426644746.408	0.04401688541677426	0.0	0.0	0.0	-0.020864948777528154	0.0	0.0	0.0	-0.02232351550036132	0.0437488504462
290	500.0	nan	nan	1	1	5.0	5.0	5.0	1.05	-2.30260612755e-19	-6.79701588524e-18	-1.32348898008e-19	0.977113510176	-4.19476788213e-17	-1.535114868e-19	-5.2701331187e-19	0.975516265419	416611534.949	-765188.585644	-7296579.35535	-711981.482549	-17616.5683058	8462217.99658	-6778959.21965	8448375.01086	-16324.0758267	437070763.93890476	-747041.3972376522	-7111889.379484411	-746945.9301604303	-17198.774326490562	8248023.541693167	-7111864.737988622	8248013.615086538	-15910.883147824981	437496084.605	0.04879016416943205	0.0	0.0	0.0	-0.02315245131748074	0.0	0.0	0.0	-0.024788445127686916	0.0485162702261
300	550.0	nan	nan	1	1	5.0	5.0	5.0	1.055	-4.11949179941e-19	2.74040569425e-17	4.71320895588e-19	0.974892137231	1.3317323312e-17	-3.1763735522e-20	6.85090835651e-19	0.973123284502	423774128.222	-507382.528929	-7115128.022	-468816.763655	-9210.42772834	8612396.90085	-6562935.60296	8596750.67015	-10293.0530185	446693884.86551374	-494214.16042657406	-6917890.625733041	-494172.6441058783	-8971.384601159773	8373653.938658886	-6917890.936165464	8373634.629897354	-10007.72084025536	447100170.871	0.05354076692802976	0.0	0.0	0.0	-0.025428442585097286	0.0	0.0	0.0	-0.02724449927070107	0.0532618131869
310	600.0	nan	nan	1	1	5.0	5.0	5.0	1.06	1.07242312056e-19	-2.08094819317e-18	2.21604994825e-19	0.972687444972	-5.7023118277e-18	-1.76288732147e-19	-5.55388915603e-19	0.970744489616	429896320.809	-245028.617252	-6904232.2926	-224875.369733	10853.6318973	8724834.8128	-6322876.50849	8707393.14514	7429.61218702	455287245.5284049	-238125.55760237732	-6696320.308030267	-238157.16189487284	10547.858354428208	8462097.748909986	-6696323.950736177	8462084.434068924	7205.879069575146	455662052.687	0.058268908123975824	0.0	0.0	0.0	-0.027692476590063717	0.0	0.0	0.0	-0.02969198680573427	0.0579855858332
320	650.0	nan	nan	1	1	5.0	5.0	5.0	1.065	-4.49695085653e-19	3.6495790961e-17	-2.90744059145e-19	0.970499175011	-3.71768451553e-17	-4.64676980908e-20	4.53347915238e-19	0.968379934292	435124456.153	23105.550479	-6669511.1581	21027.5906954	10513.6067883	8806356.09993	-6064440.52401	8787120.31245	6872.7297601	462990991.6022247	22403.760955975707	-6452815.162436599	22374.253916093003	10194.274898763724	8520232.865707176	-6452823.5359329535	8520227.343228722	6649.43108303255	463352523.464	0.06297479916138839	0.0	0.0	0.0	-0.029944726439378774	0.0	0.0	0.0	-0.03213077460791598	0.0626877397307
330	700.0	nan	nan	1	1	5.0	5.0	5.0	1.07	6.46444957433e-19	-1.93343211145e-17	3.894233975e-19	0.968327632048	-5.05767343272e-17	7.10978280102e-20	-9.30333343661e-19	0.966029275436	439603592.872	296185.18932	-6426344.9839	268013.624719	9798.11840773	8862828.47438	-5801908.92499	8841795.19908	6178.73278719	469946717.4032582	286542.6495740521	-6202373.75524735	286512.95211937994	9479.133024297804	8553940.82709096	-6202378.911779325	8553943.663260791	5963.391348575918	470295465.211	0.06765864847381486	0.0	0.0	0.0	-0.03218478611168839	0.0	0.0	0.0	-0.03456113939446301	0.0673683795207
340	750.0	nan	nan	1	1	5.0	5.0	5.0	1.075	5.39467343172e-19	-8.43303355308e-18	8.0679888226e-20	0.966172850893	2.42418314875e-17	1.69406589451e-20	-3.75791461005e-19	0.963692222646	443428297.147	576354.094901	-6184699.5465	518100.247935	-14514.8578075	8891996.45737	-5544319.42163	8869158.94646	-12616.0915011	476244770.7215959	556342.918926823	-5954637.283740302	556442.913941527	-14010.897869684246	8561226.496751385	-5954633.812839732	8561219.25801024	-12146.790359451332	476601221.84	0.07232066157962608	0.0	0.0	0.0	-0.03441252610467493	0.0	0.0	0.0	-0.03698330646357208	0.0720276793939
350	800.0	nan	nan	1	1	5.0	5.0	5.0	1.08	2.30934268646e-18	4.22799671996e-17	-9.09501627114e-20	0.964035124199	5.5657939394e-17	3.70312216628e-20	-1.44919396341e-18	0.961368482817	446713485.335	858060.759809	-5946727.68945	765999.397833	-13211.1228478	8899099.90902	-5293516.80147	8874470.19607	-12273.568458	481999208.76986057	826426.8256421378	-5711648.055000448	826505.390578967	-12724.071335817234	8547310.275663516	-5711649.622587732	8547297.087710233	-11788.382968236137	482342346.81	0.0769610411361284	0.0	0.0	0.0	-0.036627549144284066	0.0	0.0	0.0	-0.0393975066506509	0.0766657277472
360	850.0	nan	nan	1	1	5.0	5.0	5.0	1.085	1.35737029798e-19	1.8888570026e-17	-1.72477083885e-19	0.96191430586	5.44365046492e-17	3.80000155962e-19	-1.32375367788e-19	0.959057881455	449513579.793	1133315.39109	-5715526.65902	1004828.54956	-9838.46949312	8895479.16472	-5052094.95577	8869052.27063	-7715.00936818	487260957.0366299	1089121.2455123065	-5476336.586240463	1089207.8520559946	-9454.813931341205	8523210.70447927	-5476338.722229533	8523199.571314398	-7392.142594501757	487588877.979	0.08157998699242285	0.0	0.0	0.0	-0.03882991143182257	0.0	0.0	0.0	-0.04180384986687169	0.0812827153233
370	900.0	nan	nan	1	1	5.0	5.0	5.0	1.09	-7.82473154806e-19	-1.60568330042e-17	1.24196205891e-19	0.959810737967	-5.97608743463e-17	1.8740603958e-19	-4.76456032831e-21	0.95675981237	451891877.344	1393176.32776	-5485982.26243	1226858.12331	-12499.102991	8882188.35765	-4815382.41765	8853956.3105	-11574.1880751	492091661.2522449	1335908.3475686547	-5243753.847343207	1335998.0169788403	-11985.3141989895	8490003.639316093	-5243753.323015339	8490005.11171671	-11063.14062739898	492412053.925	0.08617769624105241	0.0	0.0	0.0	-0.04101916190750798	0.0	0.0	0.0	-0.0442028987895389	0.0858788247913
380	950.0	nan	nan	1	1	5.0	5.0	5.0	1.095	1.05581995131e-18	9.40492445072e-18	-1.53683540367e-19	0.957724577297	-2.66239131283e-17	-2.04981973236e-19	7.36071631164e-19	0.954474031011	453913740.167	1641542.06732	-5258218.70152	1435687.09888	21163.0764062	8863177.62351	-4583404.5344	8833060.47522	14419.1509639	496556395.628067	1570629.6105791342	-5013994.968142739	1570561.8666826107	20248.859359902315	8451517.620061742	-5013989.738379954	8451483.88860159	13749.43768637581	496838481.354	0.09075436326846412	0.0	0.0	0.0	-0.043195039948931126	0.0	0.0	0.0	-0.0465948430895396	0.0904541698208
390	1000.0	nan	nan	1	1	5.0	5.0	5.0	1.1	1.6616404145e-19	7.06944815086e-17	5.59888778135e-19	0.9556556852	1.33571193021e-16	-7.41947922236e-20	-2.52124650706e-19	0.952200024667	455592770.446	1866328.84272	-5037477.32914	1621520.50919	-13750.1431448	8839255.433	-4360607.83059	8807302.36426	-12003.0625401	500664948.6982068	1781834.215856337	-4792023.859214862	1781938.9051146642	-13127.630548010899	8408558.523450855	-4792006.452732133	8408567.848718224	-11418.207630053399	500967272.025	0.09531017980432493	0.0	0.0	0.0	-0.04535759272930586	0.0	0.0	0.0	-0.048980156316447414	0.0950090595614
400	1050.0	nan	nan	1	1	5.0	5.0	5.0	1.105	1.32722783645e-18	1.8053871996e-17	2.47439499717e-19	0.953604166501	9.86640652923e-17	1.43704433458e-19	-5.68650275183e-19	0.949937835328	457000712.216	2072399.67661	-4825008.79487	1788558.0395	-10723.2135856	8808702.65348	-4147921.06829	8774848.09765	-9464.83234128	504491149.1455136	1974313.213678833	-4578968.873724887	1974420.7755946056	-10215.684992665043	8359523.678188338	-4578963.249662185	8359535.442291614	-8982.195583109497	504782374.087	0.09984533496971612	0.0	0.0	0.0	-0.047506613447165606	0.0	0.0	0.0	-0.05135873302545381	0.0995435200255
410	1100.0	nan	nan	1	1	5.0	5.0	5.0	1.11	-1.55734948287e-19	2.07031263572e-17	-3.30872245021e-19	0.95156990161	1.81724341093e-16	-3.23301888055e-19	-1.23746219638e-19	0.947687130412	458148443.768	2271156.35874	-4618740.51972	1947084.34752	-12134.0829748	8765479.97963	-3943325.98421	8729722.75367	-12930.176617	508043075.02542937	2159031.967423841	-4372802.763310431	2159131.462091926	-11535.03717925309	8298737.483306807	-4372773.685247328	8298746.327785743	-12241.673200627685	508328439.004	0.10436001532424286	0.0	0.0	0.0	-0.049642130299030876	0.0	0.0	0.0	-0.053730862410370915	0.104057787588
420	1150.0	nan	nan	1	1	5.0	5.0	5.0	1.115	4.91547115926e-19	-6.03648617773e-18	2.01805599683e-19	0.949552982572	-4.68737709796e-17	6.88214269644e-21	2.21316474228e-18	0.945447635318	459079332.128	2460946.48757	-4415761.49557	2095870.65453	-5139.89272309	8719640.29066	-3744275.15827	8681952.8684	-4725.17289093	511365069.7165889	2334478.2008357877	-4170724.839962525	2334574.8073708983	-4875.753120717867	8235775.50378982	-4170720.3817508784	8235786.440027998	-4462.96657305657	511635640.99	0.10885440491208208	0.0	0.0	0.0	-0.05176394978948252	0.0	0.0	0.0	-0.05609677547602217	0.10855200613
430	1200.0	nan	nan	1	1	5.0	5.0	5.0	1.12	6.44936179995e-20	6.57344153881e-17	-4.23516473627e-21	0.947553087426	8.95818074549e-17	5.59359382543e-19	-2.7842237674e-18	0.943219268726	459797113.873	2640256.72759	-4221051.44505	2233851.70417	-13360.6225048	8668271.17539	-3554777.26164	8628640.44639	-14053.6022764	514458119.1590564	2499283.206321095	-3977398.18812493	2499413.5707536796	-12647.24717990593	8167909.469002777	-3977371.6904143547	8167923.950611494	-13242.38118356308	514729850.753	0.11332868530700327	0.0	0.0	0.0	-0.053872314649471745	0.0	0.0	0.0	-0.05845650086883425	0.113026387616
440	1250.0	nan	nan	1	1	5.0	5.0	5.0	1.125	-7.06984652104e-19	4.97694854587e-17	7.97269761603e-20	0.945569952911	-1.22619745227e-16	1.03761536039e-19	7.85914226154e-19	0.941002183917	460349843.93	2812070.77148	-4040462.0599	2363656.8768	-4981.73082807	8618695.73275	-3379633.93167	8577078.80647	-4632.1921335	517372934.4952691	2656336.5168111604	-3798261.3766072877	2656440.7713275775	-4705.839429697057	8102058.287671329	-3798265.922761495	8102074.767201633	-4354.520896090924	517630003.982	0.11778303565638346	0.0	0.0	0.0	-0.05596740852149785	0.0	0.0	0.0	-0.06080981855247907	0.117481037109
450	1300.0	nan	nan	1	1	5.0	5.0	5.0	1.13	2.82217481391e-18	-1.15733817352e-17	1.91852962553e-19	0.943603073422	6.56891255952e-17	-3.95140869894e-19	8.7392624333e-19	0.938796435912	460728347.727	2979710.14393	-3877217.72605	2488307.56527	-12932.3124195	8570470.45504	-3221157.04429	8526820.91637	-12947.121201	520096768.57671785	2808821.5196884666	-3636238.823178669	2808945.293482939	-12190.634547867518	8037794.006804845	-3636228.111594408	8037801.305344833	-12142.424822615874	520356088.665	0.12221763272424911	0.0	0.0	0.0	-0.05804967433014024	0.0	0.0	0.0	-0.0631566114419595	0.121916176303
460	1350.0	nan	nan	1	1	5.0	5.0	5.0	1.135	-8.0327467926e-19	1.05124094413e-16	2.15569885076e-19	0.941652161528	-1.37199352772e-16	-1.04449750308e-19	-3.67241722194e-19	0.93660219089	460971042.874	3137143.24853	-3733677.54778	2602920.18167	-7226.41345237	8521528.92059	-3081022.90767	8475842.43217	-5043.75206701	522670474.81685454	2951095.8750955886	-3493417.077914953	2951312.340102234	-6797.85309166895	7973172.369648184	-3493407.516518676	7973185.04701933	-4719.188891429091	522918636.349	0.126632650933366	0.0	0.0	0.0	-0.06011932787542282	0.0	0.0	0.0	-0.06549664304047137	0.126331910907
470	1400.0	nan	nan	1	1	5.0	5.0	5.0	1.14	-3.53887718385e-19	-3.18187926636e-18	-2.95614498592e-19	0.939716580002	7.59630264405e-17	4.96149548854e-19	1.58342221577e-19	0.934419698246	461076230.142	3281908.43896	-3604709.57843	2705491.46336	-8163.86032418	8468452.9139	-2954584.74019	8420738.92453	-5075.87456346	525090134.8738626	3080914.3440824524	-3364871.9340298316	3081110.6375149037	-7663.880587668105	7905008.410426815	-3364786.988140385	7905027.158094377	-4738.15365361039	525334249.823	0.131028262406404	0.0	0.0	0.0	-0.06217695981772804	0.0	0.0	0.0	-0.06782958595957439	0.130728432624
480	1450.0	nan	nan	1	1	5.0	5.0	5.0	1.145	8.74753423942e-19	-2.70622791483e-17	-2.22981423365e-19	0.937795993082	9.2520879433e-18	6.67461962436e-19	9.94099042721e-19	0.932249044489	461059220.544	3422881.98626	-3489329.8408	2803355.85579	-7535.15975132	8404590.82489	-2840936.87515	8354885.08076	-10116.5378115	527371179.3091707	3206671.65019737	-3249586.973180446	3206549.219310437	-7059.192590121176	7827133.0328613315	-3249535.3382652635	7827139.012292841	-9421.456550636849	527612898.276	0.13540463700620298	0.0	0.0	0.0	-0.06422284501438902	0.0	0.0	0.0	-0.07015528487519361	0.13510589008
490	1500.0	nan	nan	1	1	5.0	5.0	5.0	1.15	-5.8715926857e-19	-8.50586250468e-17	3.45165926006e-20	0.935890674669	4.64845196357e-17	4.51045044413e-20	1.85606094567e-19	0.930089723998	460936564.566	3559631.30906	-3386916.33642	2897062.6059	-13173.778276	8330375.59826	-2739254.47779	8278793.41222	-12081.0662368	529530761.9172219	3327992.443342281	-3146889.610163963	3328188.4904673435	-12316.509982706846	7740011.80278254	-3146896.17230747	7740060.563501358	-11224.89546360442	529771607.108	0.13976194237515863	0.0	0.0	0.0	-0.06625660989357086	0.0	0.0	0.0	-0.07247422007127802	0.139464444856
500	1550.0	nan	nan	1	1	5.0	5.0	5.0	1.155	3.02344440055e-19	1.59198677766e-16	7.93881629814e-19	0.934000689868	1.08540337108e-16	9.64558768686e-20	-8.31548126187e-19	0.927941356737	460705269.846	3691855.67919	-3300414.47608	2985384.54387	-14376.4860621	8251882.78644	-2651546.09313	8198374.57884	-15807.6947562	531563866.9504981	3444626.990971028	-3059421.4135919088	3444550.4671658035	-13413.750760617566	7649338.312583822	-3059366.121713369	7649362.491482597	-14653.432224089713	531802855.648	0.14410034397375687	0.0	0.0	0.0	-0.06827810213686485	0.0	0.0	0.0	-0.07478674136404506	0.143804282802
510	1600.0	nan	nan	1	1	5.0	5.0	5.0	1.16	-2.73727299584e-18	-1.00659277869e-17	6.23204490942e-19	0.932125776415	1.15966605829e-16	1.46213768564e-18	-2.94354537083e-18	0.925803998299	460388446.554	3811546.98733	-3223697.33323	3062749.48028	-15236.4634423	8172626.52529	-2572853.0049	8117259.61543	-15324.7893565	533495605.7046317	3549149.0363241397	-2981410.337011204	3549097.292370635	-14187.541101547367	7558387.368400364	-2981407.9447736773	7558443.917249802	-14173.00716448143	533730770.992	0.14842000511827322	0.0	0.0	0.0	-0.07028752016693567	0.0	0.0	0.0	-0.07709273164402268	0.14812553757
520	1650.0	nan	nan	1	1	5.0	5.0	5.0	1.165	4.44401129733e-19	4.01936191713e-17	-6.51156578202e-19	0.930265699069	-1.84013407928e-17	-4.99802378439e-19	-1.89446859587e-18	0.923677716299	460002782.414	3920230.4889	-3148970.20571	3130376.91748	12704.2683856	8093307.97634	-2496674.81668	8035970.9393	11975.8207125	535344055.1684827	3643050.657306183	-2905598.6048424146	3643083.775309258	11806.013300442512	7467807.831897647	-2905591.165741221	7467787.74753237	11050.256331732156	535549688.488	0.15272108701766393	0.0	0.0	0.0	-0.0722850357150595	0.0	0.0	0.0	-0.07939206006668918	0.152428327866
530	1700.0	nan	nan	1	1	5.0	5.0	5.0	1.17	-1.30301460556e-18	1.01916063005e-17	1.50665985493e-19	0.928419948238	1.02334642865e-16	-7.41100889288e-19	3.36460015495e-18	0.921562503762	459525503.348	4027092.1429	-3075382.47456	3195646.85709	11754.6157759	8017207.14187	-2422354.69231	7957990.03205	11649.3367091	537081706.552393	3734916.603534725	-2831188.660397718	3734990.669810358	10901.789199680006	7380618.877776955	-2831186.4794059074	7380618.085401839	10724.347382735732	537284339.731	0.1570037488096647	0.0	0.0	0.0	-0.07427111812807187	0.0	0.0	0.0	-0.08168467589034432	0.156712893181
540	1750.0	nan	nan	1	1	5.0	5.0	5.0	1.175	-9.18699875526e-19	-9.14014195141e-17	2.32192906666e-19	0.926588084037	3.00728724709e-16	3.08214113682e-19	7.13995834976e-19	0.919458541117	458962746.768	4127305.35743	-3003130.32118	3254738.06325	-15950.357472	7948399.43752	-2350003.08958	7887313.46353	-15605.3878287	538714386.5943149	3820292.2123367055	-2758351.4579187683	3820297.467748948	-14763.876465927764	7300542.045071615	-2758351.264482414	7300608.894066583	-14333.425347911305	538939115.617	0.16126814759612232	0.0	0.0	0.0	-0.07624616596032678	0.0	0.0	0.0	-0.08397032446216333	0.160979377524
550	1800.0	nan	nan	1	1	5.0	5.0	5.0	1.18	1.09569005683e-18	-1.12460458528e-16	1.18055217024e-19	0.924770049633	-3.09617409048e-17	-2.72850488134e-19	2.81773450838e-18	0.917365938868	458360389.265	4220378.44105	-2931461.83424	3307516.36816	-2833.19825839	7880977.04875	-2279022.22135	7817900.00331	-3182.53503231	540294706.5633171	3898762.475973672	-2686386.4060258036	3898752.2208320783	-2617.293025043925	7222113.336997328	-2686409.365150614	7222133.180605536	-2916.469437752351	540504475.588	0.16551443847757333	0.0	0.0	0.0	-0.07821016736592025	0.0	0.0	0.0	-0.08624882540455155	0.165227818856
560	1850.0	nan	nan	1	1	5.0	5.0	5.0	1.185	-2.95773317269e-19	9.59819619346e-17	-3.48765816032e-19	0.922965721884	-6.70482693685e-17	6.43003886084e-19	4.78142157791e-18	0.915284252772	457682798.79	4310625.02995	-2862725.07125	3357466.57476	-20711.0213261	7810889.6325	-2211135.95502	7745927.65076	-20653.5023768	541780073.7922583	3974348.124208922	-2617433.877131481	3974386.831747931	-19095.330302666924	7141617.384065998	-2617422.8178173457	7141658.7652981505	-18883.817152181862	542002927.696	0.16974277458709455	0.0	0.0	0.0	-0.08016318288938436	0.0	0.0	0.0	-0.08852060318384626	0.169458488102
570	1900.0	nan	nan	1	1	5.0	5.0	5.0	1.19	-1.0901578729e-18	1.34508832024e-17	6.79743940172e-19	0.921175202147	-2.06470845399e-16	-5.19442954904e-19	-1.47415496558e-18	0.913213355618	456961149.061	4403564.55688	-2802304.43867	3408774.12803	-16842.8692191	7734444.07648	-2150478.04896	7667646.23424	-16855.6004641	543206283.7051755	4052146.625737852	-2556384.1428493364	4052133.381322416	-15498.756698660305	7055696.703764464	-2556351.2162150587	7055744.593748179	-15376.412765873432	543422535.994	0.17395330712343798	0.0	0.0	0.0	-0.08210503047413623	0.0	0.0	0.0	-0.09078573935897805	0.17367145847
580	1950.0	nan	nan	1	1	5.0	5.0	5.0	1.195	1.4380501862e-18	2.71727110688e-17	3.75235595634e-19	0.919398306088	-2.11615194125e-16	-6.65979654779e-20	1.77326347508e-18	0.911153072297	456187878.51	4494813.2872	-2744531.96611	3458245.66892	-20235.0629499	7651667.48939	-2092623.30891	7583107.334	-20371.3594989	544563712.2698916	4128120.8893335713	-2498024.473549869	4128200.6561843962	-18584.261619575565	6964412.471046443	-2498020.59889137	6964468.108317023	-18541.651260073235	544779964.995	0.17814618538347404	0.0	0.0	0.0	-0.0840358380219745	0.0	0.0	0.0	-0.09304436916638731	0.177866918982
590	2000.0	nan	nan	1	1	5.0	5.0	5.0	1.2	-1.45372029573e-18	-1.03313879126e-16	-6.19286963561e-19	0.917634776958	2.58873226895e-16	-4.74444329581e-19	-2.95892431278e-18	0.909103457819	455370872.031	4578978.70298	-2687557.68694	3501570.43892	-17391.1590611	7566494.77905	-2036072.76789	7496212.82711	-17805.6452387	545861008.7299587	4197339.206003091	-2440656.633794777	4197393.57373248	-15941.675753476602	6871374.618971747	-2440675.948312244	6871433.574324164	-16169.87288570889	546071554.235	0.1823215567939546	0.0	0.0	0.0	-0.08595581397452266	0.0	0.0	0.0	-0.09529637629869316	0.182044994771
600	2050.0	nan	nan	1	1	5.0	5.0	5.0	1.205	-1.96937807215e-18	3.2902888957e-17	8.09975255812e-19	0.915884291066	1.26923440223e-16	-3.32989827389e-19	6.27227897442e-19	0.907064676204	454524533.734	4657913.29163	-2638794.84381	3540543.47021	8220.13178766	7481778.49513	-1986318.87473	7409772.31055	9150.520374	547114802.7372733	4261535.379151093	-2390991.1558015174	4261780.384819268	7520.61711783034	6779180.372238843	-2390947.855759132	6779217.403983242	8291.214202020374	547298332.313	0.18647956694261839	0.0	0.0	0.0	-0.08786524208396776	0.0	0.0	0.0	-0.09754152357686877	0.186205790889
610	2100.0	nan	nan	1	1	5.0	5.0	5.0	1.21	1.32912704314e-18	-4.68768150043e-17	-8.76361463053e-19	0.91414654481	-2.25241836664e-16	4.14940265036e-19	2.83385460416e-19	0.905036551981	453618553.62	4738833.05192	-2597069.8186	3580162.73751	6641.81301551	7398178.0048	-1942520.9005	7324427.42486	6463.83242154	548288160.2844535	4327329.038178141	-2347915.337254767	4327338.079986691	6065.06074665642	6688420.727392913	-2347922.505262991	6688399.261244977	5843.713238390946	548470871.975	0.1906203596086497	0.0	0.0	0.0	-0.08976438688987355	0.0	0.0	0.0	-0.09977994716853955	0.190349535617
620	2150.0	nan	nan	1	1	5.0	5.0	5.0	1.215	-9.79381845263e-21	-2.5141314303e-17	-4.09328671761e-19	0.912421444764	-4.45986669531e-18	-1.1032604138e-19	5.4079347913e-18	0.90301912599	452685144.674	4818138.73232	-2561056.17725	3618453.05921	11908.6416927	7317155.9572	-1903463.45266	7241750.75415	12476.966954	549419172.0588375	4391431.108834311	-2310188.102830167	4391678.2057352755	10853.979617166951	6600404.469466748	-2310213.459639465	6600401.381320481	11254.7865496206	549594254.031	0.19474407679251185	0.0	0.0	0.0	-0.09165328516113226	0.0	0.0	0.0	-0.1020115452911161	0.194476300599
630	2200.0	nan	nan	1	1	5.0	5.0	5.0	1.22	3.72403329216e-19	9.92755436709e-17	-1.04883854694e-18	0.910708841735	2.26360886301e-16	-7.71117619357e-19	2.84788358735e-18	0.901012252419	451715295.176	4893817.0871	-2525604.72661	3653382.28636	13928.3603439	7239320.33436	-1865298.29553	7162275.09478	14529.1109772	550496479.9999214	4452021.013543455	-2273139.025149713	4452304.604721519	12670.958442380595	6515659.950352432	-2273202.073972356	6515690.85219632	13076.745072192913	550667349.577	0.19885085874516517	0.0	0.0	0.0	-0.09353203573143486	0.0	0.0	0.0	-0.10423642277702609	0.198586248324
640	2250.0	nan	nan	1	1	5.0	5.0	5.0	1.225	1.43730903237e-18	-2.25807337035e-17	9.74511405816e-19	0.909008670154	-2.61114052557e-17	7.08225423023e-19	-7.06796054925e-19	0.899015682489	450701119.637	4966139.34193	-2490224.49415	3685169.15319	-5642.14385499	7163285.19715	-1827520.11859	7084589.28653	-7596.57816041	551509939.353288	4509366.608945997	-2236322.257972202	4509435.028294028	-5123.193964322979	6432919.668175266	-2236283.572098192	6432966.972360325	-6822.034264163462	551697341.551	0.20294084399669038	0.0	0.0	0.0	-0.09540064672693327	0.0	0.0	0.0	-0.10645480029225624	0.202679552279
650	2300.0	nan	nan	1	1	5.0	5.0	5.0	1.23	1.63752644528e-18	6.39554344407e-17	-9.20089538955e-19	0.907320852935	-2.6102422736e-16	1.60936259978e-20	-2.11017082985e-19	0.897029488629	449674639.43	5040631.88867	-2458927.78316	3718378.78598	-1893.30097393	7089834.72063	-1793187.74162	7009455.14575	-2729.9466504	552498092.043244	4568494.96943426	-2203331.128701708	4568630.304239845	-1715.9626344616395	6352872.029954121	-2203221.4384520766	6352906.000498148	-2446.178564378722	552679561.284	0.20701416938432612	0.0	0.0	0.0	-0.09725913956466349	0.0	0.0	0.0	-0.10866654273795012	0.206756264122
660	2350.0	nan	nan	1	1	5.0	5.0	5.0	1.235	-7.43271411216e-20	5.91013003782e-17	1.63053842346e-19	0.905644997617	-1.15252318827e-16	-8.38880255137e-19	3.11628715251e-18	0.895053698395	448617442.504	5113389.90367	-2429499.06575	3749919.33142	-3587.99113781	7019431.94387	-1760707.231	6937399.65345	-4844.12954112	553438122.2446727	4625864.001856105	-2172159.8710657246	4626098.133336799	-3245.901321052338	6275914.488340972	-2172101.241334522	6275967.201396197	-4331.026073564905	553619421.973	0.2110709700799406	0.0	0.0	0.0	-0.09910788458631883	0.0	0.0	0.0	-0.11087156430039789	0.210816561381
670	2400.0	nan	nan	1	1	5.0	5.0	5.0	1.24	-2.27417758426e-18	-6.87657345481e-17	1.77665160687e-19	0.903980902068	-2.13664153589e-16	1.19516348858e-18	-2.47015983243e-19	0.893088359777	447541068.9	5183800.82453	-2405690.48614	3779337.31785	4155.42067918	6956230.68573	-1732626.13613	6872472.05083	4568.11259245	554343820.1903993	4680930.492650401	-2146143.760620742	4681251.469757809	3752.3114844443485	6205732.270892467	-2146106.0403344696	6205787.041506267	4075.2650411941086	554515844.303	0.2151113796169455	0.0	0.0	0.0	-0.10094704484409178	0.0	0.0	0.0	-0.1130697558818803	0.21486054676
680	2450.0	nan	nan	1	1	5.0	5.0	5.0	1.245	-2.8844118832e-18	9.86158108841e-19	-2.71939927716e-18	0.902328293893	1.56002855543e-16	-4.56974275044e-19	-9.57517807312e-19	0.891133428323	446435845.939	5249601.82536	-2386143.05202	3804916.56721	1426.78993381	6897940.83293	-1707858.76764	6812380.9226	843.254100731	555202927.6673561	4731668.139558598	-2124039.307695665	4731924.7252687365	1286.0206728525206	6140242.7062782375	-2123951.731164643	6140261.078523369	750.627610030305	555376423.682	0.219135529916671	0.0	0.0	0.0	-0.10277686295032215	0.0	0.0	0.0	-0.1152611115186549	0.218888382996
690	2500.0	nan	nan	1	1	5.0	5.0	5.0	1.25	5.55775374385e-18	3.33457813093e-17	-1.65594941188e-19	0.900687006294	1.74206129593e-16	5.73758942646e-19	2.31303522071e-18	0.889188992268	445319242.045	5310497.84687	-2369617.00681	3826703.38134	16228.0267107	6843162.55486	-1685730.81133	6755830.34515	16507.1779818	556036736.9255873	4777834.987205442	-2104719.6109202136	4778117.495150568	14600.294742119546	6078171.446498049	-2104845.627964439	6078195.212847444	14661.855109664395	556195282.821	0.22314355131420976	0.0	0.0	0.0	-0.10459746652720867	0.0	0.0	0.0	-0.1174454763344428	0.222900143007
700	2550.0	nan	nan	1	1	5.0	5.0	5.0	1.255	-1.18658727998e-18	1.95946249271e-17	1.52931798627e-18	0.899056760394	1.59470505859e-16	-9.23901187218e-19	-4.09439844835e-18	0.887254882051	444164749.156	5371769.62799	-2352662.88356	3848361.38648	-2498.64706675	6795089.48061	-1663177.3284	6705937.07901	-3641.24204157	556811991.1010629	4824199.461602723	-2085109.4861992374	4824367.017315403	-2243.9480225169405	6022327.140279899	-2084985.5409288516	6022368.844251188	-3227.1467261541957	556986812.443	0.22713557258374711	0.0	0.0	0.0	-0.10640910924663713	0.0	0.0	0.0	-0.11962298501814804	0.226896040101
