inc	time	elem	node	ip	grain	1_pos	2_pos	3_pos	1_f	2_f	3_f	4_f	5_f	6_f	7_f	8_f	9_f	1_p	2_p	3_p	4_p	5_p	6_p	7_p	8_p	9_p	1_Cauchy	2_Cauchy	3_Cauchy	4_Cauchy	5_Cauchy	6_Cauchy	7_Cauchy	8_Cauchy	9_Cauchy	Mises(Cauchy)	1_ln(V)	2_ln(V)	3_ln(V)	4_ln(V)	5_ln(V)	6_ln(V)	7_ln(V)	8_ln(V)	9_ln(V)	Mises(ln(V))
0	0.0	nan	nan	1	1	5.0	5.0	5.0	1.0	0.0	0.0	0.0	1.0	0.0	0.0	0.0	1.0	6.47257696878e-06	5.45692492435e-08	-1.123284739e-07	5.45692492435e-08	5.27155466496e-06	-1.46011284156e-07	-1.123284739e-07	-1.46011284156e-07	7.32343593576e-06	6.47257696878e-06	5.45692492435e-08	-1.123284739e-07	5.45692492435e-08	5.27155466496e-06	-1.46011284156e-07	-1.123284739e-07	-1.46011284156e-07	7.32343593576e-06	1.81633160658e-06	0.0	0.0	0.0	0.0	0.0	0.0	0.0	0.0	0.0	0.0
10	2.5	nan	nan	1	1	5.0	5.0	5.0	1.00025	1.12508195535e-21	9.29993217333e-20	-8.00012899309e-22	0.999927494176	-5.60898313299e-20	9.76073122813e-23	1.49329365021e-21	0.999930965511	54948917.6277	1993081.4467	-142595.971125	1992438.82667	14.0902645724	-255074.275254	-142550.489645	-255075.161232	14.6773921103	54956695.94056449	1992720.8673415778	-142570.66824601882	1992720.867030871	14.087715424913878	-255029.01371212726	-142570.6684284104	-255029.01417757894	14.67478768695342	55067283.8985	0.0002499687552074404	0.0	0.0	0.0	-7.250845267407831e-05	0.0	0.0	0.0	-6.903687198976164e-05	0.000213837005247
20	5.0	nan	nan	1	1	5.0	5.0	5.0	1.0005	-2.62386860181e-21	-5.57715671268e-20	-4.94990048431e-22	0.99985496109	-7.12096912633e-20	7.78635450354e-22	1.68320914897e-21	0.999861905512	109941147.318	3987552.50005	-285254.831088	3984981.65838	-204.374624203	-510284.536943	-285072.902585	-510288.080586	-195.649803727	109972281.94122887	3986110.1800343287	-285153.6333226844	3986110.1794618177	-204.30070075968993	-510103.50703855715	-285153.6333908107	-510103.5065365352	-195.58039448037627	110193641.145	0.0004998750416509929	0.0	0.0	0.0	-0.00014504942915979476	0.0	0.0	0.0	-0.0001381040239218969	0.000427653312292
30	7.5	nan	nan	1	1	5.0	5.0	5.0	1.00075	3.95785243591e-21	-1.88566160389e-21	3.19022882746e-21	0.999777340531	-1.15384380073e-19	2.67179337855e-21	2.5197730916e-21	0.999791157613	161517853.661	5914021.26711	-371978.061569	5908273.46629	-5121.48970441	-903637.46536	-371621.708359	-903649.981211	-3294.23989465	161587571.48406112	5910823.50579361	-371782.067901495	5910823.722839247	-5118.72047161232	-903161.3426010829	-371782.11574382946	-903161.3700236266	-3292.504173581208	161924604.993	0.0007497188905459742	0.0	0.0	0.0	-0.0002226842613004819	0.0	0.0	0.0	-0.00020886419760848392	0.000643711533181
40	10.0	nan	nan	1	1	5.0	5.0	5.0	1.001	2.96140999052e-21	2.66786220269e-19	-4.36647965851e-22	0.999663873651	3.53274157166e-19	-9.23547153915e-22	3.62806586545e-21	0.999697759904	183226764.509	6719897.81735	-40137.0754432	6710928.11745	6344.17946988	-1731063.60534	-40085.0230865	-1731122.41244	4370.3169783	183343786.4040867	6715214.239713755	-40110.4606474294	6715214.202663582	6339.7577572449145	-1729915.7413311426	-40110.62428826081	-1729915.8693590066	4367.4190318864685	183731450.517	0.0009995003330834232	0.0	0.0	0.0	-0.00033618285212288086	0.0	0.0	0.0	-0.0003022857797430144	0.000879374230323
50	12.5	nan	nan	1	1	5.0	5.0	5.0	1.00125	8.88981344068e-21	1.34195785521e-19	-5.11073541466e-21	0.999530836203	-8.33109222798e-19	-2.3688384792e-21	4.6141168544e-21	0.999597718856	191602417.421	7197875.18455	34785.1815369	7185516.09602	1450.03445929	-2134805.09759	34727.606064	-2134947.79718	972.26819098	191769497.78592387	7191782.191575915	34758.0615681117	7191781.980697494	1448.8070068063025	-2133140.7150840657	34757.889090551565	-2133140.566352189	971.5101704141084	192207949.419	0.0012492194004318981	0.0	0.0	0.0	-0.0004692738887700633	0.0	0.0	0.0	-0.00040236208076656517	0.00112402231731
60	15.0	nan	nan	1	1	5.0	5.0	5.0	1.0015	7.59579276992e-21	-8.04358079067e-19	-2.06187692376e-22	0.9993945169	3.87202003965e-19	5.60704378219e-21	6.76127092943e-21	0.999495234581	197022470.398	7622002.63184	38452.8171528	7605979.05427	-3224.7520538	-2435755.26292	38375.8201235	-2436000.69762	-3577.12767894	197241397.08471602	7614430.2527894275	38418.48606036265	7614430.637433175	-3221.5482967200073	-2433580.5941888695	38418.46242279041	-2433580.5566753116	-3573.93398052987	197730167.426	0.0014988761237359487	0.0	0.0	0.0	-0.0006056664789173455	0.0	0.0	0.0	-0.0005048928559495543	0.00137067258538
70	17.5	nan	nan	1	1	5.0	5.0	5.0	1.00175	-1.34003259234e-21	-9.44158426829e-19	-3.6225340951e-21	0.999257678745	-1.46795958958e-18	4.94240416e-21	-5.39714670176e-21	0.999391058261	201266765.167	7996412.23696	33283.510543	7976517.60582	-2387.17571057	-2710823.09969	33205.232755	-2711185.1142	-3090.69180778	201539006.2662583	7987306.766249057	33250.04836986832	7987306.947614508	-2384.4574466948534	-2708097.7251603515	33250.14741867459	-2708097.902595877	-3087.584525444653	202070457.502	0.001748470534116803	0.0	0.0	0.0	-0.0007425969118476134	0.0	0.0	0.0	-0.0006091272193216569	0.00161805770713
80	20.0	nan	nan	1	1	5.0	5.0	5.0	1.002	7.65638374979e-21	-2.99422424542e-19	-5.66618719599e-21	0.99912098895	5.04933586574e-19	-1.46865917759e-21	2.9627334795e-20	0.999285640061	204905013.897	8309004.92726	21712.7576807	8285131.30272	-1030.44827604	-2956810.62778	21653.6809142	-2957298.05791	-553.152974984	205231895.57410362	8298348.094524435	21688.483259456774	8298348.439596007	-1029.126659911892	-2953504.973667765	21688.224683520635	-2953505.133121983	-552.5345612143553	205798965.761	0.001998002662673058	0.0	0.0	0.0	-0.000879397606754485	0.0	0.0	0.0	-0.0007146152156412213	0.00186576652706
90	22.5	nan	nan	1	1	5.0	5.0	5.0	1.00225	3.00225203326e-20	5.1284784388e-19	-3.90243133487e-21	0.998984718152	1.83428955195e-18	9.07086259726e-21	1.59738916042e-20	0.999179172952	208180331.751	8569752.70961	-1566.61136241	8541832.86174	-1211.65513781	-3170236.03249	-1561.1273275	-3170852.99577	-1469.33801118	208563102.50849313	8557538.311901474	-1564.6829942519137	8557538.302342232	-1209.928175756341	-3166333.735873652	-1563.9976941896123	-3166333.605202035	-1467.5293784187365	209162371.253	0.00224747254047937	0.0	0.0	0.0	-0.0010157975957312347	0.0	0.0	0.0	-0.0008211641109809443	0.00211362485234
100	25.0	nan	nan	1	1	5.0	5.0	5.0	1.0025	-1.28370159262e-20	1.27392845368e-19	-3.27274009357e-21	0.998848861763	-1.51927560004e-18	-1.11925808685e-20	2.23336697438e-20	0.99907190422	211209102.359	8793300.53635	-30345.7375554	8761275.36721	-630.908213827	-3359387.08328	-30241.796483	-3360137.40732	-189.408616548	211648943.92421943	8779520.341864496	-30304.947583334957	8779520.665484514	-629.9195022672003	-3354871.480222651	-30304.774825086417	-3354871.654514273	-189.1540182814802	212274485.057	0.002496880198587146	0.0	0.0	0.0	-0.0011518013055244003	0.0	0.0	0.0	-0.000928526727549432	0.00236155037894
110	27.5	nan	nan	1	1	5.0	5.0	5.0	1.00275	-1.08261398571e-20	-1.22006989682e-18	-9.37050877415e-21	0.998713368574	-3.34710404422e-18	-7.3337833109e-21	1.47198857955e-20	0.998964019279	214062799.356	8989271.04484	-61944.0585875	8953084.25287	-436.096009627	-3531197.39744	-61709.6553655	-3532083.76846	1.35943745551	214560855.0105149	8973915.147477597	-61853.762588380116	8973915.21579726	-435.35104982651256	-3526049.9627325856	-61853.23399235818	-3526050.096146268	1.3574558003506747	215210031.472	0.0027462256680252286	0.0	0.0	0.0	-0.0012874598468708056	0.0	0.0	0.0	-0.0010365177199395178	0.00260950137099
120	30.0	nan	nan	1	1	5.0	5.0	5.0	1.003	1.33440776417e-20	-2.10225222984e-18	-8.40001912048e-21	0.998578197943	-2.52503664863e-18	-3.02251795827e-21	1.31335601758e-20	0.998855648601	216786056.794	9163195.22777	-94521.0788077	9122798.81571	-329.382457564	-3687399.88746	-94130.046577	-3688424.58861	-44.4262813529	217343439.78642166	9146254.393187925	-94372.54279201638	9146254.627298443	-328.7734981792863	-3681605.2891077125	-94372.0662336781	-3681605.461736578	-44.35646726585155	218013539.036	0.002995508979798371	0.0	0.0	0.0	-0.001422813776635325	0.0	0.0	0.0	-0.00114500666901627	0.00285745117999
130	32.5	nan	nan	1	1	5.0	5.0	5.0	1.00325	-1.72847660799e-20	-4.41408390277e-19	1.60241428264e-20	0.998443261477	-5.91466439378e-18	-7.4528973191e-21	5.27617153717e-21	0.998746930157	219403805.097	9319958.84666	-126658.354952	9275305.50326	-258.128969379	-3830322.79159	-126089.469471	-3831488.02848	-65.5506805305	220021594.41710833	9301422.435524344	-126444.89042538308	9301422.573919384	-257.61557819548	-3823867.3308206997	-126444.50765086597	-3823867.6045569163	-65.44020424179278	220710299.54	0.0032447301648890294	0.0	0.0	0.0	-0.001557951499435572	0.0	0.0	0.0	-0.0012538555914825683	0.003105389555
140	35.0	nan	nan	1	1	5.0	5.0	5.0	1.0035	5.97472556447e-20	1.47634368548e-18	-2.15095910585e-20	0.9983084881	4.75551883062e-18	-6.28491829418e-21	5.29875356789e-20	0.998637972127	221934870.222	9463704.3834	-157685.309328	9414744.91961	-215.819582565	-3960974.59155	-156920.879013	-3962282.10228	-74.670519688	222614118.4089632	9443559.335130442	-157401.58230275768	9443559.447092632	-215.3601751562337	-3953847.513303395	-157401.1470414519	-3953847.7344073043	-74.53616319965857	223319559.714	0.003493889254255838	0.0	0.0	0.0	-0.0016929441215621619	0.0	0.0	0.0	-0.0013629562760668413	0.00335330950794
150	37.5	nan	nan	1	1	5.0	5.0	5.0	1.00375	-3.94887752627e-20	4.74313635044e-20	-2.01790710432e-20	0.998173843688	-5.68567184891e-18	6.74152199231e-21	4.06352475917e-20	0.998528835645	224392895.736	9595974.6698	-188517.912328	9542665.98665	-176.423350024	-4081129.17238	-187536.742207	-4082580.8869	-70.5534460865	225134631.9695352	9574209.439689847	-188157.2157729108	9574209.503674485	-176.0231931934092	-4073320.6346385553	-188156.64951893975	-4073320.9299384276	-70.41845421947379	225855122.792	0.003742986278834297	0.0	0.0	0.0	-0.0018278257682059703	0.0	0.0	0.0	-0.0014722475798112688	0.00360120494995
160	40.0	nan	nan	1	1	5.0	5.0	5.0	1.004	2.49130256889e-20	2.41335733977e-19	-1.53475090853e-20	0.998039313163	2.82077687867e-19	-1.44640801911e-20	-3.18749913144e-20	0.998419554435	226787480.81	9718814.38739	-218578.155994	9661114.47479	-146.907967446	-4192894.92676	-217362.694466	-4194492.6852	-65.5059611977	227592711.48016033	9695417.09028579	-218135.02115191228	9695417.18698225	-146.5542978290808	-4184394.4532208643	-218134.46152962968	-4184394.767116042	-65.37315756213462	228326879.967	0.003992021269537457	0.0	0.0	0.0	-0.0019626114996221145	0.0	0.0	0.0	-0.0015816957865372441	0.00384907117273
170	42.5	nan	nan	1	1	5.0	5.0	5.0	1.00425	1.17914596319e-20	5.62572152042e-19	-1.1001502147e-20	0.997904883829	1.05914563096e-18	-1.32745944703e-20	1.00337008303e-21	0.998310155267	229125855.876	9834519.7146	-246831.021681	9772382.67341	-125.824061113	-4297001.05068	-245370.572057	-4298746.44808	-63.3304613776	229995565.8195832	9809476.382064935	-246302.46162654686	9809476.42850399	-125.50365362033499	-4287799.520443384	-246301.9432702784	-4287799.809107546	-63.194846527058445	230742321.326	0.004240994257254614	0.0	0.0	0.0	-0.0020973139972221755	0.0	0.0	0.0	-0.0016912741311451227	0.00409690474311
180	45.0	nan	nan	1	1	5.0	5.0	5.0	1.0045	4.19587365718e-20	4.10137488964e-18	-2.42777509784e-21	0.997770549084	2.88327575063e-18	-2.86204491943e-22	7.09845042662e-20	0.998200656295	231413942.816	9944332.78108	-273777.544211	9877712.72411	-111.39858753	-4394166.06337	-272060.146372	-4396060.54731	-49.9080509674	232349097.53065875	9917628.977455271	-273160.0613701413	9917629.029547743	-111.09944569003596	-4384255.381499307	-273159.55432233604	-4384255.679134116	-49.79548744367567	233107502.112	0.004489905272852001	0.0	0.0	0.0	-0.0022319398416728504	0.0	0.0	0.0	-0.0018009644683828826	0.00434470261397
190	47.5	nan	nan	1	1	5.0	5.0	5.0	1.00475	-1.19536697501e-19	-3.33319045273e-19	8.51582440623e-21	0.997636308533	1.62326502434e-18	-1.41332079461e-20	6.3696215889e-20	0.998091067239	233656476.881	10049588.6296	-299807.292771	9978437.02159	-95.9609082019	-4485091.64286	-297819.879508	-4487136.47942	-44.6610029556	234658023.6310032	10021208.568853218	-299096.91337532277	10021208.663542707	-95.68991438271095	-4474464.427419828	-299096.45671394444	-4474464.795975171	-44.5551807923143	235427325.745	0.00473875434717347	0.0	0.0	0.0	-0.002366489395505172	0.0	0.0	0.0	-0.001910757095200278	0.00459246201205
200	50.0	nan	nan	1	1	5.0	5.0	5.0	1.005	-3.31136942817e-20	3.40886920697e-18	-4.87540253039e-21	0.997502158652	1.56669910533e-18	8.41573555211e-21	1.02036864461e-20	0.997981399141	235857257.613	10151478.8923	-325265.141134	10075743.5109	-83.9440473804	-4570771.49552	-322993.187944	-4572967.91661	-36.4395170382	236926126.1532907	10121405.099216621	-324457.34958444955	10121405.219035815	-83.69536283520124	-4559420.046741523	-324456.94301694335	-4559420.48255038	-36.34901999375646	237705757.144	0.004987541511038968	0.0	0.0	0.0	-0.0025009661583047394	0.0	0.0	0.0	-0.0020206409796357837	0.00484018092439
210	100.0	nan	nan	1	1	5.0	5.0	5.0	1.01	-7.47539663176e-20	-1.27213760766e-19	-2.80844361574e-20	0.994836189965	1.15723006102e-17	-2.61389073567e-21	2.06917575869e-19	0.995778003555	273417839.6	11831301.8589	-760206.089613	11653675.3194	-4235.87030185	-5703589.5314	-749501.681264	-5708993.39054	-3456.19441315	276002326.7378845	11763827.092500767	-756586.1638718785	11763831.898854118	-4211.712828520132	-5676430.355955855	-756586.3596371575	-5676434.590164902	-3439.7368139628497	276934906.027	0.009950330853168092	0.0	0.0	0.0	-0.005177188578081886	0.0	0.0	0.0	-0.00423093423774793	0.00978485815486
220	150.0	nan	nan	1	1	5.0	5.0	5.0	1.015	5.52556649185e-22	1.04278093788e-17	-4.44593035635e-20	0.992195002008	-5.8421020425e-18	5.47395042163e-20	-1.0171012812e-19	0.993571369108	303153446.693	13184357.7513	-1117438.94331	12888117.803	9723.56019694	-6412615.88284	-1093857.16914	-6421496.93663	11047.9740715	307515072.40230113	13073560.118356617	-1109585.3789551905	13073545.831502648	9641.84613290099	-6367546.850818099	-1109595.0589884233	-6367532.483150146	10970.326898130708	308540540.166	0.014888612493750559	0.0	0.0	0.0	-0.007835616410681758	0.0	0.0	0.0	-0.006449383528075615	0.0147091981437
230	200.0	nan	nan	1	1	5.0	5.0	5.0	1.02	1.26393197598e-20	-1.10925780411e-17	4.55544906945e-20	0.989575401193	-4.71437031746e-18	3.26901778081e-21	2.21432941258e-19	0.991368524977	327331532.189	14319312.1597	-1417911.3665	13892190.3732	-6963.67245739	-6938176.32944	-1378100.54312	-6950740.91353	-11497.0275416	333659754.51241094	14160769.662689174	-1404753.1710744496	14160764.771312058	-6886.5711268618625	-6873790.161025924	-1404743.0317386684	-6873782.760218155	-11390.335304849878	334789753.286	0.01980262729617973	0.0	0.0	0.0	-0.010479315535968356	0.0	0.0	0.0	-0.008668941955928	0.0196123757407
240	250.0	nan	nan	1	1	5.0	5.0	5.0	1.025	-2.7245344144e-19	-4.76074868004e-18	-2.3723539968e-20	0.986976715107	-4.16488565163e-17	-5.09212385088e-20	-4.69606977359e-20	0.989172539875	347282031.657	15278868.2542	-1673570.86416	14712068.6471	8388.02293577	-7330668.24802	-1615073.70899	-7346959.856	4841.00552262	355715963.20721585	15069375.998660967	-1654296.4363836208	15069359.173591359	8273.01272591104	-7246241.326683761	-1654296.6455904986	-7246223.913652628	4785.2519161794235	356898014.522	0.024692612590371414	0.0	0.0	0.0	-0.01310883141052763	0.0	0.0	0.0	-0.010886503652458036	0.0244938151914
250	300.0	nan	nan	1	1	5.0	5.0	5.0	1.03	1.73509405289e-20	1.30748402785e-17	-1.15897929986e-19	0.984398667902	-5.68072472982e-17	6.06952046267e-20	5.41174643957e-19	0.986984636779	363872633.548	16105356.9889	-1880345.78127	15392330.0505	-15139.7399585	-7618643.9904	-1801778.5088	-7638660.14187	-14051.4584818	374513937.10071117	15842464.349081174	-1854511.2746934535	15842472.329279758	-14892.609379115094	-7513969.674518897	-1854470.770539884	-7513971.9694340145	-13858.402236414673	375771346.749	0.02955880224154443	0.0	0.0	0.0	-0.015724313674197313	0.0	0.0	0.0	-0.013100805243255232	0.0293533473173
260	350.0	nan	nan	1	1	5.0	5.0	5.0	1.035	-1.67897812014e-19	-8.80971175171e-18	-1.10981168425e-19	0.981842004189	1.15078723395e-17	9.38221337982e-20	1.34665003724e-21	0.984805210544	377801513.034	16817183.571	-2043102.50639	15953451.2783	-13657.9549718	-7819637.86438	-1943987.06061	-7843240.90334	-11420.1571466	390725492.61914927	16499188.233430877	-2010519.080510443	16499193.080596244	-13399.6973400495	-7694930.175968813	-2010487.7182790365	-7694933.4279435575	-11238.028328904693	392023557.328	0.03440142671733232	0.0	0.0	0.0	-0.018324875436717528	0.0	0.0	0.0	-0.015311413159196388	0.0341906756045
270	400.0	nan	nan	1	1	5.0	5.0	5.0	1.04	9.61130932227e-19	-1.53754479377e-17	1.01604249001e-19	0.979307260962	-1.91372271356e-17	-5.79820522175e-20	-2.66845156887e-19	0.982634171281	389572358.425	17435907.0851	-2176384.505	16418376.1064	-12517.4157906	-7950611.37195	-2056296.60982	-7977630.66619	-10028.3563931	404834296.1010936	17061583.816364463	-2136895.632324989	17061584.556536436	-12248.685292554046	-7806353.461900493	-2136854.3548035347	-7806362.674616164	-9846.399350198355	406164451.45	0.03922071315328133	0.0	0.0	0.0	-0.020909833841947844	0.0	0.0	0.0	-0.017518383462084584	0.0390057252275
280	450.0	nan	nan	1	1	5.0	5.0	5.0	1.045	-6.10313708276e-19	8.31018730595e-19	-9.03678275602e-20	0.976794630828	7.30217839405e-18	8.06666533362e-20	1.50024093338e-19	0.980471628122	399572984.678	17975688.9832	-2288124.68683	16802482.6111	-17481.3325228	-8025901.38693	-2146752.0911	-8056143.56685	-16447.7078536	417212991.0778839	17544226.42990097	-2241610.3985902774	17544264.243390772	-17061.735790101473	-7862746.340072632	-2241525.066446381	-7862775.497545662	-16113.349578288962	418574325.318	0.04401688541677426	0.0	0.0	0.0	-0.02347885289608071	0.0	0.0	0.0	-0.01972156989697951	0.0437984843769
290	500.0	nan	nan	1	1	5.0	5.0	5.0	1.05	5.0570513929e-19	9.4263649722e-18	1.29701920048e-20	0.974304506507	-1.31779863921e-17	-1.45888190275e-19	1.41590159812e-19	0.978317447553	408118090.292	18449948.0502	-2376357.0419	17119885.2351	-13021.6770207	-8054113.50957	-2214074.31559	-8087290.6424	-11792.6403753	428165169.76898175	17960815.417714044	-2322884.8554501114	17960827.3744188	-12676.455064346048	-7872881.879945879	-2322831.375932068	-7872885.823978125	-11527.285357612778	429541247.35	0.04879016416943205	0.0	0.0	0.0	-0.026031389182291483	0.0	0.0	0.0	-0.02192107311476992	0.0485689398288
300	550.0	nan	nan	1	1	5.0	5.0	5.0	1.055	-7.26582215177e-19	-5.80893474691e-17	3.60121351481e-20	0.971836627629	-1.21416515074e-16	1.24580017695e-19	-1.27878813978e-19	0.976171884107	415441552.489	18859783.2779	-2441800.7093	17373118.5705	-12445.0453543	-8047459.72097	-2259284.01818	-8083360.89131	-11388.8754231	437915557.64854115	18312934.554294005	-2381576.261060708	18312946.4573628	-12084.195122515479	-7848977.584578827	-2381503.7633577297	-7848979.853059189	-11107.980780138389	439304129.22	0.05354076692802976	0.0	0.0	0.0	-0.028567567219471807	0.0	0.0	0.0	-0.024116597309356603	0.0533171973297
310	600.0	nan	nan	1	1	5.0	5.0	5.0	1.06	-3.76042923912e-19	6.69751598372e-19	-1.2559910421e-20	0.969390510651	-1.97933223129e-16	-1.36848760541e-20	6.52480067182e-20	0.974035419102	421736719.242	19211994.4891	-2492264.50888	17569735.6144	-11103.8444443	-8002860.20177	-2290100.79921	-8041222.30973	-9012.58835459	446650579.3341635	18607663.28152031	-2425434.2363292812	18607657.88908409	-10754.562659650392	-7788262.864062079	-2425387.219161805	-7788278.161135069	-8770.91507553851	448044434.856	0.058268908123975824	0.0	0.0	0.0	-0.031087744507776186	0.0	0.0	0.0	-0.02630761141966804	0.0580433720975
320	650.0	nan	nan	1	1	5.0	5.0	5.0	1.065	-9.16820521174e-19	1.23908214689e-17	7.13360560266e-21	0.96696551502	-2.17638564527e-17	1.38966342909e-21	3.98906196042e-19	0.971908595077	427164631.156	19520948.1269	-2538921.08589	17724045.836	-12073.3226431	-7929965.15945	-2316918.78103	-7970512.22775	-12206.0304011	454526153.2633499	18859313.365986243	-2465406.9084152076	18859338.49976993	-11664.114550927585	-7700353.9008171335	-2465326.2563318	-7700363.056824203	-11852.606149296356	455925274.893	0.06297479916138839	0.0	0.0	0.0	-0.03359244598480277	0.0	0.0	0.0	-0.028493516930172397	0.0627476157338
330	700.0	nan	nan	1	1	5.0	5.0	5.0	1.07	-7.21751480399e-19	6.03010960782e-17	4.92337900592e-20	0.964561204938	-1.79138865666e-18	-1.6014216659e-20	6.15488550188e-19	0.969791731979	431853224.233	19797231.3966	-2576523.33993	17846407.5248	-12340.8101557	-7833814.96597	-2335162.03374	-7876295.71895	-11231.2909405	461666007.7033943	19078411.17559025	-2496436.437547906	19078425.843538355	-11892.726092537338	-7590313.979685097	-2496368.842381574	-7590314.284677017	-10882.185117456633	463065341.01	0.06765864847381486	0.0	0.0	0.0	-0.036081990963859445	0.0	0.0	0.0	-0.030673939838050394	0.0674300711223
340	750.0	nan	nan	1	1	5.0	5.0	5.0	1.075	-1.26890829455e-18	3.81338468019e-17	6.21589834387e-19	0.962177606035	-1.21724391698e-17	2.88255899862e-19	-6.97491927395e-19	0.967684611559	435903140.9	20043947.5303	-2603099.13689	17940313.6747	-12095.3101842	-7723879.41048	-2343186.60298	-7768106.74429	-10224.3466984	468167130.10163397	19268191.685188077	-2516674.21275643	19268191.435524017	-11627.188445223537	-7467440.582389455	-2516620.882668532	-7467459.668496836	-9884.890403708026	469564278.529	0.07232066157962608	0.0	0.0	0.0	-0.03855622369890643	0.0	0.0	0.0	-0.032849059299802086	0.0720908772228
350	800.0	nan	nan	1	1	5.0	5.0	5.0	1.08	-2.43799905021e-19	-8.90088690754e-18	-2.99624670201e-19	0.959815000463	-1.37163618569e-17	7.28448334639e-20	-1.09553123816e-18	0.965586749097	439404365.817	20265163.3648	-2620224.91948	18010056.9839	-10579.8617454	-7601611.68553	-2342578.21344	-7647327.78804	-11042.7434199	474117010.5681878	19432785.474883944	-2527710.218670654	19432839.183317512	-10145.301074128129	-7333214.562242125	-2527640.292133322	-7333218.9672464905	-10652.847080844804	475510461.284	0.0769610411361284	0.0	0.0	0.0	-0.04101472094184061	0.0	0.0	0.0	-0.03501933226625698	0.0767301608823
360	850.0	nan	nan	1	1	5.0	5.0	5.0	1.085	1.45914660054e-18	1.37723851454e-17	-1.56304048548e-20	0.957473368946	3.59994825935e-17	2.11864115932e-19	-8.55767974523e-20	0.96349800338	442433684.802	20461776.0605	-2630599.43785	18056687.9132	7488.73718225	-7471762.91728	-2336121.6112	-7518738.2017	3923.14418523	479590599.9427398	19573242.19988533	-2532201.614746319	19573143.019492034	7163.545637781689	-7192280.912065231	-2532316.149381814	-7192243.890475276	3776.3986024574288	480963251.637	0.08157998699242285	0.0	0.0	0.0	-0.043457371425355606	0.0	0.0	0.0	-0.03718486338725868	0.0813480520055
370	900.0	nan	nan	1	1	5.0	5.0	5.0	1.09	1.07266134858e-18	9.25335849272e-18	3.8809990852e-19	0.955152203484	-2.588786532e-16	-9.72499702566e-20	5.04977220351e-20	0.961418419857	445028315.583	20635217.3067	-2638362.33239	18082358.6744	-11591.7185871	-7341896.27416	-2327078.9356	-7390082.15378	-9822.12402136	484621440.3428015	19691106.0090894	-2534167.740435701	19691103.686521534	-11061.369315067383	-7051949.030346859	-2534113.686866143	-7051967.950863959	-9434.227259809795	486003650.136	0.08617769624105241	0.0	0.0	0.0	-0.045884575824396805	0.0	0.0	0.0	-0.03934556429558099	0.0859448031014
380	950.0	nan	nan	1	1	5.0	5.0	5.0	1.095	-7.87264184914e-19	4.02002101465e-17	7.94093388051e-20	0.952851610193	-8.29895750196e-18	1.08790794163e-19	-1.37153163006e-19	0.959347853302	447261513.734	20783930.886	-2650265.60107	18085845.8088	-12600.4913008	-7218242.6191	-2321895.31294	-7267479.11395	-10648.4155833	489283025.2722354	19785064.12941846	-2540095.284894853	19785063.280002378	-11994.917122075063	-6918183.609446739	-2540044.086503626	-6918207.201389651	-10205.765868832557	490658769.151	0.09075436326846412	0.0	0.0	0.0	-0.04829609553879126	0.0	0.0	0.0	-0.04150154483936423	0.0905204964428
390	1000.0	nan	nan	1	1	5.0	5.0	5.0	1.1	1.21858924352e-18	-1.68113540717e-17	-1.09955464465e-19	0.950571261351	1.15447963585e-16	7.1971330737e-20	2.59734712342e-19	0.9572863013	449168788.342	20918339.508	-2660107.8064	18076712.116	-12609.0189682	-7097671.31545	-2314937.94074	-7147835.73257	-10591.458698	493608973.3970624	19865187.931943927	-2544027.9149224623	19865198.877485454	-11974.207194837916	-6787948.185410518	-2543974.9378501824	-6787971.869366752	-10129.276160399575	494977021.67	0.09531017980432493	0.0	0.0	0.0	-0.05069214737473266	0.0	0.0	0.0	-0.043652766857482886	0.095075330326
400	1050.0	nan	nan	1	1	5.0	5.0	5.0	1.105	-2.31329991851e-18	-7.47718334189e-19	-2.14219926317e-19	0.948310873684	-1.21689120716e-17	1.19405175783e-19	9.19401324685e-19	0.955233770179	450784714.742	21051214.4714	-2657913.18369	18066169.4765	-12603.7063837	-6984452.18769	-2297617.46099	-7035473.40609	-10458.9155291	497632554.44977194	19943676.008466974	-2536458.6278682007	19943697.671423197	-11940.60499283114	-6665294.457738568	-2536397.550469837	-6665325.763882785	-9980.990611251103	498993887.422	0.09984533496971612	0.0	0.0	0.0	-0.053072904656033364	0.0	0.0	0.0	-0.04579918292874688	0.0996094826274
410	1100.0	nan	nan	1	1	5.0	5.0	5.0	1.11	-3.34564779276e-18	-1.46373010758e-16	-5.30824960132e-19	0.946070307996	-9.78715997957e-17	-6.51685973794e-20	1.7746663734e-19	0.953190125272	452141481.827	21179082.0598	-2640330.10979	18051282.9214	-12392.4752509	-6883677.19081	-2267278.8222	-6935517.07686	-10336.3394787	501385079.9272274	20017259.518381216	-2514269.5574329793	20017282.85085358	-11712.66027828546	-6555021.260362745	-2514212.51793264	-6555054.88055049	-9842.838814065974	502740240.414	0.10436001532424286	0.0	0.0	0.0	-0.05543839134311594	0.0	0.0	0.0	-0.04794089336639336	0.104123121605
420	1150.0	nan	nan	1	1	5.0	5.0	5.0	1.115	1.29423987362e-18	-2.07595334576e-16	-6.09122568194e-19	0.943849037021	-1.25362874662e-16	1.62471507195e-19	-2.63522537803e-18	0.95115561718	453266359.195	21301438.1909	-2608086.11935	18031724.3703	-12254.7497762	-6791322.80761	-2224788.30819	-6843925.56291	-10261.4108806	504893027.76353097	20085492.34814322	-2478246.6244630567	20085523.067026332	-11555.214284235959	-6453227.406383746	-2478189.881662287	-6453255.094475978	-9750.562563253567	506242399.709	0.10885440491208208	0.0	0.0	0.0	-0.057789044034906575	0.0	0.0	0.0	-0.05007759451334448	0.108616436215
430	1200.0	nan	nan	1	1	5.0	5.0	5.0	1.12	-7.55526919171e-19	-4.39525661028e-17	-8.07195928954e-19	0.941646500346	1.48702854289e-17	-3.76479675275e-19	7.32882022722e-19	0.949130528198	454182131.111	21421849.7222	-2581939.39973	18010577.8027	-12050.8502997	-6705313.85708	-2187987.12898	-6758630.18841	-10089.4486474	508178403.66756266	20151760.974322513	-2448161.8469629	20151798.254409257	-11336.362542270681	-6357892.659499109	-2448109.9767848193	-6357915.018399785	-9566.685894347145	509522761.16	0.11332868530700327	0.0	0.0	0.0	-0.06012533986079204	0.0	0.0	0.0	-0.05220894694522227	0.1130896162
440	1250.0	nan	nan	1	1	5.0	5.0	5.0	1.125	-3.07340610955e-19	-6.11661284756e-17	-6.01366922771e-19	0.939462455701	8.18563375804e-17	2.02917330427e-19	1.82559422935e-18	0.947114819183	454909296.122	21541586.9794	-2565871.15526	17988938.3199	-11903.2665974	-6624256.2291	-2160108.01125	-6678237.288	-9848.00092563	511261101.113761	20217271.366886362	-2427744.021477966	20217314.729996398	-11171.487559490135	-6267656.278830614	-2427690.99196459	-6267678.218557871	-9317.858896264452	512601344.356	0.11778303565638346	0.0	0.0	0.0	-0.062447422927120036	0.0	0.0	0.0	-0.05433494796825965	0.117542834498
450	1300.0	nan	nan	1	1	5.0	5.0	5.0	1.13	-8.01081409866e-19	-4.70731148898e-17	-3.82038328991e-19	0.937296817272	-1.94823533569e-17	2.20969720115e-19	-6.73973528218e-19	0.945108294441	455466252.148	21651357.7603	-2548867.48774	17959111.1938	-11644.0490384	-6554247.99456	-2131761.10634	-6608885.20347	-9622.59400922	514159052.32068723	20273331.327092662	-2406532.171385874	20273378.21052347	-10902.949679083982	-6188241.928628237	-2406466.4836105513	-6188254.8390725525	-9085.243609861238	515494997.074	0.12221763272424911	0.0	0.0	0.0	-0.06475527286973076	0.0	0.0	0.0	-0.0564557607620989	0.12197625531
460	1350.0	nan	nan	1	1	5.0	5.0	5.0	1.135	1.0647204147e-18	-1.21082301019e-17	-8.84620034289e-20	0.935149138061	-6.06911547504e-17	-1.48151356431e-19	-1.29945442021e-18	0.943111125955	455869570.044	21752829.2333	-2524167.73708	17922637.0563	-11385.6154115	-6493406.2292	-2097361.97839	-6548705.43339	-9452.6179836	516888484.91095245	20321558.91689905	-2378162.2007804355	20321612.41371221	-10636.476382380084	-6117807.8705893215	-2378097.4352273797	-6117820.439206518	-8905.84982003611	518219989.117	0.126632650933366	0.0	0.0	0.0	-0.06704925646557736	0.0	0.0	0.0	-0.05857116028525802	0.126390058556
470	1400.0	nan	nan	1	1	5.0	5.0	5.0	1.14	6.18519339953e-19	8.51971149337e-17	1.5484821067e-20	0.933018979929	3.47406659024e-16	1.85606094567e-19	8.21767542624e-19	0.941123480137	456132884.753	21850048.6037	-2494484.31235	17882949.4799	-10687.3350463	-6444656.07152	-2059246.57561	-6500657.41465	-8445.69585011	519462613.78667665	20365775.2739323	-2345230.033591452	20365827.568153303	-9961.344607414674	-6059048.317228117	-2345153.4505715077	-6059067.8968634	-7940.358439695632	520789439.603	0.131028262406404	0.0	0.0	0.0	-0.06932973543817011	0.0	0.0	0.0	-0.06068092575590918	0.13078442146
480	1450.0	nan	nan	1	1	5.0	5.0	5.0	1.145	2.74864838362e-18	9.88832085976e-17	5.09781485349e-19	0.930906308287	9.04356299006e-17	-2.32669362699e-20	1.2092718811e-19	0.939145106837	456266669.673	21946485.3208	-2461946.82528	17842947.0415	-10471.7941945	-6404505.65652	-2019240.67877	-6461203.67845	-8082.16125883	521891316.9745403	20409238.09163991	-2309761.8747094776	20409290.770393662	-9738.294667149234	-6008611.900100107	-2309667.234486142	-6008626.999015928	-7582.563420628054	523214597.95	0.13540463700620298	0.0	0.0	0.0	-0.07159664233630049	0.0	0.0	0.0	-0.06278527834018882	0.135159504397
490	1500.0	nan	nan	1	1	5.0	5.0	5.0	1.15	-2.87652388888e-18	7.86478032459e-17	-3.30686956564e-19	0.928810941332	-1.1489345479e-16	4.42680594059e-19	-6.68084002257e-19	0.937175916746	456282693.005	22040234.0872	-2426621.22412	17801103.4949	-9878.94810228	-6366846.31715	-1977452.60828	-6424200.27188	-7510.66504943	524186164.2602436	20450185.075109705	-2271835.223271785	20450243.46450282	-9166.250968103002	-5960726.618842234	-2271734.8556749853	-5960739.073811088	-7031.585003827361	525505788.145	0.13976194237515863	0.0	0.0	0.0	-0.07385006859462703	0.0	0.0	0.0	-0.06488426970598592	0.139515470189
500	1550.0	nan	nan	1	1	5.0	5.0	5.0	1.155	5.58512349596e-21	5.25456094736e-17	-8.91766874781e-19	0.926732542297	-1.2173186941e-17	7.86946547558e-20	-6.92158266805e-19	0.935215972632	456189954.727	22129456.0978	-2394159.67896	17755973.3864	-9511.26734212	-6331265.17597	-1938496.97529	-6389242.03779	-7120.21271276	526355770.7950551	20486927.950188767	-2236746.232922052	20486990.038191445	-8805.30673197911	-5914991.241575442	-2236653.9618858052	-5915009.420296326	-6652.06631906347	527671915.327	0.14410034397375687	0.0	0.0	0.0	-0.07609027468254148	0.0	0.0	0.0	-0.06697778959459491	0.14385248957
510	1600.0	nan	nan	1	1	5.0	5.0	5.0	1.16	1.58580449594e-18	6.17199556742e-17	-1.0032046469e-20	0.924670961172	-1.9323750408e-16	-1.95479322359e-19	-1.92903812803e-18	0.933265178211	455999873.644	22215790.7855	-2366441.63396	17708967.1843	-2686.29462178	-6302349.58985	-1903765.8249	-6360928.79816	-2776.19468701	528411719.86890113	20521009.70628256	-2206229.001459208	20521114.912113797	-2481.3646536244287	-5875668.4479025025	-2206079.939724744	-5875671.177692708	-2588.2409877690357	529719867.831	0.14842000511827322	0.0	0.0	0.0	-0.07831732240413578	0.0	0.0	0.0	-0.06906589749864316	0.148170714149
520	1650.0	nan	nan	1	1	5.0	5.0	5.0	1.165	-4.77652466869e-18	8.23853096559e-17	-3.4093076127e-19	0.922626095264	-1.18321383892e-16	5.81302829833e-19	2.71566703824e-18	0.931323343858	455718714.394	22300404.6949	-2339114.48057	17660971.4745	1383.04116086	-6279899.64452	-1869818.21491	-6339118.74192	3257.58046747	530359852.13334453	20553525.695585612	-2176205.0724324943	20553622.056541022	1274.7020705102257	-5842531.254580238	-2176071.512214725	-5842550.4708090825	3030.7037966939038	531660841.26	0.15272108701766393	0.0	0.0	0.0	-0.08053122377543251	0.0	0.0	0.0	-0.07114875388442114	0.152470308146
530	1700.0	nan	nan	1	1	5.0	5.0	5.0	1.17	2.19169775102e-20	-7.21864241661e-17	-4.91279109407e-20	0.92059776593	-6.41230675549e-17	-6.69500135466e-19	3.01484172218e-18	0.929390384957	455350908.911	22379955.4464	-2312500.11962	17609384.0257	8446.28481538	-6261314.23132	-1836784.14193	-6321144.00325	8306.20306284	532203977.5237462	20581412.67416935	-2146970.0469437498	20581454.9544523	7767.507570122444	-5813125.800553755	-2146792.302502577	-5813151.577326597	7711.640327473926	533496791.914	0.1570037488096647	0.0	0.0	0.0	-0.0827320743562315	0.0	0.0	0.0	-0.07322640781515911	0.156751429286
540	1750.0	nan	nan	1	1	5.0	5.0	5.0	1.175	-1.94121422665e-18	3.16329218712e-17	8.31468716849e-19	0.918585660528	-1.99724916188e-16	-1.15222950606e-19	6.46524366771e-20	0.927466303244	454904953.529	22450603.8516	-2281834.56174	17551474.74	-1441.83475926	-6248963.5658	-1801005.3474	-6309404.28453	712.062372542	533952795.4563507	20601176.374978263	-2114105.351850443	20601356.23739056	-1323.0598328402812	-5789625.391554356	-2113962.1198140266	-5789650.529929182	659.7213040258495	535250544.726	0.16126814759612232	0.0	0.0	0.0	-0.08492011734944875	0.0	0.0	0.0	-0.07529881589475573	0.161014257101
550	1800.0	nan	nan	1	1	5.0	5.0	5.0	1.18	1.43677963678e-18	-2.59216698755e-17	-3.72985664368e-19	0.916589628043	1.67989159223e-16	-3.36669126754e-19	8.26002707361e-19	0.925551133823	454392249.313	22510532.1611	-2246934.96665	17485512.1228	13990.5678552	-6240092.77098	-1762338.41885	-6301110.30294	12334.0761553	535618487.98960775	20611202.853403788	-2077464.2401231576	20611186.87455162	12810.111730549277	-5769445.835848831	-2077370.4671626478	-5769453.237538323	11403.802303096558	536899865.988	0.16551443847757333	0.0	0.0	0.0	-0.08709542265627715	0.0	0.0	0.0	-0.07736589855099309	0.165258897018
560	1850.0	nan	nan	1	1	5.0	5.0	5.0	1.185	1.92083249636e-18	4.33483404438e-17	-6.39906921871e-19	0.914609216777	-4.45304860948e-16	-2.23907865651e-19	1.42036837343e-18	0.92364482892	453796770.98	22569204.4338	-2204097.56508	17419349.5781	-11233.9940402	-6233105.44368	-1718066.82452	-6294665.67697	-10126.6787558	537181224.168447	20620201.122651942	-2033653.1833449632	20620128.05947066	-10263.862742659036	-5751095.109623499	-2033758.9401655865	-5751078.760427594	-9343.575717664302	538480646.719	0.16974277458709455	0.0	0.0	0.0	-0.08925839042321657	0.0	0.0	0.0	-0.07942766552074353	0.169485597456
570	1900.0	nan	nan	1	1	5.0	5.0	5.0	1.19	-1.69517762525e-18	-1.70707049723e-17	-1.33026524366e-18	0.912644344404	-2.08229074039e-16	-5.13434314934e-19	-3.2666884402e-18	0.92174755804	453165765.397	22626926.8971	-2155630.34854	17353376.5884	342.84244295	-6229402.05964	-1669646.51076	-6291615.02577	2496.3441948	538695727.2713459	20628450.943454713	-1984841.1766429418	20628632.027646918	312.5616018436632	-5735850.639796457	-1984773.5863541414	-5735921.298743983	2298.560489403275	539980378.996	0.17395330712343798	0.0	0.0	0.0	-0.09140902038730171	0.0	0.0	0.0	-0.08148389113637758	0.173694390178
580	1950.0	nan	nan	1	1	5.0	5.0	5.0	1.195	6.02491888404e-18	1.17552317681e-16	7.86602440424e-19	0.910694817971	1.93172229603e-16	3.05487726383e-19	3.41526331311e-19	0.919859047252	452467539.74	22683889.8707	-2108018.93224	17287121.329	8688.32034773	-6228537.07886	-1622564.96259	-6291213.28466	7959.27779345	540123755.3935323	20636134.064823013	-1937018.3561717686	20636143.08670299	7903.994619787237	-5723283.8231809195	-1936903.3223193688	-5723282.9780368265	7313.628427141519	541398675.484	0.17814618538347404	0.0	0.0	0.0	-0.09354743458486961	0.0	0.0	0.0	-0.08353483018552244	0.177885499557
590	2000.0	nan	nan	1	1	5.0	5.0	5.0	1.2	2.97800902387e-18	-8.57674857445e-17	1.59562478417e-18	0.908760380791	-3.25682527093e-16	-4.45777558272e-19	-2.04463165555e-18	0.917979266934	451712312.336	22736486.5506	-2054887.56304	17218445.0561	-7729.56784318	-6228692.51143	-1571933.0158	-6291885.29275	-5411.97213552	541476572.1425363	20639978.273999777	-1884332.0403590074	20640094.04212688	-7016.832261903972	-5711711.472655058	-1884307.5067653588	-5711716.955733062	-4962.778830294549	542761385.137	0.1823215567939546	0.0	0.0	0.0	-0.09567382704586963	0.0	0.0	0.0	-0.08558047365590883	0.182059091224
600	2050.0	nan	nan	1	1	5.0	5.0	5.0	1.205	-4.1058863327e-18	9.33702681906e-17	1.22920362514e-18	0.906840897438	-3.19004439927e-16	-1.87723676935e-19	2.39129312411e-18	0.916108319946	450921456.773	22783205.7976	-1990590.27047	17145988.1987	5022.525676	-6230467.16797	-1513251.44728	-6294204.64934	6583.23804851	542778924.2949685	20638634.445993505	-1821644.9410664856	20638807.24830892	4549.757937644821	-5701675.108827692	-1821516.7639625694	-5701734.42842206	6024.505627706649	544048319.892	0.18647956694261839	0.0	0.0	0.0	-0.09778826052986826	0.0	0.0	0.0	-0.0876206680832098	0.186215237778
610	2100.0	nan	nan	1	1	5.0	5.0	5.0	1.21	4.31907393761e-19	2.28420724845e-16	5.99275810182e-19	0.904935948036	3.26469433936e-16	-3.34578014165e-20	1.27606836993e-18	0.914246128582	450069979.365	22826334.5281	-1921772.9513	17071380.8251	-14604.7754198	-6232832.55894	-1452068.17411	-6296949.7308	-10147.3832053	544000219.4748086	20634201.983092654	-1755087.8733012977	20634202.104959674	-13202.202287841017	-5692227.4991502995	-1755116.8521009195	-5692220.643781275	-9267.24938932868	545281779.076	0.1906203596086497	0.0	0.0	0.0	-0.099891113437754	0.0	0.0	0.0	-0.08965545649046033	0.190354183175
620	2150.0	nan	nan	1	1	5.0	5.0	5.0	1.215	-2.47323032686e-18	1.6686178484e-16	-1.45750547421e-18	0.903045266003	-3.38473253992e-16	-1.33195930956e-19	4.39177318728e-18	0.912392920416	449185529.766	22866325.6323	-1856055.60351	16995320.9046	-20655.4758793	-6241368.92041	-1393871.70824	-6305952.03572	-17922.1463071	545172988.973612	20627101.192282747	-1691629.2440445526	20627088.99138677	-18632.752720672837	-5688451.44976792	-1691731.2670842726	-5688430.788842678	-16334.438877693972	546456533.471	0.19474407679251185	0.0	0.0	0.0	-0.10198259835753279	0.0	0.0	0.0	-0.09168454790056116	0.194476006308
630	2200.0	nan	nan	1	1	5.0	5.0	5.0	1.22	1.04338577234e-18	-1.10140699983e-16	2.26766601848e-19	0.901168544144	-3.31158674506e-16	4.173225452e-19	3.41894261247e-18	0.910548745243	448266962.127	22909043.4039	-1798240.13961	16921966.1206	-20344.3082468	-6254173.00095	-1342238.51176	-6319263.03721	-17581.6623249	546295354.857671	20622624.02482904	-1635617.8176960992	20622513.519351456	-18313.8602787541	-5688582.16985761	-1635763.3420189896	-5688573.871582767	-15991.679603792776	547574956.726	0.19885085874516517	0.0	0.0	0.0	-0.10406297544511554	0.0	0.0	0.0	-0.09370784446223365	0.198580862065
640	2250.0	nan	nan	1	1	5.0	5.0	5.0	1.225	2.36083964268e-19	-8.62271599371e-17	-4.38895415576e-19	0.899305647275	-3.78244018434e-17	8.60267837055e-20	-2.97904134527e-19	0.908713606832	447329497.299	22953728.465	-1746866.17502	16850938.5616	8444.45456761	-6267950.43014	-1295754.18728	-6333479.72353	7789.70345208	547385369.1617608	20620069.273281112	-1585682.4744945657	20620051.396025352	7585.923934959235	-5689605.357410897	-1585580.4019851424	-5689567.637747601	7070.945915666184	548637345.611	0.20294084399669038	0.0	0.0	0.0	-0.1061323164472245	0.0	0.0	0.0	-0.09572529843894408	0.202668853699
650	2300.0	nan	nan	1	1	5.0	5.0	5.0	1.23	3.34813595204e-18	-2.40003000426e-16	-7.59947372365e-20	0.897456323359	1.12183809626e-16	6.42739188288e-19	-5.41534632959e-18	0.906887305832	446347186.367	22995694.7686	-1698808.759	16778528.4886	14041.9352772	-6283376.13539	-1252501.21981	-6349390.57845	13418.1241198	548410999.2593303	20615226.04133043	-1538955.4862692077	20615184.447401203	12588.341979232893	-5692127.571524638	-1538903.9440807728	-5692114.255150617	12155.515222186026	549654728.13	0.20701416938432612	0.0	0.0	0.0	-0.10819082458493018	0.0	0.0	0.0	-0.09773708594491587	0.20674020009
660	2350.0	nan	nan	1	1	5.0	5.0	5.0	1.235	-6.78661326186e-18	-1.37927986395e-16	-1.79687451848e-18	0.895620347374	-1.95007710295e-16	1.45938482856e-18	-1.49259116707e-18	0.905069918794	445333633.989	23033021.3978	-1648011.98655	16703479.781	12363.1041074	-6300651.95003	-1207644.5192	-6367098.90617	12954.2245709	549388310.0312592	20606385.615107995	-1489942.3233144234	20606340.568364896	11060.593668409078	-5696322.649009106	-1489817.3658677407	-5696295.463981256	11711.715455607196	550629525.293	0.2110709700799406	0.0	0.0	0.0	-0.11023867525031915	0.0	0.0	0.0	-0.0997430799305706	0.210795013322
670	2400.0	nan	nan	1	1	5.0	5.0	5.0	1.24	1.57968997685e-18	1.93239396669e-16	1.83832619334e-19	0.893797300275	3.46481606401e-17	-3.68776969411e-19	1.83401161926e-18	0.903261628162	444289897.897	23066332.0859	-1595648.10971	16626270.156	-822.305545621	-6319039.03607	-1162339.98855	-6385955.83121	952.816761523	550318152.9528452	20594122.604640566	-1439714.565378181	20594072.307415195	-734.1722629299841	-5701515.568540182	-1439728.4264841853	-5701520.156997546	859.7034404724908	551566941.768	0.2151113796169455	0.0	0.0	0.0	-0.11227626298969688	0.0	0.0	0.0	-0.10174303534558354	0.21483344334
680	2450.0	nan	nan	1	1	5.0	5.0	5.0	1.245	-1.58209872679e-18	-2.74794005232e-16	1.30916882932e-18	0.891986924563	1.31495115267e-17	-5.20289987851e-19	7.95588930598e-19	0.901462589193	443225637.837	23094068.1832	-1542881.78385	16545870.0478	4308.30844613	-6336540.93163	-1117077.4254	-6403788.4978	3147.83183563	551212017.3030558	20577062.85137093	-1389328.0751790034	20577064.205018096	3838.7491097648535	-5705903.2700916	-1389239.359309995	-5705844.347596368	2834.547138323199	552453362.354	0.219135529916671	0.0	0.0	0.0	-0.11430380507122402	0.0	0.0	0.0	-0.10373673559918127	0.218855585522
690	2500.0	nan	nan	1	1	5.0	5.0	5.0	1.25	-2.25061948041e-18	-4.33130297578e-17	-1.73070006948e-18	0.890188861496	-1.58881834504e-16	-9.41953576906e-19	2.47581113038e-18	0.899672837785	442137086.077	23120905.7432	-1488963.86347	16465512.0229	-3802.55818201	-6352463.31272	-1071760.97137	-6420153.19314	-699.363882563	552064956.2079672	20559389.833418835	-1338110.5317069315	20559307.19252304	-3381.280858824922	-5708867.938018831	-1338231.2688914398	-5708878.09301564	-628.5083202570798	553307451.403	0.22314355131420976	0.0	0.0	0.0	-0.11632163483993077	0.0	0.0	0.0	-0.10572409531712335	0.222861615984
700	2550.0	nan	nan	1	1	5.0	5.0	5.0	1.255	3.55912656524e-18	-3.30970289085e-16	-8.56059142098e-19	0.888403038943	-1.33528510502e-16	1.05752063465e-18	-3.08188967392e-18	0.897892420184	441045322.792	23148467.0673	-1435480.79668	16386729.625	23262.2802038	-6369445.06899	-1026920.35191	-6437525.8573	22757.1118116	552902915.4907174	20542543.03131736	-1287489.2921414315	20542720.026289675	20643.54372597686	-5712784.414931996	-1287367.141665767	-5712825.456404101	20410.957670255644	554118954.008	0.22713557258374711	0.0	0.0	0.0	-0.11832976627545926	0.0	0.0	0.0	-0.10770501720611869	0.226851594277
