inc	time	elem	node	ip	grain	1_pos	2_pos	3_pos	1_f	2_f	3_f	4_f	5_f	6_f	7_f	8_f	9_f	1_p	2_p	3_p	4_p	5_p	6_p	7_p	8_p	9_p	1_Cauchy	2_Cauchy	3_Cauchy	4_Cauchy	5_Cauchy	6_Cauchy	7_Cauchy	8_Cauchy	9_Cauchy	Mises(Cauchy)	1_ln(V)	2_ln(V)	3_ln(V)	4_ln(V)	5_ln(V)	6_ln(V)	7_ln(V)	8_ln(V)	9_ln(V)	Mises(ln(V))
0	0.0	nan	nan	1	1	5.0	5.0	5.0	1.0	0.0	0.0	0.0	1.0	0.0	0.0	0.0	1.0	3.397174325e-06	-8.82617613005e-07	6.88781990179e-07	-8.82617613005e-07	6.01090271275e-06	-7.46626264958e-07	6.88781990179e-07	-7.46626264958e-07	5.12442721599e-06	3.397174325e-06	-8.82617613005e-07	6.88781990179e-07	-8.82617613005e-07	6.01090271275e-06	-7.46626264958e-07	6.88781990179e-07	-7.46626264958e-07	5.12442721599e-06	3.27613560484e-06	0.0	0.0	0.0	0.0	0.0	0.0	0.0	0.0	0.0	0.0
10	2.5	nan	nan	1	1	5.0	5.0	5.0	1.00025	-3.2884565252e-21	-2.43950522979e-20	-8.20511468864e-22	0.999924391309	1.51865029027e-20	4.31788279753e-21	-2.03656390455e-21	0.999929105285	53097410.3352	305383.8591	-1456607.21492	305284.448612	3.30209767895	906921.112903	-1456139.91352	906925.388591	2.80767819808	53105190.14177459	305329.1784420325	-1456353.2670956254	305329.1787399938	3.3015064202165294	906762.9984565369	-1456353.2664274434	906762.9986168812	2.807188701829635	53190883.8546	0.0002499687552074404	0.0	0.0	0.0	-7.561154948092447e-05	0.0	0.0	0.0	-7.08972281488571e-05	0.000215499285331
20	5.0	nan	nan	1	1	5.0	5.0	5.0	1.0005	-5.70501298599e-21	-1.53640042299e-19	-1.28285373249e-21	0.999848753842	6.29632240064e-20	-2.27516027483e-21	3.5461879095e-21	0.999858185394	106237282.781	610981.740957	-2914233.59921	610584.040313	-19.8627282578	1813980.65378	-2912364.13627	1813997.76505	-22.7461989572	106268423.60706906	610763.0178723611	-2913217.823607936	610763.017889442	-19.855617673468704	1813348.3786970328	-2913217.823625731	1813348.37872615	-22.738270617499733	106439779.631	0.0004998750416509929	0.0	0.0	0.0	-0.0001512575968533315	0.0	0.0	0.0	-0.00014182466264208034	0.000430978525803
30	7.5	nan	nan	1	1	5.0	5.0	5.0	1.00075	-4.91159168219e-21	1.89546020448e-19	4.78834177092e-21	0.999769151684	4.06828944874e-20	9.44216329472e-21	1.16156062036e-20	0.999785446554	156407905.603	862116.385906	-4205888.2309	861271.490216	-4380.38270119	2692966.13902	-4201834.53565	2693009.98318	-2717.76995367	156477593.24852046	861655.1542762183	-4203706.597354882	861655.2302966287	-4378.039199679802	2691569.272307854	-4203706.665799221	2691569.2248278027	-2716.3602209873106	156726901.808	0.0007497188905459742	0.0	0.0	0.0	-0.00023087496557431676	0.0	0.0	0.0	-0.00021457646588350513	0.000648364692675
40	10.0	nan	nan	1	1	5.0	5.0	5.0	1.001	-4.74098568085e-21	7.56027570237e-20	4.48290532973e-21	0.999655306008	3.92121091972e-20	-5.84496160588e-21	1.85112681332e-20	0.999688900807	176506922.045	822305.818242	-3860660.77537	821201.141718	5116.45768206	3525603.03563	-3855604.02145	3525721.26314	5368.89419491	176622731.08839792	821739.976551653	-3858133.8469559797	821739.9450553298	5112.936966288349	3523295.413436378	-3858133.7455439446	3523295.15835639	5365.380078523619	176854914.106	0.0009995003330834232	0.0	0.0	0.0	-0.00034475341262884233	0.0	0.0	0.0	-0.0003111475943921677	0.000885179890528
50	12.5	nan	nan	1	1	5.0	5.0	5.0	1.00125	2.43153876963e-20	-4.60393400256e-19	-2.65814489844e-21	0.999529640665	5.52160455521e-19	-1.06462280739e-20	-5.28249429898e-20	0.9995809917	184700214.661	644907.585018	-2947979.9222	643799.511466	-1238.39301805	4505072.84026	-2943065.91521	4505304.13336	-1803.6141615	184864590.81098577	644372.4543534819	-2945685.0782398134	644372.4684885553	-1237.3654257343244	4501565.883133251	-2945685.131680237	4501565.727345326	-1802.2101447922012	185104154.362	0.0012492194004318981	0.0	0.0	0.0	-0.0004704699886513044	0.0	0.0	0.0	-0.00041909610850710986	0.00112972440178
60	15.0	nan	nan	1	1	5.0	5.0	5.0	1.0015	-1.48561638015e-21	-1.69491375464e-19	3.91752738105e-21	0.999401326184	-4.91387987056e-19	9.15440783912e-21	6.14673260297e-20	0.99947102756	190428336.261	605219.834296	-2316519.85001	603951.366008	-440.540548013	5460552.62307	-2311826.45397	5460933.52681	-1187.49316044	190643254.03937188	604633.1985479664	-2314435.866750337	604632.9866553032	-440.1135348530269	5455640.210920828	-2314435.5856529423	5455640.27856709	-1186.424870061521	190923070.931	0.0014988761237359487	0.0	0.0	0.0	-0.0005988530927249461	0.0	0.0	0.0	-0.0005291123952785811	0.00137582856359
70	17.5	nan	nan	1	1	5.0	5.0	5.0	1.00175	-1.73997441851e-20	-3.83703327242e-19	-5.97224402263e-22	0.99927214667	1.24010741658e-18	2.88107007352e-21	9.29168880154e-20	0.999359676256	194962608.247	628149.550338	-1966058.23671	626595.72603	-2444.76496286	6291309.42008	-1961366.63023	6291860.84532	-3188.23910059	195229625.9563342	627453.9826556604	-1964053.1879838433	627453.9016409415	-2442.0578057854286	6284893.342619496	-1964052.886992143	6284893.690661643	-3184.987632943741	195568296.749	0.001748470534116803	0.0	0.0	0.0	-0.0007281183438367404	0.0	0.0	0.0	-0.0006405288388044248	0.00162265094457
80	20.0	nan	nan	1	1	5.0	5.0	5.0	1.002	-1.52465930506e-20	4.90367168632e-19	-1.44640801911e-20	0.99914249999	6.15595049692e-19	-1.75122407484e-20	3.93144469486e-20	0.999247561107	198808188.657	682881.744982	-1774458.21357	680934.225434	331.514890441	6977575.49706	-1769583.84211	6978309.18708	397.861935423	199128645.12843472	682031.8948908487	-1772436.2449061142	682031.8149278521	331.10231833473614	6969624.653869071	-1772436.2125167784	6969624.642878457	397.4085776826905	199520974.686	0.001998002662673058	0.0	0.0	0.0	-0.0008578678734445035	0.0	0.0	0.0	-0.000752722117225628	0.00186985079404
90	22.5	nan	nan	1	1	5.0	5.0	5.0	1.00225	-4.39050925531e-20	-3.87184995064e-19	-3.89932940757e-21	0.999012461907	1.04520453571e-18	-1.67917664348e-22	-6.02761342489e-21	0.999135043754	202207557.981	744771.242222	-1682414.48626	742365.601584	-347.485786242	7538551.8326	-1677184.89677	7539477.40212	-431.881533065	202582668.18548843	743742.5736515451	-1680296.9089736822	743742.7455216242	-347.0058432920999	7529063.406137429	-1680296.200698864	7529063.971791947	-431.3379437579254	203027301.557	0.00224747254047937	0.0	0.0	0.0	-0.0009880260300061626	0.0	0.0	0.0	-0.0008653305364988296	0.00211728590311
100	25.0	nan	nan	1	1	5.0	5.0	5.0	1.0025	-1.53723245037e-20	3.22578622007e-19	1.29668832824e-20	0.998882237384	3.08441030004e-18	2.85584106484e-20	-1.04404927459e-19	0.999022231815	205309781.952	803090.48673	-1648539.28285	800192.535415	-21.2814101461	7995093.09352	-1642819.58067	7996214.11793	3.09449990057	205740693.05469385	801871.8120579993	-1646268.3495362177	801872.0065270178	-21.249116007422156	7984079.511106922	-1646267.585876099	7984080.0137680955	3.090237094710133	206229320.646	0.002496880198587146	0.0	0.0	0.0	-0.0011183877785318713	0.0	0.0	0.0	-0.000978246512132091	0.00236484943267
110	27.5	nan	nan	1	1	5.0	5.0	5.0	1.00275	1.96422308257e-20	6.06809150816e-19	1.69092260818e-20	0.998751927118	4.89144776632e-19	2.34853119516e-20	6.40359286269e-20	0.998909185995	208201347.838	860548.011609	-1649233.72771	857116.96867	-99.5172897306	8371615.82741	-1642915.75633	8372934.51564	-14.9489731471	208689164.07467586	859125.1403589357	-1646766.057142937	859125.1956982561	-99.35274308295767	8359089.773868309	-1646765.1117244326	8359090.305159866	-14.926605704314948	209215592.174	0.0027462256680252286	0.0	0.0	0.0	-0.0012488523736022413	0.0	0.0	0.0	-0.0010914093755958498	0.0026124862396
120	30.0	nan	nan	1	1	5.0	5.0	5.0	1.003	2.48650492133e-21	-1.43300686601e-18	-2.77932685818e-21	0.998621589163	7.90959821095e-19	-1.5403757367e-20	-1.49330915984e-20	0.998795958139	210937996.242	917543.675105	-1671475.9675	913538.260373	-97.4707119837	8687316.81046	-1664469.08286	8688834.31155	-78.5261169453	211483792.1394836	915902.0616960388	-1668776.797909113	915902.0139100056	-97.2963233064946	8673288.166424952	-1668775.847943096	8673288.776987355	-78.39930967372072	212042402.283	0.002995508979798371	0.0	0.0	0.0	-0.001379361719122339	0.0	0.0	0.0	-0.0012047673017671126	0.00286015919076
130	32.5	nan	nan	1	1	5.0	5.0	5.0	1.00325	1.59281898753e-20	-1.57359489651e-18	4.6322114303e-21	0.998491214923	-1.69967417906e-19	-1.22538535944e-20	-6.90503621236e-20	0.998682626479	213555409.333	972046.784604	-1706618.29364	967435.920656	-94.3260178795	8957742.99186	-1698847.96315	8959460.76059	-87.2957479496	214160234.44887906	970175.9506458443	-1703660.2090458623	970175.863159184	-94.14447485072799	8942216.519630553	-1703659.3885284644	8942217.080858573	-87.14443807081528	214746514.901	0.0032447301648890294	0.0	0.0	0.0	-0.0015099244393840588	0.0	0.0	0.0	-0.0013182420203392091	0.00310784661851
140	35.0	nan	nan	1	1	5.0	5.0	5.0	1.0035	-5.45707593713e-20	1.96584208182e-18	-1.82078996435e-20	0.998360799943	6.60009065117e-19	1.61399481121e-20	-1.31012161214e-19	0.998569241523	216076886.803	1023369.90245	-1749638.80693	1018128.76295	-100.170806554	9195222.42148	-1741040.98423	9197142.77479	-77.2259179313	216741766.71507072	1021261.7792967443	-1746399.1269754884	1021261.598545711	-99.96445653718062	9178196.29149354	-1746398.25864113	9178196.83004322	-77.08292427038114	217352313.86	0.003493889254255838	0.0	0.0	0.0	-0.0016405450153847557	0.0	0.0	0.0	-0.0014317829892458818	0.00335553419835
150	37.5	nan	nan	1	1	5.0	5.0	5.0	1.00375	-2.93218983538e-20	-6.73580824223e-19	-9.76073122813e-22	0.998230363404	-1.09049370822e-18	3.41650408403e-20	9.3583854083e-21	0.998455816859	218519011.623	1071906.31791	-1796581.80413	1066011.71326	-103.507995237	9407682.38257	-1787105.07915	9409807.6182	-56.7959119391	219244950.74985313	1069553.272717437	-1793042.8266126376	1069553.0967148836	-103.28077482929857	9389150.759703808	-1793041.9973664852	9389151.239737635	-56.68403311734607	219877076.581	0.003742986278834297	0.0	0.0	0.0	-0.0017712042525689499	0.0	0.0	0.0	-0.0015453766205785367	0.0036032108364
160	40.0	nan	nan	1	1	5.0	5.0	5.0	1.004	3.35802241472e-20	1.21221747126e-18	-9.73757017097e-21	0.998099930866	-5.75764028451e-19	1.17459646983e-22	-1.59370045187e-20	0.998342350544	220894038.234	1117208.11304	-1845604.17047	1110642.57678	-92.4536163149	9600821.71858	-1835203.24391	9603154.0468	-41.4509586169	221682022.26521817	1114604.7085900446	-1841750.6193110512	1114604.5153723243	-92.238173772626	9580775.568786638	-1841749.8707986302	9580776.037110278	-41.36441059529647	222333590.737	0.003992021269537457	0.0	0.0	0.0	-0.0019018765552031255	0.0	0.0	0.0	-0.001659024877046939	0.00385086804231
170	42.5	nan	nan	1	1	5.0	5.0	5.0	1.00425	-7.93431643561e-21	-1.86636720251e-18	3.33618484655e-20	0.997969508435	3.24928704166e-18	7.61006163549e-23	-7.48224930615e-20	0.998228854077	223211233.565	1159426.73406	-1895877.46976	1152175.61001	-80.1025253762	9778504.37514	-1884509.76773	9781046.05227	-37.2288192428	224062231.14828056	1156568.4754982265	-1891695.16094587	1156568.3040692252	-79.90505388249782	9756932.97841765	-1891694.5013672514	9756933.481979247	-37.14669240636624	224731509.521	0.004240994257254614	0.0	0.0	0.0	-0.0020325558077561126	0.0	0.0	0.0	-0.0017727162564072675	0.00409850002786
180	45.0	nan	nan	1	1	5.0	5.0	5.0	1.0045	2.60561892954e-20	1.47271236259e-18	5.22381100439e-20	0.997839096694	4.91659198899e-19	3.13294657004e-20	3.30314932084e-20	0.998115340141	225477406.773	1199306.80663	-1946250.71045	1191353.93595	-73.7230954196	9943601.66889	-1933879.67684	9946354.97884	-27.8838303517	226392369.4052472	1196188.5116374341	-1941727.7030852232	1196188.3197970358	-73.53140939062189	9920493.143693676	-1941727.1488545788	9920493.648984004	-27.819029465893113	227077916.042	0.004489905272852001	0.0	0.0	0.0	-0.0021632414264579464	0.0	0.0	0.0	-0.0018864380649522223	0.00434610260821
190	47.5	nan	nan	1	1	5.0	5.0	5.0	1.00475	-3.36894119881e-20	2.19829327563e-18	-3.5290833654e-20	0.997708700307	-7.37198664749e-19	3.06222262767e-21	2.6281182422e-20	0.998001814163	227697580.067	1237025.77847	-1995733.4846	1228356.49057	-66.3819881996	10098302.1891	-1982329.06037	10101269.3692	-23.4982529777	228677441.6574878	1233642.731903581	-1990860.2238292203	1233642.534208153	-66.20044521064206	10073643.756353663	-1990859.7092481868	10073644.185270354	-23.44087401637965	229378037.142	0.00473875434717347	0.0	0.0	0.0	-0.0022939287368607085	0.0	0.0	0.0	-0.0020001848737275867	0.00459367242678
200	50.0	nan	nan	1	1	5.0	5.0	5.0	1.005	-1.61598004468e-20	-5.04521443834e-19	-2.24695341594e-20	0.997578322132	3.66517277413e-18	2.69429269121e-20	-1.29490885595e-19	0.997888281908	229875983.244	1272620.07253	-2043722.44463	1263221.90807	-58.6857690649	10244412.6548	-2029259.90435	10247596.0755	-17.498005598	230921661.66154405	1268968.332769569	-2038491.2403946072	1268968.1537943108	-58.5173722582337	10218190.593673397	-2038490.7655109677	10218190.949142577	-17.45321691290586	231636272.664	0.004987541511038968	0.0	0.0	0.0	-0.0024246148724589617	0.0	0.0	0.0	-0.002113950912595985	0.00484120666759
210	100.0	nan	nan	1	1	5.0	5.0	5.0	1.01	5.1569748109e-20	-4.63613309358e-18	-7.05882847528e-20	0.994975635222	-4.64638268855e-18	-1.13522267267e-20	1.45443994286e-19	0.995620004035	267080914.492	1710265.4427	-2807738.98026	1684819.21472	-831.977114465	12339195.5489	-2767762.36833	12347187.3333	1193.69326609	269610495.61626685	1700781.5377578745	-2793977.546792468	1700776.502014242	-827.3635663744444	12278718.054452376	-2793976.444527471	12278718.692089096	1187.8426757832	270507152.965	0.009950330853168092	0.0	0.0	0.0	-0.005037029337431523	0.0	0.0	0.0	-0.004389616248807118	0.00978291245066
220	150.0	nan	nan	1	1	5.0	5.0	5.0	1.015	1.14905313251e-19	1.13445819235e-17	4.76323683933e-20	0.992386043034	9.37370334568e-18	1.00614940989e-19	7.80894894197e-19	0.993360400321	296561467.251	1962682.38862	-3435522.22513	1918957.77143	9652.79272015	13813520.1475	-3362275.89722	13827082.4741	9669.78414921	300834216.53661966	1946601.887434438	-3410720.036298664	1946605.4140014213	9573.706187514814	13713795.70601111	-3410718.340100632	13713795.46576547	9599.974729648507	301837587.476	0.014888612493750559	0.0	0.0	0.0	-0.007643091114656953	0.0	0.0	0.0	-0.006661739876731704	0.0147049379842
230	200.0	nan	nan	1	1	5.0	5.0	5.0	1.02	1.02888033312e-19	1.94314155748e-18	-4.91146760509e-20	0.989810413028	4.45580358414e-18	1.09412833984e-19	2.71732139946e-19	0.991112572463	320578553.862	2143871.84722	-4031274.1141	2080424.49384	7223.69774914	14970048.2734	-3917106.43592	14989742.0349	7381.21362868	326783004.77267903	2120682.5568866427	-3992915.685274417	2120688.858033748	7145.56228381249	14827605.086715594	-3992917.791048992	14827604.787508015	7310.979814355185	327876964.407	0.01980262729617973	0.0	0.0	0.0	-0.010241856184268643	0.0	0.0	0.0	-0.008927156287204757	0.0196061208593
240	250.0	nan	nan	1	1	5.0	5.0	5.0	1.025	-1.39495738501e-20	1.59539069206e-17	9.52912065661e-20	0.987249630009	-1.74732309107e-18	-2.82154615664e-19	1.528629772e-21	0.988877637299	340406995.266	2293250.9265	-4605140.02274	2208804.20648	-6968.38745095	15900011.4728	-4442877.91578	15926220.0909	-6922.08423447	348681528.17702293	2262482.123859262	-4550844.485340076	2262495.297893216	-6874.891821786712	15712547.104003895	-4550874.343717833	15712536.225289294	-6840.4714536246365	349859585.919	0.024692612590371414	0.0	0.0	0.0	-0.012832353584757377	0.0	0.0	0.0	-0.011184678675102469	0.0244859050049
250	300.0	nan	nan	1	1	5.0	5.0	5.0	1.03	2.28950358665e-19	7.97073554362e-18	4.997229691e-19	0.984704152196	2.33026704724e-19	-4.94812824984e-19	1.66246097766e-18	0.986656514403	356951792.718	2412973.9743	-5164552.06546	2306872.9979	-8834.2651519	16658294.1938	-4947253.92446	16691309.8742	-9236.58003338	367398865.22967225	2374375.6258980776	-5092014.90387863	2374389.3123601982	-8692.950720895027	16424325.136602001	-5092047.483525609	16424312.798943225	-9106.850428595579	368635918.028	0.02955880224154443	0.0	0.0	0.0	-0.015414036025581628	0.0	0.0	0.0	-0.013433309841496025	0.0293439418672
260	350.0	nan	nan	1	1	5.0	5.0	5.0	1.035	3.16843261832e-20	-4.59864113232e-18	-8.03887206504e-20	0.982174050639	4.8674748314e-18	5.22910496032e-20	-2.95918901057e-19	0.984449881192	370869646.475	2513327.49988	-5703603.69323	2385073.63315	-17386.7608004	17280164.7718	-5425062.25527	17320181.1884	-17609.553605	383565222.89792705	2466693.119751338	-5610745.063396919	2466719.2595089246	-17064.152301344107	16998831.6865606	-5610772.499059282	16998808.063140474	-17322.85784076354	384857175.541	0.03440142671733232	0.0	0.0	0.0	-0.017986745356418705	0.0	0.0	0.0	-0.015672290078949082	0.03418009294
270	400.0	nan	nan	1	1	5.0	5.0	5.0	1.04	-5.19125317548e-19	1.86028949296e-17	-6.47715506854e-20	0.979659658698	-1.30967837258e-17	1.44472057066e-19	-1.62924802171e-18	0.982258015383	382662361.334	2593759.58631	-6218653.42443	2443290.18409	-13366.4961606	17794314.7376	-5873395.84359	17841502.4801	-13415.5716127	397662777.05922306	2539047.3410885823	-6103624.246929005	2539067.4859676664	-13084.545967702716	17465165.442928128	-6103633.745915982	17465157.400177427	-13167.41786252444	398989126.103	0.03922071315328133	0.0	0.0	0.0	-0.02055005467848699	0.0	0.0	0.0	-0.01790126034983265	0.0389942464573
280	450.0	nan	nan	1	1	5.0	5.0	5.0	1.045	-1.79015119446e-19	3.90233505105e-17	-1.39760436297e-20	0.977161104395	-1.5977953061e-18	-2.43667556123e-19	6.74423514472e-19	0.980081043263	392715946.645	2648022.69254	-6713863.7052	2476137.51169	-14629.1827764	18222020.6446	-6296783.56073	18276450.1332	-15070.1314865	410062802.787737	2585493.337141637	-6574913.725313503	2585512.243151439	-14283.735068723594	17844898.094421115	-6574921.995196666	17844877.303775672	-14758.240367037106	411422501.371	0.04401688541677426	0.0	0.0	0.0	-0.02310374350676205	0.0	0.0	0.0	-0.02012001352960184	0.0437864090485
290	500.0	nan	nan	1	1	5.0	5.0	5.0	1.05	-6.06687348471e-20	2.8790246213e-17	-4.35004357974e-19	0.974678628956	-3.34403048922e-17	-2.64618386678e-19	1.9362842302e-18	0.977918927587	401332675.731	2681402.81437	-7189027.40944	2489071.15925	-10615.0033668	18576752.8504	-6695518.00168	18638504.8938	-11165.6904037	421056353.4127397	2611379.0151990657	-7024564.371775426	2611397.6984049305	-10337.796652474774	18151773.36016896	-7024572.292454812	18151767.535080336	-10910.253436106355	422438577.225	0.04879016416943205	0.0	0.0	0.0	-0.02564747364522209	0.0	0.0	0.0	-0.022328508511205193	0.0485565948304
300	550.0	nan	nan	1	1	5.0	5.0	5.0	1.055	-3.31375170834e-19	1.33720694336e-18	-3.05514196163e-19	0.972212377089	1.33161652591e-17	-2.72426971661e-19	-1.39992046868e-18	0.975771516962	408746109.992	2702042.94363	-7638820.40725	2490023.83866	-16063.7987287	18869359.2167	-7065167.17496	18938436.8632	-15880.6369	430868108.37285525	2624772.3991728225	-7447537.425334841	2624787.9427837203	-15604.420954285242	18396853.370853297	-7447545.411680091	18396852.825449143	-15482.971368020659	432276670.969	0.05354076692802976	0.0	0.0	0.0	-0.028181003440711755	0.0	0.0	0.0	-0.0245268214484326	0.0533048864826
310	600.0	nan	nan	1	1	5.0	5.0	5.0	1.06	7.43456699673e-19	2.64100770138e-17	-1.85182578093e-19	0.969762615957	-6.20185612579e-18	1.91297097181e-19	-5.17911678154e-18	0.973638592273	415158149.722	2709634.00705	-8074804.44877	2478983.59706	-15132.6405752	19113829.7739	-7416942.26809	19190195.87	-15155.5446542	439693808.0689262	2625469.5710543776	-7855262.6391892275	2625490.4032634376	-14662.602866851897	18594153.439543683	-7855280.1920608785	18594125.69674347	-14743.488149342935	441119707.254	0.058268908123975824	0.0	0.0	0.0	-0.030703963252483497	0.0	0.0	0.0	-0.02671509935879297	0.0580313409652
320	650.0	nan	nan	1	1	5.0	5.0	5.0	1.065	-7.88799432131e-20	-1.00022414972e-17	-1.71153594905e-19	0.967328949399	-2.20003837857e-17	-1.50785099501e-19	2.40812790393e-18	0.971520402387	420706746.261	2699718.91917	-8500449.30875	2452149.82264	-15199.3868753	19312539.6857	-7754344.59932	19396192.6486	-15631.1416765	447665231.48550665	2609257.958675251	-8251218.521255063	2609281.233888884	-14690.092694373754	18746301.443512067	-8251235.571866499	18746273.797983885	-15172.8409905034	449106302.902	0.06297479916138839	0.0	0.0	0.0	-0.033216666195362995	0.0	0.0	0.0	-0.02889300947213704	0.0627361074096
330	700.0	nan	nan	1	1	5.0	5.0	5.0	1.07	8.70855748896e-20	-1.12613030337e-17	2.69991751937e-19	0.964911553078	-2.32619334815e-17	1.82032674321e-19	-2.94449828289e-19	0.969416808928	425537752.501	2678600.05992	-8904999.30328	2415504.7624	22776.1757793	19471528.1305	-8067922.54709	19562472.777	22396.9868504	454925251.0272942	2582340.7629475472	-8625069.550523989	2582318.7341994112	21957.68155873946	18859438.239224553	-8625090.649260454	18859467.53753435	21692.934803006476	456341259.281	0.06765864847381486	0.0	0.0	0.0	-0.03571883668516329	0.0	0.0	0.0	-0.031060616203962235	0.0674192466327
340	750.0	nan	nan	1	1	5.0	5.0	5.0	1.075	-7.90122921111e-20	1.48693192819e-17	2.02123237039e-19	0.962510031062	-7.42906790002e-18	-6.34732079959e-19	2.35632654525e-18	0.967327502677	429702273.319	2646576.52619	-9288965.04142	2369673.40643	-16805.4509625	19596843.2436	-8358593.24211	19694924.1672	-16558.7638691	461518220.4148136	2545085.9667036994	-8977462.503341159	2545128.386342018	-16160.997796787577	18939669.233202238	-8977478.86803959	18939665.872951116	-16003.470900542889	462980845.386	0.07232066157962608	0.0	0.0	0.0	-0.03821079099190739	0.0	0.0	0.0	-0.03321816178079217	0.0720810833411
350	800.0	nan	nan	1	1	5.0	5.0	5.0	1.08	-9.2969806895e-19	-7.40762076109e-18	-2.35845736251e-19	0.960124648528	2.37414070693e-19	6.77652827583e-19	-9.3836692177e-19	0.96525258018	433346698.113	2614019.00564	-9652747.41563	2323896.17679	-11138.0023829	19694138.4466	-8627181.71126	19799311.596	-10988.7642838	467591816.1419384	2507517.739795973	-9308925.775678225	2507541.510209433	-10684.214040048137	18992652.052458674	-9308942.659816157	18992641.199470863	-10597.354999539473	469055488.705	0.0769610411361284	0.0	0.0	0.0	-0.04069216073235953	0.0	0.0	0.0	-0.03536547077221085	0.0767215670291
360	850.0	nan	nan	1	1	5.0	5.0	5.0	1.085	9.64505829127e-19	-1.52963959409e-17	-4.41357105079e-19	0.957755078177	3.75191258753e-17	-1.87511918698e-19	-5.68725714055e-18	0.96319188374	436512249.974	2589275.57909	-10014239.9577	2285638.84873	-14848.1357658	19767067.4187	-8889993.574	19879262.6664	-14639.3575201	473183027.0473016	2477625.845315217	-9636820.996340772	2477652.137467826	-14207.883172104297	19022081.669826746	-9636829.367393324	19022067.548867323	-14087.62607232766	474655775.791	0.08157998699242285	0.0	0.0	0.0	-0.04316319322070804	0.0	0.0	0.0	-0.03750263081275014	0.0813409461462
370	900.0	nan	nan	1	1	5.0	5.0	5.0	1.09	-5.57188860616e-19	2.75419644942e-17	-4.31457407508e-19	0.955400905865	1.27804241992e-16	-1.18477410008e-18	-3.01427262192e-18	0.961145649339	439268355.309	2572956.43427	-10374032.0212	2255264.92812	-17216.4392115	19818321.8061	-9147688.37815	19937467.6729	-16940.885638	478360228.7125494	2455934.219521603	-9961745.39032004	2455968.051839246	-16433.407746301888	19030698.52612225	-9961769.956510473	19030679.43798018	-16267.617939429194	479840033.612	0.08617769624105241	0.0	0.0	0.0	-0.045624229874118565	0.0	0.0	0.0	-0.0396293213096649	0.0859393743951
380	950.0	nan	nan	1	1	5.0	5.0	5.0	1.095	6.96208143084e-19	-3.74345813992e-17	-8.68632287409e-19	0.953062160152	-4.27083276428e-18	-6.37220239241e-19	6.16993357159e-18	0.959113607689	441667543.532	2560729.84061	-10721553.3781	2228803.1237	-14672.9437389	19847089.2252	-9391065.00608	19973104.4801	-14149.7718164	483174722.8016062	2438257.6221797448	-10273593.221322464	2438262.324782026	-13971.179756574906	19017852.55702665	-10273621.635943942	19017849.31189592	-13558.57632655713	484655162.928	0.09075436326846412	0.0	0.0	0.0	-0.04807515169218818	0.0	0.0	0.0	-0.04174574637160917	0.090517002271
390	1000.0	nan	nan	1	1	5.0	5.0	5.0	1.1	-1.3089306013e-18	1.16378621184e-17	7.44171383722e-19	0.950738792576	4.80045334945e-17	-6.81623294523e-19	-2.94846874983e-19	0.957095587625	443754733.714	2563949.13674	-11050730.3782	2216075.86214	4308.17145289	19856519.7397	-9615102.38665	19989306.9998	2912.06859079	487670483.196019	2435350.117291602	-10566644.176174497	2435387.62379799	4092.088139646423	18986688.79665228	-10566651.509567589	18986710.948734906	2784.503065624875	489135345.486	0.09531017980432493	0.0	0.0	0.0	-0.050515920225366176	0.0	0.0	0.0	-0.043852009941357295	0.0950739761156
400	1050.0	nan	nan	1	1	5.0	5.0	5.0	1.105	-1.44217947182e-18	-4.32517522181e-17	3.1700208051e-19	0.948430424527	2.90695751797e-17	-8.62385419423e-20	5.801778642e-19	0.955091491697	445539435.576	2580474.73199	-11368134.2575	2214853.70471	-14955.5177354	19853357.7437	-9825919.60875	19992768.5686	-14380.0622401	491853421.6010235	2445075.9649427813	-10847294.687494483	2445088.551137892	-14170.79442971359	18943761.315986067	-10847327.518140381	18943738.256274	-13721.228937806341	493336631.568	0.09984533496971612	0.0	0.0	0.0	-0.052946845458322546	0.0	0.0	0.0	-0.04594814026612025	0.0996105412713
410	1100.0	nan	nan	1	1	5.0	5.0	5.0	1.11	-1.43407971926e-18	3.04101239328e-17	-5.22672268015e-19	0.946137137397	-4.48913036015e-17	8.06534184464e-20	2.11284427759e-18	0.953101183383	447075329.157	2607297.43398	-11659106.7395	2222408.8476	-9629.47469954	19836933.2689	-10011106.1974	19982951.2312	-8564.21698762	495778405.77421975	2464498.6787780393	-11101667.348364484	2464511.5567419752	-9102.079174035367	18888499.718159072	-11101686.778248545	18888507.412137527	-8154.7489203144805	497255540.973	0.10436001532424286	0.0	0.0	0.0	-0.055367754900805664	0.0	0.0	0.0	-0.04803420742459684	0.104126782366
420	1150.0	nan	nan	1	1	5.0	5.0	5.0	1.115	9.01984209707e-19	4.41558275404e-17	-9.30148055204e-19	0.94385905178	-1.52556192454e-17	-2.98581760885e-18	1.93091748238e-18	0.951124138136	448378367.044	2647244.59872	-11924872.423	2240937.21865	-12953.3572712	19805545.8855	-10172262.364	19957967.5867	-12457.9577037	499459527.8293531	2496215.0651463927	-11331091.041157652	2496234.268617868	-12214.347544699185	18819358.026470836	-11331129.53413555	18819333.65119063	-11837.632128898053	500937333.408	0.10885440491208208	0.0	0.0	0.0	-0.05777843353950243	0.0	0.0	0.0	-0.05011069063804893	0.108622893776
430	1200.0	nan	nan	1	1	5.0	5.0	5.0	1.12	-5.82123393001e-19	4.50950282602e-17	3.95458507249e-20	0.941596251728	1.617113613e-17	2.61608772737e-18	-1.58479864431e-18	0.949160079259	449479814.16	2692899.68704	-12172051.4902	2263921.35594	-6498.29980961	19759213.0228	-10315418.2906	19917902.7673	-5244.99925624	502928222.9123044	2533160.394238767	-11541999.127869746	2533128.0927130105	-6112.829150976095	18736432.363941867	-11542042.214251276	18736398.785757534	-4973.506470124664	504395120.965	0.11332868530700327	0.0	0.0	0.0	-0.060178703791656615	0.0	0.0	0.0	-0.05217781255422173	0.113099002026
440	1250.0	nan	nan	1	1	5.0	5.0	5.0	1.125	1.63376773658e-18	3.92642916793e-17	5.34689547954e-20	0.939348732446	4.51984688502e-17	5.04373709376e-18	7.33361125733e-18	0.947208621531	450384715.962	2739030.47981	-12406362.1657	2287051.03048	-3900.52013586	19704200.806	-10445727.6825	19869081.9835	-5159.70923276	506187187.33351094	2570388.0903193704	-11739918.413373891	2570415.663271654	-3660.36470830309	18645732.469645675	-11739948.8212264	18645740.553975243	-4882.540475628255	507647596.705	0.11778303565638346	0.0	0.0	0.0	-0.06256848166453352	0.0	0.0	0.0	-0.054235912770719936	0.117555301523
450	1300.0	nan	nan	1	1	5.0	5.0	5.0	1.13	-1.50655397581e-18	-5.31173831828e-17	-2.16840434497e-19	0.937116654577	2.0989357319e-17	-1.80825652371e-18	8.79723125062e-19	0.945269450748	451134661.126	2785797.37087	-12630668.6832	2310243.16119	-1321.36322606	19641754.3329	-10565852.5355	19812595.1149	6.2229476817	509280346.5342669	2608047.2672619834	-11927632.329330562	2608004.968566701	-1237.0525533624439	18548473.54974017	-11927660.41801988	18548436.109208453	5.876571843830011	510731285.076	0.12221763272424911	0.0	0.0	0.0	-0.06494750654523575	0.0	0.0	0.0	-0.056285259064435	0.121991899791
460	1350.0	nan	nan	1	1	5.0	5.0	5.0	1.135	-9.89969757103e-19	-3.27939393441e-18	-1.73535875069e-19	0.934899988168	-7.23746458057e-17	1.49342496513e-18	-1.34964112233e-18	0.943342148748	451716355.445	2836726.55138	-12846764.8645	2336600.19948	-10431.2669175	19574550.0182	-10677508.1463	19751274.0275	-9438.0607457	512190385.5428481	2649429.5317859505	-12106894.541325167	2649415.1531267166	-9742.534616784127	18447213.38514711	-12106971.439417321	18447181.196720637	-8894.504361838684	513644065.381	0.126632650933366	0.0	0.0	0.0	-0.0673157199407659	0.0	0.0	0.0	-0.05832623209408287	0.126409009759
470	1400.0	nan	nan	1	1	5.0	5.0	5.0	1.14	-7.78582097204e-19	-3.97634323133e-17	9.3237151669e-19	0.932698531352	2.31567872452e-17	-1.79486281523e-18	-4.31475936353e-18	0.941426775417	452161618.933	2884144.85783	-13046584.7261	2359664.67577	-12502.3764454	19509595.6016	-10774096.7906	19692134.3767	-11552.696908	514950941.08495784	2687358.9064373174	-12270173.24683155	2687338.983569821	-11649.336059165755	18348565.776632503	-12270239.333343327	18348534.9427981	-10865.187748768813	516400438.66	0.131028262406404	0.0	0.0	0.0	-0.06967324787047963	0.0	0.0	0.0	-0.060358708294007	0.130806752653
480	1450.0	nan	nan	1	1	5.0	5.0	5.0	1.145	5.12666691326e-19	4.90173731411e-17	-1.16170568716e-18	0.930512146402	-6.14082045362e-17	1.33937084785e-20	3.8704905827e-18	0.939523152439	452475281.538	2930176.29651	-13222099.3212	2381252.41226	-11587.5125304	19448439.7508	-10849323.1148	19636776.4162	-11446.9118375	517565507.48381805	2723834.882805347	-12410031.444868846	2723804.2905000295	-10771.526229614139	18253965.80360587	-12410037.968661495	18253965.350822497	-10743.871483573363	519007800.059	0.13540463700620298	0.0	0.0	0.0	-0.07202014935579791	0.0	0.0	0.0	-0.06238281706983315	0.135185302588
490	1500.0	nan	nan	1	1	5.0	5.0	5.0	1.15	-1.64324391767e-18	4.11983590655e-17	2.24463731022e-19	0.928340812857	-2.25933597884e-17	5.01337625656e-20	-1.5348501702e-18	0.937631108965	452683477.55	2977880.09809	-13383641.9882	2403873.8958	4647.31883944	19383527.7551	-10912157.2527	19577528.2778	4094.12667051	520062083.57666653	2761705.461883869	-12536289.89890075	2761672.8440618278	4309.953859535164	18156307.783454377	-12536351.597963009	18156327.65391217	3834.9171973956186	521482165.914	0.13976194237515863	0.0	0.0	0.0	-0.07435635838379687	0.0	0.0	0.0	-0.06439868135294272	0.139544785589
500	1550.0	nan	nan	1	1	5.0	5.0	5.0	1.155	-4.00593644492e-18	9.25578312453e-17	-9.06325253562e-20	0.926184301911	7.25365564845e-17	1.49003683334e-18	-5.88526432686e-18	0.935750462028	452775697.027	3029443.1273	-13534040.7375	2429238.43608	9798.27700916	19316144.4182	-10964972.9223	19515695.7741	9134.00207287	522427033.482343	2802984.9718977083	-12651676.522841442	2802932.7504008734	9065.832251370997	18056810.64417261	-12651735.315355962	18056850.606627304	8538.502419659402	523834632.809	0.14410034397375687	0.0	0.0	0.0	-0.0766820339983597	0.0	0.0	0.0	-0.0664064384461841	0.143885410991
510	1600.0	nan	nan	1	1	5.0	5.0	5.0	1.16	2.90590534423e-18	-4.22208866515e-18	1.48971919598e-19	0.924042494734	-4.90629251503e-17	2.3815654801e-18	3.21740171059e-19	0.93388107486	452760997.969	3085371.97008	-13673621.5444	2457702.74736	8375.49350664	19242449.4981	-11008259.2994	19447345.1942	7833.54000406	524669103.1049566	2848117.9178853105	-12756561.356032025	2848038.373314674	7731.448058359078	17951900.077517577	-12756605.71310617	17951914.012321062	7308.161438594751	526069497.128	0.14842000511827322	0.0	0.0	0.0	-0.07899721842609846	0.0	0.0	0.0	-0.06840617770398309	0.148207330202
520	1650.0	nan	nan	1	1	5.0	5.0	5.0	1.165	-9.3639492319e-19	-1.77273407948e-18	6.15475315299e-19	0.921915396979	-1.97007836325e-17	-1.72225620978e-18	7.45764864454e-18	0.932022608334	452642225.33	3138693.54477	-13806176.061	2483759.56348	-18253.516314	19162445.2805	-11045242.2757	19372471.5247	-17465.8105603	526790033.4024218	2890656.8629001756	-12854536.263283461	2890626.879662645	-16811.02390293797	17841605.572972145	-12854575.251153015	17841553.17027481	-16261.917436300706	528205371.203	0.15272108701766393	0.0	0.0	0.0	-0.08130181996224442	0.0	0.0	0.0	-0.07039820672166501	0.152510712929
530	1700.0	nan	nan	1	1	5.0	5.0	5.0	1.17	-1.15170011047e-18	-4.04146947706e-17	-1.02522750353e-18	0.919803026023	6.54181819652e-17	2.33860502781e-19	-1.04965911011e-18	0.930174988654	452449353.632	3190725.92746	-13934087.8739	2508375.66214	-19812.6472728	19081932.9857	-11077937.6772	19297079.2243	-18652.0610529	528823176.41901225	2931831.333438113	-12947855.658610702	2931791.535686261	-18205.05470959993	17731344.614878885	-12947902.662700202	17731319.70588209	-17331.898322595367	530230774.945	0.1570037488096647	0.0	0.0	0.0	-0.0835957340111014	0.0	0.0	0.0	-0.072382550691668	0.156795635578
540	1750.0	nan	nan	1	1	5.0	5.0	5.0	1.175	-1.07398483756e-18	-3.22923370207e-17	3.16049168444e-19	0.917705237355	-1.00291910416e-17	-1.59702768249e-18	1.02781889496e-17	0.928338016554	452180635.669	3246596.3076	-14053553.9114	2535640.52616	-17599.2425963	19000727.0154	-11103410.4306	19220840.3028	-16446.2977246	530765412.41808105	2976351.973148377	-13033020.764303127	2976311.1983337365	-16134.29433921133	17620942.808472443	-13033079.5960015	17620911.422491826	-15252.009640547021	532161845.765	0.16126814759612232	0.0	0.0	0.0	-0.08587903212866836	0.0	0.0	0.0	-0.07435937053964774	0.161062278053
550	1800.0	nan	nan	1	1	5.0	5.0	5.0	1.18	-5.36913009441e-19	-2.40724116632e-17	5.70582569094e-19	0.915621906643	5.49460528696e-17	-4.30478025662e-19	3.15207429453e-18	0.926511643448	451851795.922	3303132.29004	-14162550.6442	2563069.83174	7493.19749828	18912479.9164	-11120190.2755	19137403.6162	7672.15693205	532634086.9337895	3021294.629562179	-13108207.08395413	3021296.7435279093	6853.845190539253	17504523.6866864	-13108263.477928927	17504516.832018472	7100.996449893881	533997869.524	0.16551443847757333	0.0	0.0	0.0	-0.08815176519278692	0.0	0.0	0.0	-0.07632866620347009	0.16531076179
560	1850.0	nan	nan	1	1	5.0	5.0	5.0	1.185	1.83964968232e-18	1.74076387968e-17	-1.06683799707e-18	0.913552732465	3.26022253479e-17	-2.31745567391e-18	-2.67162132498e-18	0.924695696594	451438381.597	3359097.55344	-14262483.7767	2589622.23379	8850.30715513	18820462.5967	-11129525.7706	19050014.628	8931.48588325	534399475.1076996	3065529.006069124	-13174774.548458314	3065518.6153400857	8076.8339903942	17385145.216732074	-13174805.183746431	17385137.370711446	8250.338071324528	535751547.656	0.16974277458709455	0.0	0.0	0.0	-0.09041417908848916	0.0	0.0	0.0	-0.07829057224953742	0.169541318157
570	1900.0	nan	nan	1	1	5.0	5.0	5.0	1.19	-2.66529504765e-18	1.95891721525e-17	-3.97893726973e-19	0.911497343601	6.24160182335e-17	-3.35200053986e-18	3.12867500936e-18	0.922890428067	450965806.622	3417285.04631	-14355001.9409	2617487.61644	12815.8021226	18727477.2201	-11132900.5513	18961560.005	12546.6033804	536090442.7743831	3111602.4381763106	-13234297.308465797	3111566.4971689456	11669.404393096032	17265410.509083156	-13234355.018211342	17265412.6137045	11567.081636856023	537428392.868	0.17395330712343798	0.0	0.0	0.0	-0.09266659918362867	0.0	0.0	0.0	-0.08024476434636094	0.173754063715
580	1950.0	nan	nan	1	1	5.0	5.0	5.0	1.195	1.87130753872e-18	-1.22966843447e-16	8.15057453495e-19	0.909455548587	3.27370988012e-17	5.46706827893e-19	-2.64168400425e-20	0.921095731448	450430489.131	3474247.70217	-14447331.2514	2644055.96772	9569.04642222	18631979.4888	-11135927.1488	18870434.0353	9509.36952598	537701852.9919105	3156371.4319807985	-13293466.586203044	3156344.4916888843	8693.526584051691	17143899.621266168	-13293524.32213182	17143883.79990777	8749.884933746685	539032170.981	0.17814618538347404	0.0	0.0	0.0	-0.09490915677910809	0.0	0.0	0.0	-0.08219130518824119	0.17794916417
590	2000.0	nan	nan	1	1	5.0	5.0	5.0	1.2	7.45071356229e-19	-1.84658476457e-17	-4.2002246272e-19	0.907427234864	-5.92710643097e-18	-2.08793621498e-19	-6.25020317823e-18	0.919311443996	449834381.13	3529815.8949	-14540009.206	2669220.13245	-8654.80528786	18533303.1423	-11139042.1053	18775961.6486	-7677.6922955	539235119.8365068	3199691.752953746	-13352777.911883274	3199704.821085543	-7845.369256509351	17020008.538276598	-13352831.523074431	17019949.88679239	-7050.787839617442	540571172.482	0.1823215567939546	0.0	0.0	0.0	-0.0971418980259216	0.0	0.0	0.0	-0.08413031959206535	0.182126772809
600	2050.0	nan	nan	1	1	5.0	5.0	5.0	1.205	-4.55407264091e-18	3.55163032366e-17	1.27277288237e-18	0.90541217015	4.4898569556e-18	4.49435681813e-18	5.49779969305e-18	0.917537792796	449207421.294	3575143.2023	-14621781.6482	2686269.19982	13252.8997621	18435447.948	-11133691.118	18682303.518	13380.449635	540725228.9210554	3233571.241022165	-13401916.860915761	3233547.4864418753	11986.707414490958	16897416.9247871	-13401977.334156042	16897381.714105334	12264.146592013765	542030839.416	0.18647956694261839	0.0	0.0	0.0	-0.09936500233216009	0.0	0.0	0.0	-0.08606150884342943	0.18628695828
610	2100.0	nan	nan	1	1	5.0	5.0	5.0	1.21	5.75876525015e-19	-5.05264152762e-17	-1.72667666298e-18	0.903409972353	6.061584161e-17	-2.05966649037e-18	5.85167417655e-19	0.915774605672	448517451.839	3614324.51504	-14691295.678	2698577.52772	2516.63117157	18339847.1468	-11118980.7142	18590767.1018	2639.43358326	542133031.9403634	3261768.8187151207	-13439708.490719251	3261830.7515804945	2271.1488825863453	16777430.991770502	-13439759.594548564	16777349.182762865	2414.573820929224	543437138.833	0.1906203596086497	0.0	0.0	0.0	-0.10157881713205634	0.0	0.0	0.0	-0.08798500826349656	0.190429982195
620	2150.0	nan	nan	1	1	5.0	5.0	5.0	1.215	-8.88961078143e-19	1.00929269621e-16	1.05868530495e-18	0.901420555469	1.70894455762e-17	7.24874914392e-19	-1.21802279024e-17	0.91402190009	447786746.066	3654604.66364	-14747561.4056	2711510.56502	-2521.51426614	18244857.4374	-11094341.7148	18499836.5806	-919.166955997	543484516.6828533	3290845.736473663	-13465313.774188088	3290995.1485994644	-2270.5368257037226	16658532.44500697	-13465344.82709719	16658466.220007008	-839.2486820681138	544780747.228	0.19474407679251185	0.0	0.0	0.0	-0.10378336504838642	0.0	0.0	0.0	-0.0899007471038811	0.194555925341
630	2200.0	nan	nan	1	1	5.0	5.0	5.0	1.22	3.05249498367e-19	1.47926204485e-16	-2.66815378385e-20	0.899443769201	-1.62265307612e-16	1.21689517763e-18	2.09021261603e-18	0.912279618981	447022003.824	3695072.9134	-14788417.5866	2724261.84853	3585.31632619	18148872.0045	-11058419.3371	18407786.9417	3868.82295943	544787219.7981851	3319978.0271921353	-13476833.321416175	3320067.078951345	3221.3630698076045	16539249.148467971	-13476932.845554372	16539172.462349353	3525.697179497479	546065950.613	0.19885085874516517	0.0	0.0	0.0	-0.10597874094081206	0.0	0.0	0.0	-0.09180873614003848	0.198664918325
640	2250.0	nan	nan	1	1	5.0	5.0	5.0	1.225	-6.71273610699e-20	-2.34737181881e-17	-1.93017632856e-19	0.897479451082	5.13142220916e-17	-1.81468868015e-18	-1.3905263439e-17	0.910547580146	446213074.878	3739169.59399	-14817397.2007	2739417.21189	-7129.88413835	18048856.8519	-11013868.2895	18311616.4976	-5369.49603442	546028276.5346049	3352250.23775608	-13477561.447193358	3352208.492157023	-6392.102630586797	16416822.332439555	-13477604.89030737	16416778.97050795	-4883.969280444294	547302674.91	0.20294084399669038	0.0	0.0	0.0	-0.10816505461217597	0.0	0.0	0.0	-0.09370912401783342	0.202757138579
650	2300.0	nan	nan	1	1	5.0	5.0	5.0	1.23	-2.68160043189e-18	-7.52912763738e-17	-3.04042476417e-18	0.89552752959	1.46117100929e-16	-2.86850354566e-18	3.9597731493e-18	0.908825806863	445385106.229	3783020.4307	-14839932.5827	2754269.68224	12093.710058	17946083.6174	-10964993.4629	18212567.1597	11806.3108752	547237812.5293627	3384175.8708843454	-13472490.170254417	3384128.6898578834	10818.667918267567	16292421.396296922	-13472518.396138174	16292412.757948745	10718.404974327832	548482131.719	0.20701416938432612	0.0	0.0	0.0	-0.11034231580984721	0.0	0.0	0.0	-0.09560183478220392	0.20683265724
660	2350.0	nan	nan	1	1	5.0	5.0	5.0	1.235	-4.21525946201e-18	7.43059652979e-19	-1.39675733002e-18	0.893587814178	-6.37893365737e-17	6.00866643936e-18	-4.23770583511e-18	0.907114086687	444515291.77	3824334.29169	-14858586.3415	2767189.63589	17880.685798	17842047.4141	-10913688.699	18112044.3589	17215.2678066	548387512.5631028	3413712.78682667	-13463975.012105508	3413813.3587568286	15960.8237905595	16167411.557672653	-13463947.606170012	16167341.217502711	15599.46082672664	549613050.421	0.2110709700799406	0.0	0.0	0.0	-0.1125106680949708	0.0	0.0	0.0	-0.09748705211680857	0.210891672383
670	2400.0	nan	nan	1	1	5.0	5.0	5.0	1.24	-7.27071906099e-19	-4.46681765943e-17	1.39209864881e-18	0.891660179353	-7.0995045856e-17	2.06525161386e-18	-2.40975579538e-18	0.905412399424	443620432.219	3868982.27792	-14878472.3049	2782166.67266	22533.3025867	17734967.8413	-10863869.6462	18008406.4621	21494.8737717	549497512.70664	3446105.885348531	-13456660.133156376	3446175.0531077115	20070.43224351696	16040184.087598508	-13456705.136631412	16040103.323542418	19440.78699905253	550705491.847	0.2151113796169455	0.0	0.0	0.0	-0.1146701838385692	0.0	0.0	0.0	-0.09936474910608437	0.214934290457
680	2450.0	nan	nan	1	1	5.0	5.0	5.0	1.245	-2.44189010782e-18	7.0417237037e-17	-3.0768471809e-19	0.889744326132	-4.62686982877e-17	-3.04063652241e-18	-3.15006259128e-18	0.903720687884	442679069.579	3917798.01706	-14901094.9589	2799945.30335	-3092.1369444	17628117.6431	-10816424.5017	17904910.3972	-1524.1955063	550540834.7903271	3482077.7688315767	-13451899.179886837	3482171.0141831622	-2748.243085885543	15913707.141671058	-13451919.875669124	15913605.085184423	-1375.9609168142683	551757602.443	0.219135529916671	0.0	0.0	0.0	-0.11682113153602237	0.0	0.0	0.0	-0.10123493991177739	0.218960699509
690	2500.0	nan	nan	1	1	5.0	5.0	5.0	1.25	1.15302359945e-19	1.0229616904e-17	3.59353727873e-19	0.887840312616	-3.77446616324e-17	1.64199983803e-18	7.61937899791e-18	0.902039020541	441740892.683	3971002.48254	-14925191.8891	2820559.60265	19245.5860272	17521144.3349	-10770503.707	17801226.5113	18445.7430774	551578614.1907057	3521801.0681253085	-13448537.244381964	3521884.395675389	17068.517515489893	15787653.780463627	-13448561.378957761	15787544.534934796	16620.775439268076	552763901.724	0.22314355131420976	0.0	0.0	0.0	-0.11896338029611986	0.0	0.0	0.0	-0.10309749983191932	0.222970901077
700	2550.0	nan	nan	1	1	5.0	5.0	5.0	1.255	3.74801491248e-18	8.14496294168e-17	-1.19251651062e-18	0.885947790924	-1.19320671012e-16	-1.45837897694e-18	5.06028070602e-18	0.900367140308	440756287.686	4027098.07051	-14946958.4112	2842963.978	-2293.71552925	17414491.5395	-10723376.9396	17697738.8133	-667.015233335	552548940.2213278	3563927.3585373466	-13443147.714669539	3564048.3800662695	-2029.90723947509	15662422.795392428	-13443235.477541234	15662259.631283417	-599.9069551793658	553739989.048	0.22713557258374711	0.0	0.0	0.0	-0.121097256835651	0.0	0.0	0.0	-0.1049526651645914	0.226965170591
