inc	time	elem	node	ip	grain	1_pos	2_pos	3_pos	1_f	2_f	3_f	4_f	5_f	6_f	7_f	8_f	9_f	1_p	2_p	3_p	4_p	5_p	6_p	7_p	8_p	9_p	1_Cauchy	2_Cauchy	3_Cauchy	4_Cauchy	5_Cauchy	6_Cauchy	7_Cauchy	8_Cauchy	9_Cauchy	Mises(Cauchy)	1_ln(V)	2_ln(V)	3_ln(V)	4_ln(V)	5_ln(V)	6_ln(V)	7_ln(V)	8_ln(V)	9_ln(V)	Mises(ln(V))
0	0.0	nan	nan	1	1	5.0	5.0	5.0	1.0	0.0	0.0	0.0	1.0	0.0	0.0	0.0	1.0	5.91969922976e-06	-1.06577413187e-06	-7.40195640917e-07	-1.06577413187e-06	6.37902006177e-06	1.41939962111e-06	-7.40195640917e-07	1.41939962111e-06	6.06393602431e-06	5.91969922976e-06	-1.06577413187e-06	-7.40195640917e-07	-1.06577413187e-06	6.37902006177e-06	1.41939962111e-06	-7.40195640917e-07	1.41939962111e-06	6.06393602431e-06	3.35572749629e-06	0.0	0.0	0.0	0.0	0.0	0.0	0.0	0.0	0.0	0.0
10	2.5	nan	nan	1	1	5.0	5.0	5.0	1.00025	9.29487667807e-22	-6.53196870881e-20	-8.97510553614e-22	0.999930783777	-2.09092033367e-20	2.19386393025e-21	-7.97712303231e-23	0.999929669092	58094236.2178	-533980.115266	-1189118.8299	-533809.702691	26.6010942841	659756.068222	-1188738.01338	659755.332671	25.4865186832	58102343.95035813	-533884.2021633043	-1188903.9159324474	-533884.2021007198	26.596316215750722	659636.8279991784	-1188903.915722842	659636.8279192921	25.481912407770167	58157375.1426	0.0002499687552074404	0.0	0.0	0.0	-6.921861855335054e-05	0.0	0.0	0.0	-7.033338133407241e-05	0.00021316414173
20	5.0	nan	nan	1	1	5.0	5.0	5.0	1.0005	-7.46242282084e-21	4.91480734682e-20	7.30915045386e-22	0.999861540873	2.81410437456e-19	-1.30875482542e-21	-1.5775885245e-21	0.999859310771	116233843.278	-1068344.71155	-2379105.50932	-1067662.96	-481.423965781	1319737.08238	-2377581.99571	1319734.13893	-435.950947916	116266296.55870907	-1067961.0567646045	-2378245.8408873985	-1067961.0587702582	-481.25108093748514	1319260.207224774	-2378245.832796855	1319260.207330605	-435.7934209519297	116376842.464	0.0004998750416509929	0.0	0.0	0.0	-0.00013846871334953712	0.0	0.0	0.0	-0.00014069912665770916	0.000426307919335
30	7.5	nan	nan	1	1	5.0	5.0	5.0	1.00075	-1.84176287029e-21	-2.14384173367e-19	3.30290633653e-21	0.999787724856	-2.37694743414e-19	-3.99300761195e-21	4.42298643411e-21	0.999785219423	169841974.775	-1527271.63408	-3568646.96867	-1525803.00141	-3883.17677823	2052344.76331	-3565206.78983	2052339.65973	-3416.3560088	169914530.0002762	-1526454.8916632952	-3566729.617346154	-1526454.813075762	-3881.100163228731	2051242.086025453	-3566729.8195883096	2051242.1255283668	-3414.5204798800173	170088108.958	0.0007497188905459742	0.0	0.0	0.0	-0.00021229767755666446	0.0	0.0	0.0	-0.00021480364565084866	0.000642181331265
40	10.0	nan	nan	1	1	5.0	5.0	5.0	1.001	-4.02273441521e-21	2.72204046486e-19	5.80060404553e-21	0.999678741335	2.76066307862e-19	-3.98990568465e-21	1.1034395501e-20	0.999684660705	190608123.468	-1472711.10295	-4996798.98034	-1470767.33524	3642.50194428	3082823.47564	-4990233.23106	3082841.58815	3420.42709111	190729522.17077973	-1471703.949172694	-4993411.349830877	-1471704.0699569697	3640.0109196760054	3080733.4442216037	-4993411.520787618	3080733.3025913993	3418.1081778990288	191013552.959	0.0009995003330834232	0.0	0.0	0.0	-0.0003213102796196344	0.0	0.0	0.0	-0.000315389024890336	0.00087857330809
50	12.5	nan	nan	1	1	5.0	5.0	5.0	1.00125	-2.47826930436e-20	1.66490777792e-19	6.70305809382e-21	0.999559040975	3.7828592754e-19	1.45583787809e-22	2.2298278692e-20	0.999573792476	200396272.74	-1351174.16404	-6146786.95124	-1348892.34769	-3081.78235745	3877425.40015	-6136496.52153	3877482.54273	-3057.50239054	200570162.7807237	-1350062.7117945026	-6141821.351469976	-1350062.8232785154	-3079.247337159883	3874293.07380975	-6141821.349259774	3874292.9933782658	-3055.0324280559	200980807.336	0.0012492194004318981	0.0	0.0	0.0	-0.00044105627602102396	0.0	0.0	0.0	-0.00042629837624230216	0.00112196350485
60	15.0	nan	nan	1	1	5.0	5.0	5.0	1.0015	1.90433003634e-20	1.49813162281e-19	2.10765620079e-21	0.999436552482	-8.00481290331e-20	-6.41892155341e-21	2.37030413985e-20	0.999460305611	207319202.106	-1351714.96727	-6948879.85606	-1348930.02172	3187.63170795	4402639.78298	-6934727.58134	4402744.5954	3534.58250967	207548093.99301302	-1350419.2453120586	-6942383.816768805	-1350419.3152103452	3184.5761196804087	4398524.051868276	-6942383.904854127	4398524.228691339	3531.2782667795773	208045474.573	0.0014988761237359487	0.0	0.0	0.0	-0.0005636063142046497	0.0	0.0	0.0	-0.0005398400764371681	0.00136713507304
70	17.5	nan	nan	1	1	5.0	5.0	5.0	1.00175	1.11361451787e-20	-2.50910349567e-19	4.29306737915e-21	0.999313432794	1.31775144856e-19	4.72071975584e-21	3.62484115353e-21	0.999344750743	212828198.005	-1446544.40543	-7491621.63408	-1443026.10064	-2137.00724574	4753380.08901	-7473633.53038	4753529.0579	-1975.018768	213114062.08781806	-1444964.1867334573	-7483672.2431739615	-1444964.3275131716	-2134.67275895087	4748336.257607647	-7483671.877810025	4748336.258105085	-1972.9230673626143	213682939.772	0.001748470534116803	0.0	0.0	0.0	-0.0006868030011963201	0.0	0.0	0.0	-0.000655464026617725	0.00161317083861
80	20.0	nan	nan	1	1	5.0	5.0	5.0	1.002	-4.08756211078e-20	6.70125484009e-19	-4.71699744308e-21	0.999190608931	6.41425056789e-19	-9.04935590133e-22	-4.0201494758e-20	0.999227419976	217528176.549	-1594144.00387	-7880442.68648	-1589674.55824	-5114.2770532	4988346.64326	-7858637.04029	4988530.42218	-4714.90018616	217872708.6359905	-1592192.1755798007	-7871084.045089523	-1592192.364907049	-5108.015265925999	4982422.591880786	-7871083.945621283	4982422.595797382	-4709.300873813009	218491640.209	0.001998002662673058	0.0	0.0	0.0	-0.000809718802806675	0.0	0.0	0.0	-0.0007728786177486267	0.00185965588795
90	22.5	nan	nan	1	1	5.0	5.0	5.0	1.00225	-8.35555816255e-21	-1.66741744389e-18	-1.23382260168e-20	0.999068358517	-5.34746675115e-19	2.13412598039e-22	-4.28780185756e-20	0.999108640812	221715185.93	-1762792.89785	-8177258.58636	-1757197.67353	728.337287113	5151457.42089	-8151628.72771	5151666.37837	1473.39274962	222119926.25016907	-1760404.670812574	-8166509.317829096	-1760405.4319250854	727.3505377316204	5144685.6649820935	-8166509.498313572	5144686.914731572	1471.4559276215405	222767927.083	0.00224747254047937	0.0	0.0	0.0	-0.0009320757306560829	0.0	0.0	0.0	-0.0008917566848270763	0.00210638779604
100	25.0	nan	nan	1	1	5.0	5.0	5.0	1.0025	-4.8213359376e-20	-8.825289217e-19	-5.18311371826e-21	0.998946521533	-2.30207466401e-19	1.17864965483e-20	-7.07177385187e-21	0.998988827398	225549421.435	-1930656.14208	-8419131.52974	-1923813.34626	139.963459141	5273608.42279	-8389644.39788	5273833.2643	879.303442349	226015824.48560297	-1927790.8675420587	-8406992.775127655	-1927791.5094837304	139.7557402588125	5266004.902362779	-8406992.94932274	5266006.401794455	878.0356573430571	226692075.406	0.002496880198587146	0.0	0.0	0.0	-0.0010540337654715635	0.0	0.0	0.0	-0.0010116841819085502	0.00235328647165
110	27.5	nan	nan	1	1	5.0	5.0	5.0	1.00275	-5.27844628385e-21	-3.92445088278e-19	7.18406362002e-21	0.998824988519	8.78545426665e-20	-2.78346276124e-21	-1.31563748511e-19	0.998868321342	229138423.02	-2084252.16025	-8626266.32234	-2076094.52384	-339.47510349	5371142.35851	-8592873.75685	5371377.05792	173.162832168	229667890.28022677	-2080891.0857706063	-8612729.202881372	-2080891.7292367278	-338.9276643996196	5362713.474793744	-8612729.201718435	5362715.150933462	172.89108934703145	230367492.745	0.0027462256680252286	0.0	0.0	0.0	-0.0011757023482276254	0.0	0.0	0.0	-0.001132319489815025	0.00260027836025
120	30.0	nan	nan	1	1	5.0	5.0	5.0	1.003	3.35687470162e-20	-2.91436409318e-19	-3.00514716541e-21	0.998703646622	8.97258940458e-19	-3.90263813003e-21	1.44788660446e-20	0.998747362032	232545574.837	-2223254.79239	-8807981.58301	-2213731.99246	-216.893545146	5452601.28156	-8770636.49365	5452841.42167	167.565770571	233139466.73392072	-2219385.0634537213	-8793035.554334763	-2219385.5831301194	-216.51602690984137	5443348.908091597	-8793035.586593682	5443350.373542452	167.28143269082415	233858166.483	0.002995508979798371	0.0	0.0	0.0	-0.0012971943709345227	0.0	0.0	0.0	-0.0012534231747275636	0.00284732398456
130	32.5	nan	nan	1	1	5.0	5.0	5.0	1.00325	2.60431612008e-20	1.57775602858e-19	7.459514764e-21	0.998582460536	1.38094060273e-18	6.69850860045e-21	-5.59959915668e-20	0.998626059304	235810221.723	-2347575.44412	-8970653.87971	-2336653.95721	-164.114324283	5523341.19935	-8929308.49067	5523583.5036	110.322629818	236469862.0992001	-2343189.9438878037	-8954286.755031632	-2343190.362986312	-163.807742695145	5513263.760708053	-8954286.765016867	5513264.910091847	110.12134413010115	237204987.304	0.0032447301648890294	0.0	0.0	0.0	-0.0014185451235533364	0.0	0.0	0.0	-0.001374885417945438	0.00309439962652
140	35.0	nan	nan	1	1	5.0	5.0	5.0	1.0035	5.30636362953e-22	3.37051284197e-20	-3.60981619318e-21	0.998461400179	-8.33853892145e-20	-1.11040725429e-20	1.11594522849e-19	0.998504494356	238958685.687	-2458556.13809	-9120205.74084	-2446212.03514	-130.242613835	5589831.36906	-9074804.6377	5590073.64804	72.4725307752	239685364.85001078	-2453650.6522753146	-9102401.306623433	-2453651.025311593	-129.98274452197694	5578918.919525395	-9102401.3388605	5578919.936087418	72.33105015038136	240435195.644	0.003493889254255838	0.0	0.0	0.0	-0.001539784681210594	0.0	0.0	0.0	-0.001496625028735414	0.00334148898457
150	37.5	nan	nan	1	1	5.0	5.0	5.0	1.00375	-2.96680734401e-20	-4.81017106728e-19	4.876229711e-21	0.998340440287	3.57110124538e-18	1.27716686578e-21	-3.41125148714e-20	0.998382730155	242009539.383	-2558097.26099	-9259104.15188	-2544311.09577	-106.55148404	5655217.09457	-9209593.57969	5655457.70481	47.5552524628	242804516.72360554	-2552668.5890416796	-9239846.307700273	-2552668.905440417	-106.32536556462682	5643454.910256774	-9239846.181429194	5643455.962317563	47.456343148590356	243567785.292	0.003742986278834297	0.0	0.0	0.0	-0.0016609383076717724	0.0	0.0	0.0	-0.001618579037611098	0.00358857996944
160	40.0	nan	nan	1	1	5.0	5.0	5.0	1.004	-3.35341088281e-20	9.14218210967e-19	1.14068206471e-20	0.998219556329	8.8983375369e-19	-6.88214269644e-21	-1.41026022634e-19	0.998260819041	244977014.417	-2648306.27486	-9387739.73592	-2633059.07355	-82.9366773977	5720312.60282	-9334076.33056	5720550.00284	39.741941713	245841523.0449339	-2642350.780008211	-9367015.826434772	-2642350.975046803	-82.75016990800039	5707684.723911677	-9367015.704650939	5707685.665200987	39.65420936996507	246617045.368	0.003992021269537457	0.0	0.0	0.0	-0.0017820305446722656	0.0	0.0	0.0	-0.001740695090023809	0.00383566363466
170	42.5	nan	nan	1	1	5.0	5.0	5.0	1.00425	8.91452546148e-21	-7.43941427512e-19	3.94234279943e-21	0.998098733984	1.63252779284e-19	1.17939411738e-20	2.09434479678e-19	0.998138794477	247870844.856	-2730975.68134	-9507608.03748	-2714247.98366	-63.5110446946	5785927.52718	-9449751.01677	5786160.63318	24.0077159995	248806090.25242713	-2724488.9881367874	-9485405.9877747	-2724489.155561255	-63.36019140624345	5772416.300166506	-9485406.021459846	5772417.175444951	23.951653475485553	249592928.666	0.004240994257254614	0.0	0.0	0.0	-0.0019030757164106814	0.0	0.0	0.0	-0.001862939718129154	0.00408273374416
180	45.0	nan	nan	1	1	5.0	5.0	5.0	1.0045	2.35138496827e-20	2.99578844395e-18	8.68705079303e-21	0.997977958543	-2.67680940178e-18	3.78021539937e-21	-1.63521199393e-19	0.998016686707	250698630.54	-2806676.94391	-9620561.03156	-2788453.87406	-44.0194221387	5852346.92701	-9558467.33562	5852574.75865	11.818173463	251705792.103771	-2799656.0733639705	-9596867.714909494	-2799656.2629930875	-43.909308053438636	5837933.8893050905	-9596867.708562845	5837934.609262449	11.789067912379778	252503212.11	0.004489905272852001	0.0	0.0	0.0	-0.0020240885428211377	0.0	0.0	0.0	-0.001985282663158871	0.0043297852175
190	47.5	nan	nan	1	1	5.0	5.0	5.0	1.00475	-5.05655508454e-21	2.11278472058e-19	1.22249022729e-20	0.99785721677	1.13572849361e-18	3.56183971765e-21	2.64363615049e-19	0.997894522448	253467028.545	-2876194.41602	-9728193.7034	-2856463.277	-36.0348678719	5918707.85907	-9661817.5399	5918929.79595	6.66278465266	254547263.28995156	-2868636.9305526367	-9702994.652241012	-2868637.0531996363	-35.940182690410666	5903376.562563878	-9702994.615537392	5903377.222151065	6.64552596554626	255354651.085	0.00473875434717347	0.0	0.0	0.0	-0.0021450822748091147	0.0	0.0	0.0	-0.002107697186001264	0.00457681361452
200	50.0	nan	nan	1	1	5.0	5.0	5.0	1.005	1.52246727643e-20	1.15251157465e-18	3.93572535453e-21	0.997736503896	1.16651388126e-18	-3.13336016035e-21	-2.0612906595e-19	0.997772316798	256181208.886	-2940647.0658	-9831318.29351	-2919394.03702	-22.6690711981	5984797.57169	-9760614.04727	5985013.0042	2.84906833536	257335651.86334184	-2932549.772763337	-9804598.93368669	-2932549.857303568	-22.606650204259804	5968532.208794241	-9804598.820354702	5968532.820404104	2.8413251945366826	258152480.077	0.004987541511038968	0.0	0.0	0.0	-0.0022660616834901176	0.0	0.0	0.0	-0.0022301681794048346	0.00482381547516
210	100.0	nan	nan	1	1	5.0	5.0	5.0	1.01	1.47486096423e-19	-2.4290654996e-18	-2.95915592335e-20	0.995327044135	-1.01487347701e-18	-2.48121096541e-20	5.84194239664e-20	0.995326616833	301955061.777	-3761117.95279	-11386191.8284	-3706477.48371	1180.47311092	7211474.45798	-11220772.0191	7211473.08715	824.798537025	304797142.8940198	-3741363.988664462	-11326384.952836188	-3741363.8327088146	1174.2730864121258	7173595.616481452	-11326384.900984455	7173597.332535558	820.4662172983972	305748141.751	0.009950330853168092	0.0	0.0	0.0	-0.004683908256606784	0.0	0.0	0.0	-0.004684337564836366	0.00975630251241
220	150.0	nan	nan	1	1	5.0	5.0	5.0	1.015	-1.93191340784e-19	-4.00384202361e-18	8.03812760248e-20	0.99292636014	3.98869355486e-18	2.04611396321e-20	5.56733911279e-21	0.992888888745	337294493.377	-4321066.07282	-12470522.8794	-4227095.72718	-1062.95623684	8222400.48346	-12198852.7867	8222090.31783	-964.758359592	342130317.1267116	-4287698.25282092	-12373756.938128006	-4287700.007152498	-1054.7479540273355	8158598.160975861	-12373748.918073315	8158598.294075205	-957.272246004882	343173444.227	0.014888612493750559	0.0	0.0	0.0	-0.00709877665968691	0.0	0.0	0.0	-0.007136515714239417	0.0146708553004
230	200.0	nan	nan	1	1	5.0	5.0	5.0	1.02	-5.55948089697e-21	5.53659115506e-18	-9.32182919511e-20	0.990535389976	-7.89222245501e-18	1.47926363304e-19	-2.80146221137e-19	0.990463877967	365360576.429	-4773261.97199	-13281211.2966	-4635375.17275	8219.36210406	9065654.39363	-12896636.5947	9064993.41739	6820.18803714	372402892.5323813	-4724724.146018894	-13145209.672053223	-4724721.914928175	8135.781950751467	8972820.713208929	-13145218.947120175	8972814.300571265	6750.348273879624	373504034.983	0.01980262729617973	0.0	0.0	0.0	-0.009509684076460159	0.0	0.0	0.0	-0.009581881992116471	0.0195656512892
240	250.0	nan	nan	1	1	5.0	5.0	5.0	1.025	1.01882181687e-19	-1.25056341379e-17	1.03228831724e-19	0.988154723127	-1.38122254725e-17	-6.94831714545e-20	-6.95840874892e-19	0.988053922643	387959389.829	-5151513.59599	-13893735.139	-4966340.49784	7187.02194656	9772149.09812	-13392954.4434	9771139.63866	7272.10865839	397356818.84662557	-5086632.224963092	-13717349.351273403	-5086638.739174955	7096.504115478866	9648088.275079314	-13717368.13724981	9648075.819757316	7179.786716067733	398507395.903	0.024692612590371414	0.0	0.0	0.0	-0.011915991139875518	0.0	0.0	0.0	-0.012018005149684461	0.0244398114595
250	300.0	nan	nan	1	1	5.0	5.0	5.0	1.03	3.03813512823e-19	-6.90834777825e-19	-2.98612201132e-20	0.985786362201	8.52234258946e-19	-2.02493813953e-20	4.08428699254e-19	0.985659049914	406380755.518	-5480608.67302	-14344133.7092	-5245357.56016	12424.9368567	10364353.6665	-13726637.8467	10363009.3933	11053.3408446	418238120.2463479	-5398397.442460896	-14127141.479109583	-5398406.435818826	12238.558041945917	10207565.932842918	-14127153.248160876	10207560.280738331	10886.130392686764	419418876.397	0.02955880224154443	0.0	0.0	0.0	-0.014315619051836707	0.0	0.0	0.0	-0.014444775341323232	0.0292927612039
260	350.0	nan	nan	1	1	5.0	5.0	5.0	1.035	-4.90346049677e-19	1.6761961463e-17	1.5263302099e-19	0.983430643768	3.50430434297e-18	-1.83958350787e-19	-6.97491927395e-19	0.98328010626	421531026.419	-5753788.9642	-14651140.3778	-5467088.23423	-6780.10881322	10872047.0947	-13919021.5904	10870365.9538	-5034.46626468	435921768.29129654	-5653746.430075163	-14394193.70952574	-5653730.380693663	-6662.221405194218	10681376.866562886	-14394206.177698363	10681360.245796299	-4946.173524327262	437141392.013	0.03440142671733232	0.0	0.0	0.0	-0.016708163448508055	0.0	0.0	0.0	-0.016861249008539407	0.034124203091
270	400.0	nan	nan	1	1	5.0	5.0	5.0	1.04	-1.46745149389e-19	-8.24700394204e-18	-2.91759009757e-20	0.981087648121	2.89045543019e-17	-2.17323507975e-19	-1.73165298154e-19	0.980918021723	434103479.152	-5979121.5906	-14836620.6156	-5640415.63764	-10510.4260682	11324585.1933	-13993767.6522	11322603.3185	-9231.0082941	451079141.2351178	-5860994.750079552	-14540985.597440103	-5860984.682744067	-10302.776264604421	11098931.115055637	-14540995.40397352	11098907.69093767	-9047.070901929237	452314108.686	0.03922071315328133	0.0	0.0	0.0	-0.019093477718769087	0.0	0.0	0.0	-0.019266388940209253	0.0389338923095
280	450.0	nan	nan	1	1	5.0	5.0	5.0	1.045	-3.07800523376e-19	-1.06750768249e-17	6.66065991755e-20	0.978757391159	1.59291609854e-17	1.26499076717e-19	1.04268432318e-18	0.978573346074	444617561.949	-6169187.44218	-14941682.2088	-5778130.0984	5948.97592158	11733745.5316	-13991967.627	11731535.7953	5133.72952705	464213937.7379156	-6032791.181661106	-14608584.942544958	-6032799.320796749	5817.448378086757	11472163.301106144	-14608659.092004444	11472160.046448212	5019.282489075531	465439362.652	0.04401688541677426	0.0	0.0	0.0	-0.021471480074475465	0.0	0.0	0.0	-0.021659537291420086	0.0437217308796
290	500.0	nan	nan	1	1	5.0	5.0	5.0	1.05	-1.11000359015e-18	-5.05027512933e-18	-1.90177921813e-19	0.976439695079	-1.74609555504e-18	2.34151670357e-19	-3.41989552454e-20	0.976246465399	453447428.81	-6334384.69696	-14972868.107	-5890626.19603	6327.74506472	12108875.0776	-13921229.8837	12106476.6026	5647.56197204	475687832.38923585	-6179533.08335151	-14603947.852064058	-6179545.915517529	6173.055764866545	11810521.46567396	-14604029.589379968	11810519.295503423	5508.410275277406	476913212.174	0.04879016416943205	0.0	0.0	0.0	-0.023842286763895593	0.0	0.0	0.0	-0.02404019842480831	0.0484877391449
300	550.0	nan	nan	1	1	5.0	5.0	5.0	1.055	1.02592895269e-18	1.81370929831e-17	1.28757279789e-19	0.974134385398	-3.71862353096e-19	-4.30530965222e-20	-4.63353491928e-19	0.973937741219	460895748.22	-6482700.67847	-14933310.7377	-5985780.11556	-8435.70818711	12444307.2883	-13785903.6172	12441768.3525	-7575.45815177	485794543.73687994	-6309171.232959447	-14530640.864288267	-6309147.635616169	-8209.900481833767	12108752.251075333	-14530654.239234885	12108726.111239277	-7371.189397935788	487028344.474	0.05354076692802976	0.0	0.0	0.0	-0.026206012169073045	0.0	0.0	0.0	-0.026407898102330962	0.0532319423204
310	600.0	nan	nan	1	1	5.0	5.0	5.0	1.06	1.27633968517e-19	-8.82078935447e-19	-2.27369616514e-19	0.971841457085	-3.45401176172e-18	3.07393550515e-19	-8.57012054164e-19	0.971647343652	467208830.094	-6611857.16934	-14837164.974	-6061941.00596	-1286.0949771	12742021.0629	-13600398.4224	12739494.8746	-5103.38316621	494774095.0260125	-6419614.2189886635	-14402889.838795554	-6419594.798158015	-1248.7011425846463	12369069.56377159	-14402820.29790041	12369087.8893984	-4954.010127736045	495993363.931	0.058268908123975824	0.0	0.0	0.0	-0.02856259782043604	0.0	0.0	0.0	-0.028762355527886793	0.0579543712867
320	650.0	nan	nan	1	1	5.0	5.0	5.0	1.065	8.3604798872e-20	3.76432029672e-18	2.05504751383e-19	0.969560866182	5.05190963822e-18	1.64271452208e-19	9.64413184898e-19	0.969375186387	472562210.46	-6712068.05515	-14707313.7382	-6110556.80095	-741.997750434	13005360.3752	-13386698.2053	13002882.6579	-7045.22641577	502796229.99137527	-6501519.130977202	-14243236.028699605	-6501503.6214493895	-718.7222373120675	12594986.46453311	-14243164.689587206	12594998.987431942	-6822.919841221973	504003132.52	0.06297479916138839	0.0	0.0	0.0	-0.030912025267497038	0.0	0.0	0.0	-0.03110355277591725	0.0626551563673
330	700.0	nan	nan	1	1	5.0	5.0	5.0	1.07	9.80275200324e-20	3.17330305777e-18	2.56687378965e-19	0.967292764165	-2.34331003113e-18	-3.08227348572e-19	1.47796661384e-18	0.967121056216	477111711.525	-6782526.71624	-14556756.9165	-6131466.52626	-5858.78854453	13242367.2763	-13157109.4962	13240010.7341	-6169.28023522	510013062.31310344	-6554308.764591554	-14064455.168440096	-6554288.951601835	-5661.652465792219	12794517.484209	-14064416.24310068	12794511.843206607	-5960.638471021273	511207053.606	0.06765864847381486	0.0	0.0	0.0	-0.03325407426718434	0.0	0.0	0.0	-0.03343160396392414	0.0673344030702
340	750.0	nan	nan	1	1	5.0	5.0	5.0	1.075	1.14857005903e-18	-3.1568335609e-17	-6.89041450257e-21	0.965037583176	1.81273653391e-17	-8.98119621886e-20	-3.81747161416e-19	0.964884419841	480980159.512	-6829616.61508	-14371164.3987	-6131034.57082	4459.58833035	13452924.6673	-12899184.1669	13450798.8378	4142.22973728	516544380.30275923	-6584344.823398693	-13852854.28786084	-6584370.2497254405	4299.431284707181	12967731.771166276	-13852964.535299689	12967740.75175641	3992.836167302808	517710411.965	0.07232066157962608	0.0	0.0	0.0	-0.03558823210516541	0.0	0.0	0.0	-0.03574695700190407	0.0719922290803
350	800.0	nan	nan	1	1	5.0	5.0	5.0	1.08	2.46443574259e-19	1.69421941923e-17	2.62729106159e-19	0.962795416148	-3.8566667403e-18	5.45873029836e-19	1.88358951646e-18	0.962664940585	484257395.001	-6868298.52848	-14152472.0817	-6122945.69735	1802.64478058	13646572.8011	-12614952.8794	13644702.0867	2511.43588566	522476897.6903563	-6606177.71189829	-13610514.338359224	-6606192.710121314	1733.8488888560964	13123988.071243294	-13610574.692257058	13123967.520759186	2415.2624314903182	523625174.151	0.0769610411361284	0.0	0.0	0.0	-0.037914334044254656	0.0	0.0	0.0	-0.03804986066025951	0.0766287989413
360	850.0	nan	nan	1	1	5.0	5.0	5.0	1.085	-1.65058928151e-19	1.82421780081e-17	-1.63445098776e-19	0.960566254189	6.84505787347e-17	1.15461178623e-19	1.01755126745e-18	0.960462403133	487019316.079	-6895425.1364	-13913358.3177	-6104588.57566	-12034.1264061	13824433.4262	-12316321.4102	13822929.4898	-12298.5103717	527883991.5313919	-6616844.677865845	-13349804.519428158	-6616810.622463293	-11547.938479183265	13264481.487322666	-13349755.733190032	13264472.54778696	-11800.365202518224	529025207.35	0.08157998699242285	0.0	0.0	0.0	-0.040232320298734976	0.0	0.0	0.0	-0.04034044055577074	0.0812442689276
370	900.0	nan	nan	1	1	5.0	5.0	5.0	1.09	9.97682389135e-19	-7.7343637205e-18	1.90400433397e-20	0.958350319908	-1.04012403375e-17	1.21416879033e-19	-1.84864940738e-18	0.958276495471	489349659.421	-6916962.38774	-13667654.0039	-6081568.72813	666.719996743	13982366.1515	-12016014.5233	13981289.3981	1652.98770102	532849008.86159694	-6622135.764535735	-13084079.853882093	-6622172.523716458	638.3019146074215	13385354.591229862	-13084144.038809955	13385354.92423477	1582.4093199505119	533956484.034	0.08617769624105241	0.0	0.0	0.0	-0.042541889454492485	0.0	0.0	0.0	-0.04261892525138746	0.0858387472519
380	950.0	nan	nan	1	1	5.0	5.0	5.0	1.095	1.0014642589e-18	-1.81167641923e-17	1.21081043704e-19	0.956147599849	-4.00910620103e-18	1.64933196698e-19	-1.49406023984e-18	0.956106841601	491282801.026	-6929152.67206	-13415427.5804	-6050525.73901	-508.114852794	14116109.9482	-11713839.4308	14115501.7054	339.972058848	537403134.7646432	-6618500.184792248	-12813431.774372289	-6618533.1388103105	-485.33470198649593	13482672.144200534	-12813503.784571633	13482665.928596275	324.71635772577696	538490048.026	0.09075436326846412	0.0	0.0	0.0	-0.04484298470064183	0.0	0.0	0.0	-0.04488561317844526	0.0904124448218
390	1000.0	nan	nan	1	1	5.0	5.0	5.0	1.1	9.61279824738e-19	-1.60554036361e-17	2.8988710003e-19	0.953957849352	5.7990701218e-17	-6.08963749517e-19	1.88666001089e-18	0.953953471423	492872401.162	-6933329.12327	-13159966.1681	-6012852.20708	-4546.75503678	14223941.0112	-11412779.3735	14223867.4254	-3866.74041739	541599333.9233462	-6607268.241602872	-12541021.194479626	-6607301.895290474	-4332.930057514709	13554954.732550167	-12541083.031488406	13554946.814394169	-3684.878282254719	542667664.087	0.09531017980432493	0.0	0.0	0.0	-0.047135791579133224	0.0	0.0	0.0	-0.04714038081653889	0.0949655107051
400	1050.0	nan	nan	1	1	5.0	5.0	5.0	1.105	-7.34447048441e-19	3.11280372951e-17	4.12974883901e-19	0.95178090249	-1.63552003599e-17	2.15239012831e-19	4.78594791022e-18	0.95181636035	494165883.155	-6934436.41495	-12898462.2605	-5972905.61565	3184.99109099	14310178.0539	-11110298.7949	14310734.1259	2845.77264209	545484741.55276	-6593192.058098725	-12264184.430262834	-6593188.617697279	3028.257339119352	13606479.542944063	-12264097.28655637	13606501.370613059	2705.8326662759905	546523122.195	0.09984533496971612	0.0	0.0	0.0	-0.04942041512134496	0.0	0.0	0.0	-0.04938316159015328	0.0994980845417
410	1100.0	nan	nan	1	1	5.0	5.0	5.0	1.11	-4.22861346582e-19	2.28679837517e-17	1.88153810854e-19	0.949616829994	-3.11845370397e-17	1.70008776937e-19	6.61744490042e-20	0.949695026322	495185201.501	-6923062.67244	-12629483.2197	-5922760.93872	-5476.3473455	14377493.2811	-10805597.7472	14378651.1479	-5112.03673497	549079324.690528	-6567364.496736769	-11981582.94078721	-6567372.301672566	-5194.979567614214	13639919.007881818	-11981638.98259808	13639894.296435786	-4849.786097411597	550101653.65	0.10436001532424286	0.0	0.0	0.0	-0.05169671259815609	0.0	0.0	0.0	-0.05161437085129244	0.104010382231
420	1150.0	nan	nan	1	1	5.0	5.0	5.0	1.115	2.02865383484e-18	-1.97257032757e-17	4.97350615104e-19	0.947465623918	1.88377215794e-17	-2.56121587426e-19	9.39200719827e-19	0.947589321198	495964508.602	-6907746.13285	-12360247.9456	-5869793.59315	-8107.1931815	14425156.5345	-10504387.4766	14427000.4034	-8131.52438751	552416929.648853	-6537946.210381733	-11700080.600936718	-6537914.101032017	-7673.181949428435	13654701.3358951	-11700033.726247631	13654664.025076002	-7697.215392529171	553417757.008	0.10885440491208208	0.0	0.0	0.0	-0.05396462350905	0.0	0.0	0.0	-0.05383407607506172	0.108502529315
430	1200.0	nan	nan	1	1	5.0	5.0	5.0	1.12	-5.52242320553e-19	-2.02996739765e-17	3.11205198777e-19	0.945327332755	6.31795721133e-17	-9.42344006155e-19	8.82396572802e-19	0.945498955068	496538209.419	-6895614.94005	-12084337.2877	-5820171.26036	7300.40168325	14462276.0456	-10201451.0664	14464898.68	6940.71518087	555532415.8320644	-6511693.133678055	-11413598.750576045	-6511671.689087981	6893.942879236863	13659550.530136107	-11413495.776168007	13659547.731825897	6555.47228039676	556494884.571	0.11332868530700327	0.0	0.0	0.0	-0.05622402759771189	0.0	0.0	0.0	-0.0560424960476412	0.112974680035
440	1250.0	nan	nan	1	1	5.0	5.0	5.0	1.125	1.29080707408e-18	5.08870924931e-18	-3.03303969566e-19	0.943201992784	3.63319430253e-17	-3.89211639263e-19	-7.65241328285e-19	0.943423405576	496901643.271	-6877600.81921	-11808577.7004	-5766174.51421	-8663.47264113	14494371.659	-9902624.05389	14497753.0101	-8147.13567205	558417573.0125198	-6480041.638013407	-11128595.562531264	-6480021.190100407	-8162.681277968857	13659731.44425026	-11128559.073033322	13659711.52333807	-7677.9930816092	559371346.886	0.11778303565638346	0.0	0.0	0.0	-0.058474816970707194	0.0	0.0	0.0	-0.058240098628412555	0.117427073832
450	1300.0	nan	nan	1	1	5.0	5.0	5.0	1.13	1.56270134143e-18	2.95694966722e-17	4.04597198657e-19	0.941089472846	3.85827477941e-18	-4.00639966606e-19	-3.35477986672e-19	0.941362748661	497105687.299	-6858530.09081	-11538436.0268	-5711947.56275	-8314.76188574	14522252.355	-9612224.55058	14526456.4074	-7683.8498106	561126536.9382733	-6447563.029466971	-10850196.1057663	-6447573.296684278	-7816.536579048023	13656034.975900957	-10850156.037534548	13656022.79809411	-7225.526674379537	562057634.729	0.12221763272424911	0.0	0.0	0.0	-0.06071706118994711	0.0	0.0	0.0	-0.060426720947791335	0.121859797822
460	1350.0	nan	nan	1	1	5.0	5.0	5.0	1.135	1.45822015826e-18	-2.51372908965e-17	-5.05857340523e-19	0.938989607851	-4.37550750772e-17	-1.21595550045e-18	-1.6957599604e-18	0.93931686716	497161847.296	-6833854.70135	-11265949.8551	-5653635.96992	8284.09614933	14539088.0546	-9323455.11907	14544160.4274	7905.61259767	563669954.7732532	-6409995.996582079	-10570880.578343673	-6409954.321317616	7770.288581349573	13642077.72268976	-10570705.60397953	13642082.57089	7417.864249660903	564563605.153	0.126632650933366	0.0	0.0	0.0	-0.06295086708644801	0.0	0.0	0.0	-0.06260240498330832	0.126273018248
470	1400.0	nan	nan	1	1	5.0	5.0	5.0	1.14	-5.24958595228e-19	5.24842789942e-18	-6.08249065467e-19	0.936902233533	1.18701436988e-16	4.89730627301e-19	2.31097057791e-18	0.937285461347	497063634.278	-6801927.61772	-10984441.1719	-5590113.33252	-8388.20059243	14549670.2715	-9031141.36513	14555612.405	-7944.84317472	566038323.5140398	-6365833.483497994	-10284397.205307333	-6365821.518182931	-7850.405237842821	13622412.459283551	-10284341.410656156	13622403.82846456	-7438.514318936618	566924707.44	0.131028262406404	0.0	0.0	0.0	-0.06517634206690115	0.0	0.0	0.0	-0.06476738855558747	0.130666965132
480	1450.0	nan	nan	1	1	5.0	5.0	5.0	1.145	4.72167928535e-19	9.57231933692e-18	2.50404115032e-19	0.934827311672	2.02873489854e-17	1.926999955e-20	1.19585170285e-18	0.935268514283	496849150.864	-6772530.97864	-10703249.0229	-5529365.38495	-4559.78743889	14540489.0464	-8742593.66262	14547352.8852	-4696.64981483	568272769.0547137	-6324252.475971917	-9999510.737234276	-6324228.939420921	-4257.971959265159	13584452.350219099	-9999368.823993772	13584453.551150557	-4387.845237641404	569133042.254	0.13540463700620298	0.0	0.0	0.0	-0.06739346015030746	0.0	0.0	0.0	-0.06692160987069885	0.135041722794
490	1500.0	nan	nan	1	1	5.0	5.0	5.0	1.15	8.18313236386e-19	1.75392994806e-17	-3.74970897838e-19	0.93276460431	6.16786198046e-17	2.45692494263e-19	2.56153351162e-18	0.933265911515	496520710.526	-6742711.9908	-10417582.2394	-5468979.18939	262.43948131	14517377.4725	-8454078.8334	14525208.9948	749.660641937	570374245.9147674	-6282483.637025801	-9711739.835364737	-6282446.663236484	244.52649754213175	13533753.789000578	-9711556.310302228	13533781.060012909	698.8674485111959	571206694.05	0.13976194237515863	0.0	0.0	0.0	-0.0696024097426555	0.0	0.0	0.0	-0.069065111758717	0.139397480581
500	1550.0	nan	nan	1	1	5.0	5.0	5.0	1.155	9.91690292778e-20	-2.39180928481e-18	2.74623963368e-19	0.930713979429	2.27746579263e-17	3.49877546775e-19	5.19432366992e-18	0.931277516504	496084694.982	-6714596.77715	-10137246.5983	-5410733.62468	9958.91772471	14490763.8122	-8173600.37327	14499601.3541	9235.41525691	572348400.3763356	-6242504.087271394	-9430219.246335678	-6242532.3060216885	9258.721955258088	13480098.217086792	-9430137.93063349	13480157.293256491	8591.286584487425	573150336.742	0.14410034397375687	0.0	0.0	0.0	-0.07180326756482146	0.0	0.0	0.0	-0.0711979618011409	0.14373439729
510	1600.0	nan	nan	1	1	5.0	5.0	5.0	1.16	-7.36859107107e-19	7.07960725227e-18	2.74200446894e-19	0.928675532858	-3.48987467349e-17	1.34429422685e-18	1.85849616539e-18	0.92930293273	495552058.493	-6684720.12606	-9863722.67244	-5351631.35333	5613.07210867	14456660.1619	-7901941.63174	14466457.5853	5378.86846176	574206326.4658861	-6201088.537314582	-9156275.684587784	-6201044.930254659	5206.972985525097	13419798.013036551	-9156141.718203291	13419826.50223915	4993.084674269966	574990600.518	0.14842000511827322	0.0	0.0	0.0	-0.07399586612922124	0.0	0.0	0.0	-0.07332050857533454	0.148052641767
520	1650.0	nan	nan	1	1	5.0	5.0	5.0	1.165	1.72757001804e-18	6.69791303041e-17	-8.24758627719e-19	0.926649257918	-1.27331418936e-17	2.5786859288e-19	-2.37804499942e-19	0.927341942903	494929218.183	-6653638.70888	-9601882.97659	-5292360.44811	8241.07880646	14412020.1282	-7643075.58629	14422838.5055	7534.76789432	575954012.0529422	-6158761.50691587	-8894368.139975652	-6158772.04524265	7628.132687900084	13350070.290741414	-8894322.433637284	13350112.095745208	6979.5684518070975	576715185.211	0.15272108701766393	0.0	0.0	0.0	-0.07618014756145543	0.0	0.0	0.0	-0.07543291098673621	0.152352355019
530	1700.0	nan	nan	1	1	5.0	5.0	5.0	1.17	1.98195121746e-18	-9.07945204074e-18	-4.9640101176e-19	0.924634948528	3.09010192304e-18	4.46121665407e-19	-3.55700898288e-18	0.925394480543	494228492.062	-6613052.40469	-9350043.86994	-5226196.31582	6008.3411753	14363472.7389	-7395215.58487	14375307.0384	5765.00525636	577604501.6844342	-6107861.740382888	-8642860.082079416	-6107852.070830329	5549.346193258034	13277101.894054677	-8642783.41162886	13277134.747008877	5328.97326432449	578347244.736	0.1570037488096647	0.0	0.0	0.0	-0.07835626960461316	0.0	0.0	0.0	-0.07753516692836539	0.156633695448
540	1750.0	nan	nan	1	1	5.0	5.0	5.0	1.175	1.11055283808e-18	8.89236363851e-18	2.54956917124e-19	0.922632415714	6.50831562395e-17	1.45994069393e-19	-4.02033600502e-18	0.923460509222	493456351.563	-6559361.212	-9099273.8161	-5150507.74098	10628.2627688	14312339.7616	-7151217.67671	14325259.3012	11346.7982621	579164196.6090517	-6045125.934779454	-8393443.250332633	-6045093.286336072	9795.037173404844	13202131.73010736	-8393304.144104056	13202199.684581833	10466.627250780833	579882142.906	0.16126814759612232	0.0	0.0	0.0	-0.08052437329896837	0.0	0.0	0.0	-0.07962724233404779	0.160896803983
550	1800.0	nan	nan	1	1	5.0	5.0	5.0	1.18	1.81916207291e-18	-1.10311218303e-17	1.64705556594e-18	0.920641529201	-9.33239526938e-17	-6.23019202485e-19	-3.09230553219e-18	0.921539700307	492593006.091	-6499636.89209	-8855645.18996	-5071007.03258	-15866.4888734	14263380.9081	-6915995.84593	14277287.3848	-14448.0853368	580608821.8101367	-5977134.63225557	-8151689.687300264	-5977087.336139069	-14590.99049870313	13129552.117378747	-8151736.119061765	13129544.049792742	-13299.57396833771	581331645.107	0.16551443847757333	0.0	0.0	0.0	-0.08268453760082485	0.0	0.0	0.0	-0.08170942053548721	0.165141904666
560	1850.0	nan	nan	1	1	5.0	5.0	5.0	1.185	6.49568391426e-19	-1.04069644273e-17	-3.61312491563e-19	0.918662384057	-4.14478698254e-18	-1.03405517503e-18	-9.8287585617e-19	0.919632036683	491687622.067	-6440884.05115	-8617727.99234	-4993256.6223	-9145.35177281	14212904.7186	-6687936.1694	14227889.9196	-7858.20216323	581994994.230915	-5910347.806551526	-7916231.712043311	-5910358.993525716	-8392.04825941855	13055952.468404654	-7916297.253861495	13055937.245625485	-7218.532450722822	582693255.755	0.16974277458709455	0.0	0.0	0.0	-0.08483659729425429	0.0	0.0	0.0	-0.08378164907160954	0.169369027009
570	1900.0	nan	nan	1	1	5.0	5.0	5.0	1.19	-1.62392097856e-20	4.24731965906e-17	7.99652041767e-20	0.916694856921	-2.30909751013e-17	-4.56656637688e-19	3.71339244076e-18	0.917737278101	490729221.315	-6384747.24313	-8389409.61496	-4918383.14169	5002.25017626	14153484.572	-6469880.91026	14169596.347	5024.41835683	583309100.1576366	-5846263.354212173	-7690589.7234595595	-5846274.319922976	4580.3648571265285	12974529.555270214	-7690474.192219201	12974545.226763658	4605.895045641191	583976997.153	0.17395330712343798	0.0	0.0	0.0	-0.08698062445776651	0.0	0.0	0.0	-0.08584411875411936	0.173578359371
580	1950.0	nan	nan	1	1	5.0	5.0	5.0	1.195	1.94259065519e-18	1.64349802756e-17	5.74923612949e-19	0.91473886832	-5.77077326566e-17	-1.7298927412e-18	8.99136061422e-18	0.915855152513	489707004.172	-6331206.54003	-8167540.74656	-4846347.4928	9016.42457106	14082740.8958	-6259603.97875	14099938.4787	8764.06450055	584537515.6927203	-5784845.750006062	-7471817.769769865	-5784830.315863658	8238.338937509116	12883152.583795955	-7471760.313384552	12883163.527858648	8017.528764481543	585184080.769	0.17814618538347404	0.0	0.0	0.0	-0.0891166442522456	0.0	0.0	0.0	-0.08789705725626636	0.177770085255
590	2000.0	nan	nan	1	1	5.0	5.0	5.0	1.2	2.55560428098e-18	-3.88798710702e-18	1.43953249386e-18	0.912794313083	1.16586749752e-16	1.37791084695e-18	-1.49236617394e-18	0.913985537703	488632521.075	-6280035.11091	-7946091.04073	-4776963.16439	-1222.77173326	14012054.3905	-6052143.4567	14030347.2641	-1102.15976182	585693114.9043055	-5725870.24251754	-7254364.36120692	-5725845.73245232	-1114.8715185830054	12792270.750071574	-7254324.262339181	12792276.869938808	-1006.214056134073	586331669.658	0.1823215567939546	0.0	0.0	0.0	-0.09124471064320613	0.0	0.0	0.0	-0.08994053073523027	0.181944343059
600	2050.0	nan	nan	1	1	5.0	5.0	5.0	1.205	-2.42903902982e-18	2.13725470834e-17	-1.34042963903e-19	0.910861112706	1.84475351905e-16	1.26356139907e-18	5.19432366992e-18	0.912128342374	487517259.343	-6237009.26419	-7727178.61019	-4714550.7956	-1010.31808891	13939901.9606	-5849108.30877	13959300.9153	-1005.8185489	586788891.4267782	-5674575.668388449	-7040147.24918216	-5674560.196399087	-919.2108271447208	12700491.006169975	-7040144.147847566	12700495.696948647	-916.390192000507	587410828.063	0.18647956694261839	0.0	0.0	0.0	-0.09336484921083656	0.0	0.0	0.0	-0.09197457252154008	0.186101249567
610	2100.0	nan	nan	1	1	5.0	5.0	5.0	1.21	1.14158865466e-18	-1.20120918624e-17	6.92555313499e-19	0.908939249991	-3.56783644622e-17	-1.04767387664e-18	9.80091235356e-18	0.910283334702	486365473.449	-6202624.11933	-7507736.68242	-4659348.91573	6381.85347555	13869018.9764	-5648062.94972	13889559.0778	5867.84653591	587829379.0563481	-5631362.720144783	-6826353.972405394	-5631366.388978749	5794.085060810945	12610302.78334122	-6826342.571278791	12610331.318677487	5335.29600254495	588429121.404	0.1906203596086497	0.0	0.0	0.0	-0.09547701873106468	0.0	0.0	0.0	-0.0939993711173313	0.190240949239
620	2150.0	nan	nan	1	1	5.0	5.0	5.0	1.215	2.8772650427e-18	1.59582066054e-17	1.74769366798e-18	0.90702874595	-4.37077801985e-17	-4.20313630295e-19	-7.8189611361e-18	0.908450251273	485183989.565	-6176950.49617	-7285580.34319	-4611244.90492	12347.5420816	13801054.855	-5447296.70422	13822753.2731	12887.3237907	588822315.518702	-5596244.666416159	-6610994.9096466135	-5596235.573999821	11186.728234319586	12523189.519067151	-6610873.251551322	12523252.26302792	11694.06251334819	589401227.439	0.19474407679251185	0.0	0.0	0.0	-0.09758113592931505	0.0	0.0	0.0	-0.09601515183842603	0.194363583314
630	2200.0	nan	nan	1	1	5.0	5.0	5.0	1.22	8.86472918861e-19	2.06119114967e-17	-4.31377998169e-19	0.905129473519	6.86165971924e-17	-2.20895604732e-18	5.16965383533e-18	0.906628911753	483961807.581	-6155646.67241	-7063075.21596	-4566925.00038	5537.00728371	13731442.7672	-5248765.08976	13754237.7488	5902.58150691	589753896.4250203	-5565245.009460045	-6396218.534584913	-5565236.2882047435	5005.940690379565	12434995.529382732	-6396123.8565038955	12435038.439343642	5345.292253307115	590324564.427	0.19885085874516517	0.0	0.0	0.0	-0.09967728085310505	0.0	0.0	0.0	-0.09802205067613003	0.198469317118
640	2250.0	nan	nan	1	1	5.0	5.0	5.0	1.225	-3.80708222566e-18	-4.13436781555e-17	4.38021912849e-19	0.9032412995	5.74978140695e-17	-2.53207264692e-18	1.73684105834e-18	0.904819322691	482714341.274	-6134327.16232	-6845391.77216	-4523099.25809	12033.3592781	13660662.173	-5056151.82241	13684559.4877	12226.224691	590642302.3751882	-5534380.051880553	-6186691.108059746	-5534398.983504321	10856.477293044505	12346159.286255067	-6186634.409213892	12346187.453565238	11049.751146249295	591193189.669	0.20294084399669038	0.0	0.0	0.0	-0.10176554143919628	0.0	0.0	0.0	-0.10001999864897355	0.202558249741
650	2300.0	nan	nan	1	1	5.0	5.0	5.0	1.23	-4.72617914788e-19	-4.829210118e-17	-1.34672944658e-18	0.901364039805	-1.39230312786e-17	1.8649812614e-18	3.86839947011e-18	0.903021357851	481438948.183	-6109325.86231	-6634487.23881	-4477039.68253	223.352422519	13585377.411	-4870737.92258	13610372.2064	-172.698015287	591483959.7466121	-5500347.862418483	-5984143.837422311	-5500379.994929264	201.08863849386142	12253675.31608574	-5984067.895230864	12253689.418342164	-155.7693498706378	592032006.403	0.20701416938432612	0.0	0.0	0.0	-0.10384606323669676	0.0	0.0	0.0	-0.10200907373965386	0.206630547137
660	2350.0	nan	nan	1	1	5.0	5.0	5.0	1.235	2.11707944232e-18	7.28428217606e-17	1.22216266377e-18	0.899497696141	-5.21943091762e-17	1.0171012812e-18	-2.39075049363e-18	0.901234944549	480153196.91	-6080539.91028	-6434299.22724	-4428697.29495	11852.2380393	13505261.5176	-4695312.7377	13531441.4635	12589.29967	592300019.1836394	-5463075.002996648	-5792075.856119545	-5463084.510606922	10648.670400566434	12157267.855294542	-5791971.900864328	12157354.561357558	11332.730432454393	592823643.466	0.2110709700799406	0.0	0.0	0.0	-0.1059187868610889	0.0	0.0	0.0	-0.1039892955999027	0.210686285981
670	2400.0	nan	nan	1	1	5.0	5.0	5.0	1.24	-9.22471819119e-20	6.45803329975e-17	-9.59529510562e-20	0.897642267446	-2.52116048028e-17	8.00684363172e-19	-3.71349831988e-18	0.89945969094	478837850.102	-6049359.83187	-6240941.94624	-4379169.50294	12121.5211131	13422529.9453	-4526894.32284	13449814.6477	11962.255709	593066608.8060433	-5423829.486283203	-5606930.378736227	-5423838.5832328005	10868.102652030664	12058947.440640898	-5606803.772713778	12059044.80783524	10747.021124497307	593577296.023	0.2151113796169455	0.0	0.0	0.0	-0.10798365592175212	0.0	0.0	0.0	-0.1059610393360812	0.214725660206
680	2450.0	nan	nan	1	1	5.0	5.0	5.0	1.245	1.28756948917e-18	2.52406289161e-17	2.30287082535e-21	0.895797699975	3.75003323318e-17	-2.13108195573e-18	5.18807680193e-20	0.897695490194	477503180.184	-6022347.45719	-6050531.07014	-4333210.82195	9127.8441473	13342211.6952	-4362560.64963	13370538.6807	8879.07496654	593796019.4060367	-5388494.123101379	-5425180.611092318	-5388536.546143169	8167.13663466771	11963232.211980581	-5425034.336251962	11963286.677794648	7961.38137206416	594296978.011	0.219135529916671	0.0	0.0	0.0	-0.11004067277753803	0.0	0.0	0.0	-0.10792436596610017	0.218748778622
690	2500.0	nan	nan	1	1	5.0	5.0	5.0	1.25	8.03701918046e-19	-5.13028797911e-17	5.87734986276e-19	0.893963699297	9.6966611266e-18	4.97181870259e-19	-2.38492714211e-18	0.895942382265	476144343.871	-6005521.28074	-5863078.71565	-4295024.78058	-3160.97996635	13264079.0421	-4202323.04633	13293468.4644	-3844.76111161	594481938.524331	-5362417.405063621	-5246815.923519613	-5362480.286568305	-2822.4850427177676	11869903.936842784	-5246739.109778358	11869931.573763264	-3440.6418199159552	594982383.769	0.22314355131420976	0.0	0.0	0.0	-0.11209010944621947	0.0	0.0	0.0	-0.10987917358270664	0.222755785979
700	2550.0	nan	nan	1	1	5.0	5.0	5.0	1.255	-2.75621874059e-18	-3.65822942007e-17	-8.46027095629e-19	0.89214002981	6.56643366466e-17	3.11946352606e-19	3.08701157627e-18	0.894200523783	474781675.732	-6000637.66262	-5673983.884	-4265682.97076	2023.16503641	13188224.5042	-4042709.50962	13218706.6043	1724.76402326	595149403.5278468	-5347105.559165839	-5067705.231629621	-5347128.597102257	1802.8212369316248	11779031.397023318	-5067626.398127507	11779051.418007733	1540.468891469534	595634014.23	0.22713557258374711	0.0	0.0	0.0	-0.11413217463091323	0.0	0.0	0.0	-0.11182522942644588	0.226746761626
