inc	time	elem	node	ip	grain	1_pos	2_pos	3_pos	1_f	2_f	3_f	4_f	5_f	6_f	7_f	8_f	9_f	1_p	2_p	3_p	4_p	5_p	6_p	7_p	8_p	9_p	1_Cauchy	2_Cauchy	3_Cauchy	4_Cauchy	5_Cauchy	6_Cauchy	7_Cauchy	8_Cauchy	9_Cauchy	Mises(Cauchy)	1_ln(V)	2_ln(V)	3_ln(V)	4_ln(V)	5_ln(V)	6_ln(V)	7_ln(V)	8_ln(V)	9_ln(V)	Mises(ln(V))
0	0.0	nan	nan	1	1	5.0	5.0	5.0	1.0	0.0	0.0	0.0	1.0	0.0	0.0	0.0	1.0	6.13218667712e-06	4.5240425482e-08	-1.53893642774e-07	4.5240425482e-08	5.06396927192e-06	-1.25693525309e-07	-1.53893642774e-07	-1.25693525309e-07	6.96071355931e-06	6.13218667712e-06	4.5240425482e-08	-1.53893642774e-07	4.5240425482e-08	5.06396927192e-06	-1.25693525309e-07	-1.53893642774e-07	-1.25693525309e-07	6.96071355931e-06	1.68439261771e-06	0.0	0.0	0.0	0.0	0.0	0.0	0.0	0.0	0.0	0.0
10	2.5	nan	nan	1	1	5.0	5.0	5.0	1.00025	-1.50901654419e-21	-7.86288421984e-20	-8.01260132577e-22	0.999927441378	-4.15594215934e-20	-9.73229689457e-23	3.80386759501e-22	0.999931112014	56294407.5825	1939987.89392	-112627.88722	1939362.29032	14.2111250551	-252462.795587	-112591.980541	-252463.722594	16.1845076407	56302371.08048895	1939636.6358268724	-112607.90796030647	1939636.6356477514	14.20855196033808	-252418.01076611338	-112607.90798475708	-252418.01100679874	16.181636642325206	56404530.2725	0.0002499687552074404	0.0	0.0	0.0	-7.256125450455063e-05	0.0	0.0	0.0	-6.889035888674922e-05	0.000213806879258
20	5.0	nan	nan	1	1	5.0	5.0	5.0	1.0005	4.48268560988e-21	2.00327221134e-19	4.04758860768e-21	0.999854854155	3.89036742263e-20	4.52622891431e-22	-1.62802069248e-21	0.999862198374	112632917.779	3881322.06993	-225332.6322	3878819.29995	-379.031478592	-505077.427354	-225188.989976	-505081.134837	-322.284401293	112664793.74401452	3879917.037617159	-225252.71668480735	3879917.035059246	-378.8942698096803	-504898.298736786	-225252.7201581499	-504898.2962829541	-322.1701012747717	112869451.078	0.0004998750416509929	0.0	0.0	0.0	-0.0001451563796780209	0.0	0.0	0.0	-0.000137811121516595	0.000427593558317
30	7.5	nan	nan	1	1	5.0	5.0	5.0	1.00075	2.67350977832e-20	1.45322915724e-19	-2.2113122713e-21	0.999776299697	-3.52669358891e-20	8.87874989999e-22	-5.555810283e-22	0.999791234727	164722294.939	5741315.67127	-288187.56857	5735729.77366	-2953.57680601	-931580.97027	-287911.606805	-931594.9076	-1177.39570758	164793554.78259024	5738210.850741096	-288036.02362335124	5738211.0844424805	-2951.979554364896	-931091.093523619	-288036.1590769091	-931091.114539428	-1176.776567862853	165103685.539	0.0007497188905459742	0.0	0.0	0.0	-0.0002237253276446497	0.0	0.0	0.0	-0.00020878706750245983	0.000644041142433
40	10.0	nan	nan	1	1	5.0	5.0	5.0	1.001	-2.52869113257e-21	1.00423035086e-19	1.50929442518e-21	0.999661038094	1.39076254533e-19	1.50381435362e-21	-6.97054762441e-22	0.999698636405	186178867.586	6539351.84013	108340.263538	6530604.46804	4695.03300416	-1781898.20229	108199.327578	-1781965.27131	3132.4335271	186298140.00533426	6534788.368424165	108268.73048173782	6534788.192029288	4691.756586130164	-1780721.6810208487	108268.64369178828	-1780721.730926303	3130.3652974648285	186663328.453	0.0009995003330834232	0.0	0.0	0.0	-0.00033901936657188014	0.0	0.0	0.0	-0.0003014090141335331	0.000880077604489
50	12.5	nan	nan	1	1	5.0	5.0	5.0	1.00125	-7.08500874167e-21	-5.66289088125e-19	2.6605230427e-21	0.9995282378	-1.66768834555e-18	-6.85195060408e-21	9.64058324415e-21	0.999599592801	195252060.658	7076894.98411	222547.852793	7064725.7276	378.802822367	-2224807.81995	222180.930363	-2224966.46115	-468.201466547	195422465.23734346	7070891.144941251	222374.92335697537	7070891.407038831	378.48145667947176	-2223079.0467592515	222374.83688490328	-2223078.862023745	-467.83765348594477	195844133.137	0.0012492194004318981	0.0	0.0	0.0	-0.00047187351479768564	0.0	0.0	0.0	-0.0004004873833675154	0.00112435554629
60	15.0	nan	nan	1	1	5.0	5.0	5.0	1.0015	1.0525563102e-20	-1.39771189645e-19	2.43397895244e-21	0.999391660001	5.81041027169e-19	-1.4301952791e-21	1.90742679376e-20	0.999498674543	201396054.73	7522209.46853	214080.550465	7506373.74206	-2133.46538594	-2529032.27587	213652.539576	-2529303.16443	-3075.35968219	201619723.6833767	7514710.369559318	213890.02845880008	7514710.264643781	-2131.338475203652	-2526781.5515426546	213889.8204898556	-2526781.632048288	-3072.622751183589	202089747.248	0.0014988761237359487	0.0	0.0	0.0	-0.0006085251128553368	0.0	0.0	0.0	-0.0005014511626211719	0.00137063765009
70	17.5	nan	nan	1	1	5.0	5.0	5.0	1.00175	-1.57970817482e-21	1.36104297989e-19	1.3543014579e-21	0.999254628534	3.26945101666e-19	-6.17697122424e-21	3.62489155985e-20	0.99939578516	206269784.679	7887054.54132	171931.235082	7867407.03294	-5892.19661655	-2764538.00308	171527.263192	-2764928.6426	-5902.58636398	206548446.61198497	7878036.334244592	171758.90522716742	7878035.573881129	-5885.459367690026	-2761767.055540871	171758.98941789923	-2761767.1709863497	-5896.670092566279	207060028.351	0.001748470534116803	0.0	0.0	0.0	-0.0007456493934255938	0.0	0.0	0.0	-0.0006043974513477508	0.00161771952528
80	20.0	nan	nan	1	1	5.0	5.0	5.0	1.002	6.65611559406e-21	4.84088428343e-19	8.0477435771e-21	0.999117986103	7.49263610971e-19	-1.46328250361e-21	1.35872687418e-20	0.999291278024	210465394.604	8183051.14529	121415.279576	8159513.85289	-3451.50791553	-2950706.76741	121087.370565	-2951218.5673	-3103.79265579	210800590.8939805	8172509.747127124	121279.90426957545	8172509.047547436	-3447.0616865435363	-2947416.795717787	121280.21954833643	-2947416.81054311	-3100.331996774733	211340353.411	0.001998002662673058	0.0	0.0	0.0	-0.0008824031001296145	0.0	0.0	0.0	-0.0007089732381433415	0.00186515020563
90	22.5	nan	nan	1	1	5.0	5.0	5.0	1.00225	-9.52291680202e-22	-9.19182949004e-19	-2.47978407886e-21	0.998981852392	9.58673378628e-20	5.63723587455e-21	8.73295931703e-21	0.999185517824	214233345.64	8424605.41131	69032.4958573	8397134.40574	-1891.21702537	-3106339.72515	68821.4636808	-3106973.26195	-1371.92153678	214626498.5718874	8412544.47047937	68947.72039066616	8412544.50915414	-1888.5094971799858	-3102524.9796963916	68947.76222756479	-3102525.217341949	-1370.236746348752	215189305.652	0.00224747254047937	0.0	0.0	0.0	-0.0010186662723569823	0.0	0.0	0.0	-0.0008148140468218796	0.00211275584209
100	25.0	nan	nan	1	1	5.0	5.0	5.0	1.0025	9.34838169277e-21	-1.22803151022e-18	1.96954805776e-20	0.998846129431	7.52660531554e-19	3.60568029012e-21	1.18340594335e-20	0.999078880256	217713117.51	8628824.42288	17857.2352077	8597374.40837	-889.465275777	-3237084.35057	17796.3602879	-3237838.82069	-369.67258313	218165577.09116414	8615241.826832315	17833.28074687985	8615241.794903306	-888.0651722464115	-3232741.986853257	17833.345352530934	-3232742.152289571	-369.17668847968747	218747601.832	0.002496880198587146	0.0	0.0	0.0	-0.00115453679018317	0.0	0.0	0.0	-0.0009215442354835128	0.00236044991794
110	27.5	nan	nan	1	1	5.0	5.0	5.0	1.00275	2.17503006168e-20	-7.27389543455e-19	2.41231716015e-21	0.998710711577	-5.08969173308e-18	3.93324381269e-21	-1.82380917359e-20	0.998971625596	220984838.796	8804999.55141	-33795.561125	8769531.28337	-343.334508613	-3349036.27347	-33667.9216659	-3349911.57531	74.7569918837	221497902.57335988	8789891.507278468	-33746.38703604636	8789891.634199655	-342.74539865588224	-3344163.2723379447	-33746.088978915126	-3344163.6349925688	74.64821703734677	222096196.53	0.0027462256680252286	0.0	0.0	0.0	-0.0012901202703900986	0.0	0.0	0.0	-0.0010289035437577496	0.00260818895355
120	30.0	nan	nan	1	1	5.0	5.0	5.0	1.003	-7.33915998488e-21	-6.50623873887e-19	-1.92394972649e-20	0.998575526654	5.31455519913e-18	6.36763635543e-21	3.07260374436e-20	0.998863921762	224097661.334	8960005.71336	-84826.2213048	8920481.16384	-293.422154168	-3444371.34878	-84475.9739474	-3445366.51379	58.2623953978	224672583.482918	8943366.4590834	-84693.14692380157	8943366.642294208	-292.8772520786918	-3438967.8594094124	-84692.69690731252	-3438968.266809694	58.17099403529915	225284875.079	0.002995508979798371	0.0	0.0	0.0	-0.00142548887266512	0.0	0.0	0.0	-0.001136724064067052	0.00285594728612
130	32.5	nan	nan	1	1	5.0	5.0	5.0	1.00325	-4.26138636169e-20	-5.58169896822e-19	-6.31717833807e-21	0.998440533039	3.77361573885e-18	7.25271961086e-21	2.28558275055e-20	0.998755876157	227084417.128	9099945.58038	-136034.977132	9056321.62902	-207.032467199	-3527798.4503	-135425.035306	-3528913.19724	4.96935319971	227722415.7785354	9081765.404923646	-135806.08076712827	9081765.563267909	-206.61885081575113	-3521862.47516847	-135805.5149129527	-3521863.016496679	4.96099162309809	228346766.66	0.0032447301648890294	0.0	0.0	0.0	-0.0015606841952566246	0.0	0.0	0.0	-0.0012448984075709446	0.00310370719392
140	35.0	nan	nan	1	1	5.0	5.0	5.0	1.0035	9.72144014903e-21	-1.71394635335e-18	2.12261266024e-20	0.998305663341	3.11397559629e-18	9.3305973096e-22	-6.69768141984e-21	0.998647599108	229967035.831	9228953.07725	-186252.214375	9181182.18418	-152.45208442	-3601068.36033	-185351.055845	-3602302.3431	-20.3188816973	230669296.0764247	9209218.95777667	-185917.61228264612	9209219.155786179	-152.12609862046037	-3594599.041228914	-185917.07035006623	-3594599.598896756	-20.2823788275058	231304258.926	0.003493889254255838	0.0	0.0	0.0	-0.0016957736707739893	0.0	0.0	0.0	-0.0013533162114314635	0.0033514600206
150	37.5	nan	nan	1	1	5.0	5.0	5.0	1.00375	2.10054244752e-20	-1.21345079756e-18	1.55985584012e-21	0.998170890993	3.23370626764e-18	1.67140114572e-20	-4.22769943124e-20	0.998539148993	232762084.008	9348818.31277	-234050.365012	9296855.26893	-132.385629551	-3665324.16463	-232834.896528	-3666676.89311	-26.7289015229	233529763.58773845	9327517.33378227	-233603.24097220137	9327517.50490438	-132.08399319238333	-3658322.0198242147	-233602.81625288495	-3658322.488858904	-26.677839289231954	234174099.714	0.003742986278834297	0.0	0.0	0.0	-0.0018307838695289518	0.0	0.0	0.0	-0.001461919090166189	0.00359919789807
160	40.0	nan	nan	1	1	5.0	5.0	5.0	1.004	-3.56978065153e-20	-7.22183268679e-19	1.67737752565e-20	0.99803621395	1.34929577443e-18	1.58438174528e-20	3.70466279017e-20	0.998430550811	235481439.125	9461530.14113	-279992.792562	9405328.55785	-127.009155195	-3722754.6433	-278439.163941	-3724226.01012	-12.4672703018	236315669.6368433	9438648.280811887	-279426.0163411847	9438648.43259692	-126.70199496775366	-3715218.8464373546	-279425.5790364523	-3715219.304218784	-12.442033393803761	236968427.519	0.003992021269537457	0.0	0.0	0.0	-0.001965716805966964	0.0	0.0	0.0	-0.0015706820645042898	0.00384691402457
170	42.5	nan	nan	1	1	5.0	5.0	5.0	1.00425	-2.65475345793e-20	1.6938954953e-18	-1.69691966762e-20	0.997901641721	-6.78890455216e-18	-8.06501097239e-21	5.39161493141e-20	0.998321813367	238134481.174	9569137.399	-324988.933912	9508646.37074	-110.47766443	-3775121.1508	-323070.074054	-3776711.11219	-0.937807834595	239036371.01325604	9544658.394260261	-324294.0613415409	9544658.591668991	-110.19504927267731	-3767049.4047676832	-324293.64157652145	-3767049.8307848875	-0.9358026680414432	239696896.594	0.004240994257254614	0.0	0.0	0.0	-0.0021005629173541387	0.0	0.0	0.0	-0.0016795963656048663	0.00409460223438
180	45.0	nan	nan	1	1	5.0	5.0	5.0	1.0045	-6.52893657488e-21	9.15786545408e-19	-1.4448467157e-20	0.99776717612	-4.04714120636e-18	-7.94424260296e-21	-3.15985966676e-20	0.998212947843	240727917.774	9673259.19215	-368728.455846	9608422.7781	-97.9989736652	-3823232.65908	-366420.28001	-3824941.18335	-2.90227747258	241698551.5706669	9647164.517917773	-367898.062675816	9647164.690410495	-97.73461071965734	-3814622.5661029327	-367897.71524414583	-3814622.9863334303	-2.8957414123626632	242366411.855	0.004489905272852001	0.0	0.0	0.0	-0.002235320348047264	0.0	0.0	0.0	-0.0017886508396091109	0.004342258505
190	47.5	nan	nan	1	1	5.0	5.0	5.0	1.00475	-7.12202507408e-21	3.46042737455e-19	1.09193010736e-20	0.997632809916	-2.6825599614e-18	1.16450486635e-20	-4.93830444609e-20	0.998103971978	243267331.811	9774268.48676	-411385.67454	9705032.22619	-80.2286483762	-3867844.02134	-408664.240729	-3869671.12415	-3.4558655804	244307772.61415124	9746539.913599897	-410412.35465095605	9746540.107453197	-80.00104812671314	-3858692.877421585	-410412.07488197874	-3858693.273580734	-3.4476891588289194	244982585.35	0.00473875434717347	0.0	0.0	0.0	-0.0023699963078985223	0.0	0.0	0.0	-0.0018978277583902782	0.00458988019836
200	50.0	nan	nan	1	1	5.0	5.0	5.0	1.005	-3.22798962243e-20	1.04939441231e-19	-9.72309451025e-21	0.997498527718	-2.55819418348e-18	2.45176333561e-21	5.4902458797e-20	0.997994909403	245757049.979	9872804.55203	-453035.954222	9799112.63147	-66.3720699426	-3909615.40846	-449877.89104	-3911561.32218	-6.15434654908	246868339.46138185	9843423.076475823	-451912.49057104316	9843423.265915517	-66.17454660054263	-3899920.127633629	-451912.1951167767	-3899920.512037287	-6.139084659645509	247549822.519	0.004987541511038968	0.0	0.0	0.0	-0.002504606191136974	0.0	0.0	0.0	-0.002007103482278992	0.00483746592797
210	100.0	nan	nan	1	1	5.0	5.0	5.0	1.01	7.40624433255e-20	2.80116442635e-19	3.81810027142e-20	0.994826120291	9.02082313328e-18	4.91676156102e-21	2.81555736901e-20	0.995805284475	287865632.135	11539628.0073	-1117051.69299	11366265.5677	-393.142947273	-4510695.80899	-1101351.46484	-4515140.27771	-2937.97999241	290581667.68149537	11473502.343058016	-1111743.8039464687	11473507.203611238	-390.8901156814124	-4489262.357867291	-1111742.8050826846	-4489267.116996288	-2924.0196073090337	291372203.892	0.009950330853168092	0.0	0.0	0.0	-0.005187310571094283	0.0	0.0	0.0	-0.004203538024729384	0.00978034310379
220	150.0	nan	nan	1	1	5.0	5.0	5.0	1.015	5.79092603236e-20	-5.20962320253e-18	-4.9379373847e-20	0.992175300893	-2.12859131491e-17	-6.35274710441e-22	-2.93318245211e-21	0.993613090107	320683554.83	12895842.2897	-1561125.35202	12605844.3813	6949.01159963	-4967919.84684	-1528246.08823	-4975106.93032	4101.58150185	325290195.3089211	12786932.324168263	-1550184.2594000658	12786928.169736424	6890.32473011094	-4933102.353739682	-1550199.4443836238	-4933090.38637307	4072.835710846168	326160815.167	0.014888612493750559	0.0	0.0	0.0	-0.007855472699572446	0.0	0.0	0.0	-0.006407393466395231	0.0147038182086
230	200.0	nan	nan	1	1	5.0	5.0	5.0	1.02	4.67224697194e-20	9.85999290163e-19	-5.61936877332e-20	0.989544550157	2.9977996509e-17	1.25731453108e-20	2.62815132943e-19	0.991424719443	346997650.609	14032185.1737	-1874295.09614	13613206.3983	-5569.00888298	-5357296.79788	-1821790.4093	-5367475.92681	-9369.30846945	353697051.93022627	13876035.182651212	-1856959.5594361247	13876033.344738496	-5507.037017838459	-5307746.64141613	-1856963.2845446633	-5307746.718026693	-9282.650828827358	354653817.265	0.01980262729617973	0.0	0.0	0.0	-0.010510492055593424	0.0	0.0	0.0	-0.008612259832188008	0.0196066559046
240	250.0	nan	nan	1	1	5.0	5.0	5.0	1.025	4.14139554203e-19	1.37846406534e-17	-1.24805010822e-19	0.986933504916	-2.80392423175e-17	-4.01546556558e-20	-6.29054312234e-20	0.989243314917	368433786.816	15003520.933	-2105960.88152	14446308.2965	8064.41739272	-5691522.42724	-2032525.63987	-5704823.37369	5947.19509759	377370921.97702634	14796745.327793205	-2081797.7824611424	14796733.839551933	7953.275161875384	-5626219.780162412	-2081828.8172977574	-5626200.6083430955	5878.958946801816	378375987.6	0.024692612590371414	0.0	0.0	0.0	-0.013152612723952217	0.0	0.0	0.0	-0.0108149564680194	0.0244881521298
250	300.0	nan	nan	1	1	5.0	5.0	5.0	1.03	-1.49491389023e-19	-5.92483664737e-18	6.36465850523e-20	0.98434277145	6.37402152802e-17	2.17052192734e-20	-5.96281416365e-20	0.987069720774	386076859.147	15847634.3942	-2278539.9668	15145136.4678	8229.54049695	-5979883.12405	-2183611.20585	-5996428.59319	5301.48053061	397355826.30567366	15587604.893642273	-2247362.1884680158	15587591.105488881	8094.509409532265	-5898059.029143013	-2247403.889857296	-5898038.619429125	5228.939172010606	398415350.313	0.02955880224154443	0.0	0.0	0.0	-0.01578109761839408	0.0	0.0	0.0	-0.01301460296141083	0.0293479313773
260	350.0	nan	nan	1	1	5.0	5.0	5.0	1.035	3.94498977739e-20	3.18775555743e-18	-5.03885341943e-20	0.981773112488	1.40399681474e-17	8.86737616657e-21	-1.38519665378e-19	0.984904250031	400730410.44	16572946.8457	-2399581.83147	15720654.8721	-8166.12418041	-6228660.24116	-2283450.83179	-6248534.0256	-9984.50914494	414426154.1888279	16257934.747624291	-2361478.9635759816	16257938.92911888	-8010.90568274833	-6129755.584018028	-2361492.219816692	-6129764.332338574	-9825.96550706656	415546438.642	0.03440142671733232	0.0	0.0	0.0	-0.018395043669222347	0.0	0.0	0.0	-0.015210850625416559	0.0341857164251
270	400.0	nan	nan	1	1	5.0	5.0	5.0	1.04	1.62650178208e-19	4.78618613824e-18	8.54444485543e-20	0.979225504599	1.91221823746e-17	-9.22736516915e-20	3.22461472553e-19	0.982746810408	413011323.494	17197760.4424	-2469230.69014	16192788.4522	-7587.99319513	-6436801.38694	-2333265.96241	-6459985.89017	1985.21581867	429178146.1015191	16826620.999998003	-2424630.7595440396	16826635.331295565	-7424.23910791493	-6320538.092358468	-2424598.8018859928	-6320574.972729176	1949.3582991258588	430329085.335	0.03922071315328133	0.0	0.0	0.0	-0.02099332119991794	0.0	0.0	0.0	-0.017403760263658342	0.0390012702658
280	450.0	nan	nan	1	1	5.0	5.0	5.0	1.045	-8.24229232127e-19	-9.71366795999e-18	-2.28500372412e-20	0.976700451978	-3.85649832633e-17	1.10246632041e-19	-5.77272805889e-20	0.980597206392	423370591.401	17742089.2276	-2499125.24842	16582506.0502	-7728.4660082	-6609382.73058	-2345071.83394	-6635796.03528	3122.27479457	442047203.0069549	17314016.096735723	-2448557.702530734	17314028.341174725	-7541.997064296466	-6475647.830842731	-2448522.56178963	-6475690.539914766	3059.0983795211196	443227736.548	0.04401688541677426	0.0	0.0	0.0	-0.023575273768497388	0.0	0.0	0.0	-0.019593498645260717	0.0437945594718
290	500.0	nan	nan	1	1	5.0	5.0	5.0	1.05	1.14365991492e-18	-1.55340548571e-18	-1.36934787324e-19	0.974198163135	-1.87489220862e-17	-1.51063032187e-19	-5.48141986256e-19	0.978455498905	432155052.777	18221289.3147	-2503061.24331	16905867.344	-7270.44202767	-6749621.27482	-2332469.55733	-6779161.39099	3246.37525742	453368362.5952983	17735716.024452277	-2447005.07656478	17735730.143036585	-7076.69435175306	-6598463.209207485	-2446964.109790833	-6598505.695067994	3173.6725406031965	454573308.283	0.04879016416943205	0.0	0.0	0.0	-0.02614054312266128	0.0	0.0	0.0	-0.02177997207136214	0.0485655790412
300	550.0	nan	nan	1	1	5.0	5.0	5.0	1.055	-3.90594685248e-19	-5.70418456461e-18	2.59013410848e-19	0.971718683811	8.12890306465e-17	-1.70994776227e-20	-6.4929045874e-19	0.976321746672	439633824.071	18645208.6394	-2488398.36401	17173365.97	-7516.70552524	-6870837.81405	-2302781.88777	-6903436.3305	3490.74531353	463401656.7442594	18101802.612404954	-2427319.2173583154	18101806.109186575	-7297.634601199993	-6702189.209978416	-2427276.709584917	-6702238.854970383	3405.0629935234947	464627118.984	0.05354076692802976	0.0	0.0	0.0	-0.028688936359263888	0.0	0.0	0.0	-0.023963088419050583	0.0533143827481
310	600.0	nan	nan	1	1	5.0	5.0	5.0	1.06	9.21313766262e-19	3.30786482935e-17	-2.00091681454e-19	0.969262079775	8.44209283515e-18	2.43574911895e-19	1.24569677938e-19	0.974195898688	446023195.346	19013859.9649	-2459230.51917	17386247.688	-4213.4150288	-6979325.69749	-2260115.21969	-7014914.12906	3435.41283458	472356532.17220414	18412727.62965764	-2393603.1751168603	18412736.716573395	-4080.205884508297	-6793074.5082510635	-2393553.067692406	-6793134.2421926875	3343.7349628627726	473596615.246	0.058268908123975824	0.0	0.0	0.0	-0.031220239496122824	0.0	0.0	0.0	-0.026142867546702885	0.0580410489215
320	650.0	nan	nan	1	1	5.0	5.0	5.0	1.065	4.34101076745e-19	-1.05699653301e-17	1.7279472124e-19	0.966828651733	3.22481324887e-19	-3.16260926681e-19	-2.373028149e-19	0.972077563846	451492442.788	19328446.3096	-2419071.24979	17546776.9727	-4774.63221361	-7073501.9979	-2207955.95315	-7111957.48115	2128.55661509	480396742.4022169	18670090.28143137	-2349359.836913443	18670112.051690258	-4612.001040376121	-6869661.85954047	-2349308.0874421084	-6869713.484669614	2067.217086939045	481649360.656	0.06297479916138839	0.0	0.0	0.0	-0.033733994955816936	0.0	0.0	0.0	-0.02831967950993139	0.0627456727277
330	700.0	nan	nan	1	1	5.0	5.0	5.0	1.07	1.03192766649e-18	-1.79081293895e-17	2.81704629411e-19	0.96441843548	2.44617093292e-17	-3.17107959628e-20	9.42158717698e-21	0.969966604135	456182896.81	19598779.2181	-2371612.39232	17664882.1447	-5257.20446966	-7159454.06212	-2149840.93732	-7200697.73414	4280.73267055	487659527.2278036	18883759.516665723	-2298234.975812304	18883759.42074651	-5065.406565900752	-6937941.371266674	-2298180.011656824	-6937995.619549703	4148.287290713804	488919525.495	0.06765864847381486	0.0	0.0	0.0	-0.036230016847875565	0.0	0.0	0.0	-0.030493636804195094	0.0674283684836
340	750.0	nan	nan	1	1	5.0	5.0	5.0	1.075	6.71789771401e-19	-7.24101996828e-18	-2.5786859288e-19	0.962031264581	-4.76534284116e-17	3.70576914424e-20	8.33773242035e-19	0.96786300499	460205200.676	19837833.5985	-2319192.62377	17753137.1916	-5115.94993009	-7242038.58873	-2088011.61205	-7285985.94783	1683.21561975	494252012.17609996	19066539.99702131	-2242534.6936801784	19066546.32867614	-4917.042149813586	-7002662.3152145175	-2242486.480350187	-7002707.316918919	1627.5790917693462	495519400.174	0.07232066157962608	0.0	0.0	0.0	-0.0387083292800807	0.0	0.0	0.0	-0.03266472549165476	0.0720892863925
350	800.0	nan	nan	1	1	5.0	5.0	5.0	1.08	2.01716264177e-19	-1.56232580143e-17	-2.22028511299e-19	0.959666697782	-2.25571160426e-17	-4.46809879677e-20	6.56574611214e-19	0.965767043644	463655253.13	20055366.3359	-2273295.83635	17820804.7392	-2117.21502839	-7331919.71934	-2032795.20993	-7378587.34348	4459.69690377	500267602.9970117	19228015.458350044	-2193369.382349955	19228017.390450504	-2029.8728336693744	-7074137.896662333	-2193314.0629603895	-7074195.959574958	4302.899115407514	501537886.029	0.0769610411361284	0.0	0.0	0.0	-0.04116924461500762	0.0	0.0	0.0	-0.03483262950035096	0.0767285864404
360	850.0	nan	nan	1	1	5.0	5.0	5.0	1.085	2.28506989857e-19	-9.53621455754e-18	2.44792521756e-19	0.957324551095	-7.22692778849e-17	-2.2197557174e-19	-6.43164359123e-19	0.963678627775	466598888.706	20243993.7261	-2234945.96548	17861807.2734	-5872.6896862	-7433687.68638	-1984981.1925	-7483095.97827	4147.05281158	505769080.61515236	19361287.254872076	-2151682.0291972756	19361275.951269522	-5616.620589376987	-7156742.244555199	-2151617.02496396	-7156807.730298333	3992.552458373332	507045667.694	0.08157998699242285	0.0	0.0	0.0	-0.04361281117149419	0.0	0.0	0.0	-0.036997413630334715	0.0813464472149
370	900.0	nan	nan	1	1	5.0	5.0	5.0	1.09	-3.71536443934e-19	-1.04513277779e-18	-2.46460117871e-19	0.955004418139	6.96607770581e-17	1.64218512649e-19	-8.92072104427e-19	0.961597957536	469104222.283	20401642.286	-2201425.22876	17874912.7737	-4133.94081682	-7537975.34827	-1942034.89569	-7590078.3713	3359.91143819	510822983.1307418	19464582.747908108	-2114813.434172356	19464579.15434144	-3944.0664617071266	-7241404.942906367	-2114745.5333750797	-7241461.5671728	3227.7207303179503	512101384.237	0.08617769624105241	0.0	0.0	0.0	-0.046039312188548405	0.0	0.0	0.0	-0.039158839230072455	0.085943037143
380	950.0	nan	nan	1	1	5.0	5.0	5.0	1.095	4.20105180781e-19	-2.56449812693e-18	-9.95925457514e-20	0.95270568827	-1.38384384952e-16	1.47701370177e-20	-1.17318364534e-18	0.959525401485	471223269.126	20531898.8973	-2159496.15869	17863811.9797	1230.41134202	-7647269.57242	-1892250.35418	-7702077.40718	4843.5323168	515479612.4691276	19541528.104680505	-2070043.912781685	19541545.334967066	1171.0615730523114	-7330498.72030871	-2069966.7083003493	-7330562.208088081	4642.899941454599	516755177.699	0.09075436326846412	0.0	0.0	0.0	-0.04844924960390671	0.0	0.0	0.0	-0.041316490216226465	0.0905185462069
390	1000.0	nan	nan	1	1	5.0	5.0	5.0	1.1	-1.40475451218e-18	-9.66866933467e-18	-5.3897765225e-19	0.950427745112	8.2063496693e-17	2.2197557174e-19	2.56548412622e-19	0.957461292589	472998929.325	20631514.9706	-2113263.25504	17826141.072	163.429933254	-7754278.74385	-1839355.80024	-7811741.98425	5044.24668823	519780312.76491416	19589222.922870286	-2021351.3584310778	19589213.85935981	155.1735487835579	-7417022.860333484	-2021275.0470684296	-7417097.3563250685	4824.857892739054	521054213.046	0.09531017980432493	0.0	0.0	0.0	-0.050843137710640675	0.0	0.0	0.0	-0.04346998423898502	0.095073175963
400	1050.0	nan	nan	1	1	5.0	5.0	5.0	1.105	-3.38429201661e-18	6.64762044917e-18	-4.20234220957e-19	0.948170447027	5.60237914528e-17	-2.6782123001e-19	3.98423949745e-19	0.95540551201	474469772.675	20705470.3071	-2055857.99485	17766773.7572	-2379.97410254	-7854133.70308	-1777470.41602	-7914140.16152	4595.75035874	523762489.71253926	19612595.848384555	-1962205.1905842123	19612565.843271453	-2254.3545019956437	-7496345.544454994	-1962132.0136714187	-7496416.655753819	4386.394989896584	525033452.714	0.09984533496971612	0.0	0.0	0.0	-0.05322099644657497	0.0	0.0	0.0	-0.04561940872116776	0.0996070921239
410	1100.0	nan	nan	1	1	5.0	5.0	5.0	1.11	1.10875289307e-20	2.27545872159e-17	-7.35859872927e-21	0.945934002002	-1.10821026258e-17	-1.37007579218e-19	7.50329743383e-19	0.953357619359	475674580.737	20756889.4296	-1985043.64951	17688872.0528	7803.02636817	-7954413.75894	-1704846.43965	-8016894.09777	8782.31131899	527464536.4006243	19614780.442621417	-1890541.6322769949	19614780.93347771	7373.679448394665	-7575727.805957879	-1890464.770118617	-7575779.5065026935	8364.211628427684	528722661.747	0.10436001532424286	0.0	0.0	0.0	-0.055582477689553975	0.0	0.0	0.0	-0.04776518930872935	0.10412043129
420	1150.0	nan	nan	1	1	5.0	5.0	5.0	1.115	-2.17234999649e-19	-5.50645531098e-18	7.2500726329e-20	0.943718368664	-6.26103461204e-17	-2.40874994375e-20	9.16160431045e-20	0.951317300821	476634633.788	20788912.0458	-1908540.33704	17595388.7868	1859.07983119	-8052888.28954	-1628283.89796	-8117791.73793	6356.8172898	530906195.0838753	19598891.08559897	-1813777.7396087013	19598871.44075316	1752.6604110241644	-7653047.323996443	-1813686.9364948128	-7653104.490352986	6041.18942169222	532160855.599	0.10885440491208208	0.0	0.0	0.0	-0.0579274956280149	0.0	0.0	0.0	-0.04990762243136624	0.108613383706
430	1200.0	nan	nan	1	1	5.0	5.0	5.0	1.12	1.73850451856e-18	7.9310871225e-18	5.77888228264e-19	0.94152305475	2.0482229429e-17	4.61632956254e-20	5.44621505569e-19	0.949284860673	477384735.45	20802985.7903	-1831306.15294	17487957.5038	11970.0321468	-8146610.292	-1552093.50286	-8213814.83831	10985.7028395	534122673.9579049	19566407.540152706	-1736648.689760312	19566429.192979895	11258.505371004101	-7725524.247748871	-1736562.29539644	-7725566.426174503	10417.868367714089	535361641.176	0.11332868530700327	0.0	0.0	0.0	-0.060256443930356826	0.0	0.0	0.0	-0.052046356106310074	0.113086109725
440	1250.0	nan	nan	1	1	5.0	5.0	5.0	1.125	3.37825690686e-18	2.62283752117e-17	1.12605089404e-18	0.939347353454	-1.62463539792e-16	-4.64174055095e-19	4.1988845946e-19	0.947260579353	477929285.555	20809175.2868	-1757319.83934	17375107.3772	-8173.14917751	-8237173.44847	-1479588.77279	-8306662.24007	-2959.63811032	537115842.9740893	19526881.09539159	-1662922.7448926093	19526833.210969076	-7669.50683842548	-7794701.211721797	-1662820.4108254923	-7794792.615559219	-2800.6566705299065	538361882.589	0.11778303565638346	0.0	0.0	0.0	-0.06256994969548321	0.0	0.0	0.0	-0.054181060654898826	0.117538857126
450	1300.0	nan	nan	1	1	5.0	5.0	5.0	1.13	8.53371632288e-19	7.12937043792e-17	4.12610924431e-19	0.93719136057	-1.40110896179e-16	1.74382908016e-19	-2.3190860469e-18	0.945244318144	478311653.782	20802891.6587	-1695683.92787	17253393.7068	12139.5432963	-8326250.77283	-1418349.4366	-8397843.19674	10087.6904444	539931431.7809616	19476063.788635384	-1601172.7263362594	19476108.293692023	11365.271880593886	-7862176.0995506	-1601072.0960150221	-7862220.909960111	9525.439585657568	541152250.889	0.12221763272424911	0.0	0.0	0.0	-0.06486779073285531	0.0	0.0	0.0	-0.056311847184992936	0.121971704402
460	1350.0	nan	nan	1	1	5.0	5.0	5.0	1.135	-2.35980897563e-18	2.57959648922e-17	5.45992143844e-19	0.935054674354	2.33120672441e-18	1.21125711457e-19	-9.28998274152e-20	0.943235968066	478526139.165	20782610.3862	-1643978.98472	17121434.5091	1859.42452834	-8416252.41158	-1366094.7187	-8489977.29415	3811.24509443	542560667.8321395	19412607.834848084	-1549042.7178659036	19412559.06670223	1736.8501115302681	-7930231.85275073	-1548900.2631980826	-7930312.731433244	3591.1538495332184	543778997.669	0.126632650933366	0.0	0.0	0.0	-0.06715027615814097	0.0	0.0	0.0	-0.05843879640421275	0.126384908849
470	1400.0	nan	nan	1	1	5.0	5.0	5.0	1.14	1.48495298129e-18	1.73501464355e-17	6.0875199128e-19	0.932937074578	-1.072385732e-16	4.14622627681e-19	1.36374817069e-18	0.941235597374	478599046.052	20753681.463	-1596547.49879	16984040.6327	-914.838460942	-8506875.70608	-1318047.59465	-8582639.12865	1411.35737794	545030909.8839376	19341580.14238377	-1501151.9000142398	19341507.668906823	-852.5919336851871	-7998579.834953394	-1500998.9796435428	-7998667.746534199	1327.0271076178003	546241168.114	0.131028262406404	0.0	0.0	0.0	-0.06941752459146179	0.0	0.0	0.0	-0.06056180157979202	0.130778599994
480	1450.0	nan	nan	1	1	5.0	5.0	5.0	1.145	1.48678105045e-18	-5.89327408217e-17	-1.87882495613e-18	0.930838004907	2.27816128609e-17	-5.77041195317e-19	6.82532366016e-19	0.939243396224	478530797.704	20731807.3391	-1552670.19516	16854058.1605	-18002.7002579	-8598873.21573	-1273679.6371	-8676514.47967	-17171.1238714	547340565.8276341	19277624.978081465	-1456798.9611717327	19277567.450875092	-16739.944496304463	-8067926.857211316	-1456826.888882229	-8067921.407918748	-16110.8749919869	548558286.89	0.13540463700620298	0.0	0.0	0.0	-0.07167001801903772	0.0	0.0	0.0	-0.06268062545615653	0.135152994078
490	1500.0	nan	nan	1	1	5.0	5.0	5.0	1.15	1.30064556029e-18	8.48110267284e-17	5.68676744963e-19	0.92875698327	-1.44116826006e-16	4.1864603418e-19	1.20600451768e-19	0.937259802574	478362394.722	20717108.7511	-1510432.98935	16731380.5787	-5772.31259639	-8691497.95986	-1230946.55517	-8771163.03384	-4026.90634222	549534481.0448203	19220793.557341564	-1414169.706821256	19220721.873053275	-5355.401185396463	-8137569.298603698	-1414090.2041063916	-8137656.463393955	-3770.2625681027985	550732362.268	0.13976194237515863	0.0	0.0	0.0	-0.07390816397978203	0.0	0.0	0.0	-0.06479476455284468	0.139508195496
500	1550.0	nan	nan	1	1	5.0	5.0	5.0	1.155	7.91257812911e-19	-3.25805929205e-17	-5.68994382318e-19	0.926693462471	-9.37854466837e-17	2.1133472034e-19	-1.37709028378e-20	0.935284904914	478079577.174	20714427.8197	-1475263.64448	16619766.9779	-3258.63079825	-8789339.73404	-1194545.98899	-8870937.34666	-1072.81740675	551594805.1539423	19175514.804780144	-1378324.7561383287	19175420.924835186	-3016.5411112979286	-8211796.305607285	-1378233.652939644	-8211899.0639645625	-1002.3230736231259	552783993.849	0.14410034397375687	0.0	0.0	0.0	-0.07613244504802186	0.0	0.0	0.0	-0.06690408497049267	0.143844447639
510	1600.0	nan	nan	1	1	5.0	5.0	5.0	1.16	-2.78657957779e-18	4.76083338334e-17	-7.07378390076e-19	0.924646934127	4.06386423409e-17	9.88169812091e-19	8.74338179275e-19	0.933318903704	477686608.245	20718222.4263	-1440594.69342	16514629.4911	-19247.1767376	-8886496.96617	-1159097.66745	-8969872.43127	-16552.5102628	553524782.48126	19136585.04452727	-1343098.5722769215	19136514.48258998	-17777.83957172792	-8285079.378899526	-1343117.58624963	-8285108.784316389	-15432.274603752296	554723381.968	0.14842000511827322	0.0	0.0	0.0	-0.07834330716863963	0.0	0.0	0.0	-0.06900833192360606	0.148161940915
520	1650.0	nan	nan	1	1	5.0	5.0	5.0	1.165	-1.72608771038e-18	1.4947378662e-17	-1.975280833e-18	0.922617491208	3.99518706742e-17	1.56489337005e-19	6.45141320787e-19	0.931361712658	477226731.191	20716626.8906	-1408857.67705	16406427.841	7341.44109709	-8984950.55774	-1126236.56188	-9070159.0506	8152.08275181	555372917.4367175	19093024.88041632	-1310748.9354880261	19092991.023431156	6766.078197239883	-8359264.7936093025	-1310658.5281469868	-8359313.190170771	7584.395473728201	556542472.268	0.15272108701766393	0.0	0.0	0.0	-0.08054054943418364	0.0	0.0	0.0	-0.07110755658177301	0.152460730164
530	1700.0	nan	nan	1	1	5.0	5.0	5.0	1.17	8.73324055844e-19	4.04447644402e-17	-3.96570237993e-19	0.920604861249	2.70229993189e-16	-1.8211208366e-20	-8.02881354879e-19	0.929413018165	476665099.695	20713006.3112	-1378106.41788	16297809.5931	5277.17249509	-9087477.69255	-1094648.45542	-9174471.7041	6119.66591629	557097667.235896	19047962.371519018	-1279450.9162516647	19047905.35573179	4852.959614080036	-8436925.849337485	-1279359.66226196	-8436968.983288955	5681.572962845835	558264158.205	0.1570037488096647	0.0	0.0	0.0	-0.08272436709045307	0.0	0.0	0.0	-0.0732020553656601	0.156741086048
540	1750.0	nan	nan	1	1	5.0	5.0	5.0	1.175	-2.00676001839e-18	3.71908873733e-17	-5.83764519336e-19	0.918608807401	-2.80118044057e-16	-3.01755487459e-20	7.86033340162e-19	0.927472963386	476032059.716	20707781.1979	-1340963.12461	16189201.2672	9246.91271516	-9192113.53332	-1058376.14432	-9280874.42313	10037.97479	558733021.2858776	19001786.864320874	-1242362.5848558352	19001748.204993397	8485.113054233005	-8516220.707310699	-1242247.6358537907	-8516276.853491545	9299.88608780652	559891117.131	0.16126814759612232	0.0	0.0	0.0	-0.08489491928424076	0.0	0.0	0.0	-0.07529163491355612	0.161003111956
550	1800.0	nan	nan	1	1	5.0	5.0	5.0	1.18	3.29734044498e-19	1.47598667433e-17	1.22046859788e-18	0.916628752723	-1.39268204275e-16	-6.51368336439e-19	-7.28183636843e-20	0.925541726629	475315107.9	20709510.0522	-1298528.75243	16087239.8979	-11241.1826095	-9293057.98399	-1018587.82585	-9383391.03771	-10316.9390055	560263254.2491474	18962334.968461283	-1200538.486285309	18962345.667708952	-10292.810865426982	-8591780.308432085	-1200629.4783488093	-8591753.428672383	-9538.396676686998	561436118.795	0.16551443847757333	0.0	0.0	0.0	-0.08705273851082407	0.0	0.0	0.0	-0.07737606248625624	0.165247028825
560	1850.0	nan	nan	1	1	5.0	5.0	5.0	1.185	9.36606681426e-19	9.99654520064e-17	3.77194359324e-19	0.914664406257	2.2112642121e-16	-5.45171580677e-19	-2.38406687428e-18	0.923619571904	474548838.126	20717454.8449	-1256836.16248	15991148.7708	-11580.4411743	-9388289.25914	-979656.114888	-9480236.66965	-10353.5076064	561727916.9615529	18928880.232863616	-1159574.1857941363	18928872.99928178	-10580.681153797783	-8661763.719613163	-1159628.1447613002	-8661791.028022043	-9552.287331639927	562897488.307	0.16974277458709455	0.0	0.0	0.0	-0.08919805010089218	0.0	0.0	0.0	-0.07945501083848996	0.169472917381
570	1900.0	nan	nan	1	1	5.0	5.0	5.0	1.19	-4.95527509034e-19	7.03217340722e-18	1.01633365759e-18	0.91271542739	-9.17295124322e-17	-6.13569491167e-19	-1.4585510305e-19	0.921706590148	473736774.253	20726457.3311	-1217920.06845	15896876.6109	13811.2388466	-9480195.61112	-943191.446094	-9573664.97774	14301.2499343	563130453.9450368	18896676.253276113	-1121337.7266139232	18896602.140123308	12591.949746726834	-8728406.132561412	-1121170.776816945	-8728479.003993845	13167.14577950469	564273852.2	0.17395330712343798	0.0	0.0	0.0	-0.09133113657816544	0.0	0.0	0.0	-0.08152833801567419	0.173680934752
580	1950.0	nan	nan	1	1	5.0	5.0	5.0	1.195	1.6146565557e-21	1.05914058516e-17	4.59938890359e-19	0.910781461209	2.19150756565e-16	-2.46486587651e-19	3.88373208994e-18	0.919802636266	472854791.638	20732703.1279	-1176069.86976	15801555.1095	1852.53991394	-9572169.46172	-905118.470589	-9667090.24847	4374.20277569	564441532.4010603	18862244.66248013	-1080565.3482692195	18862141.48201776	1685.4078741271314	-8794847.05292741	-1080429.9027488227	-8794946.819816176	4018.989064551211	565591658.14	0.17814618538347404	0.0	0.0	0.0	-0.09345229940352744	0.0	0.0	0.0	-0.0835961577508278	0.177871323437
590	2000.0	nan	nan	1	1	5.0	5.0	5.0	1.2	-3.25387706688e-18	-5.94664774576e-17	6.68785451416e-19	0.908862401554	8.49326553657e-17	5.30772020573e-19	-3.77130831853e-18	0.917907809884	471935073.379	20736082.6303	-1133537.58453	15705142.0214	14664.1418179	-9661367.29528	-866912.624015	-9757633.85449	16145.1194385	565698532.255081	18825494.970749937	-1039337.3652159774	18825419.621289182	13313.012537857043	-8858480.00639839	-1039149.719234469	-8858581.938022655	14803.413779407674	566833995.536	0.1823215567939546	0.0	0.0	0.0	-0.09556156969071443	0.0	0.0	0.0	-0.08565831836753328	0.182044145967
600	2050.0	nan	nan	1	1	5.0	5.0	5.0	1.205	-2.07781152428e-18	-3.74515617628e-17	-4.18751913299e-20	0.906957750641	2.11610786906e-16	2.33781093442e-19	5.19548834022e-19	0.916022163597	470953786.35	20737892.8779	-1090148.61388	15608650.4707	3373.59264927	-9749028.8521	-828603.755582	-9846525.38776	3004.39195396	566872324.4121661	18787612.671550136	-997497.0121089414	18787643.77676557	3056.3255572399785	-8920460.042894728	-997364.3923404857	-8920515.996249711	2749.0490370968123	568015471.737	0.18647956694261839	0.0	0.0	0.0	-0.09765941138414368	0.0	0.0	0.0	-0.08771471853413329	0.186199631285
610	2100.0	nan	nan	1	1	5.0	5.0	5.0	1.21	2.4269876219e-18	1.00011085906e-16	-2.20922074512e-18	0.905067347161	1.18070331268e-16	-1.59718650117e-18	-3.56442052116e-19	0.914145814058	469943671.743	20740622.1142	-1045423.21766	15513764.4559	1714.24056902	-9833956.65654	-789761.689554	-9932641.76558	2151.48436705	568001436.4827638	18750848.877866205	-954609.767999761	18750844.039507378	1549.7831103132487	-8979704.031666579	-954552.2178901612	-8979743.407834446	1964.58999359308	569142388.51	0.1906203596086497	0.0	0.0	0.0	-0.09974592129851413	0.0	0.0	0.0	-0.08976518627187287	0.190337855462
620	2150.0	nan	nan	1	1	5.0	5.0	5.0	1.215	6.36399676074e-18	8.67404089636e-18	-6.3929811694e-19	0.903191195655	1.98460706279e-16	-4.59938890359e-19	-5.62323997858e-19	0.91227844975	468891646.573	20743452.3732	-1001508.3502	15419942.1459	7825.34866515	-9915040.56994	-751853.656644	-10014797.7708	7067.92644617	569069597.9672408	18714461.91876955	-912638.1124494481	18714388.157220613	7059.923630851765	-9035215.641290156	-912485.9895536432	-9035214.974531362	6440.744153032753	570202260.015	0.19474407679251185	0.0	0.0	0.0	-0.10182101414038747	0.0	0.0	0.0	-0.09181001779943883	0.194458977299
630	2200.0	nan	nan	1	1	5.0	5.0	5.0	1.22	1.86503420096e-18	2.88532244362e-17	-1.23603282828e-18	0.901328887911	6.2194492648e-17	-3.39024937139e-19	-2.20818842371e-18	0.910420240754	467808085.304	20750696.5401	-954785.374097	15330458.501	8277.95617439	-9994541.65768	-712381.416644	-10095374.3887	7746.0668519	570088825.7128131	18682325.913287252	-868285.6755966617	18682283.096485365	7452.832961389544	-9089076.551602073	-868135.2418487916	-9089096.07838338	7044.30448160135	571218159.675	0.19885085874516517	0.0	0.0	0.0	-0.1038850625509605	0.0	0.0	0.0	-0.09384898304306859	0.198563148823
640	2250.0	nan	nan	1	1	5.0	5.0	5.0	1.225	-3.68681678204e-18	8.74197293873e-17	-1.20596315865e-19	0.899479960992	-1.99693748022e-16	-2.62897851004e-19	2.04942268566e-19	0.90857140165	466690948.062	20764542.1443	-907295.244549	15246770.8283	-1050.15533715	-10078331.2861	-672918.204816	-10180228.2347	355.019975754	571056162.0973322	18656372.650102288	-823419.3215453533	18656377.351527	-943.5358205430334	-9146628.685389945	-823401.6302296066	-9146656.366887055	322.1997572749505	572191133.535	0.20294084399669038	0.0	0.0	0.0	-0.10593850378078415	0.0	0.0	0.0	-0.09588180133378581	0.20265052683
650	2300.0	nan	nan	1	1	5.0	5.0	5.0	1.23	7.89064129927e-19	1.77371875529e-17	4.75714879002e-19	0.897644241782	1.78288444587e-16	2.07523072077e-20	1.45378647017e-18	0.906731950921	465546403.389	20783659.764	-857005.250013	15167698.7092	4389.71916654	-10166246.0202	-631701.226866	-10269132.2708	3581.38743442	571978635.129929	18635368.858252358	-776200.8637182775	18635305.831159152	3935.978397523171	-9207701.984943548	-776119.4220864935	-9207669.385158852	3243.709440361549	573108568.707	0.20701416938432612	0.0	0.0	0.0	-0.10798145645555007	0.0	0.0	0.0	-0.0979084062601375	0.206721222786
660	2350.0	nan	nan	1	1	5.0	5.0	5.0	1.235	3.45957372416e-18	-4.65967647361e-17	7.08913637293e-19	0.895821413398	-9.71798782802e-17	-8.47032947254e-22	2.23850955625e-18	0.904901957254	464381230.755	20798487.6211	-807258.564413	15086473.6978	10255.0153925	-10252513.893	-591444.755969	-10356488.3713	10436.4340941	572864211.15479	18610724.10094387	-729666.2589972243	18610788.46779948	9176.304815892046	-9267059.883176517	-729610.74033712	-9267103.995454071	9433.3019907325	573986984.19	0.2110709700799406	0.0	0.0	0.0	-0.11001420127717881	0.0	0.0	0.0	-0.09992867567678612	0.210775385846
670	2400.0	nan	nan	1	1	5.0	5.0	5.0	1.24	1.00651336935e-18	-4.95163814262e-17	1.97189270121e-18	0.8940112697	-3.92699800349e-16	1.19114008208e-18	-6.56106426987e-19	0.903081315979	463180974.429	20802057.5365	-757084.411494	14997823.3346	-6130.58536347	-10338547.1634	-551421.197854	-10443481.9439	-3036.10875285	573694731.3154986	18576237.327897757	-682935.4007563081	18576264.36160878	-5474.612714191695	-9325987.62183143	-682988.8389403463	-9326029.349697804	-2738.751606013987	574828592.388	0.2151113796169455	0.0	0.0	0.0	-0.11203689795966582	0.0	0.0	0.0	-0.10194267870144123	0.214813182236
680	2450.0	nan	nan	1	1	5.0	5.0	5.0	1.245	-4.2918365344e-18	-7.41213121154e-17	-5.81911634764e-19	0.892213897739	-3.57320054706e-16	-7.37130422348e-19	-2.09058319294e-19	0.901269929698	461974566.043	20801636.3998	-708570.835469	14907236.3786	9685.75443652	-10422975.3544	-512837.508927	-10528854.7032	9948.55074666	574505513.5783129	18538443.518452846	-637888.742399313	18538443.71796812	8631.956068457848	-9383251.90377967	-637758.0025063655	-9383328.045823667	8956.152591691494	575623888.722	0.219135529916671	0.0	0.0	0.0	-0.11404937947698994	0.0	0.0	0.0	-0.10395047723163663	0.21883466092
690	2500.0	nan	nan	1	1	5.0	5.0	5.0	1.25	-7.19369200235e-19	-6.0834965063e-18	1.92054132878e-18	0.890429122083	3.12196928775e-16	5.22089932864e-19	-4.14678214218e-18	0.899467576409	460745453.317	20803365.2674	-660748.259826	14819105.0817	13181.5691166	-10502942.2337	-475376.448938	-10609560.9044	12824.5307561	575275912.6475585	18502826.172304783	-593644.7885085314	18502785.29960806	11723.885963046665	-9436297.149967639	-593543.8289085189	-9436303.14880917	11522.112597664684	576388976.95	0.22314355131420976	0.0	0.0	0.0	-0.11605177281374185	0.0	0.0	0.0	-0.10595227247914021	0.222840016881
700	2550.0	nan	nan	1	1	5.0	5.0	5.0	1.255	5.29797932684e-18	6.70545162364e-17	-1.58045760046e-18	0.888656726271	-3.80925129175e-16	-3.56600870794e-19	-2.79846450883e-18	0.897674316639	459502651.475	20802603.1615	-614385.133574	14730187.485	17356.3170511	-10580901.0463	-439389.167322	-10688342.5385	17090.5496779	576016852.2546656	18465248.592179276	-550887.5280610756	18465260.648648076	15406.182894766876	-9487349.389701648	-550803.2745038188	-9487413.689505571	15324.21627863065	577123514.936	0.22713557258374711	0.0	0.0	0.0	-0.11804425271571427	0.0	0.0	0.0	-0.10794795281146295	0.226829361247
