inc	time	elem	node	ip	grain	1_pos	2_pos	3_pos	1_f	2_f	3_f	4_f	5_f	6_f	7_f	8_f	9_f	1_p	2_p	3_p	4_p	5_p	6_p	7_p	8_p	9_p	1_Cauchy	2_Cauchy	3_Cauchy	4_Cauchy	5_Cauchy	6_Cauchy	7_Cauchy	8_Cauchy	9_Cauchy	Mises(Cauchy)	1_ln(V)	2_ln(V)	3_ln(V)	4_ln(V)	5_ln(V)	6_ln(V)	7_ln(V)	8_ln(V)	9_ln(V)	Mises(ln(V))
0	0.0	nan	nan	1	1	5.0	5.0	5.0	1.0	0.0	0.0	0.0	1.0	0.0	0.0	0.0	1.0	5.85443446888e-06	1.73166188094e-08	-1.17081805331e-07	1.73166188094e-08	4.89577068228e-06	-1.16936434425e-07	-1.17081805331e-07	-1.16936434425e-07	6.77290371814e-06	5.85443446888e-06	1.73166188094e-08	-1.17081805331e-07	1.73166188094e-08	4.89577068228e-06	-1.16936434425e-07	-1.17081805331e-07	-1.16936434425e-07	6.77290371814e-06	1.65111224885e-06	0.0	0.0	0.0	0.0	0.0	0.0	0.0	0.0	0.0	0.0
10	2.5	nan	nan	1	1	5.0	5.0	5.0	1.00025	-1.61501158098e-21	-3.38131271884e-20	5.38055139072e-23	0.999927532388	-1.00313220398e-19	2.57563363234e-22	-7.81595205983e-22	0.99993101157	56939974.4914	1937831.18969	-82034.9416254	1937206.45762	26.8603700658	-278807.357873	-82008.7798219	-278808.328105	24.7175979568	56948029.84959473	1937480.5167157596	-82020.3818371031	1937480.5162589904	26.85550937106548	-278757.8743721182	-82020.38169040237	-278757.87451225176	24.713211009161242	57049013.6563	0.0002499687552074404	0.0	0.0	0.0	-7.247023790422846e-05	0.0	0.0	0.0	-6.899080981121815e-05	0.000213808956686
20	5.0	nan	nan	1	1	5.0	5.0	5.0	1.0005	3.68425356258e-22	7.27236515041e-20	4.72682021286e-22	0.999855037044	-1.01599492713e-19	-7.99263266879e-23	2.89900955306e-21	0.999861997371	113925026.291	3877017.31417	-164105.724639	3874518.02688	-151.763131338	-557693.916444	-164001.083184	-557697.796655	-147.120487466	113957269.99682379	3875614.6192893116	-164047.4935922042	3875614.6149040274	-151.70822382788205	-557496.0251113386	-164047.4996989057	-557496.0230282793	-147.06828343710887	114159396.193	0.0004998750416509929	0.0	0.0	0.0	-0.00014497346414481832	0.0	0.0	0.0	-0.0001380121522387373	0.000427597455407
30	7.5	nan	nan	1	1	5.0	5.0	5.0	1.00075	-5.38008610162e-21	1.44427802903e-20	1.64143652803e-22	0.999776379837	9.07790655716e-20	4.30082219739e-22	1.19088158813e-21	0.99979075131	166375422.96	5698397.22053	-176479.623566	5692853.52132	-2401.69109952	-1030057.39614	-176310.579927	-1030072.17004	-106.331541895	166447465.09485295	5695318.363467518	-176386.80669018032	5695318.580844926	-2400.3934603212065	-1029515.652523979	-176386.92407897348	-1029515.619688584	-106.27561837635032	166750588.822	0.0007497188905459742	0.0	0.0	0.0	-0.00022364516971742774	0.0	0.0	0.0	-0.00020927058556231693	0.000644171308783
40	10.0	nan	nan	1	1	5.0	5.0	5.0	1.001	-7.45848078824e-21	2.18673880325e-19	3.70535555393e-21	0.999661201743	1.68642584758e-19	2.25406716921e-23	4.60160574763e-21	0.999698107645	188050582.835	6406675.56388	272959.82108	6398106.73111	4131.62531265	-1972114.62236	272604.698988	-1972187.55666	2475.98461567	188171123.06073847	6402208.066261734	272779.5511825399	6402207.910792828	4128.74425116034	-1970812.185615479	272779.4383132283	-1970812.3124909604	2474.349409832695	188525779.1	0.0009995003330834232	0.0	0.0	0.0	-0.0003388556620954539	0.0	0.0	0.0	-0.00030193793367024686	0.000880189531442
50	12.5	nan	nan	1	1	5.0	5.0	5.0	1.00125	-2.02421435649e-20	2.15998364634e-19	-1.23934920215e-21	0.999528765319	-1.16969588999e-18	4.67791315914e-21	-8.25712366966e-21	0.99959923688	197444714.122	6907479.83347	429842.071966	6895605.04971	-78.2060105323	-2480058.12191	429133.043977	-2480232.74345	75.0448894529	197616998.3893777	6901622.178778502	429507.83915536414	6901621.945474458	-78.13969056965631	-2478129.700169348	429507.4924519461	-2478129.4659427274	74.98653670903998	198026141.32	0.0012492194004318981	0.0	0.0	0.0	-0.0004713457469557116	0.0	0.0	0.0	-0.00040084344700132887	0.00112427975969
60	15.0	nan	nan	1	1	5.0	5.0	5.0	1.0015	-1.65229327357e-21	-8.97176635987e-20	4.69218202471e-22	0.999393635487	-1.95343822419e-18	2.62092177087e-21	2.26606128809e-21	0.999497475431	203888157.089	7351536.14076	471535.466145	7336074.48064	-2197.88117671	-2868954.84757	470592.797872	-2869253.2002	-2627.62964882	204114435.1612937	7344216.001711805	471114.88966216973	7344216.163881354	-2195.6926822896626	-2866395.9415579997	471115.0686731005	-2866396.201065698	-2625.2859879180614	204574714.311	0.0014988761237359487	0.0	0.0	0.0	-0.0006065484263102982	0.0	0.0	0.0	-0.0005026508767877484	0.00137029741869
70	17.5	nan	nan	1	1	5.0	5.0	5.0	1.00175	-1.34392034121e-20	4.50130182655e-19	3.24906204853e-21	0.999258617481	1.12172667814e-18	7.99759575247e-21	1.56423989737e-20	0.99939318448	209048192.135	7757688.98533	483971.265568	7738395.50554	-5459.46009071	-3203213.4898	482833.181942	-3203645.20527	-6691.77826166	209330316.68342665	7748838.86170772	483484.2421913771	7748838.989003073	-5453.231831649213	-3199990.075599954	483484.7976868174	-3199990.424037834	-6685.044282441667	209841075.647	0.001748470534116803	0.0	0.0	0.0	-0.0007416574789282619	0.0	0.0	0.0	-0.0006069997070526598	0.00161706938585
80	20.0	nan	nan	1	1	5.0	5.0	5.0	1.002	-2.04135767469e-20	1.15782951881e-19	-2.99087829984e-21	0.999124216974	1.40836562085e-18	-3.69749733811e-22	-1.69572025573e-21	0.999287035715	213521088.56	8114292.29413	479374.804401	8091003.79478	-3353.34374812	-3475065.04001	478077.396166	-3475631.4793	-3504.23013451	213860725.6777802	8103873.87456886	478837.3260664561	8103873.742321672	-3349.0381918454405	-3471168.7731370046	478837.8495245171	-3471168.910578209	-3500.3011675320454	214410186.352	0.001998002662673058	0.0	0.0	0.0	-0.0008761667480085978	0.0	0.0	0.0	-0.0007132185649042484	0.00186417228916
90	22.5	nan	nan	1	1	5.0	5.0	5.0	1.00225	-2.44001737091e-20	-1.7893901883e-19	-3.71528172128e-21	0.998990415716	1.47812629847e-18	3.64455777891e-21	-1.00680288257e-20	0.99917952426	217555732.682	8420435.42733	466075.660572	8393049.6804	1151.95978414	-3690746.9341	464648.9142	-3691445.71509	1606.20347576	217954421.8161821	8408430.893934099	465499.30532964354	8408430.648159271	1150.317500932815	-3686182.9082912523	465500.42232169973	-3686183.031972435	1604.217223587103	218533861.581	0.00224747254047937	0.0	0.0	0.0	-0.0010100942574829501	0.0	0.0	0.0	-0.0008208125144427311	0.00211144722352
100	25.0	nan	nan	1	1	5.0	5.0	5.0	1.0025	-3.27389814642e-20	2.50988104545e-19	-2.55102500911e-21	0.998857048274	-4.89092263588e-19	1.08832153194e-20	-7.17827335574e-21	0.999071050608	221287112.442	8685848.32367	448332.203282	8654285.41648	-35.1690097484	-3867870.38293	446798.671685	-3868699.23226	344.650011147	221746313.43883952	8672243.929760741	447725.8969490369	8672244.24131316	-35.1139255419756	-3862639.631511558	447725.8399830549	-3862639.8001457304	344.1839204158759	222356344.126	0.002496880198587146	0.0	0.0	0.0	-0.0011436053934447711	0.0	0.0	0.0	-0.0009293811328840564	0.00235882711397
110	27.5	nan	nan	1	1	5.0	5.0	5.0	1.00275	2.2312369843e-20	-8.10579097659e-19	-1.01867292436e-21	0.998723977326	8.45668947427e-19	3.71073222791e-21	5.63723587455e-21	0.998961952696	224802494.709	8920299.21702	429077.92495	8884484.58341	-41.9304568918	-4021286.47976	427457.268681	-4022245.01113	279.784658727	225323610.85489127	8905079.56276247	428447.9059017456	8905079.765729174	-41.85891589959815	-4015381.987980257	428448.16019524494	-4015382.3289576727	279.3738483493095	225959062.68	0.0027462256680252286	0.0	0.0	0.0	-0.0012768374841501426	0.0	0.0	0.0	-0.0010385864482400362	0.00260625757395
120	30.0	nan	nan	1	1	5.0	5.0	5.0	1.003	-2.7489693297e-20	7.92935335193e-21	2.62298972241e-21	0.998591123043	-1.67653732987e-18	8.70194004406e-22	3.32510062634e-20	0.998852397139	228148827.068	9130464.16594	408912.480154	9090329.67394	-158.815469672	-4155770.83583	407221.767617	-4156858.46644	129.801558876	228733209.07771856	9113613.51077351	408264.6065147226	9113613.708279032	-158.52236905126773	-4149186.506649345	408264.8283156651	-4149186.809520828	129.59590360154795	229390951.654	0.002995508979798371	0.0	0.0	0.0	-0.0014098703573019015	0.0	0.0	0.0	-0.0011482618613918205	0.00285371659783
130	32.5	nan	nan	1	1	5.0	5.0	5.0	1.00325	5.85643873688e-21	3.46097331376e-19	7.3337833109e-21	0.99845845714	-1.86343034945e-19	-1.72094926442e-20	3.7741769809e-20	0.998742477066	231358674.183	9323292.12236	386248.823531	9278764.07146	-125.978954973	-4275635.64034	384513.581026	-4276852.34783	64.8227460616	232007629.04871213	9304790.56875731	385591.98796740203	9304790.755409641	-125.72895675802808	-4268364.706748828	385592.1312909529	-4268365.172707128	64.71251171951407	232685182.903	0.0032447301648890294	0.0	0.0	0.0	-0.0015427322596925756	0.0	0.0	0.0	-0.0012583142794582113	0.00310118612871
140	35.0	nan	nan	1	1	5.0	5.0	5.0	1.0035	-9.26690440243e-21	-1.55521535689e-19	-4.47835583636e-21	0.998325931542	-4.58553062334e-18	-3.89602068512e-21	-1.92972965102e-20	0.998632285896	234455423.967	9502465.21932	362078.839052	9453470.43304	-133.391231163	-4384051.66714	360322.603983	-4385397.42	57.1136826319	235170222.19115937	9482291.654287921	361421.02665188705	9482291.791758627	-133.10804394635065	-4376086.872630242	361421.1409803261	-4376087.299099583	57.009920454718596	235865714.254	0.003493889254255838	0.0	0.0	0.0	-0.0016754712764288089	0.0	0.0	0.0	-0.0013686502786451754	0.00334865538952
150	37.5	nan	nan	1	1	5.0	5.0	5.0	1.00375	-4.87308642467e-20	-1.82830076431e-19	5.93832961752e-21	0.998193545408	1.06227965028e-18	3.30210500531e-21	-5.38444947935e-20	0.998521860794	237456874.286	9670732.2673	338004.453718	9617198.18474	-107.719538998	-4483386.97232	336243.970336	-4484861.98608	46.9849564731	238238755.68229112	9648864.8733581	337351.08185726346	9648865.022635104	-107.47596431002849	-4474720.4625853365	337351.1309764797	-4474720.846700485	46.89413326618752	238950688.885	0.003742986278834297	0.0	0.0	0.0	-0.0018080881987505547	0.0	0.0	0.0	-0.0014792327314776246	0.00359611349363
160	40.0	nan	nan	1	1	5.0	5.0	5.0	1.004	-1.69720918084e-20	-7.37765697058e-19	8.72592828182e-21	0.998061282511	1.56716568043e-18	-1.39694261848e-20	7.25503571658e-20	0.998411242559	240375496.683	9829959.15992	314519.76702	9771814.46004	-86.9557563424	-4575968.33047	312768.986298	-4577573.22038	33.4075528603	241225671.1788617	9806375.928741967	313875.21558894945	9806376.000408545	-86.74713922907817	-4566590.710221225	313875.2064365599	-4566591.082434732	33.3390901172167	241952865.571	0.003992021269537457	0.0	0.0	0.0	-0.0019405992342598096	0.0	0.0	0.0	-0.001590020854452123	0.00384355407046
170	42.5	nan	nan	1	1	5.0	5.0	5.0	1.00425	2.36689460476e-20	-1.74867304983e-18	-1.20991708198e-20	0.997929128759	-8.87013579942e-19	8.21886656633e-21	-4.17693122115e-20	0.998300465327	243221226.882	9981320.51751	291554.60351	9918496.92342	-79.7075169154	-4662068.88733	289827.372636	-4663804.02726	41.2031173535	244140877.83354625	9955999.9971323	290923.20486174297	9956000.044551602	-79.50531563323378	-4651972.583042217	290923.24745928653	-4651972.932897016	41.113886752138484	244882257.161	0.004240994257254614	0.0	0.0	0.0	-0.002073018459769635	0.0	0.0	0.0	-0.0017009805204631755	0.0040909719866
180	45.0	nan	nan	1	1	5.0	5.0	5.0	1.0045	8.18081625815e-21	1.34368873064e-18	-4.15658257808e-21	0.997797081942	1.53891666764e-18	-7.0972096557e-21	-1.20983436392e-20	0.998189545656	246001306.343	10126719.4253	269362.856929	10059145.0421	-66.8044888979	-4742341.20927	267670.739486	-4744206.90458	35.0698329818	246991590.50359848	10099638.269268617	268748.18446355226	10099638.371799903	-66.62583846715472	-4731519.425612334	268748.25446959556	-4731519.813920896	34.98980539021772	247746322.246	0.004489905272852001	0.0	0.0	0.0	-0.002205348051358304	0.0	0.0	0.0	-0.0018120951972245706	0.00433836310164
190	47.5	nan	nan	1	1	5.0	5.0	5.0	1.00475	-2.20360915184e-21	4.98468301547e-18	3.84556266776e-21	0.997665133598	-1.49839402001e-18	6.73490454741e-21	-3.92546831493e-20	0.998078503625	248721732.095	10267518.6607	247795.769339	10195118.7129	-52.5324929188	-4817754.43385	246150.385836	-4819751.01694	30.7761053085	249783781.8470695	10238652.045554793	247201.48634047722	10238652.195921978	-52.38480044256577	-4806200.122173363	247201.45585729225	-4806200.528034216	30.702295670045203	250551222.491	0.00473875434717347	0.0	0.0	0.0	-0.0023375964529215617	0.0	0.0	0.0	-0.0019233448173893968	0.00458572447547
200	50.0	nan	nan	1	1	5.0	5.0	5.0	1.005	-6.51768691855e-20	1.74717750728e-18	4.39869834337e-20	0.997533274087	2.48654731434e-19	-1.74684001759e-20	1.82591848415e-20	0.997967359063	251387485.596	10404440.4402	227414.640148	10327140.0383	-44.0281804581	-4889307.47077	225823.204051	-4891435.4872	29.576266255	252522410.41901833	10373763.190657448	226842.78299886108	10373763.391695919	-43.89836439671999	-4877012.811861151	226842.71526208273	-4877013.2039523255	29.501893737506087	253302045.855	0.004987541511038968	0.0	0.0	0.0	-0.0024697732937645073	0.0	0.0	0.0	-0.0020347095552360785	0.0048330536607
210	100.0	nan	nan	1	1	5.0	5.0	5.0	1.01	2.47029218133e-20	-1.08581682904e-18	-2.08945822731e-21	0.994910205028	-4.83113502933e-18	3.41857203556e-20	7.50153553912e-20	0.995733648081	296253927.874	12610009.8936	-49486.1429868	12421614.8669	1841.88494736	-5909769.28448	-48787.1989989	-5914665.54907	-404.849660981	299045346.3345799	12538652.615141334	-49246.83748084641	12538656.100069491	1831.4621246829188	-5881190.7725303285	-49246.890753547166	-5881195.754824312	-402.89188558957346	300005196.787	0.009950330853168092	0.0	0.0	0.0	-0.00510279209899297	0.0	0.0	0.0	-0.004275478766493953	0.00977132559298
220	150.0	nan	nan	1	1	5.0	5.0	5.0	1.015	8.65826490772e-20	3.98470768168e-18	-3.27935753847e-21	0.992309004408	1.3771150992e-17	-7.97799157195e-20	2.7244020655e-19	0.993495170193	330891864.629	14284041.3981	-238891.33606	13964714.6916	-2466.32927739	-6622140.48169	-233827.809546	-6630059.50687	217.422554327	335639756.41508275	14165088.68131935	-237185.11187653147	14165091.193009537	-2445.790512495429	-6574843.428466823	-237182.9513762349	-6574846.589966492	215.86966577799257	336729265.718	0.014888612493750559	0.0	0.0	0.0	-0.007720723823156861	0.0	0.0	0.0	-0.006526078408222052	0.0146908758742
230	200.0	nan	nan	1	1	5.0	5.0	5.0	1.02	4.64372578442e-19	-1.14237216014e-17	8.3700751823e-20	0.989727790251	3.53767553857e-17	7.08728348835e-20	-4.64346108663e-20	0.991259522846	358424519.368	15626694.9508	-360702.557231	15162905.0366	8601.38863953	-7215664.81939	-350554.151087	-7226819.38472	8458.82164546	365337770.52102196	15455376.53294364	-357300.2208818704	15455365.415461004	8507.08998599287	-7147602.871377738	-357315.5994763906	-7147590.394391465	8379.03358801986	366518444.826	0.01980262729617973	0.0	0.0	0.0	-0.010325333004176554	0.0	0.0	0.0	-0.008778899172793791	0.0195901852113
240	250.0	nan	nan	1	1	5.0	5.0	5.0	1.025	-3.19556414241e-20	-1.60753618499e-17	4.86382200181e-21	0.987166005157	4.43528950495e-18	5.9411420316e-20	3.25704020554e-19	0.989030188225	380655299.912	16733046.4386	-460634.700221	16115388.891	10978.1023625	-7723121.57422	-444486.757667	-7737686.12042	11149.8450556	389881063.35476995	16505990.968819508	-455242.2846664071	16505969.990832262	10829.137366893085	-7632710.928024967	-455259.57412490185	-7632691.255107658	11019.31950491901	391141232.415	0.024692612590371414	0.0	0.0	0.0	-0.012917062042854713	0.0	0.0	0.0	-0.011030423836394533	0.0244684938522
250	300.0	nan	nan	1	1	5.0	5.0	5.0	1.03	3.10847856753e-19	6.48006674429e-18	-1.30496013436e-20	0.984623861096	-3.04315446019e-17	7.13360560266e-20	-2.94979223881e-19	0.986808788873	398836627.873	17655678.5333	-539580.108659	16877868.1923	-5852.58107951	-8147257.02602	-516959.732505	-8165334.00095	-7921.645732	410479687.2269311	17370574.38331081	-532044.9806903484	17370576.252185985	-5758.073516361192	-8033482.216127307	-532051.1068385146	-8033480.070480664	-7811.021538566904	411823765.532	0.02955880224154443	0.0	0.0	0.0	-0.015495577647396416	0.0	0.0	0.0	-0.013278987928615643	0.0293253272552
260	350.0	nan	nan	1	1	5.0	5.0	5.0	1.035	-1.29821034057e-19	-1.3449374425e-17	9.04670892337e-20	0.98210137489	-2.19962214129e-17	-6.14098886759e-21	7.40690607704e-20	0.984596782307	413882229.986	18439792.3543	-600771.995446	17497306.2355	7072.10343382	-8500018.22585	-571548.160486	-8521588.72059	5488.10441885	428018015.6250323	18094944.871913128	-591034.7435491136	18094911.429165598	6939.846138430217	-8362250.787919104	-591068.8881076876	-8362224.213670995	5399.153776063986	429403363.72	0.03440142671733232	0.0	0.0	0.0	-0.01806074287029946	0.0	0.0	0.0	-0.015523079683892564	0.0341603256285
270	400.0	nan	nan	1	1	5.0	5.0	5.0	1.04	1.41229509065e-19	8.8507266752e-18	1.32957702939e-19	0.979598900951	-7.3195028648e-18	-9.95263713024e-21	1.19246357106e-19	0.982394408512	426417365.134	19098305.0626	-656952.392879	17989078.4093	4747.86640803	-8787545.71977	-620593.396085	-8812598.22672	3631.30703038	443098940.06655777	18692853.61232825	-644840.4469825777	18692816.540035114	4647.070587954805	-8625533.556523649	-644871.1954569585	-8625509.334801367	3564.358200050734	444528677.205	0.03922071315328133	0.0	0.0	0.0	-0.020612075841258674	0.0	0.0	0.0	-0.01776241326669439	0.0389733809791
280	450.0	nan	nan	1	1	5.0	5.0	5.0	1.045	-3.43809349802e-19	-3.72032752302e-18	1.28325491509e-19	0.97711729753	-1.53490575674e-17	8.27974705941e-20	2.48584317684e-19	0.980201376412	436940896.378	19652382.2927	-718091.335742	18375823.3828	-7682.16356749	-9021803.47593	-673534.807866	-9050322.47991	-504.07377105	456205677.48501086	19185963.11909745	-703261.2605199985	19186015.832317203	-7499.839189240853	-8835484.525224505	-703231.045387026	-8835526.94677587	-493.6636023569277	457675928.612	0.04401688541677426	0.0	0.0	0.0	-0.023148575261505572	0.0	0.0	0.0	-0.019997242292209377	0.0437643653976
290	500.0	nan	nan	1	1	5.0	5.0	5.0	1.05	-1.43538997335e-19	-7.89207066736e-18	3.24585672366e-20	0.97465672708	8.90022516305e-18	-4.56339000333e-20	8.56707651699e-19	0.978017904522	445847187.906	20122926.1185	-787413.103379	18678955.1013	6700.71412402	-9218328.62539	-733487.880662	-9250093.40949	5032.2359911	467721723.84309626	19595440.382858012	-769416.7807778132	19595397.96718377	6525.067148116852	-9007643.770039778	-769474.8902029197	-9007619.114343818	4917.224262297774	469207191.923	0.04879016416943205	0.0	0.0	0.0	-0.02566994476691348	0.0	0.0	0.0	-0.022227301832686928	0.0485332419655
300	550.0	nan	nan	1	1	5.0	5.0	5.0	1.055	5.43106937868e-19	3.72821551734e-18	-6.30907196806e-20	0.972216524076	-5.29515367787e-17	-1.16387620909e-19	-6.14840040588e-19	0.975844709676	453407643.152	20530490.87	-862382.180376	18919467.1384	6075.18230751	-9373994.39299	-797747.344268	-9408939.46632	4735.46652867	477908909.02952486	19941882.89025254	-840783.7630941942	19941838.290761963	5901.007183921695	-9139222.099331481	-840856.0568806082	-9139185.71878884	4616.866464292926	479413838.206	0.05354076692802976	0.0	0.0	0.0	-0.028176737934271747	0.0	0.0	0.0	-0.024451814166738885	0.0532801158737
310	600.0	nan	nan	1	1	5.0	5.0	5.0	1.06	-7.48115380883e-19	-7.13371148178e-18	-2.07582629081e-19	0.969796912444	-5.20198534762e-17	2.17846286122e-20	9.17402856325e-19	0.973681644024	459851535.855	20879027.8852	-934530.864837	19102240.9772	5796.57550822	-9494125.24735	-858503.767959	-9532119.23103	2643.10238916	486989796.06288517	20229606.09251015	-909090.2229559011	20229564.7888496	5616.278682204049	-9235667.608891735	-909168.59525158	-9235631.961929847	2571.1494726028423	488509113.436	0.058268908123975824	0.0	0.0	0.0	-0.030668598019809597	0.0	0.0	0.0	-0.02667088295287866	0.0580050377755
320	650.0	nan	nan	1	1	5.0	5.0	5.0	1.065	1.31361575229e-18	-8.65297095179e-18	3.06903859592e-19	0.96739782717	-2.45856871594e-17	1.24672661924e-19	-2.20347680294e-19	0.971528731826	465357555.567	21178444.7937	-1009636.66442	19237501.1503	5460.0119004	-9588076.70925	-921106.606857	-9628976.77952	2172.98959323	495137720.62379766	20468631.554190494	-979964.6233608184	20468588.843371283	5277.015048056473	-9306294.345533164	-980052.0488272851	-9306253.592448868	2109.127969832505	496666184.386	0.06297479916138839	0.0	0.0	0.0	-0.03314546464704782	0.0	0.0	0.0	-0.02888443589687006	0.0627081078332
330	700.0	nan	nan	1	1	5.0	5.0	5.0	1.07	-1.30837473593e-18	1.13438887461e-18	-1.07387895844e-19	0.965019133378	-2.28335200987e-17	-1.09770176008e-19	-4.57794838211e-20	0.969385988887	470070206.704	21444217.9242	-1074663.62953	19340213.9149	5022.44024583	-9656999.80219	-973708.438167	-9700655.70582	1284.11078602	502493055.07000864	20674246.78358945	-1040765.408200066	20674195.124910682	4842.105665273379	-9352388.100739812	-1040869.4719724703	-9352346.200438067	1243.605952283607	504027908.789	0.06765864847381486	0.0	0.0	0.0	-0.03560735050499482	0.0	0.0	0.0	-0.03109240906194354	0.0673894528605
340	750.0	nan	nan	1	1	5.0	5.0	5.0	1.075	1.35108372532e-18	1.51486548661e-18	-4.1734901498e-19	0.962661367416	9.98271209382e-17	4.59833011241e-19	4.07012566045e-19	0.967252707391	474106826.01	21668835.2068	-1144197.78891	19404369.678	4422.15610278	-9706550.17345	-1029617.65396	-9752802.12674	406.125228317	509169886.65393114	20839492.980790738	-1105653.6308840956	20839439.905743614	4252.904698583145	-9379569.290076477	-1105764.0924002265	-9379528.226762203	392.4442414017271	510707405.356	0.07232066157962608	0.0	0.0	0.0	-0.03805357241445383	0.0	0.0	0.0	-0.03329548634520979	0.0720491832251
350	800.0	nan	nan	1	1	5.0	5.0	5.0	1.08	5.99964024452e-19	2.20857488249e-17	3.03542197582e-19	0.960324205483	-6.34064512117e-17	-1.7745340245e-19	2.10606801401e-19	0.965129030822	477563848.68	21855441.7492	-1212211.38403	19433539.8229	2747.84902811	-9743119.05506	-1083425.0723	-9791830.71396	1630.36468258	515262087.4418126	20967683.586217187	-1168790.6456667935	20967596.946896784	2636.2326428944175	-9394125.943046076	-1168949.1695887526	-9394090.977256576	1571.9659253570032	516798435.41	0.0769610411361284	0.0	0.0	0.0	-0.040484337488015644	0.0	0.0	0.0	-0.03549347588525626	0.0766874523392
360	850.0	nan	nan	1	1	5.0	5.0	5.0	1.085	1.37409919868e-18	-1.80460369413e-17	-1.32970937829e-19	0.958007289802	6.59615525669e-17	1.59348073202e-19	1.15368534394e-19	0.963015121889	480518428.729	22019542.3516	-1274068.39327	19442197.1662	829.993987774	-9772140.37779	-1130967.62908	-9823190.24389	-515.974698243	520844554.2986198	21073925.65135117	-1225728.2341783436	21073827.583262857	794.3503688727913	-9401369.999195216	-1225880.8309442657	-9401338.935810074	-496.39780650619315	522380018.35	0.08157998699242285	0.0	0.0	0.0	-0.04289989164356834	0.0	0.0	0.0	-0.037686164411142885	0.0813044183677
370	900.0	nan	nan	1	1	5.0	5.0	5.0	1.09	9.24986448181e-20	1.37806966562e-17	-2.68549148949e-19	0.95571021717	-2.27341128414e-17	8.70855748896e-20	2.3258995336e-19	0.960911148144	483033547.523	22160051.1748	-1331809.89034	19429859.8362	-338.901948597	-9790655.84481	-1174204.41421	-9843894.54452	-1790.90065227	525978307.71344095	21157338.2387993	-1278466.960110361	21157298.17972366	-323.5670847368792	-9398511.083444113	-1278598.668483622	-9398471.367355067	-1719.1697774393124	527510236.692	0.08617769624105241	0.0	0.0	0.0	-0.04530053199598711	0.0	0.0	0.0	-0.039873331992878125	0.085900253161
380	950.0	nan	nan	1	1	5.0	5.0	5.0	1.095	6.9311117887e-19	-2.31759861072e-17	2.04346698525e-19	0.953432939338	4.24602528684e-17	1.91323566961e-19	-1.69549526261e-18	0.958816871849	485154781.064	22272156.9581	-1392454.50453	19392629.2883	-2939.6573943	-9799188.51757	-1219408.5188	-9854485.32384	-5796.90417035	530706609.17411846	21213507.986049596	-1333757.096986195	21213429.062769007	-2799.9284365478816	-9386114.366749879	-1333900.4076000492	-9386078.03047388	-5552.541970024977	532234539.652	0.09075436326846412	0.0	0.0	0.0	-0.04768618747111683	0.0	0.0	0.0	-0.042055179737973306	0.0904751273994
390	1000.0	nan	nan	1	1	5.0	5.0	5.0	1.1	-8.16433882035e-19	-9.01346817415e-17	1.46351411418e-19	0.951175300251	7.52927322117e-17	-3.97681968736e-19	1.01577779222e-19	0.95673228117	486942486.493	22359522.0028	-1458843.36096	19334405.5274	1839.14267233	-9800806.86179	-1268761.0594	-9858122.30022	5298.13035578	535089805.78864336	21246108.848240897	-1394297.3885953461	21246129.85242983	1747.5608556774262	-9367173.871585952	-1394212.1045054854	-9367227.94894796	5063.716583417577	536601074.909	0.09531017980432493	0.0	0.0	0.0	-0.050056900878161815	0.0	0.0	0.0	-0.04423167465968258	0.0950291774537
400	1050.0	nan	nan	1	1	5.0	5.0	5.0	1.105	-1.49877186061e-18	5.85434233033e-17	-3.56296468329e-19	0.948936581811	1.4091425399e-17	-6.25798529343e-19	5.52609588745e-19	0.954657718592	488419195.636	22437058.4202	-1532359.29292	19268209.4599	5775.45465183	-9801206.92662	-1323797.381	-9860355.31485	7116.97970695	539147811.472813	21269434.94938924	-1461373.202288998	21269460.85273627	5474.9002618654085	-9347168.917126507	-1461290.766572372	-9347222.885431929	6787.2877288148575	540647238.458	0.09984533496971612	0.0	0.0	0.0	-0.05241330893711675	0.0	0.0	0.0	-0.046402412596877655	0.0995626315302
410	1100.0	nan	nan	1	1	5.0	5.0	5.0	1.11	1.499685068e-18	4.71585593384e-17	3.13905116297e-19	0.946715975998	-1.23484433518e-16	3.88205787638e-19	8.99323996857e-19	0.952593695197	489613138.364	22508055.535	-1612822.23324	19197101.9021	-6424.10658245	-9797027.34756	-1384089.68304	-9857888.38478	-4301.71430577	542907266.4981763	21286648.873752557	-1534771.8214929416	21286696.172372103	-6075.500432967468	-9322913.088334966	-1534747.1044556114	-9322946.993673107	-4093.5384970145274	544408858.952	0.10436001532424286	0.0	0.0	0.0	-0.05475615052966106	0.0	0.0	0.0	-0.048566809158169515	0.104075694493
420	1150.0	nan	nan	1	1	5.0	5.0	5.0	1.115	-7.34880491082e-19	5.11989064968e-18	-1.52651218963e-19	0.94451342345	3.88989293115e-17	-1.59348073202e-19	3.40507244796e-19	0.950540083731	490560113.462	22570462.6469	-1681690.29902	19119278.7446	-4465.14544282	-9789819.1941	-1433844.73281	-9852247.57072	-5985.14996725	546403740.3216791	21295858.788898222	-1596845.934848254	21295749.759547982	-4212.988821266191	-9295904.835811911	-1597068.5417509207	-9295869.39805755	-5683.188159097934	547895866.0	0.10885440491208208	0.0	0.0	0.0	-0.05708537991287385	0.0	0.0	0.0	-0.05072494673715255	0.108568500415
430	1200.0	nan	nan	1	1	5.0	5.0	5.0	1.12	-2.05498133938e-18	-2.02913095262e-17	-2.9307339975e-19	0.942328813419	1.17184308335e-16	1.90476534014e-19	6.82933548614e-19	0.948496704092	491287996.942	22625958.1443	-1744079.04086	19036733.2377	-7257.34517067	-9783890.65891	-1477018.73395	-9847965.62729	-6262.81369862	549664712.4531306	21298701.678108852	-1652515.9871630515	21298750.562356304	-6831.623605921441	-9270242.547339832	-1652523.7391060467	-9270276.23290996	-5934.019914883023	551149005.059	0.11332868530700327	0.0	0.0	0.0	-0.0594010064814249	0.0	0.0	0.0	-0.052876964476574334	0.113041219197
440	1250.0	nan	nan	1	1	5.0	5.0	5.0	1.125	-5.03878724498e-19	5.60140770437e-17	1.71788869615e-19	0.940162135086	-9.25009741587e-17	6.26857320527e-19	-1.2031838318e-18	0.946463264636	491816293.44	22670405.0784	-1802100.11692	18945713.0044	-8223.97264648	-9772322.6888	-1516027.06821	-9837884.91772	-3518.67311609	552708818.922999	21291340.016825743	-1703819.703873765	21291410.630326163	-7723.699567772227	-9239373.436281312	-1703728.691997614	-9239435.824159581	-3326.776648198378	554182210.63	0.11778303565638346	0.0	0.0	0.0	-0.06170293445772288	0.0	0.0	0.0	-0.05502312088099088	0.117494019814
450	1300.0	nan	nan	1	1	5.0	5.0	5.0	1.13	-3.54549462875e-19	-4.3959633534e-17	9.29883357408e-20	0.938013110684	5.33303325597e-17	-2.97467383164e-19	-7.17278087647e-19	0.944439760555	492167335.434	22702239.3786	-1856611.79055	18845113.7543	-6456.57045343	-9752654.45688	-1551792.31691	-9819484.58261	-5821.92974628	555558268.5182675	21272375.608570866	-1751595.2228796412	21272355.992777318	-6049.913822952795	-9201009.626253797	-1751662.4745570503	-9201020.253568133	-5492.620688627628	557020756.868	0.12221763272424911	0.0	0.0	0.0	-0.06399135279854079	0.0	0.0	0.0	-0.05716337326459971	0.121927075567
460	1350.0	nan	nan	1	1	5.0	5.0	5.0	1.135	-9.95978397073e-19	-3.95134517147e-17	2.36481010962e-19	0.935881146941	-2.74711604808e-16	-4.04669990551e-19	7.68007420253e-19	0.94242652314	492351952.51	22728080.2231	-1905261.28834	18740825.0931	-8373.84472881	-9729868.73768	-1582001.53783	-9797934.64425	-7946.3028822	558222664.9665537	21248065.279350035	-1793651.162216771	21248119.914645534	-7828.55382814056	-9159893.436328504	-1793654.1328344021	-9159909.366750447	-7480.808793634106	559675707.032	0.126632650933366	0.0	0.0	0.0	-0.06626679033104617	0.0	0.0	0.0	-0.05929732223212987	0.126340565182
470	1400.0	nan	nan	1	1	5.0	5.0	5.0	1.14	7.71779363847e-19	-7.2080386229e-17	3.19225541996e-20	0.933765900415	-1.19315919686e-16	1.5881867761e-22	1.18990923732e-18	0.940423674147	492394913.895	22754734.1392	-1950109.50777	18638355.9211	1754.41002031	-9708743.95747	-1608560.18988	-9778033.69174	3264.15847384	560727679.1449069	21224787.990015402	-1831960.6386103611	21224918.787328813	1636.44982625905	-9120532.31347506	-1831790.2898335808	-9120594.017790867	3066.396947676744	562160117.471	0.131028262406404	0.0	0.0	0.0	-0.06852951412320026	0.0	0.0	0.0	-0.06142478808290486	0.130734642139
480	1450.0	nan	nan	1	1	5.0	5.0	5.0	1.145	5.81699876527e-19	-1.87293807715e-17	-4.27036954314e-19	0.931667048182	-1.1439381123e-16	-2.45586615145e-19	3.16744000159e-18	0.938431132874	492295517.486	22785350.1543	-1994331.95139	18540128.7926	-5002.03794027	-9691109.92254	-1634550.71836	-9761473.51419	-4748.063968	563070453.4656868	21205465.62585632	-1869524.7765108047	21205553.078915436	-4655.2079684227365	-9084631.121439235	-1869542.137819288	-9084635.068634177	-4450.925645777013	564500275.468	0.13540463700620298	0.0	0.0	0.0	-0.07077977256345643	0.0	0.0	0.0	-0.06354580564375521	0.13510951908
490	1500.0	nan	nan	1	1	5.0	5.0	5.0	1.15	-4.73306129058e-19	1.78046325513e-17	-7.08940107072e-19	0.929584371436	1.99096258922e-16	-3.96834935789e-19	7.9816973411e-19	0.936449029222	492085603.396	22818662.6565	-2032731.77307	18445161.5136	8579.64430885	-9672788.77418	-1655201.64891	-9744249.05785	8693.41931942	565285313.1018101	21188889.874725185	-1901487.2672797746	21188953.363949575	7966.862088331304	-9048259.557340343	-1901419.5414242987	-9048287.505134067	8132.123659402192	566693705.884	0.13976194237515863	0.0	0.0	0.0	-0.0730177051643698	0.0	0.0	0.0	-0.0656601854644009	0.139465298041
500	1550.0	nan	nan	1	1	5.0	5.0	5.0	1.155	2.76299500416e-18	3.45642382039e-17	-1.80497427104e-19	0.92751759991	2.75519859528e-16	1.15090601708e-19	-1.2504059186e-18	0.934477175165	491753481.946	22848886.0196	-2063504.21923	18348803.4361	-4359.96915931	-9656874.71571	-1669412.25294	-9729405.18161	-2778.63701696	567357220.5969348	21169682.71040112	-1926199.2869638607	21169806.622596223	-4039.5476458070075	-9014309.260119157	-1926072.9829718086	-9014374.726143522	-2593.747369606495	568768281.972	0.14410034397375687	0.0	0.0	0.0	-0.07524350903637697	0.0	0.0	0.0	-0.06776807703435164	0.143802206564
510	1600.0	nan	nan	1	1	5.0	5.0	5.0	1.16	3.02343116567e-18	-1.52470165671e-17	-5.98640535472e-19	0.925466584976	2.38895954834e-16	5.71747239397e-20	1.65903314121e-18	0.932515673169	491335924.686	22873680.8569	-2089232.72181	18249078.9226	12859.7106512	-9644518.92583	-1679439.15524	-9718017.1836	12973.6014015	569326811.5903628	21145693.26954968	-1946113.150332947	21145797.397380482	11888.226414742272	-8983836.465059768	-1946020.4138825221	-8983871.543815387	12084.865429813613	570713840.798	0.14842000511827322	0.0	0.0	0.0	-0.07745725245452355	0.0	0.0	0.0	-0.06986931991747819	0.148120327687
520	1650.0	nan	nan	1	1	5.0	5.0	5.0	1.165	6.73814709541e-19	3.27052126429e-17	2.03261437561e-19	0.923431070163	-3.68584031187e-16	5.58724107833e-19	2.4522927312e-18	0.93056429521	490813000.337	22900107.0198	-2116969.62496	18151757.1478	2695.26109842	-9629150.03177	-1690857.7341	-9703618.11094	3448.49094628	571169738.1831001	21123467.044873416	-1967814.7808669538	21123593.65084765	2486.1568961516014	-8950711.212996518	-1967687.8335081914	-8950790.369898807	3205.521409360714	572557589.652	0.15272108701766393	0.0	0.0	0.0	-0.07965912190871328	0.0	0.0	0.0	-0.0719641078017297	0.152419896276
530	1700.0	nan	nan	1	1	5.0	5.0	5.0	1.17	-3.54882982098e-18	-7.92795310059e-17	2.92861641513e-19	0.921410649567	-6.51878144394e-17	-7.76305696159e-19	1.7397527341e-18	0.928623251474	490200324.538	22927266.7908	-2139290.65089	18055852.2189	-10538.9422864	-9607614.38602	-1698084.85704	-9682824.54662	-10164.1189284	572902626.5702853	21102157.9428974	-1984406.788252859	21102077.341384638	-9699.99724380224	-8912026.609662507	-1984570.8499975295	-8912030.150847716	-9428.240426206337	574294666.251	0.1570037488096647	0.0	0.0	0.0	-0.08184946851911352	0.0	0.0	0.0	-0.07405216443130944	0.156701054682
540	1750.0	nan	nan	1	1	5.0	5.0	5.0	1.175	8.67758784682e-19	4.37672511758e-17	3.20840198552e-19	0.91940492791	2.83915914799e-17	-7.03884379168e-19	-1.66759611491e-18	0.926692859995	489531067.444	22957853.2761	-2153830.94542	17963762.9531	5501.40470762	-9580231.44659	-1698846.62225	-9656145.04663	5422.58801474	574562946.395454	21084222.590164863	-1993732.6388823104	21084080.780763414	5052.4254170919285	-8868114.81826331	-1993937.4345543152	-8868090.10744973	5019.516845177005	575932524.387	0.16126814759612232	0.0	0.0	0.0	-0.08402863570486108	0.0	0.0	0.0	-0.07613309518339012	0.160963903152
550	1800.0	nan	nan	1	1	5.0	5.0	5.0	1.18	-5.84267445148e-19	8.83095374984e-18	1.7079625288e-18	0.91741359916	1.10825473181e-16	-3.66659387043e-19	-6.62485643871e-19	0.924772945923	488778483.148	22983191.372	-2168244.46296	17868608.0917	-660.131120484	-9545605.48952	-1699419.08844	-9622161.75546	-62.4658194192	576118458.0858898	21061689.69323478	-2002908.2948799361	21061555.074252617	-604.9410889665796	-8817719.930210548	-2003088.7991796562	-8817704.286207417	-57.702583817681266	577485001.945	0.16551443847757333	0.0	0.0	0.0	-0.08619687334053151	0.0	0.0	0.0	-0.07820703546792478	0.165208675363
560	1850.0	nan	nan	1	1	5.0	5.0	5.0	1.185	2.46918045059e-18	1.69178737588e-16	5.4893028938e-19	0.915436493404	2.25836400853e-16	-8.37927343071e-19	5.82467500135e-19	0.922863520182	487964134.915	23013891.8642	-2182191.78514	17778690.6261	-3169.25259609	-9507685.35841	-1699538.16902	-9584837.04989	-2836.54368779	577593373.7537414	21044288.09662319	-2011621.852787301	21044280.02980563	-2898.01764415549	-8764521.875045178	-2011709.293017023	-8764535.500005692	-2614.8266653740407	578954632.552	0.16974277458709455	0.0	0.0	0.0	-0.08835428548337838	0.0	0.0	0.0	-0.08027392087074747	0.169435489341
570	1900.0	nan	nan	1	1	5.0	5.0	5.0	1.19	-1.98393645093e-18	-5.80539441389e-17	8.7257628457e-19	0.91347334101	-3.09733479031e-17	-2.29440049588e-19	6.05866785303e-19	0.920964631607	487095367.147	23046250.0866	-2189217.08883	17690883.7075	6472.04847909	-9464193.12901	-1694225.12964	-9541830.27056	6546.05892164	578995474.9415712	21028599.847135942	-2013937.510068423	21028616.3762031	5905.434382888535	-8706442.884214656	-2013873.9757256147	-8706463.299448518	6021.948975583102	580340448.048	0.17395330712343798	0.0	0.0	0.0	-0.09050108693967159	0.0	0.0	0.0	-0.08233364562816413	0.173644487251
580	1950.0	nan	nan	1	1	5.0	5.0	5.0	1.195	2.52283469384e-18	-1.63409596184e-17	5.09543257333e-20	0.91152394798	5.13557399409e-18	3.92493891934e-19	-7.57485682862e-19	0.91907608482	486163289.243	23073150.2575	-2194531.33749	17599803.7386	-9275.2602205	-9421635.41953	-1687866.31097	-9499711.7574	-8012.92982685	580313418.7781321	21008136.157813493	-2014678.7163966699	21008172.569496773	-8445.1376355978	-8649486.12448903	-2014737.6221775012	-8649501.079488253	-7356.230873694825	581664404.823	0.17814618538347404	0.0	0.0	0.0	-0.09263741205441128	0.0	0.0	0.0	-0.08438636917203303	0.177835865994
590	2000.0	nan	nan	1	1	5.0	5.0	5.0	1.2	-3.15984979229e-18	-2.76384733107e-17	-1.27451988782e-19	0.909588066805	-3.30428082119e-17	-2.8576774058e-19	-1.14182688268e-18	0.917198139827	485202078.525	23100231.4649	-2192500.03097	17509877.5046	10950.9540016	-9378738.80445	-1675668.45017	-9457284.77355	11430.520197	581587057.5625882	20988041.78892861	-2008693.1940075266	20988199.7355396	9949.644035535115	-8592478.238888916	-2008538.5585062357	-8592549.747333232	10472.249851472709	582912282.992	0.1823215567939546	0.0	0.0	0.0	-0.09476345579963405	0.0	0.0	0.0	-0.08643175610009557	0.1820096851
600	2050.0	nan	nan	1	1	5.0	5.0	5.0	1.205	1.15189863382e-18	9.00967770171e-18	1.06527628007e-18	0.907665581361	1.42587408758e-16	1.13703585257e-18	8.83164196411e-19	0.915330382906	484178827.785	23128737.7423	-2187300.37409	17421758.3985	88.3207180375	-9339216.13571	-1661546.35584	-9418088.99089	392.492399697	582776524.3565863	20969448.39653117	-1999841.2077254816	20969508.010305732	80.07513249693785	-8538813.186011506	-1999902.008816804	-8538820.115860194	358.85445087058804	584104537.922	0.18647956694261839	0.0	0.0	0.0	-0.09687927068671363	0.0	0.0	0.0	-0.08847020466401455	0.186166186308
610	2100.0	nan	nan	1	1	5.0	5.0	5.0	1.21	-6.38669459675e-19	-3.25091245156e-18	4.08640457491e-19	0.905756682341	-7.86471017968e-17	1.13671821522e-18	-1.10425303053e-19	0.913472589206	483121200.299	23149196.8106	-2176780.95612	17328662.395	873.229965678	-9305785.20609	-1643230.41699	-9385159.1393	1783.49020158	583914189.3417215	20943778.541505523	-1986176.3769375335	20943920.176739432	790.0375622798796	-8490946.548032839	-1986055.5824181265	-8491037.343476245	1627.3231796329974	585233652.711	0.1906203596086497	0.0	0.0	0.0	-0.09898457154606113	0.0	0.0	0.0	-0.09050190995691286	0.190305428277
620	2150.0	nan	nan	1	1	5.0	5.0	5.0	1.215	3.07515311501e-18	1.38995989062e-17	-6.472655206e-19	0.903861131622	-6.12006980077e-17	-8.71702781843e-19	-5.02264067942e-21	0.911624705154	482027858.472	23166742.3795	-2157067.94958	17234293.4414	6177.79678887	-9279221.25651	-1618397.65923	-9358978.00784	6546.48664627	584997946.5176044	20915709.689306635	-1964200.5894972186	20915858.068577707	5577.521519378042	-8449549.24375974	-1964117.4066154992	-8449598.298887441	5961.153394469048	586305395.728	0.19474407679251185	0.0	0.0	0.0	-0.10107954585241405	0.0	0.0	0.0	-0.09252688110683382	0.194427574085
630	2200.0	nan	nan	1	1	5.0	5.0	5.0	1.22	4.59134870804e-18	5.90172323582e-17	-9.8557577369e-19	0.901978715297	1.57457813301e-16	-1.6295855114e-18	-1.46011936494e-18	0.909786685555	480896006.362	23183318.6929	-2134812.98875	17140111.8391	1609.27391961	-9256836.71355	-1592029.39137	-9337085.01603	2036.56906859	586023867.6926353	20887006.307956327	-1940008.874282562	20887082.653526105	1449.8750138125672	-8412139.829909312	-1940060.2397781152	-8412244.864988638	1850.7298236307886	587328214.288	0.19885085874516517	0.0	0.0	0.0	-0.10316435642963949	0.0	0.0	0.0	-0.0945451184279279	0.198532774167
640	2250.0	nan	nan	1	1	5.0	5.0	5.0	1.225	-3.20630508267e-19	-1.09665355681e-17	3.35107409757e-20	0.900109063321	-5.45906778805e-17	4.93396691776e-20	1.09659002934e-18	0.907958724042	479732944.995	23193694.6045	-2114781.96624	17042348.0177	5120.17966439	-9234138.89414	-1567522.75883	-9314746.59464	5544.92874155	587000273.3668019	20852961.425695386	-1917937.1654503413	20852982.9972514	4603.445499081927	-8374621.336255386	-1918017.7170268835	-8374692.119575864	5028.80442663355	588293843.849	0.20294084399669038	0.0	0.0	0.0	-0.10523934153192942	0.0	0.0	0.0	-0.09655635951761846	0.202621154891
650	2300.0	nan	nan	1	1	5.0	5.0	5.0	1.23	-2.91592250145e-18	1.05292548091e-17	3.16366805799e-19	0.898251931648	1.30099588782e-16	-4.66291637463e-19	6.11213680783e-19	0.906140797447	478537906.075	23196985.5004	-2097469.16909	16940326.0681	2874.99008013	-9209045.65502	-1545410.21385	-9289917.83735	3714.77340125	587925775.7890486	20812811.71572713	-1898420.0612142792	20812675.901470143	2579.5001346735125	-8335110.367182707	-1898671.9491928406	-8335105.041989465	3362.2426740402725	589213009.827	0.20701416938432612	0.0	0.0	0.0	-0.10730470253382096	0.0	0.0	0.0	-0.09856057944271228	0.206692869335
660	2350.0	nan	nan	1	1	5.0	5.0	5.0	1.235	2.22573623323e-18	-6.15134384537e-17	9.72790870142e-19	0.896407147462	4.47145979703e-17	7.44224323281e-19	-2.12789896474e-18	0.904332937609	477325794.706	23197540.4591	-2079109.5144	16837574.8181	12606.4486106	-9184386.78483	-1522559.23365	-9265606.5284	15463.5340735	588818226.1422867	20770484.839116536	-1878041.12239689	20770448.710064348	11287.491887479118	-8296174.8510332825	-1878194.384417338	-8296187.273071706	13968.07271886271	590087562.464	0.2110709700799406	0.0	0.0	0.0	-0.10936056356863517	0.0	0.0	0.0	-0.10055769257821524	0.210748023154
670	2400.0	nan	nan	1	1	5.0	5.0	5.0	1.24	3.02740163261e-18	3.76230859347e-18	1.29320755222e-18	0.894574339907	5.86484487713e-17	-3.05143619248e-19	1.4871714797e-18	0.902535222283	476086146.066	23201184.5544	-2060331.66547	16738175.6071	16682.3357498	-9158385.6376	-1499513.33055	-9239916.29547	16483.073448	589664452.6379552	20731193.91155946	-1857372.5185394953	20731347.129244808	14906.339653302084	-8256211.406421613	-1857247.2956596063	-8256237.779533512	14859.358886958287	590923697.628	0.2151113796169455	0.0	0.0	0.0	-0.1114072717090944	0.0	0.0	0.0	-0.1025475620762648	0.214786781797
680	2450.0	nan	nan	1	1	5.0	5.0	5.0	1.245	3.44941263752e-18	-2.07840709433e-17	8.00419665376e-19	0.892753320986	-4.03872786964e-17	1.01072206431e-18	3.8324667443e-18	0.900747661201	474832909.13	23206898.6145	-2040562.64681	16641131.7418	18396.101596	-9132343.17645	-1476203.51776	-9214155.44534	18619.920675	590481360.973788	20694007.890711844	-1835900.3584616922	20694180.90049004	16404.133870266905	-8216396.657779683	-1835741.8904227042	-8216427.738128405	16752.398704936048	591731387.753	0.219135529916671	0.0	0.0	0.0	-0.11344497256378387	0.0	0.0	0.0	-0.10453012585910913	0.218809263388
690	2500.0	nan	nan	1	1	5.0	5.0	5.0	1.25	-3.90553657089e-18	-4.49033341163e-17	3.82408905906e-19	0.890943909268	-7.53602632369e-17	-6.4332152344e-19	-6.39913539316e-19	0.898970167445	473555192.29	23213651.6171	-2017759.58899	16545735.205	13686.6049858	-9104215.35397	-1451069.29953	-9186206.17017	13935.3312127	591255181.5505366	20657995.07725732	-1811794.9451141476	20658102.43830782	12179.80794597448	-8174894.29739749	-1811725.9742991466	-8174870.76019752	12512.86961411457	592502057.942	0.22314355131420976	0.0	0.0	0.0	-0.11547380605409119	0.0	0.0	0.0	-0.10650542921573973	0.222815617276
700	2550.0	nan	nan	1	1	5.0	5.0	5.0	1.255	1.7410497533e-20	-1.05486095119e-16	-3.20707849654e-19	0.889145930043	-2.27204560895e-17	-9.60747120423e-19	-1.79057471094e-18	0.897202738519	472256888.329	23215895.3817	-1990379.76625	16448145.9031	10397.4562085	-9076854.1196	-1422850.995	-9159129.99776	10331.9483923	591990402.4486892	20618217.73996907	-1783689.178030508	20618321.83573678	9234.061944370847	-8134270.021341536	-1783593.1120770988	-8134294.779401689	9259.02928064658	593232729.938	0.22713557258374711	0.0	0.0	0.0	-0.11749390615997016	0.0	0.0	0.0	-0.10847342404582451	0.226805959816
