inc	time	elem	node	ip	grain	1_pos	2_pos	3_pos	1_f	2_f	3_f	4_f	5_f	6_f	7_f	8_f	9_f	1_p	2_p	3_p	4_p	5_p	6_p	7_p	8_p	9_p	1_Cauchy	2_Cauchy	3_Cauchy	4_Cauchy	5_Cauchy	6_Cauchy	7_Cauchy	8_Cauchy	9_Cauchy	Mises(Cauchy)	1_ln(V)	2_ln(V)	3_ln(V)	4_ln(V)	5_ln(V)	6_ln(V)	7_ln(V)	8_ln(V)	9_ln(V)	Mises(ln(V))
0	0.0	nan	nan	1	1	5.0	5.0	5.0	1.0	0.0	0.0	0.0	1.0	0.0	0.0	0.0	1.0	3.56785749597e-06	7.3132432545e-07	1.74115820137e-06	7.3132432545e-07	-2.58347840008e-07	5.11854169787e-07	1.74115820137e-06	5.11854169787e-07	3.30737747326e-06	3.56785749597e-06	7.3132432545e-07	1.74115820137e-06	7.3132432545e-07	-2.58347840008e-07	5.11854169787e-07	1.74115820137e-06	5.11854169787e-07	3.30737747326e-06	5.01960482403e-06	0.0	0.0	0.0	0.0	0.0	0.0	0.0	0.0	0.0	0.0
10	2.5	nan	nan	1	1	5.0	5.0	5.0	1.00025	2.36750077305e-21	1.65027017074e-19	9.49499945634e-22	0.999925096962	1.27716819864e-20	2.00415522664e-21	-2.52781225317e-22	0.999935097797	56511407.6421	-387227.875758	1054604.14791	-387102.095385	0.977896546349	585792.735158	1054272.13374	585798.594084	0.638843753108	56519309.0629633	-387156.22027635487	1054419.5419963296	-387156.2199715272	0.9777155892113253	585690.1935519294	1054419.5419922573	585690.1936225818	0.6387319250491337	56561880.9458	0.0002499687552074404	0.0	0.0	0.0	-7.490584337259054e-05	0.0	0.0	0.0	-6.490430923892762e-05	0.00021332738648
20	5.0	nan	nan	1	1	5.0	5.0	5.0	1.0005	6.09580412663e-22	7.71138350571e-20	-1.34023938749e-21	0.999850167147	-4.94053492569e-21	7.4524837288e-21	5.79465868488e-21	0.999870171949	113067710.433	-774714.822727	2109985.73549	-774211.638434	-67.8077713677	1171499.38301	2108657.47217	1171522.82173	-70.3731904412	113099337.69595616	-774428.2014015786	2109247.3043963723	-774428.2006601094	-67.78268451930995	1171089.3937119544	2109247.3051479687	1171089.3933069531	-70.34856195622707	113184522.575	0.0004998750416509929	0.0	0.0	0.0	-0.00014984407906347538	0.0	0.0	0.0	-0.00012983647939139568	0.000426633290257
30	7.5	nan	nan	1	1	5.0	5.0	5.0	1.00075	5.62870557448e-22	-4.37999372177e-20	5.91351419914e-21	0.999769834241	-8.39117765833e-20	-1.14903141902e-20	-3.78967627762e-21	0.999804638429	166516417.814	-1168190.8009	3189052.68691	-1167046.53288	-4861.77672663	1726421.98952	3186040.22037	1726482.11171	-1227.31190488	166587297.77134407	-1167543.4075284945	3187396.319385666	-1167543.3019647244	-4859.082404757122	1725525.3002528471	3187396.4013272943	1725525.3218822747	-1226.6744492525604	166720850.165	0.0007497188905459742	0.0	0.0	0.0	-0.0002301922512034853	0.0	0.0	0.0	-0.00019538065655744978	0.000641984916192
40	10.0	nan	nan	1	1	5.0	5.0	5.0	1.001	-8.84866120521e-21	-4.79140027123e-19	-1.46255872057e-21	0.999640902064	2.1928057853e-19	-5.07454626286e-21	-5.09879299457e-21	0.999723844814	186920376.615	-1633218.02227	3676146.9165	-1631000.72765	5454.90540862	2577599.68524	3671460.17229	2577813.54433	4401.96589748	187039175.28696886	-1632037.1313517336	3673793.6937906723	-1632037.3226105599	5450.961263889043	2575949.678792315	3673793.596823768	2575949.6678836374	4399.148054137248	187216981.673	0.0009995003330834232	0.0	0.0	0.0	-0.0003591624271033379	0.0	0.0	0.0	-0.00027619332386462294	0.000879424391847
50	12.5	nan	nan	1	1	5.0	5.0	5.0	1.00125	-1.2229038176e-20	7.72691537267e-19	-1.37338865054e-20	0.999493527695	-2.95941958717e-19	9.04185957703e-22	9.70708081058e-21	0.999637454105	195022613.651	-1961536.21383	3832590.79123	-1958095.11184	-999.106463491	2914966.45319	3826418.08932	2915386.22815	-1883.58514394	195192203.3871555	-1959797.8713099773	3829745.693817002	-1959797.8519846818	-998.2210405070812	2912802.547892851	3829745.504649125	2912802.569583337	-1882.186877463848	195400959.65	0.0012492194004318981	0.0	0.0	0.0	-0.0005066006054198843	0.0	0.0	0.0	-0.0003626116306513307	0.00112562436902
60	15.0	nan	nan	1	1	5.0	5.0	5.0	1.0015	5.42857956503e-21	8.04311136567e-20	-2.43350849346e-20	0.999343038396	9.64161618594e-19	-1.08882301018e-20	-1.33513671709e-20	0.999549557614	200705130.614	-2241539.0467	3876779.92207	-2236711.46377	-5382.86547541	3057908.68778	3869229.65848	3058540.67681	-4667.22979968	200927579.15769744	-2239190.400305563	3873518.214616581	-2239190.4896238227	-5377.225400743811	3055335.9331332827	3873518.061572272	3055335.9900375777	-4663.303051571919	201151607.237	0.0014988761237359487	0.0	0.0	0.0	-0.0006571774978359121	0.0	0.0	0.0	-0.00045054386564652465	0.00137368142612
70	17.5	nan	nan	1	1	5.0	5.0	5.0	1.00175	3.15362608536e-21	1.2215854985e-18	9.52529494628e-21	0.999191015616	5.02134820971e-21	1.53408399416e-21	9.54039099246e-21	0.999461083148	205244371.028	-2507759.02483	3860899.52789	-2501353.09346	-2409.30982405	3145038.3735	3852077.33858	3145888.5937	-1803.70771718	205521303.8452617	-2504727.9532356933	3857275.2324930136	-2504728.127599395	-2406.3977457772253	3142086.0697640227	3857274.882485052	3142086.2293337258	-1802.0145445062067	205749717.068	0.001748470534116803	0.0	0.0	0.0	-0.0008093117884552036	0.0	0.0	0.0	-0.0005390621198801508	0.00162262413914
80	20.0	nan	nan	1	1	5.0	5.0	5.0	1.002	-2.61637227751e-21	-9.96380406851e-21	3.04389540722e-21	0.999038211578	1.37640992772e-19	1.67481455822e-20	-5.58894920629e-21	0.999372202355	209122458.659	-2732338.78874	3794334.09913	-2724262.39544	2824.16541357	3242579.02885	3784382.78454	3243662.82163	2611.91986448	209455279.38188565	-2728598.026117543	3790406.1467206455	-2728598.0893946076	2820.298933885177	3239222.2616871363	3790405.671905151	3239222.020696745	2609.2159652827527	209683789.981	0.001998002662673058	0.0	0.0	0.0	-0.0009622512372623931	0.0	0.0	0.0	-0.0006279947924585309	0.00187205728529
90	22.5	nan	nan	1	1	5.0	5.0	5.0	1.00225	2.04106816147e-21	5.19854890849e-19	1.2918389819e-20	0.998885041316	9.87614360309e-19	1.02878003747e-21	-8.19901423163e-21	0.999282933849	212578627.691	-2901679.43783	3696689.21262	-2891937.55238	460.265944361	3363984.19979	3685744.89144	3365323.64768	690.065797634	212968621.22593382	-2897242.8306343695	3692507.3274781783	-2897243.0572706414	459.5622073547601	3360178.6876862505	3692506.7032678863	3360178.138180822	689.285159679326	213202596.677	0.00224747254047937	0.0	0.0	0.0	-0.0011155807128341542	0.0	0.0	0.0	-0.0007173233658994051	0.00212177864934
100	25.0	nan	nan	1	1	5.0	5.0	5.0	1.0025	1.14812669022e-21	-8.33393566134e-19	2.00918551874e-20	0.998731750366	-2.72000890927e-18	-4.96060213348e-21	4.21498152933e-20	0.999193351284	215759089.861	-3019603.56923	3589431.4698	-3008253.70201	213.497081215	3496855.21464	3577591.77538	3498471.31578	331.625896558	216207477.21156934	-3014505.0323793306	3585026.9782802663	-3014505.4103767425	213.13659590255497	3492564.320868046	3585026.6737132045	3492564.2208532766	331.21896764421444	216443915.371	0.002496880198587146	0.0	0.0	0.0	-0.001269054543188864	0.0	0.0	0.0	-0.0008069742321382925	0.00237164906494
110	27.5	nan	nan	1	1	5.0	5.0	5.0	1.00275	1.76243237214e-20	8.91820641521e-20	-8.07622960945e-21	0.998578452208	-2.47889692765e-19	-3.01193004643e-20	-3.99257334213e-20	0.99910348476	218741668.616	-3099955.07183	3484408.67422	-3087059.82657	-373.586653819	3632023.77385	3471736.90785	3633933.13088	22.8442938083	219249623.64301872	-3094227.596696592	3479799.5302792853	-3094228.4998618113	-372.8964153412354	3627219.3660049527	3479798.866168169	3627219.0782046188	22.814075585286634	219488027.305	0.0027462256680252286	0.0	0.0	0.0	-0.0014225591496382314	0.0	0.0	0.0	-0.0008969173501376574	0.00262160074968
120	30.0	nan	nan	1	1	5.0	5.0	5.0	1.003	-2.98641152453e-20	1.75916169999e-18	-1.27502912089e-20	0.998425242581	7.15378260575e-19	-1.79500260876e-20	-5.28384363735e-20	0.999013348663	221581522.658	-3151996.48488	3386327.51901	-3137621.02983	-284.353358694	3763889.16436	3372867.26088	3766106.08616	17.069954043	222150194.94962186	-3145672.4604832674	3381524.0022533457	-3145673.497923327	-283.7828448668722	3758550.075163903	3381523.4707100107	3758549.939798858	17.04574025687877	222389609.358	0.002995508979798371	0.0	0.0	0.0	-0.0015759986527299967	0.0	0.0	0.0	-0.0009871383978296137	0.00287158177737
130	32.5	nan	nan	1	1	5.0	5.0	5.0	1.00325	4.31908220942e-20	-8.13145011919e-19	1.98216514704e-20	0.998272123274	9.52783852666e-19	1.58668234136e-20	5.69586230046e-20	0.998922997985	224308663.682	-3185051.06015	3297878.44452	-3169248.4961	-244.767874148	3890526.71568	3283654.35855	3893063.26884	26.2815569517	224939172.18877557	-3178156.057801935	3292884.7595104952	-3178156.9265818004	-244.23800036101167	3884635.635924938	3292884.3721053908	3884635.560814951	26.24176111956637	225179445.564	0.0032447301648890294	0.0	0.0	0.0	-0.001729371226779704	0.0	0.0	0.0	-0.0010775823984232626	0.00312157009021
140	35.0	nan	nan	1	1	5.0	5.0	5.0	1.0035	-2.00032951631e-20	-7.5587681657e-19	1.03780147602e-21	0.998119108696	-2.80335231907e-18	-4.53584488893e-21	9.62259206583e-20	0.998832460372	226944912.708	-3205453.08087	3219096.62028	-3188265.89022	-213.006986391	4012787.05634	3204123.4995	4015654.99442	32.5375524159	227638352.6061268	-3198006.924747997	3213914.1015907163	-3198007.77316302	-212.51217856330962	4006326.7519848645	3213913.8360471674	4006326.7674061647	32.48516924963049	227879533.971	0.003493889254255838	0.0	0.0	0.0	-0.0018826624012245753	0.0	0.0	0.0	-0.001168221733366508	0.00337154801349
150	37.5	nan	nan	1	1	5.0	5.0	5.0	1.00375	6.26382518856e-20	-3.58378730085e-18	-2.36001866592e-20	0.997966208639	1.21575945865e-18	1.12289768154e-21	2.06931637939e-20	0.998741755876	229505548.919	-3218199.03571	3149582.90442	-3199655.91815	-181.185398656	4129887.05482	3133867.59374	4133096.62662	27.9805325784	230262993.62049192	-3210215.110473876	3144210.762753699	-3210215.8476733393	-180.73590169800832	4122842.8400786836	3144210.39989539	4122842.9617302734	27.93280708919364	230505205.034	0.003742986278834297	0.0	0.0	0.0	-0.0020358623230627465	0.0	0.0	0.0	-0.0012590363777732856	0.00362150307562
160	40.0	nan	nan	1	1	5.0	5.0	5.0	1.004	-1.67644694746e-20	-3.51391618168e-18	1.51924644192e-21	0.997813410629	-1.87876084963e-18	1.27115946658e-20	8.34993333439e-20	0.998650918189	232001409.458	-3225290.88705	3088725.28743	-3205417.53281	-149.002313085	4240940.83869	3072268.92961	4244500.61435	18.7714239113	232823911.44773576	-3216780.8230581223	3083161.216539188	-3216781.525403103	-148.60916429201617	4233301.151351588	3083160.877695622	4233301.3231522	18.737608818132667	233067216.027	0.003992021269537457	0.0	0.0	0.0	-0.0021889834480843732	0.0	0.0	0.0	-0.0013499926411481577	0.00387142917955
170	42.5	nan	nan	1	1	5.0	5.0	5.0	1.00425	3.90536782605e-20	2.01302839307e-18	1.61979283032e-20	0.997660702101	3.52194893261e-20	3.77782691535e-20	1.07237762563e-19	0.998559975898	234440552.659	-3228822.92124	3035869.57407	-3207637.98675	-128.627470411	4346707.12964	3018668.20446	4350625.32279	22.3051756356	235329144.53197628	-3219795.080144001	3030110.0618115654	-3219795.785450559	-128.26782592389844	4338460.756603815	3030109.757567054	4338460.904040366	22.262859281302283	235573648.538	0.004240994257254614	0.0	0.0	0.0	-0.0023420383309561282	0.0	0.0	0.0	-0.0014410619331618082	0.00412132230878
180	45.0	nan	nan	1	1	5.0	5.0	5.0	1.0045	5.99631497846e-20	2.57941384774e-19	-8.78489074986e-21	0.997508078846	3.4270607698e-18	-1.89031449484e-21	9.29085128116e-20	0.998468945136	236829103.308	-3230363.75259	2990163.85994	-3207879.17783	-110.598407808	4447510.35058	2972210.50528	4451794.59458	20.8721622123	237784798.63763013	-3220823.494999259	2984204.80521239	-3220824.1879890044	-110.27177669755075	4438646.970905133	2984204.50288797	4438647.076087908	20.830566379184713	238030615.77	0.004489905272852001	0.0	0.0	0.0	-0.0024950311571812194	0.0	0.0	0.0	-0.0015322281262037018	0.00437117877018
190	47.5	nan	nan	1	1	5.0	5.0	5.0	1.00475	2.25414988727e-20	1.46752759451e-18	-1.5489771226e-20	0.997355535768	-2.18350390667e-18	-6.17417948967e-21	1.87521844866e-19	0.998377840173	239171857.705	-3230663.36134	2950311.17177	-3206887.93487	-102.271213943	4543439.67005	2931599.86789	4548096.88531	28.9890429301	240195651.8743842	-3220614.6092537027	2944149.142505358	-3220615.2738683783	-101.95310649585957	4533950.227554283	2944148.814411188	4533950.348530016	28.92849632315358	240442841.35	0.00473875434717347	0.0	0.0	0.0	-0.002647967004203419	0.0	0.0	0.0	-0.0016234769528368316	0.00462099602787
200	50.0	nan	nan	1	1	5.0	5.0	5.0	1.005	-8.19653268979e-21	-1.90148391465e-18	-2.7276745988e-20	0.997203077731	-4.47323145247e-19	4.26928593654e-20	1.33106181859e-19	0.998286663209	241472549.393	-3229959.78719	2915508.25553	-3204901.97952	-94.8523063091	4635283.46982	2896032.52107	4640320.4873	30.3495622516	242565419.8852509	-3219406.2627075105	2909139.877440182	-3219406.911085838	-94.54238723802756	4625158.567023615	2909139.553297193	4625158.770406948	30.28326935501502	242814039.56	0.004987541511038968	0.0	0.0	0.0	-0.0028008409646533014	0.0	0.0	0.0	-0.0017148062311504158	0.00487077083307
210	100.0	nan	nan	1	1	5.0	5.0	5.0	1.01	-1.48862731757e-19	-4.23536325962e-19	2.38126428296e-20	0.994167092546	4.48009705155e-18	-3.23034708717e-20	-2.75709224331e-19	0.996457031662	280860894.712	-3197345.72287	2694563.6053	-3147227.40646	-3299.8888848	5953580.47473	2658428.92257	5967293.19963	-4725.70226859	283513220.4227405	-3176944.648827126	2683537.5841001594	-3176948.4260994936	-3278.8335209741203	5929218.717449446	2683533.946139546	5929218.1208137125	-4706.364928289287	283794573.653	0.009950330853168092	0.0	0.0	0.0	-0.005849985300061119	0.0	0.0	0.0	-0.0035492595143436136	0.0098565519075
220	150.0	nan	nan	1	1	5.0	5.0	5.0	1.015	2.86470844101e-19	7.92591228059e-19	1.096638833e-19	0.991152943522	9.9026770756e-18	-3.1743469597e-20	3.03789524586e-19	0.994627077927	312027140.735	-3190874.47336	2746427.1741	-3115911.2488	9033.93114113	6853822.83336	2691292.0545	6877855.34928	4667.64735164	316512902.11742574	-3160700.89255729	2729991.973568738	-3160706.180157602	8948.504386323892	6812808.109308951	2729982.5797487586	6812816.901085475	4639.715163611549	316808598.834	0.014888612493750559	0.0	0.0	0.0	-0.008886424045554724	0.0	0.0	0.0	-0.005387408130406001	0.0148219993191
230	200.0	nan	nan	1	1	5.0	5.0	5.0	1.02	1.54500794813e-19	9.21565890912e-18	1.22501312816e-20	0.988159744911	1.76362367765e-17	-1.19405175783e-19	-7.09390093325e-20	0.992801706704	337295364.201	-3190037.33635	2844099.44369	-3090456.61469	7930.95191342	7565154.2899	2768252.44891	7600703.67997	3921.31932007	343811737.6569243	-3150163.3846297474	2821742.9441861217	-3150162.6515587745	7831.818780999436	7505687.182129157	2821733.6665368895	7505698.493628877	3890.4951610806943	344129545.673	0.01980262729617973	0.0	0.0	0.0	-0.011910909171310657	0.0	0.0	0.0	-0.007224326011830983	0.0197662375563
240	250.0	nan	nan	1	1	5.0	5.0	5.0	1.025	-5.03078013665e-19	-5.2243867221e-18	-3.69574785112e-19	0.985188462925	4.10584662803e-18	1.79091220063e-19	-6.41400810057e-19	0.990982139327	358049352.899	-3172712.09875	2957880.27558	-3049460.91479	-3776.45393269	8146634.849	2859728.03731	8194525.91183	3100.93176335	366739550.7161112	-3123496.1297399183	2929121.648112596	-3123474.227118341	-3717.872556903458	8067427.438656312	2929136.3525217115	8067410.207418045	3070.782287010377	367080907.997	0.024692612590371414	0.0	0.0	0.0	-0.014922323193074492	0.0	0.0	0.0	-0.009058767693473321	0.0246886392735
250	300.0	nan	nan	1	1	5.0	5.0	5.0	1.03	-3.0738693307e-19	-9.36218237411e-18	2.24520392894e-19	0.982240369219	2.08885388915e-17	-1.72533332166e-20	4.53589451977e-19	0.989168582146	375277772.217	-3134186.94117	3092135.17497	-2988845.42641	8025.58053771	8628808.48981	2969546.78805	8689676.43148	3718.48327927	386246670.3799139	-3076219.7645642236	3056352.68055087	-3076205.6260650577	7877.146429239403	8528955.063565992	3056342.9127330626	8528959.787002306	3675.4526225687173	386596263.118	0.02955880224154443	0.0	0.0	0.0	-0.01791922540812791	0.0	0.0	0.0	-0.010890504710674301	0.0295887082706
260	350.0	nan	nan	1	1	5.0	5.0	5.0	1.035	-5.30977161365e-19	-1.26922990237e-17	3.82157442999e-21	0.979315949144	1.68908593635e-17	1.76306930121e-19	-1.05192558498e-19	0.987361393111	389691219.384	-3073526.22293	3228624.83374	-2908152.50919	9269.70993679	9032183.98596	3080002.36915	9106400.48555	4821.51888638	403015408.59466434	-3007602.458709576	3185329.8075390337	-3007587.0675235633	9070.884832352907	8911064.728548137	3185312.759260201	8911078.189606203	4756.863561818036	403375314.203	0.03440142671733232	0.0	0.0	0.0	-0.020900962118224023	0.0	0.0	0.0	-0.012719153465026922	0.034466232365
270	400.0	nan	nan	1	1	5.0	5.0	5.0	1.04	-8.34923023087e-20	2.4536135732e-17	9.57387112775e-20	0.976416061041	1.46112753267e-17	-2.50021957589e-19	-3.31590237793e-19	0.985560287433	401830887.321	-3001310.311	3359412.07697	-2817787.53363	-4289.36553955	9375455.42894	3183583.51986	9463236.48068	4916.2956032	417566074.0457372	-2928157.0451210462	3308224.89412925	-2928128.511367944	-4184.817503774722	9232602.114056017	3308248.603404899	9232581.672408625	4841.38626901461	417941897.523	0.03922071315328133	0.0	0.0	0.0	-0.02386649135548155	0.0	0.0	0.0	-0.014544979797734288	0.0393210028383
280	450.0	nan	nan	1	1	5.0	5.0	5.0	1.045	2.66947727283e-20	-1.40362756132e-17	-4.45023169554e-22	0.973541551328	7.75388187423e-18	-4.59874370271e-19	-7.06455256512e-19	0.983764870626	412133945.4	-2923415.77247	3485417.7758	-2723488.58101	10186.9869218	9667884.44163	3281158.31168	9769430.48116	5380.77041828	430321043.31646985	-2843694.8081049724	3425973.971598772	-2843673.6665873174	9909.189822589084	9502998.661285793	3425952.8576280293	9503020.062707225	5289.001372567076	430697171.05	0.04401688541677426	0.0	0.0	0.0	-0.026814772668834884	0.0	0.0	0.0	-0.016368363099462303	0.044152839341
290	500.0	nan	nan	1	1	5.0	5.0	5.0	1.05	-3.29800218947e-19	2.06028853019e-17	2.18693319069e-19	0.970692458247	-5.75942037719e-18	2.20973028837e-19	-1.03372099406e-18	0.981975107511	420897043.611	-2834921.89079	3607859.4318	-2620776.46811	-13795.0865996	9913516.4357	3374115.70149	10028747.2522	-10406.1585613	441564083.5824761	-2749484.7777961073	3539799.4210437713	-2749462.7890165257	-13379.338858401403	9726504.15099212	3539792.759881332	9726507.10408268	-10209.852891137094	441965315.629	0.04879016416943205	0.0	0.0	0.0	-0.029745587690450284	0.0	0.0	0.0	-0.018189319715759218	0.0489618057747
300	550.0	nan	nan	1	1	5.0	5.0	5.0	1.055	6.79062343347e-19	-9.66152249418e-18	6.42603530668e-20	0.9678690037	9.87501450156e-18	-3.4044437907e-19	8.62706365501e-19	0.980191047889	428406800.063	-2734328.90519	3727276.12014	-2508472.17174	-14026.0428664	10121526.5212	3462975.60602	10250384.4461	-12348.0597508	451574117.94070077	-2644158.971221528	3650249.2935988344	-2644124.9489170215	-13563.506206416647	9912357.9373466	3650245.8749690233	9912357.631951224	-12092.878265477384	451980621.058	0.05354076692802976	0.0	0.0	0.0	-0.03265852761925008	0.0	0.0	0.0	-0.02000777949167214	0.0537478650513
310	600.0	nan	nan	1	1	5.0	5.0	5.0	1.06	-5.87377644251e-19	-1.07598992336e-17	-1.37163089174e-20	0.965071351433	1.22881253415e-17	-9.2475483761e-20	-3.11125789438e-19	0.97841241261	434851640.403	-2627475.22697	3847926.1664	-2392144.59508	-13396.8168035	10298552.4473	3551737.30388	10440919.2367	-9639.44336304	460531918.26504964	-2533441.0951618655	3761503.250008847	-2533413.3225727216	-12917.361079549051	10067250.9881206	3761486.0834226427	10067251.47929391	-9422.945236050044	460940002.85	0.058268908123975824	0.0	0.0	0.0	-0.03555324106771875	0.0	0.0	0.0	-0.02182400804819422	0.0585110867732
320	650.0	nan	nan	1	1	5.0	5.0	5.0	1.065	1.06917395512e-18	-4.0183931232e-17	9.52250321171e-20	0.962299522817	-2.15519592495e-17	-1.53154144775e-19	-7.43701545134e-20	0.976639063323	440400175.817	-2509614.05734	3966912.05771	-2267567.20139	-15189.1051557	10444039.9951	3637777.72925	10599666.7435	-13220.8409518	468600904.0901359	-2412810.640857577	3870728.3604214536	-2412769.3379896157	-14603.215357991241	10190808.673925195	3870720.372995158	10190805.487983488	-12900.281951371335	469013502.475	0.06297479916138839	0.0	0.0	0.0	-0.03842952249748976	0.0	0.0	0.0	-0.02363812884774927	0.0632515631349
330	700.0	nan	nan	1	1	5.0	5.0	5.0	1.07	-1.10570225097e-18	-3.4446288866e-17	-7.43939773151e-19	0.959553100898	2.76384666932e-17	-7.05518888059e-19	1.20586389698e-19	0.974871325407	445186242.926	-2386862.2675	4078638.00755	-2140471.51832	-9648.2702261	10556791.3845	3716009.04974	10725313.6774	-3521.60341019	475910652.3570247	-2288212.1377417766	3972485.9608520386	-2288195.587401898	-9249.502721704033	10282036.672276538	3972468.4199649305	10282031.46527581	-3429.948939026295	476316274.557	0.06765864847381486	0.0	0.0	0.0	-0.04128762280619881	0.0	0.0	0.0	-0.025449790635155293	0.0679694512868
340	750.0	nan	nan	1	1	5.0	5.0	5.0	1.075	9.05398811276e-19	-1.02043091477e-16	7.80296015434e-20	0.956831911004	-2.08140148814e-17	4.94389308511e-19	4.32037426553e-18	0.973109091047	449307072.595	-2266814.81447	4184111.8626	-2017588.60985	-4946.80458065	10647122.3299	3787498.6098	10828260.307	-11082.2963675	482554171.3466875	-2166935.8174675372	4067796.0639965534	-2166882.8717109244	-4728.841526620143	10351138.71920816	4067759.8119542906	10351152.176313283	-10774.21517974107	482960842.111	0.07232066157962608	0.0	0.0	0.0	-0.04412754454008904	0.0	0.0	0.0	-0.027259084841446193	0.0726649167043
350	800.0	nan	nan	1	1	5.0	5.0	5.0	1.08	-6.88915718804e-19	-1.50212028773e-17	-1.72490318774e-19	0.95413556165	-4.02249792427e-17	4.3994097187e-19	3.44163383104e-19	0.971352571538	452853006.942	-2153573.37403	4292352.20265	-1902563.4218	-14197.3846513	10718523.7851	3860529.80374	10911929.9418	-9937.10082574	488618919.2482615	-2052858.5385230943	4165446.0302956346	-2052826.1239529636	-13533.424334448913	10401623.688687483	4165430.8826765437	10401618.455595696	-9643.304005125996	489028679.385	0.0769610411361284	0.0	0.0	0.0	-0.04694951946322008	0.0	0.0	0.0	-0.029065775115254284	0.0773381336216
360	850.0	nan	nan	1	1	5.0	5.0	5.0	1.085	1.58741915249e-18	1.13456304576e-16	-3.52974510989e-20	0.951464460988	-1.97765451048e-17	-3.2796718671e-19	1.55600945027e-19	0.969601209747	455920543.87	-2040969.58834	4404319.63811	-1789754.35573	7261.10980064	10779939.8855	3935863.09039	10985456.4672	1761.50493183	494200797.80004966	-1940053.2329105902	4266350.38815476	-1940026.7050042888	6902.082041657184	10442248.631737309	4266328.21322728	10442277.266622132	1706.324215123133	494593967.906	0.08157998699242285	0.0	0.0	0.0	-0.04975294345530384	0.0	0.0	0.0	-0.030870415991503742	0.0819891342322
370	900.0	nan	nan	1	1	5.0	5.0	5.0	1.09	1.25532929761e-19	4.50978340568e-17	-7.57598179425e-20	0.948818269736	-7.369500308e-17	4.78193112117e-19	-8.81559466022e-20	0.967854851216	458538283.662	-1922149.9519	4523012.87899	-1673150.67505	-12705.3832471	10830843.6141	4016142.43139	11048136.5745	-8421.87099283	499323873.9366975	-1822009.0756671557	4373390.808700806	-1821972.3554458823	-12043.453510567479	10472557.38147667	4373366.125741858	10472546.68557539	-8143.274002865841	499730699.695	0.08617769624105241	0.0	0.0	0.0	-0.05253799530011642	0.0	0.0	0.0	-0.0326731500396574	0.0866181644006
380	950.0	nan	nan	1	1	5.0	5.0	5.0	1.095	1.14849726714e-18	3.08353609421e-17	-1.35244030152e-19	0.946196824977	-3.8343646275e-17	-5.11251385298e-19	2.72420685088e-18	0.966113706381	460794502.227	-1801843.91671	4641375.10278	-1557057.72509	24764.6054848	10868272.9167	4095048.07693	11097018.112	10413.540958	504077785.7406574	-1703235.9108155917	4479721.990298408	-1703315.0494210972	23409.333620809994	10489744.979315314	4479703.549291738	10489720.877622195	10050.850748625015	504456696.226	0.09075436326846412	0.0	0.0	0.0	-0.055304671342399664	0.0	0.0	0.0	-0.03447374322777295	0.0912252984091
390	1000.0	nan	nan	1	1	5.0	5.0	5.0	1.1	5.36410083628e-20	1.15143011872e-17	-6.87916484624e-19	0.943599416276	-1.28943627037e-17	-1.23342669236e-18	3.72899637584e-18	0.96437775758	462685072.933	-1684871.08249	4750851.80818	-1445256.41516	-13926.7168383	10891334.0982	4165079.6152	11131161.5569	-10409.9969563	508452795.898055	-1588279.0452627752	4577107.737412231	-1588217.7923300166	-13128.311568438145	10493025.584544638	4577079.5285481345	10493022.780194676	-10029.291491070871	508858278.868	0.09531017980432493	0.0	0.0	0.0	-0.05805355006262788	0.0	0.0	0.0	-0.03627219642097131	0.0958109048981
400	1050.0	nan	nan	1	1	5.0	5.0	5.0	1.105	1.20894100886e-18	-1.27939032727e-17	2.53487844356e-19	0.941026260664	5.74053286596e-17	-1.87256733479e-19	-5.35177584516e-19	0.962646903066	464287123.938	-1569710.41142	4854697.11856	-1336733.6262	-9672.00778502	10897171.0128	4229263.40904	11147529.764	-5705.70463586	512528332.7711753	-1475673.379304989	4668723.11769528	-1475625.3651499976	-9092.584408529328	10479721.593842512	4668700.061074422	10479711.925248453	-5487.130192806388	512927052.406	0.09984533496971612	0.0	0.0	0.0	-0.060784232598058485	0.0	0.0	0.0	-0.03806859790436881	0.100374975763
410	1100.0	nan	nan	1	1	5.0	5.0	5.0	1.11	1.28974001109e-19	1.52951121566e-17	-2.46949808794e-19	0.938477091979	9.01326832731e-17	-6.7143739246e-19	4.93330517327e-20	0.960921046632	465624628.366	-1465976.6	4955162.84944	-1239534.33954	22545.5726977	10889915.4625	4289641.16613	11150302.6023	9162.51569309	516326674.0094056	-1374410.1497918614	4756760.4082456	-1374507.7125775735	21137.35236196171	10453888.256571779	4756741.849704659	10453842.898891924	8795.652779352156	516700277.526	0.10436001532424286	0.0	0.0	0.0	-0.06349683243941688	0.0	0.0	0.0	-0.0398630308978832	0.10491770847
420	1150.0	nan	nan	1	1	5.0	5.0	5.0	1.115	-6.82973253283e-19	-3.31772217528e-18	7.6789492369e-19	0.93595117619	7.92862212427e-17	4.64384158971e-19	-1.13963981714e-18	0.95920032156	466697884.26	-1374270.65334	5050721.68127	-1153521.47879	-13562.2737499	10875652.416	4344949.59522	11145809.1009	-9759.81945922	519844342.60884625	-1284955.5053658532	4839777.27158602	-1284881.7940916624	-12680.84876720433	10421428.599366253	4839742.244765311	10421432.438472517	-9352.198631075367	520240940.277	0.10885440491208208	0.0	0.0	0.0	-0.06619196605521076	0.0	0.0	0.0	-0.041655340031191125	0.109439441731
430	1200.0	nan	nan	1	1	5.0	5.0	5.0	1.12	4.53030277883e-19	-4.09367582337e-17	1.60585535399e-19	0.93344825454	6.6601075677e-18	-3.43346128659e-19	-2.22339862082e-18	0.957485042283	467562941.651	-1293975.05349	5147183.00027	-1078380.03197	-13309.5368557	10852008.2814	4400278.45534	11131461.4406	-9412.06055762	523139889.3216743	-1206634.900982633	4923357.1170462705	-1206561.8557780818	-12411.17565805243	10380107.372066068	4923318.293752531	10380115.00835644	-9002.775951427857	523533066.713	0.11332868530700327	0.0	0.0	0.0	-0.06886974920252502	0.0	0.0	0.0	-0.0434451796859083	0.113940260193
440	1250.0	nan	nan	1	1	5.0	5.0	5.0	1.125	8.4729764505e-19	-2.29002239433e-17	2.98459999899e-19	0.93096788737	-4.89036722029e-17	5.81091071596e-19	2.87963077926e-18	0.955775272291	468232263.804	-1224429.0914	5245358.17252	-1013172.17686	787.922766516	10823111.9323	4456303.59342	11111553.9372	-4550.370628	526224234.009717	-1138741.9680453963	5008272.209009605	-1138656.5896947414	732.7829174522954	10333915.992527327	5008230.158919168	10333953.094843708	-4344.697541589837	526605500.746	0.11778303565638346	0.0	0.0	0.0	-0.07153049492079212	0.0	0.0	0.0	-0.045232464389526654	0.11842039288
450	1300.0	nan	nan	1	1	5.0	5.0	5.0	1.13	1.21535993041e-18	1.0682514833e-17	2.63665474613e-19	0.92850981743	6.72455486358e-18	-4.90935002273e-19	-3.57295040764e-18	0.954070905529	468721162.081	-1147149.28763	5340580.38532	-942497.520037	-1215.03151916	10793725.1091	4509066.99114	11090910.9533	-7155.55255759	529111754.2167372	-1064047.0795738522	5090067.162911713	-1063930.0217589135	-1127.0117616716777	10287418.553673467	5090020.546481277	10287459.127533257	-6819.903545688441	529492275.057	0.12221763272424911	0.0	0.0	0.0	-0.07417432481501145	0.0	0.0	0.0	-0.047017285841897974	0.122880034916
460	1350.0	nan	nan	1	1	5.0	5.0	5.0	1.135	9.39147780268e-19	2.06869268521e-18	-1.77281348882e-20	0.926073892075	-7.07328759239e-17	-1.06886955265e-18	-3.34942304507e-18	0.952371931105	469057844.605	-1060379.59958	5425010.37815	-865277.89277	15828.252652	10761330.5418	4552066.04577	11066912.208	6121.36938969	531831645.7501251	-980977.2036550873	5161299.619249798	-981077.6454034044	14643.015606349307	10238220.271747071	5161267.004763184	10238209.595130116	5823.808490310796	532194777.873	0.126632650933366	0.0	0.0	0.0	-0.07680125046233852	0.0	0.0	0.0	-0.04879963655404541	0.127319309971
470	1400.0	nan	nan	1	1	5.0	5.0	5.0	1.14	-2.8046054977e-18	3.34309875298e-17	-3.40077110878e-19	0.923659242504	-4.99318643217e-17	7.05492418279e-19	6.99864943136e-18	0.950678765603	469244905.831	-967213.363539	5497578.21258	-783645.094663	6028.78591471	10721967.3581	4584578.4202	11035606.0465	7771.78051399	534384672.0980321	-892449.485285457	5221013.125474207	-892429.3513876504	5562.7714517839	10182580.42776895	5221001.667450473	10182573.26385139	7380.807785325609	534747867.392	0.131028262406404	0.0	0.0	0.0	-0.07941206052725691	0.0	0.0	0.0	-0.050579059405670146	0.131738538026
480	1450.0	nan	nan	1	1	5.0	5.0	5.0	1.145	-1.80833593305e-18	-6.77858762468e-17	-4.23238540941e-19	0.921265423411	-4.15846457941e-17	-3.3728454913e-19	-5.90206519228e-18	0.948991650982	469298128.446	-872360.667105	5558283.51434	-701880.757739	-668.522117452	10670223.4993	4606758.14195	10991351.0203	732.882659812	536786591.4756358	-802838.5125603193	5269269.809800886	-802816.2840040107	-615.2447291902308	10115404.58554058	5269243.261119275	10115403.223588804	694.7750080596829	537151743.063	0.13540463700620298	0.0	0.0	0.0	-0.08200709378861093	0.0	0.0	0.0	-0.0523552781116461	0.136137901152
490	1500.0	nan	nan	1	1	5.0	5.0	5.0	1.15	9.67205746646e-19	-3.40969407148e-17	-4.71585593384e-19	0.918892071404	-9.47561265889e-17	2.47757137072e-19	-5.72157603699e-18	0.947310724159	469235665.192	-780894.346198	5610250.85791	-623979.680779	2956.82822532	10614310.1163	4621410.07187	10942558.9903	4865.95903011	539056213.0968426	-716806.5816146435	5309088.149410519	-716825.571288308	2714.162220448617	10044525.54437282	5309058.95972445	10044506.458706904	4604.750496290229	539413044.666	0.13976194237515863	0.0	0.0	0.0	-0.08458660486816516	0.0	0.0	0.0	-0.054128125401505855	0.14051757344
500	1550.0	nan	nan	1	1	5.0	5.0	5.0	1.155	-1.57709593845e-18	4.57234737675e-17	-6.69976591499e-19	0.916538895187	-4.86088782674e-17	9.36864761778e-19	-1.82277767936e-18	0.945635854061	469048351.081	-700736.731981	5656394.47288	-556007.681097	-10923.623791	10557747.5681	4631018.9058	10892958.0974	-11540.2359765	541181302.3591406	-641577.2695611892	5343266.126127191	-641513.7379425461	-10001.400534164957	9973288.67696658	5343203.609850975	9973323.781411	-10901.388203455845	541547597.226	0.14410034397375687	0.0	0.0	0.0	-0.08715077377363786	0.0	0.0	0.0	-0.05589771631794908	0.144877770076
510	1600.0	nan	nan	1	1	5.0	5.0	5.0	1.16	-1.62381509945e-18	-3.57018034521e-17	3.77234063994e-19	0.914205664374	5.41644284021e-17	-3.14858028362e-19	-2.8867453597e-18	0.943967186988	468772771.774	-624822.581916	5701371.3236	-492393.040218	-10846.9285488	10504285.0421	4639549.53063	10846270.3362	-5497.61636752	543202265.0106589	-570613.2207230894	5376224.924542591	-570572.8464341176	-9905.85329871406	9905230.838776365	5376194.961430856	9905252.192380646	-5184.090013272769	543561336.682	0.14842000511827322	0.0	0.0	0.0	-0.08969971711375184	0.0	0.0	0.0	-0.05766387298737407	0.149218603427
520	1650.0	nan	nan	1	1	5.0	5.0	5.0	1.165	7.48459488018e-19	1.13717825998e-16	8.23660131866e-19	0.911892336929	8.30529833766e-17	6.31224834162e-19	-3.34812023561e-18	0.942304333418	468394770.544	-545839.953213	5745605.81427	-427212.242941	-11697.5014307	10457486.5517	4647267.34273	10806291.9024	-10464.4683876	545101382.1489041	-497219.56279367773	5408369.260960163	-497174.60301191866	-10655.552992986897	9843687.618222808	5408326.503721333	9843727.45802923	-9850.259657427627	545459331.85	0.15272108701766393	0.0	0.0	0.0	-0.09223334748938392	0.0	0.0	0.0	-0.05942698501315323	0.153540249424
530	1700.0	nan	nan	1	1	5.0	5.0	5.0	1.17	3.349221213e-19	5.11773071566e-17	-2.75523935874e-19	0.909598707043	1.35696220015e-16	9.23623254532e-19	1.28619471499e-18	0.940647310749	467935972.815	-467051.243242	5793442.57122	-363066.968767	-7326.27711186	10417228.3654	4657732.94636	10772853.6016	-6423.26901327	546902338.6818478	-424377.01381421613	5443785.571528927	-424336.2037808186	-6656.878978684075	9788507.743668618	5443746.98528867	9788543.565306198	-6035.599515595879	547253140.106	0.1570037488096647	0.0	0.0	0.0	-0.094751758003505	0.0	0.0	0.0	-0.06118701225748486	0.157842844193
540	1750.0	nan	nan	1	1	5.0	5.0	5.0	1.175	4.01408913704e-18	1.64257687923e-17	5.36621841865e-19	0.907324385134	-1.73920944187e-17	-4.54274357524e-19	7.6235223456e-18	0.938996164624	467393567.021	-388274.01869	5851755.5179	-299763.895348	-12931.6412941	10378623.8645	4676365.09468	10740955.311	-8894.48378231	548600664.3921721	-351914.082083084	5488905.118875473	-351846.2464018241	-11720.657208007473	9735075.479910146	5488858.167717454	9735118.10478331	-8342.962622607307	548952427.127	0.16126814759612232	0.0	0.0	0.0	-0.09725524657343244	0.0	0.0	0.0	-0.06294388431469743	0.16212659674
550	1800.0	nan	nan	1	1	5.0	5.0	5.0	1.18	-3.20469621638e-19	-1.34135078736e-17	-9.4565934605e-19	0.905069210355	-1.23137414707e-17	1.31237167265e-19	3.07316788154e-18	0.937350876104	466782871.666	-312190.738259	5915546.03662	-239410.450914	-3853.73726303	10341732.875	4699081.7185	10710610.7465	-4775.53567259	550213105.9830487	-282251.2134975977	5538995.857939685	-282201.37412507605	-3484.158514942135	9683436.694421142	5538970.053412893	9683448.321878202	-4471.552101221218	550556469.834	0.16551443847757333	0.0	0.0	0.0	-0.09974386267592789	0.0	0.0	0.0	-0.06469759927889371	0.16639163256
560	1850.0	nan	nan	1	1	5.0	5.0	5.0	1.185	-1.11329246027e-18	1.91804787554e-17	7.20798568334e-19	0.90283261096	-5.46517568969e-17	-1.32666535364e-19	-9.94160833113e-18	0.935711756544	466106715.792	-238484.242437	5978187.98845	-181734.797107	13649.8489727	10306694.2633	4720536.42654	10682037.9982	10461.9366449	551741989.5472578	-215079.61597768767	5587840.223310599	-215123.95150841185	12310.265220047666	9633715.247011596	5587815.132171895	9633712.512971785	9778.821025876756	552068176.288	0.16974277458709455	0.0	0.0	0.0	-0.1022181126707596	0.0	0.0	0.0	-0.06644780234188205	0.170638166845
570	1900.0	nan	nan	1	1	5.0	5.0	5.0	1.19	1.11744821567e-18	1.35620562767e-18	4.26481088943e-19	0.900614185527	9.66106258176e-17	-1.46781545336e-18	4.36228998871e-18	0.934078843472	465361864.807	-164628.143922	6034465.24432	-124640.793946	8725.0973318	10275323.2397	4736693.63832	10657099.7612	9612.299911	553182550.436324	-148106.3178473119	5630578.863179073	-148162.36030009022	7849.460049095444	9587596.498338455	5630577.977351173	9587569.700783592	8968.949279533686	553509324.085	0.17395330712343798	0.0	0.0	0.0	-0.10467832004284464	0.0	0.0	0.0	-0.06819442946377872	0.174866415214
580	1950.0	nan	nan	1	1	5.0	5.0	5.0	1.195	1.07700239243e-18	-3.19378007927e-17	3.35729449578e-19	0.898413806742	-8.67984108681e-17	1.72707370967e-18	4.74222645177e-20	0.932452091253	464560539.575	-87291.0061538	6080994.5295	-65651.1644303	9727.67005655	10247608.8444	4744956.60814	10635842.498	10751.5144774	554548292.8063245	-78338.46667248273	5664091.883783084	-78368.13085518795	8730.003125215382	9545050.205549568	5664078.978579109	9545033.672716733	10014.408925117865	554872059.08	0.17814618538347404	0.0	0.0	0.0	-0.10712450753039995	0.0	0.0	0.0	-0.06993750545637871	0.17907649453
590	2000.0	nan	nan	1	1	5.0	5.0	5.0	1.2	5.78047046942e-19	7.84692381128e-17	-2.1599340155e-20	0.896231209421	1.87193288726e-17	2.71881694201e-18	4.55485349941e-19	0.930831503306	463707007.525	-12175.7303921	6123322.19499	-9141.53205991	11840.352902	10227999.5855	4749807.63329	10622850.2944	12480.3650911	555843488.5800575	-10900.406741048007	5693584.916688615	-10957.913054338507	10600.15772631537	9510194.354225926	5693572.885740272	9510180.106595745	11604.487919252833	556163845.892	0.1823215567939546	0.0	0.0	0.0	-0.10955685306661334	0.0	0.0	0.0	-0.07167700271849238	0.183268568827
600	2050.0	nan	nan	1	1	5.0	5.0	5.0	1.205	7.72652866574e-19	-1.05146223149e-16	-3.79153123015e-19	0.894066013553	1.54232814764e-16	2.3248672122e-18	6.57834076415e-18	0.929217211217	462804828.124	58963.0991561	6164659.02404	43719.4688139	13122.9607736	10217611.1166	4753778.24228	10619318.7436	12656.6650306	557071639.9691346	52659.412572226254	5722060.258930957	52624.507590946676	11719.998023115013	9484026.00752321	5722055.779346741	9484017.885063069	11747.965248325469	557390180.245	0.18647956694261839	0.0	0.0	0.0	-0.11197566587139907	0.0	0.0	0.0	-0.07341275563904248	0.187442816985
610	2100.0	nan	nan	1	1	5.0	5.0	5.0	1.21	-5.16118350586e-18	6.33612408282e-18	5.9609943663e-19	0.89191779791	-1.67612931011e-16	-1.55335254615e-18	1.09384378971e-18	0.927609374628	461855037.407	128033.665871	6203902.32176	94366.9163661	4127.7602226	10215506.9099	4756040.30602	10624291.9488	7660.04572785	558233281.814147	114070.58821851603	5748502.847985447	114059.06431915158	3677.5955246893313	9465634.29266173	5748513.653495695	9465629.40114465	7097.757572326263	558557384.191	0.1906203596086497	0.0	0.0	0.0	-0.11438130545806002	0.0	0.0	0.0	-0.07514456732582647	0.191599428033
620	2150.0	nan	nan	1	1	5.0	5.0	5.0	1.215	6.31568941296e-19	-1.40907530666e-16	-3.75844400564e-19	0.889786406257	5.62691927795e-18	-1.24500608357e-18	-3.43440427248e-19	0.926007989457	460869810.363	199447.228964	6233652.34288	146001.46648	12365.1268653	10221807.8188	4750973.55265	10637883.5354	11941.4074807	559342423.8099574	177270.71448812773	5766078.267666471	177197.1439752329	10990.249829661643	9455089.998332381	5766099.238097547	9455058.48718626	11045.705851475575	559660302.694	0.19474407679251185	0.0	0.0	0.0	-0.11677383802853511	0.0	0.0	0.0	-0.07687241644985135	0.19573851838
630	2200.0	nan	nan	1	1	5.0	5.0	5.0	1.22	-7.98222673669e-19	-1.2953960736e-16	-4.67376898427e-19	0.887671570978	7.05319305921e-17	4.10784509639e-19	7.61146122508e-18	0.924412901691	459832814.949	274500.186561	6256414.85541	199802.640206	-16471.1168376	10230820.69	4740556.2774	10654355.3429	-11019.9608305	560378741.0416789	243397.89341674795	5777146.712299235	243491.00006675092	-14604.853973758114	9447096.057296727	5777114.79521372	9447161.689265568	-10175.784687062098	560719420.361	0.19885085874516517	0.0	0.0	0.0	-0.11915345690452456	0.0	0.0	0.0	-0.07859644385217565	0.199860296651
640	2250.0	nan	nan	1	1	5.0	5.0	5.0	1.225	-2.22346148654e-20	6.68609162684e-17	-5.00967048742e-19	0.885573438638	-2.42422285342e-17	-1.05535011272e-18	-2.0852263713e-18	0.922824009025	458780001.044	350358.933453	6273850.93457	253378.030801	-5899.13384886	10241202.5642	4726222.66363	10672026.798	-2153.19947651	561385267.1791244	309926.150400954	5783270.752646705	310045.54077085434	-5218.350867946386	9440397.592986116	5783233.28552305	9440433.414618967	-1984.8312761941847	561716523.352	0.20294084399669038	0.0	0.0	0.0	-0.12151989054201108	0.0	0.0	0.0	-0.08031673543863213	0.203964770681
650	2300.0	nan	nan	1	1	5.0	5.0	5.0	1.23	-1.19114008208e-18	2.74893425724e-17	1.43847370267e-18	0.883491810647	-4.23513826649e-18	1.60158048458e-18	-7.83991527538e-18	0.921241107947	457694765.581	428443.99106	6290860.79341	307817.360687	433.65230542	10254461.497	4711650.20964	10692599.4641	3415.18279747	562341465.5929313	378107.799371346	5788985.148041791	378196.2975345449	382.70420945566747	9436375.602125086	5788915.415903522	9436368.2004911	3142.7245239811564	562666901.12	0.20701416938432612	0.0	0.0	0.0	-0.12387325648209722	0.0	0.0	0.0	-0.0820334876858244	0.208052131772
660	2350.0	nan	nan	1	1	5.0	5.0	5.0	1.235	1.63000902787e-19	-1.32633924595e-16	-6.85302593888e-19	0.881426570787	-1.37512490264e-16	1.48953390753e-18	7.01320119269e-19	0.919664134089	456585854.141	509257.655549	6306221.59228	363465.060119	13563.0216862	10269007.0253	4696013.78856	10714460.2495	14715.8361307	563257604.8250841	448374.968293421	5793168.110285208	448381.0817691491	11941.537554219583	9433554.332453167	5793139.351078191	9433526.864651036	13518.604023194775	563571689.337	0.2110709700799406	0.0	0.0	0.0	-0.1262135809122297	0.0	0.0	0.0	-0.08374674723631738	0.212122494351
670	2400.0	nan	nan	1	1	5.0	5.0	5.0	1.24	9.43435884564e-19	-4.91757683023e-17	1.12205395732e-18	0.87937736322	2.03894727038e-17	2.38863291126e-19	1.69056526616e-18	0.918093145275	455446877.28	591202.023921	6317610.73973	419262.53512	16869.9382947	10287718.7573	4677508.54896	10740609.9699	17045.5682164	564125461.7247518	519310.95248503576	5793698.568830894	519306.82370900054	14818.527964571404	9434570.10826392	5793654.104430957	9434535.35010963	15631.998907309511	564436799.242	0.2151113796169455	0.0	0.0	0.0	-0.12854116373116675	0.0	0.0	0.0	-0.08545642806773937	0.21617604555
680	2450.0	nan	nan	1	1	5.0	5.0	5.0	1.245	1.94896987207e-18	-5.98213842625e-17	1.57627537528e-19	0.87734388374	-1.1091658878e-16	-1.19193417546e-19	-2.82202261268e-18	0.916528262219	454283878.052	672403.78172	6324948.91107	473836.515481	16912.5210773	10308050.7784	4656180.41004	10768411.674	16550.3358163	564952077.7932373	589270.8180145503	5790523.355789368	589267.9377115297	14821.533431021311	9437073.662448019	5790473.587819379	9437053.9374774	15151.917815922672	565263410.028	0.219135529916671	0.0	0.0	0.0	-0.13085624973783191	0.0	0.0	0.0	-0.08716237505944686	0.220212930846
690	2500.0	nan	nan	1	1	5.0	5.0	5.0	1.25	-4.13606188144e-18	2.31184408063e-17	3.17875583237e-19	0.875325889761	1.30328856778e-16	-4.97023051581e-19	-1.89025990092e-18	0.914969500671	453096030.439	756288.42358	6331827.7504	529555.549968	11409.0113373	10326729.4264	4634703.61472	10794401.2767	11567.5897579	565736065.5303605	661257.8216217009	5786944.3364723055	661203.4826886351	9975.424386438806	9438066.025187142	5786894.635449765	9438042.486691713	10572.144517337107	566051834.235	0.22314355131420976	0.0	0.0	0.0	-0.1331590165239663	0.0	0.0	0.0	-0.08886454686215917	0.224233297764
700	2550.0	nan	nan	1	1	5.0	5.0	5.0	1.255	-1.3465706279e-18	-1.45143013039e-16	9.59264812765e-20	0.87332312129	-4.3821871566e-17	-2.41692910565e-18	4.1037356631e-18	0.91341699216	451896677.204	841684.40117	6338109.46363	585690.881896	18754.5512434	10344213.5421	4613018.60005	10819125.8509	17708.4150827	566493724.5330532	734237.3387472102	5782838.33564755	734216.9700454174	16360.398000972997	9437974.362329895	5782839.794820788	9437986.686332216	16157.01057096403	566803216.886	0.22713557258374711	0.0	0.0	0.0	-0.13544966414285903	0.0	0.0	0.0	-0.09056277520742878	0.228237267811
