inc	time	elem	node	ip	grain	1_pos	2_pos	3_pos	1_f	2_f	3_f	4_f	5_f	6_f	7_f	8_f	9_f	1_p	2_p	3_p	4_p	5_p	6_p	7_p	8_p	9_p	1_Cauchy	2_Cauchy	3_Cauchy	4_Cauchy	5_Cauchy	6_Cauchy	7_Cauchy	8_Cauchy	9_Cauchy	Mises(Cauchy)	1_ln(V)	2_ln(V)	3_ln(V)	4_ln(V)	5_ln(V)	6_ln(V)	7_ln(V)	8_ln(V)	9_ln(V)	Mises(ln(V))
0	0.0	nan	nan	1	1	5.0	5.0	5.0	1.0	0.0	0.0	0.0	1.0	0.0	0.0	0.0	1.0	5.55556275726e-06	5.83645605467e-09	-1.05556171077e-07	5.83645605467e-09	4.55731461788e-06	-1.52176073413e-07	-1.05556171077e-07	-1.52176073413e-07	6.46566185599e-06	5.55556275726e-06	5.83645605467e-09	-1.05556171077e-07	5.83645605467e-09	4.55731461788e-06	-1.52176073413e-07	-1.05556171077e-07	-1.52176073413e-07	6.46566185599e-06	1.68412755741e-06	0.0	0.0	0.0	0.0	0.0	0.0	0.0	0.0	0.0	0.0
10	2.5	nan	nan	1	1	5.0	5.0	5.0	1.00025	1.06721162421e-21	2.95660200321e-20	-6.20514706385e-23	0.99992760671	6.93869793965e-21	-8.72546299273e-23	-2.75399445192e-22	0.999930860657	58587259.1147	1820690.92625	-86396.5588738	1820104.09414	6.91820729968	-229318.343831	-86368.9927865	-229319.089994	5.26514950748	58595552.00417334	1820361.7258969299	-86381.21855312212	1820361.7256167196	6.916956413956983	-229277.62673557928	-86381.21811538422	-229277.62665483388	5.264214642909993	58681847.6293	0.0002499687552074404	0.0	0.0	0.0	-7.239591052110788e-05	0.0	0.0	0.0	-6.914173323478388e-05	0.000213833305385
20	5.0	nan	nan	1	1	5.0	5.0	5.0	1.0005	-4.50408890823e-21	-4.23889738879e-20	-4.56060860852e-22	0.999855184333	4.51166084201e-20	-3.61710572233e-22	-2.5863869803e-21	0.999861694457	117219457.466	3642652.25748	-172879.561902	3640304.5922	-299.098590561	-458702.636263	-172769.282223	-458705.616079	-312.512289982	117252651.83023086	3641335.458437045	-172818.1921010992	3641335.458569432	-298.9904680420329	-458539.80331068096	-172818.20726160696	-458539.79648559506	-312.4013525362763	117425527.016	0.0004998750416509929	0.0	0.0	0.0	-0.00014482615380134964	0.0	0.0	0.0	-0.00013831510809354295	0.000427646970803
30	7.5	nan	nan	1	1	5.0	5.0	5.0	1.00075	2.30902298115e-21	-7.83002963988e-20	1.69742631575e-21	0.999776067185	-1.7941312903e-19	-1.28430129857e-21	-3.44107134822e-22	0.999789453767	170294382.617	5334631.19235	-175372.524577	5329439.70164	-1046.50786802	-889116.688676	-175204.419644	-889128.546704	1007.62767387	170368396.0829744	5331755.798535581	-175280.34477770276	5331755.986522438	-1045.9437948644343	-888649.3486630095	-175280.5671137674	-888649.3018169152	1007.0980417798664	170625734.08	0.0007497188905459742	0.0	0.0	0.0	-0.00022395789169654445	0.0	0.0	0.0	-0.0002105684009699666	0.000644701039585
40	10.0	nan	nan	1	1	5.0	5.0	5.0	1.001	-1.44474202566e-20	3.06015881204e-19	-4.18677467044e-21	0.999662085847	5.46806709952e-20	1.3878539715e-21	9.86826470776e-22	0.999695195974	192284903.838	6035199.04684	67376.9549825	6027132.38744	1984.57252076	-1664469.62069	67289.2138563	-1664524.86714	798.23907608	192408548.4922934	6031008.1525287675	67332.39790737117	6031008.0047430275	1983.1944164716524	-1663368.8897656358	67332.48273190526	-1663369.0067048327	797.7111923474553	192712084.808	0.0009995003330834232	0.0	0.0	0.0	-0.0003379712588525634	0.0	0.0	0.0	-0.0003048504881890302	0.000880815065675
50	12.5	nan	nan	1	1	5.0	5.0	5.0	1.00125	6.51146238444e-21	-3.34387762625e-21	-3.50641861661e-21	0.99953250647	-1.30436466772e-18	3.54938030968e-21	-3.32195734001e-21	0.999594866856	202739045.271	6525217.92173	49122.5266162	6514024.73358	77.5881936247	-2076409.21531	49041.3058871	-2076538.77775	417.480348757	202916076.8204957	6519712.934051134	49084.146637033315	6519712.774038598	77.52273649284092	-2074786.8935787145	49084.1287106902	-2074786.9097628584	417.1541666936671	203261593.203	0.0012492194004318981	0.0	0.0	0.0	-0.0004676028391691502	0.0	0.0	0.0	-0.00040521523260462225	0.00112432940713
60	15.0	nan	nan	1	1	5.0	5.0	5.0	1.0015	3.59591955889e-20	2.29363121791e-19	6.06612902216e-21	0.999400307213	-1.04942646556e-18	5.73903078868e-21	1.23994373822e-20	0.99949143304	210104770.447	6919529.25695	-33972.4914684	6905022.05317	4095.62606422	-2408293.07359	-33904.2684015	-2408512.79488	5769.30925487	210337815.2312376	6912681.06988413	-33941.96380568866	6912680.990999509	4091.5726651522177	-2406128.982718743	-33941.874462978514	-2406129.114494038	5764.124956651132	210714619.381	0.0014988761237359487	0.0	0.0	0.0	-0.0005998726746414269	0.0	0.0	0.0	-0.0005086963240386791	0.00136978561004
70	17.5	nan	nan	1	1	5.0	5.0	5.0	1.00175	-1.01102150369e-20	1.61187722885e-19	4.81170962322e-21	0.999268128345	-7.21066574852e-19	7.00932171562e-21	1.10155642174e-20	0.999385349893	216063807.261	7239813.37263	-123087.562123	7221876.2048	-2648.66058686	-2704988.40742	-122796.433876	-2705305.77228	-3134.05751517	216355036.70000532	7231610.742740068	-122962.52797527601	7231610.472571877	-2645.6596831930333	-2702240.6405921294	-122961.94950308677	-2702240.69023341	-3130.8738936604955	216770828.169	0.001748470534116803	0.0	0.0	0.0	-0.0007321396038033119	0.0	0.0	0.0	-0.0006148390818161493	0.00161605957052
80	20.0	nan	nan	1	1	5.0	5.0	5.0	1.002	3.65324317534e-21	-9.18384719713e-19	-4.87664330131e-21	0.999136399182	3.46352930185e-19	-1.14171604048e-20	-8.79458427266e-21	0.999277479837	221258535.284	7496689.60013	-203951.875512	7475264.93622	-4767.17413188	-2945318.05449	-203397.067036	-2945733.9751	-5607.44136743	221609897.11370257	7487135.75437999	-203720.71931996802	7487135.767607952	-4761.098804135521	-2941979.8723620363	-203720.06458969062	-2941979.9063683585	-5601.0859721178285	222052932.288	0.001998002662673058	0.0	0.0	0.0	-0.0008639739360185414	0.0	0.0	0.0	-0.0007227813064884	0.00186270477275
90	22.5	nan	nan	1	1	5.0	5.0	5.0	1.00225	-7.48329620661e-21	5.16789359499e-20	2.34216190444e-21	0.999005090232	-7.69938473393e-19	-7.87889533457e-21	-1.88423471733e-20	0.999168411239	225973495.683	7712051.03271	-270017.239952	7687082.43108	1552.14900446	-3131798.04448	-269186.778308	-3132310.10538	1841.46974574	226386803.54422778	7701142.055677245	-269679.371696754	7701142.184366856	1549.9534331691425	-3127879.2756589446	-269679.12371017656	-3127879.338667731	1839.1655440890534	226842917.914	0.00224747254047937	0.0	0.0	0.0	-0.0009954050192366609	0.0	0.0	0.0	-0.0008319347227451427	0.00210954057652
100	25.0	nan	nan	1	1	5.0	5.0	5.0	1.0025	3.24099703756e-20	-3.20504363223e-19	-1.89176206091e-21	0.998874011974	-2.14347725721e-19	4.96391085593e-21	-3.8612790994e-21	0.999058520088	230342784.044	7898006.64064	-324296.855747	7869440.26314	623.498992394	-3278156.32073	-323183.383968	-3278762.11268	841.751256257	230819751.78939202	7885735.124692547	-323852.7897719487	7885735.408635378	622.5302317716668	-3273667.4776927074	-323852.59551130555	-3273667.740975294	840.5986299341224	231292974.17	0.002496880198587146	0.0	0.0	0.0	-0.0011266224267804609	0.0	0.0	0.0	-0.0009419233825799589	0.00235651602926
110	27.5	nan	nan	1	1	5.0	5.0	5.0	1.00275	-3.23793646929e-20	1.26780318125e-18	4.14376127858e-21	0.998743094293	1.33759240953e-18	2.83309359799e-21	8.91742059363e-21	0.998948083657	234458869.021	8062901.90217	-367175.806261	8030683.82697	150.483285511	-3395210.28119	-365783.183919	-3395907.64132	436.95352124	235001134.11219487	8049256.8752674665	-366629.66085873824	8049257.48774032	150.22861932454137	-3390160.1704442347	-366629.18071329326	-3390160.6718434324	436.3035869236369	235488109.331	0.0027462256680252286	0.0	0.0	0.0	-0.001257696275493823	0.0	0.0	0.0	-0.0010524699952942683	0.0026035700916
120	30.0	nan	nan	1	1	5.0	5.0	5.0	1.003	4.14489865193e-20	-6.75293708476e-20	-7.76639877126e-21	0.998612312488	3.65682652175e-18	-2.09111258853e-21	2.76414809394e-20	0.998837232784	238377708.896	8212806.04902	-402917.344801	8176879.12568	-37.8843555532	-3490431.78444	-401244.447691	-3491218.64445	188.829871377	238986848.41443598	8197773.4272302445	-402270.43383394886	8197773.949428386	-37.81501248272258	-3484827.66083938	-402269.76944098057	-3484828.359673505	188.52669228511698	239485293.327	0.002995508979798371	0.0	0.0	0.0	-0.001388651241989397	0.0	0.0	0.0	-0.0011634437542877938	0.00285067115322
130	32.5	nan	nan	1	1	5.0	5.0	5.0	1.00325	-4.48464240902e-20	1.96284996275e-18	9.12297497585e-21	0.998481652732	-5.93702598087e-18	-6.07067851553e-21	5.21016252429e-20	0.998726056191	242138132.348	8352692.77145	-433642.974609	8312993.78172	-46.7416929653	-3571063.50303	-431687.201223	-3571938.34679	164.583362254	242815674.71414667	8336254.379113287	-432895.4861362176	8336254.907185916	-46.64970367410402	-3564907.9120014682	-432895.1330960827	-3564908.646841286	164.2996630514299	243324044.542	0.0032447301648890294	0.0	0.0	0.0	-0.0015195011253315946	0.0	0.0	0.0	-0.001274755965248504	0.0030977968824
140	35.0	nan	nan	1	1	5.0	5.0	5.0	1.0035	-3.3777093133e-20	-2.02948432418e-18	1.60051176723e-20	0.998351109681	2.85840532474e-18	1.1200025494e-21	-1.96455395481e-20	0.99861460746	245766350.939	8485107.77217	-460365.184429	8441571.57646	-50.0532080922	-3641368.49182	-458123.706407	-3642330.33264	149.996907949	246513780.3509212	8467243.93158465	-459517.21958247636	8467244.248308597	-49.94783022852809	-3634661.3111322774	-459516.96114329196	-3634662.073123619	149.72062270995497	247031106.826	0.003493889254255838	0.0	0.0	0.0	-0.001650251234848385	0.0	0.0	0.0	-0.0013863530835004486	0.00334493278063
150	37.5	nan	nan	1	1	5.0	5.0	5.0	1.00375	-2.18582476867e-20	5.00277180111e-19	7.18819952309e-21	0.998220680476	-4.43899196537e-18	2.80331509594e-21	2.78619245726e-20	0.998502928622	249282303.432	8611224.791	-485429.761661	8563788.76412	-20.9973142624	-3703652.8288	-482891.930129	-3704700.71647	118.55065381	250101066.07817957	8591916.052575847	-484478.24250343617	8591916.353817701	-20.950232498924475	-3696393.083110922	-484477.97883397364	-3696393.7567969873	118.31827576656072	250626567.035	0.003742986278834297	0.0	0.0	0.0	-0.0017809043932555965	0.0	0.0	0.0	-0.0014981931090359607	0.00359206703734
160	40.0	nan	nan	1	1	5.0	5.0	5.0	1.004	1.84523315145e-20	-1.07543571235e-18	-7.2485837078e-21	0.998090345925	2.08529502729e-18	-2.52786395196e-21	-3.76664963732e-20	0.998391064759	252699717.402	8731812.29197	-509505.638001	8680416.18183	-17.692234804	-3759234.12143	-506659.001776	-3760367.45605	117.009177979	253591221.60346717	8711039.693938572	-508446.6923587401	8711039.989312436	-17.650145754269726	-3751421.009475554	-508446.4538295213	-3751421.706988625	116.76598860113297	254124229.906	0.003992021269537457	0.0	0.0	0.0	-0.0019114797890348333	0.0	0.0	0.0	-0.0016102309673176702	0.00383919278919
170	42.5	nan	nan	1	1	5.0	5.0	5.0	1.00425	5.03020938203e-20	6.2985833179e-19	2.18044809469e-20	0.997960104516	2.35577729733e-18	9.11056726666e-21	-3.83379602355e-20	0.998279037916	256029759.652	8848215.38834	-533071.838291	8792796.82578	-9.40368608368	-3810120.00321	-529902.091687	-3811338.35322	100.677422302	256995380.47002366	8825958.757842964	-531900.8930696386	8825959.01628147	-9.380032232907709	-3801750.696317189	-531900.6269039323	-3801751.3861646345	100.45627434768039	257535441.281	0.004240994257254614	0.0	0.0	0.0	-0.0020419789045815506	0.0	0.0	0.0	-0.0017224446404403597	0.00408630388234
180	45.0	nan	nan	1	1	5.0	5.0	5.0	1.0045	7.95983495751e-20	-3.28189201986e-18	8.23458299797e-21	0.997829941899	4.21966833468e-18	-3.98370183006e-21	2.43174556478e-20	0.998166879631	259281355.569	8960724.90517	-556268.569659	8901224.37089	4.05822939489	-3857241.63311	-552761.254063	-3858544.76422	78.454670196	260322437.18795702	8936964.817131322	-554980.9159036367	8936965.086061785	4.0474686708560315	-3848312.867500859	-554980.7332847656	-3848313.520177886	78.27306286419328	260869144.315	0.004489905272852001	0.0	0.0	0.0	-0.002172416089012255	0.0	0.0	0.0	-0.0018348025902673176	0.00433339585486
190	47.5	nan	nan	1	1	5.0	5.0	5.0	1.00475	-1.1352640317e-20	-2.03181366478e-18	-6.74317635353e-21	0.997699845623	1.18305025569e-19	1.16251963288e-20	-2.14336972373e-20	0.998054615694	262461646.364	9069931.41975	-579024.333484	9006289.59446	2.46408852052	-3901020.73302	-575165.795639	-3902408.5151	81.7142903205	263579503.90884238	9044648.235117545	-577615.5753686276	9044648.527712442	2.457219669793732	-3891529.6040672483	-577615.4999409332	-3891530.228326664	81.51548059356122	264132509.689	0.00473875434717347	0.0	0.0	0.0	-0.0023028037955732383	0.0	0.0	0.0	-0.0019472790237505776	0.00458046531305
200	50.0	nan	nan	1	1	5.0	5.0	5.0	1.005	9.53722702661e-20	3.93820689636e-19	-1.27485076007e-20	0.997569818722	6.86091724192e-19	-8.07824586219e-21	-5.03358014302e-20	0.997942252321	265575748.708	9176763.19391	-602106.376797	9108917.71455	-4.69651633163	-3942167.35099	-597877.925036	-3943639.71319	86.7578616905	266771666.95197684	9149935.915023983	-600570.3174251111	9149936.222191267	-4.6827865719387916	-3932110.318979718	-600570.2383277823	-3932110.9072073046	86.53652999286288	267330752.024	0.004987541511038968	0.0	0.0	0.0	-0.002433138961298461	0.0	0.0	0.0	-0.0020598677506363924	0.00482750930423
210	100.0	nan	nan	1	1	5.0	5.0	5.0	1.01	-2.10170050037e-20	-8.00394519085e-18	-7.95747749276e-21	0.994981646138	4.4664378181e-18	4.30398616324e-20	9.35262099341e-20	0.995683133233	317469053.474	10894360.6942	-936510.258107	10732369.4449	2828.9748378	-4535875.3777	-923236.726154	-4539076.95766	389.822027901	320453616.5177999	10833261.483307194	-931914.5563266574	10833265.683028229	2813.1090027063055	-4513616.646022202	-931916.1806816324	-4513620.299111656	387.90906883607414	321100135.506	0.009950330853168092	0.0	0.0	0.0	-0.005030988086137183	0.0	0.0	0.0	-0.004326211338886021	0.00976110517862
220	150.0	nan	nan	1	1	5.0	5.0	5.0	1.015	2.45626319814e-19	3.9711816243e-18	-1.62193574509e-20	0.992412881417	1.01938032922e-17	2.70388798631e-20	-1.10709749787e-19	0.993418171443	356650447.512	12204513.0311	-1170754.09512	11932921.0752	-3776.01175178	-4994605.70214	-1145860.53265	-4999668.44416	-3587.84909148	361758113.94993466	12103816.011429349	-1162270.595295092	12103814.959975712	-3744.8566267310894	-4958413.869221196	-1162270.6435190558	-4958417.170111999	-3561.8508760851205	362476059.352	0.014888612493750559	0.0	0.0	0.0	-0.0076160471832338586	0.0	0.0	0.0	-0.006603584304856266	0.014677263683
230	200.0	nan	nan	1	1	5.0	5.0	5.0	1.02	-3.87319050022e-20	2.99578348087e-18	4.20472448973e-20	0.989860196456	2.23386410993e-18	2.15397831509e-20	-4.16793149608e-19	0.991157658997	387128690.414	13267895.4346	-1350542.44883	12875832.4969	-7207.86656976	-5383119.52708	-1312351.97937	-5390176.27303	-5019.19008417	394583350.4219308	13123785.6097687	-1337624.473722328	13123773.184222372	-7129.578012701693	-5331629.842981078	-1337623.0017953238	-5331630.638392988	-4971.181395050932	395358245.823	0.01980262729617973	0.0	0.0	0.0	-0.01019156152638724	0.0	0.0	0.0	-0.00888166649142119	0.0195741093069
240	250.0	nan	nan	1	1	5.0	5.0	5.0	1.025	-2.19189627437e-19	-3.73620939078e-19	-1.60373777162e-19	0.987324185739	-7.06506210838e-18	-3.389455278e-20	-1.45415870145e-19	0.988904851598	411335400.829	14136430.2349	-1473553.31023	13616813.0004	6727.57636748	-5728019.72827	-1421696.15009	-5737184.41916	7743.07288934	421290634.4386905	13946376.369045684	-1456069.8566441056	13946370.228309996	6637.129071011012	-5660057.771031639	-1456104.3660315871	-5660052.211108735	7651.202677021831	422096851.917	0.024692612590371414	0.0	0.0	0.0	-0.012756837815793665	0.0	0.0	0.0	-0.011157158663013469	0.0244505233211
250	300.0	nan	nan	1	1	5.0	5.0	5.0	1.03	-1.45583787809e-22	8.96931128781e-18	-3.27166475877e-20	0.984804653262	2.25277809094e-17	-4.43501157226e-20	3.76223249285e-19	0.9866622165	430822528.245	14864770.3771	-1544441.87192	14212511.4292	7016.83715394	-6018279.35192	-1479492.37383	-6029627.30635	7548.5955602	443383794.2014002	14626906.411082873	-1522594.479129406	14626898.152888307	6904.554712167082	-5933145.87081238	-1522629.1551488638	-5933142.057785173	7441.8145053610715	444226550.881	0.02955880224154443	0.0	0.0	0.0	-0.01531197903979133	0.0	0.0	0.0	-0.013427530646366677	0.0293059075338
260	350.0	nan	nan	1	1	5.0	5.0	5.0	1.035	-3.54695046663e-19	-3.83742982798e-18	-4.20472448973e-20	0.982302186243	2.77559461925e-17	1.0834080791e-19	-7.29672561945e-20	0.984430784506	446701787.905	15482606.5686	-1581679.98077	14694291.7854	6401.2928639	-6287215.85894	-1504432.82405	-6300828.18847	7074.91654679	461941939.95447266	15195624.109220833	-1555726.1701514977	15195617.831393888	6282.639795945876	-6184048.839249244	-1555759.650150852	-6184037.313390869	6958.824134652556	462816322.108	0.03440142671733232	0.0	0.0	0.0	-0.01785629266701922	0.0	0.0	0.0	-0.015691688599472328	0.0341398266876
270	400.0	nan	nan	1	1	5.0	5.0	5.0	1.04	5.37693867939e-19	7.93722811136e-18	1.7143152759e-19	0.979817632214	3.26722048277e-17	-7.50682949504e-20	-2.78156024583e-19	0.982210708086	459768796.556	16016263.3555	-1602700.67846	15089446.6654	-4415.0062577	-6529766.75591	-1513680.73223	-6545706.56077	-6557.62081669	477737770.3921468	15679174.641103486	-1572801.1968828274	15679181.928783583	-4322.085159287478	-6407949.47371532	-1572839.3564721467	-6407941.3554651635	-6435.2838978667605	478650846.622	0.03922071315328133	0.0	0.0	0.0	-0.020388814211884054	0.0	0.0	0.0	-0.017949423292254418	0.0389520242862
280	450.0	nan	nan	1	1	5.0	5.0	5.0	1.045	-5.79661703498e-19	2.74311090573e-17	1.13978870965e-19	0.977351375955	-5.82180038329e-17	-2.5384518638e-20	-3.93790911134e-19	0.98000239879	470625683.35	16478946.9871	-1599290.74118	15412172.3871	6998.14071108	-6749423.42563	-1499886.68454	-6767705.28583	6440.01286349	491357689.2292639	16091110.878762156	-1565886.946646302	16091109.512390627	6833.437732115139	-6608450.713461153	-1565959.703209037	-6608425.661804966	6305.502695359054	492281489.683	0.04401688541677426	0.0	0.0	0.0	-0.022909043741461715	0.0	0.0	0.0	-0.02020025957561749	0.0437423243205
290	500.0	nan	nan	1	1	5.0	5.0	5.0	1.05	2.32934060495e-20	7.60963811901e-18	-1.32560656245e-19	0.974903783322	1.6531965548e-17	-9.15854374219e-20	-3.66348367132e-19	0.977805767409	479694214.145	16868664.1855	-1578696.2188	15662215.2359	10393.5548215	-6960623.26296	-1470208.77602	-6981330.06137	10206.1787805	503211004.4878126	16430046.741236966	-1542224.201097757	16430048.203539943	10123.302571382015	-6799814.633761982	-1542285.0915691687	-6799802.1635233555	9970.389317827065	504149671.211	0.04879016416943205	0.0	0.0	0.0	-0.025416496626160932	0.0	0.0	0.0	-0.02244423050256277	0.0485107132649
300	550.0	nan	nan	1	1	5.0	5.0	5.0	1.055	-9.98493026135e-19	2.53658839132e-17	5.08563875487e-19	0.972474896338	4.49907902681e-17	7.06743115365e-20	-2.80910536023e-20	0.975620970616	487310456.261	17193781.377	-1524975.72703	15848830.1056	7177.74097865	-7161838.84712	-1410329.67427	-7184977.80053	6492.56612191	513625059.11373264	16704666.665653018	-1486387.5954231853	16704661.669546423	6973.554439928654	-6980614.992155634	-1486487.0084560777	-6980585.394584807	6328.277607976636	514581209.8	0.05354076692802976	0.0	0.0	0.0	-0.02791101735690048	0.0	0.0	0.0	-0.024681117775036968	0.0532572137232
310	600.0	nan	nan	1	1	5.0	5.0	5.0	1.06	6.52347718284e-20	-1.02013471794e-17	-2.18825667967e-19	0.970064234807	3.80979537807e-18	-2.00746808499e-19	8.61200896786e-19	0.973448575086	493728676.41	17469287.1347	-1459687.73384	15987133.7775	-3798.07027264	-7347043.01618	-1340589.29273	-7372666.25811	-5804.96765513	522847271.1393763	16929974.507982362	-1419559.4997098634	16930005.62512338	-3680.8160744920756	-7145065.664803715	-1419653.1149843305	-7145056.97016855	-5645.3834538090005	523825562.932	0.058268908123975824	0.0	0.0	0.0	-0.03039298822673632	0.0	0.0	0.0	-0.02691028033557577	0.0579819038156
320	650.0	nan	nan	1	1	5.0	5.0	5.0	1.065	-4.51865607581e-19	4.71144606856e-17	-2.22346148654e-21	0.967671997883	-4.07300821945e-17	4.53427324577e-20	5.26682439625e-20	0.971288462874	499160589.183	17704832.7823	-1398344.31285	16086820.9381	6950.12762329	-7510662.09162	-1275404.73209	-7538704.72697	5536.20575873	531084815.81210274	17115673.426640507	-1356864.0589592485	17115666.821566615	6718.849939810436	-7287867.056387886	-1356974.2922544223	-7287841.108315036	5371.98066884815	532060486.222	0.06297479916138839	0.0	0.0	0.0	-0.03286209428874395	0.0	0.0	0.0	-0.029131776669723417	0.0626848319896
330	700.0	nan	nan	1	1	5.0	5.0	5.0	1.07	-8.27458545239e-19	4.01821842266e-18	1.19458115342e-19	0.965298556242	-7.06210808098e-17	1.1032604138e-19	-3.92877703738e-20	0.969140049755	503752291.53	17910696.9501	-1348274.43898	16158147.9457	572.866572174	-7657711.50024	-1221289.70736	-7688203.92752	-1573.53197425	538479081.6882697	17271981.6052124	-1305367.7134313332	17272029.95177954	552.4375139843387	-7414016.807103019	-1305480.8308606653	-7414034.036933765	-1523.4567799058327	539467539.858	0.06765864847381486	0.0	0.0	0.0	-0.035317840785994946	0.0	0.0	0.0	-0.03134614734393436	0.067366132744
340	750.0	nan	nan	1	1	5.0	5.0	5.0	1.075	2.85833915029e-19	3.53290030761e-17	7.64976630489e-20	0.962943974623	7.47657188998e-17	1.80550366663e-19	1.34944259898e-18	0.967003184331	507635407.652	18093401.8708	-1305076.55956	16207410.7085	-6766.56434639	-7785365.10037	-1174041.91722	-7818211.04853	-6649.57073456	545158744.088001	17405394.088092007	-1260742.824672372	17405428.253384102	-6509.263427207221	-7520894.55277273	-1260824.6143797184	-7520920.904495609	-6423.683368870214	546157864.272	0.07232066157962608	0.0	0.0	0.0	-0.03776004683799318	0.0	0.0	0.0	-0.033553490534264444	0.0720259113367
350	800.0	nan	nan	1	1	5.0	5.0	5.0	1.08	1.69752020075e-18	5.99805205774e-20	2.73194595269e-19	0.960608452909	-2.0466433588e-19	1.6546259229e-19	-3.12766915774e-19	0.964877523875	510922203.266	18251271.158	-1258761.41302	16233637.6874	-562.410413019	-7901704.97583	-1124693.68693	-7936828.38109	-2023.44484189	551234235.5189581	17514476.944625776	-1213314.1482784578	17514480.292896636	-539.7062005689932	-7616415.901799255	-1213432.6140942518	-7616422.795467644	-1950.3888739614497	552231176.48	0.0769610411361284	0.0	0.0	0.0	-0.040188390176346386	0.0	0.0	0.0	-0.035754103962204006	0.076664284145
360	850.0	nan	nan	1	1	5.0	5.0	5.0	1.085	-6.73920588659e-20	-3.90672771097e-18	7.66194240351e-19	0.958291886376	3.13673241027e-17	3.52021598923e-19	-7.94463964965e-19	0.962762933758	513690995.339	18397935.8156	-1223402.55754	16249390.7504	3520.03691493	-8009657.44502	-1085714.63787	-8047012.43695	2123.0962693	556781478.8136426	17612459.18071764	-1176635.1952853166	17612455.53050393	3369.7533843036526	-7703469.960811702	-1176788.7837783603	-7703455.403531475	2041.9360561584106	557777179.488	0.08157998699242285	0.0	0.0	0.0	-0.04260286435301732	0.0	0.0	0.0	-0.03794807219610492	0.0812814104641
370	900.0	nan	nan	1	1	5.0	5.0	5.0	1.09	-1.31456866436e-18	-4.15074731517e-17	4.07634605866e-21	0.955993642757	-1.09488008158e-16	-3.08981737291e-19	-3.47984957534e-19	0.960659811872	516003146.512	18529796.6602	-1192613.15359	16251752.8019	3334.55255662	-8127971.65182	-1051098.34166	-8167729.08237	4682.6369344	561859492.7389505	17695976.49411179	-1144506.0499830637	17696019.19507287	3184.501413719641	-7800109.114675141	-1144507.712900362	-7800190.390774249	4493.750790155536	562856711.085	0.08617769624105241	0.0	0.0	0.0	-0.045004015788619796	0.0	0.0	0.0	-0.04013492657216998	0.0858774686306
380	950.0	nan	nan	1	1	5.0	5.0	5.0	1.095	-3.66063817002e-19	1.14195923158e-17	-6.00599299163e-20	0.953713035665	-6.64455260171e-17	-1.24116796552e-19	3.40083728323e-19	0.958568483567	517906593.811	18649335.192	-1167035.24954	16243013.5445	-11987.0636353	-8257576.04259	-1021720.90779	-8299591.8981	-12614.7162209	566513907.2007605	17767490.410647962	-1117511.847025473	17767476.17769783	-11420.248282275039	-7907163.951513325	-1117612.9256853014	-7907140.814598065	-12079.407909295527	567529458.684	0.09075436326846412	0.0	0.0	0.0	-0.04739245397333045	0.0	0.0	0.0	-0.04231427036124143	0.0904526792416
390	1000.0	nan	nan	1	1	5.0	5.0	5.0	1.1	1.62209456377e-18	-2.6080144446e-17	4.96652474667e-19	0.951450160624	1.49543666838e-16	1.28007854154e-19	1.24455609731e-18	0.956488832925	519471500.767	18741894.7332	-1146848.10106	16210971.1679	-1807.04164158	-8392614.8435	-997343.6523	-8437082.95025	-1326.3811983	570815527.6744841	17813157.388348613	-1095789.5914359249	17813246.824239492	-1717.49535610009	-8018969.540898952	-1095920.0693779178	-8018991.069516862	-1267.3297449157324	571822101.495	0.09531017980432493	0.0	0.0	0.0	-0.04976797341391322	0.0	0.0	0.0	-0.044486165104639465	0.0950071179674
400	1050.0	nan	nan	1	1	5.0	5.0	5.0	1.105	2.77986948866e-18	1.065885085e-17	-2.41139692171e-19	0.949204802247	1.1938876452e-17	1.86929583547e-19	8.35598002466e-19	0.954420623839	520718816.226	18805504.2768	-1130945.72396	16154178.0742	-6787.52172839	-8525618.37277	-976945.369156	-8572505.20166	-5773.58942391	574782489.6195726	17831295.218822908	-1078250.2266672507	17831386.9249862	-6435.897807452684	-8128374.110412098	-1078376.8014676175	-8128411.169716602	-5504.573714834427	575792796.358	0.09984533496971612	0.0	0.0	0.0	-0.052130695176057285	0.0	0.0	0.0	-0.046650799212501703	0.09954101369
410	1100.0	nan	nan	1	1	5.0	5.0	5.0	1.11	8.82753914827e-19	3.01778780865e-17	6.75508775435e-20	0.946976676176	-3.14939025888e-17	-1.29754859608e-19	-1.32825354041e-19	0.952363952064	521693552.573	18847776.2078	-1130236.77629	16079646.4451	-3096.66881784	-8650015.25408	-969838.13781	-8699176.67506	-3890.53036157	578459873.5968181	17829295.752727643	-1075244.3598745486	17829298.836911604	-2929.333603752409	-8229143.052050078	-1075367.7975125907	-8229097.8009749325	-3701.234038703296	579465215.984	0.10436001532424286	0.0	0.0	0.0	-0.054480815269372346	0.0	0.0	0.0	-0.04880801466155128	0.104054510864
420	1150.0	nan	nan	1	1	5.0	5.0	5.0	1.115	9.43793226588e-19	4.83175121685e-17	-3.58136118011e-19	0.944766003202	5.33645050451e-17	-4.7513254385e-19	3.96914345127e-19	0.950318295184	522422192.318	18873750.8202	-1145129.7462	15992222.5311	-7867.27382954	-8767716.9681	-976098.994004	-8819321.02664	-6269.06367987	581873086.3592417	17812064.51168133	-1087065.146735343	17812114.45215694	-7424.723909826033	-8323143.787059525	-1087177.65551494	-8323216.544090978	-5951.1864499770445	582878422.002	0.10885440491208208	0.0	0.0	0.0	-0.05681799780947259	0.0	0.0	0.0	-0.05095830294134548	0.108547769964
430	1200.0	nan	nan	1	1	5.0	5.0	5.0	1.12	-5.68795858971e-19	-4.23905049992e-17	-4.04511171873e-19	0.94257269876	2.96027427154e-18	1.73641754187e-20	7.13678197621e-19	0.948283504648	522935169.023	18880423.9918	-1167840.54981	15889411.4914	5292.73145966	-8876586.3688	-988753.748935	-8930434.49666	5958.69718562	585052444.0423921	17776879.31786545	-1106243.3465215077	17776848.02650933	4983.375821491549	-8408394.974730158	-1106203.658956923	-8408458.219591713	5644.408491040141	586040929.67	0.11332868530700327	0.0	0.0	0.0	-0.05914222867177807	0.0	0.0	0.0	-0.05310176589944396	0.113020940486
440	1250.0	nan	nan	1	1	5.0	5.0	5.0	1.125	-1.31287459846e-18	5.34649313889e-17	-2.11864115932e-19	0.940396315662	-8.57018406911e-17	-5.09807955129e-19	8.17836780354e-19	0.94625964017	523242955.455	18874865.7628	-1195916.22419	15777721.0761	-2662.53407939	-8979678.21975	-1006046.04693	-9035682.95623	-2663.26517908	588006536.8114245	17730502.014022324	-1130413.4501804286	17730583.913292754	-2501.1073694655997	-8487842.904525187	-1130567.828502774	-8487858.767676722	-2517.3927060554056	588997215.252	0.11778303565638346	0.0	0.0	0.0	-0.061453880165240775	0.0	0.0	0.0	-0.055238286520153924	0.117474236916
450	1300.0	nan	nan	1	1	5.0	5.0	5.0	1.13	5.40909946161e-19	5.59666431986e-18	-5.58565289155e-19	0.938236492367	-9.88653150266e-17	-8.47032947254e-22	-5.88476140105e-19	0.944246885159	523374916.499	18858046.1441	-1219781.4546	15657861.2109	-9756.01850139	-9084498.16969	-1019384.30507	-9142690.08261	-10109.3123788	590765361.2151312	17673912.059448108	-1150512.2892491668	17673988.07720928	-9143.418768112679	-8568606.078141555	-1150641.5730239998	-8568602.4560605	-9535.22295637968	591756780.059	0.12221763272424911	0.0	0.0	0.0	-0.06375323769520623	0.0	0.0	0.0	-0.05736761614110669	0.121907799784
460	1350.0	nan	nan	1	1	5.0	5.0	5.0	1.135	3.23354827614e-19	-2.4164791194e-18	-4.74550208699e-19	0.936092818735	2.23339135966e-16	1.85341396771e-19	7.54494597767e-19	0.942245448848	523357883.15	18838430.0559	-1235128.75295	15537099.1433	-320.962920097	-9186327.01442	-1025480.85329	-9246833.84265	762.146644447	593356641.9868135	17615087.186001338	-1162512.0327974434	17615175.524627402	-300.12001022613214	-8646236.812129153	-1162638.2158755616	-8646356.615143418	717.3378830422955	594332453.828	0.126632650933366	0.0	0.0	0.0	-0.06604064210592908	0.0	0.0	0.0	-0.059489476936236366	0.126321777922
470	1400.0	nan	nan	1	1	5.0	5.0	5.0	1.14	-1.29701920048e-19	1.96207770693e-17	1.90476534014e-19	0.933965001831	-9.16215951408e-17	1.25996150904e-20	1.00357522382e-18	0.940255207506	523193653.31	18815502.0756	-1238377.87353	15415059.1955	-2628.92113645	-9282683.32594	-1021542.83554	-9345271.70092	-2377.15152004	595780270.5377226	17553560.193390306	-1163101.8059133205	17553707.082926612	-2452.601329845913	-8718425.910942867	-1163269.2083963028	-8718491.20297552	-2232.653929779012	596752382.377	0.131028262406404	0.0	0.0	0.0	-0.06831631272837921	0.0	0.0	0.0	-0.06160394322001398	0.130716386956
480	1450.0	nan	nan	1	1	5.0	5.0	5.0	1.145	-9.09236929318e-20	1.30165670587e-17	1.1113072268e-18	0.93185305529	-2.24998949966e-17	-4.42310017144e-19	9.3507143421e-19	0.93827593048	522900047.126	18795092.351	-1236306.9161	15296397.5051	-5527.2584826	-9363743.33073	-1013233.68693	-9428339.37799	-5099.64880624	598054375.2468177	17494776.626178354	-1158706.3275683094	17494887.414372724	-5144.861791705289	-8775999.313559454	-1158861.7039652593	-8776051.125120454	-4779.553736386699	599022756.459	0.13540463700620298	0.0	0.0	0.0	-0.07058014272499004	0.0	0.0	0.0	-0.06371120427989212	0.135091763091
490	1500.0	nan	nan	1	1	5.0	5.0	5.0	1.15	8.37053840344e-19	1.62710794003e-17	6.79691000612e-19	0.929756971366	1.33825647012e-16	6.67620781114e-19	7.91446410091e-20	0.936307415888	522495972.969	18769790.3048	-1239121.03055	15175214.903	4667.52342998	-9435910.416	-1008976.80122	-9502515.15664	4917.70514882	600198686.952059	17431835.431211594	-1158901.2844090734	17431989.01082499	4334.811363444219	-8825036.805175992	-1159026.2558698468	-8825153.488836877	4599.336685281644	601150890.185	0.13976194237515863	0.0	0.0	0.0	-0.0728320480969745	0.0	0.0	0.0	-0.06581142064999046	0.139448040168
500	1550.0	nan	nan	1	1	5.0	5.0	5.0	1.155	9.051076437e-19	6.34578025842e-17	-6.6788547891e-19	0.927676614005	1.22352321044e-17	-8.95737341721e-20	-4.44215841276e-19	0.934349410171	521977193.874	18737679.5073	-1246352.65469	15049891.9002	-1344.34166481	-9504405.75232	-1008325.40006	-9572813.06445	-1070.51280817	602206729.0720189	17362989.652393967	-1163221.3114278133	17363107.584916178	-1245.7140387253799	-8870464.777327063	-1163308.1830715851	-8870503.635073513	-999.1099292274523	603157391.388	0.14410034397375687	0.0	0.0	0.0	-0.07507208321562281	0.0	0.0	0.0	-0.06790480988607932	0.14378541721
510	1600.0	nan	nan	1	1	5.0	5.0	5.0	1.16	-1.68120158162e-18	-4.92702124759e-17	2.459042525e-19	0.925611644939	9.62726001146e-17	-3.02814278643e-19	8.67679375344e-19	0.932402058552	521362243.702	18690597.9012	-1256304.47709	14914271.7549	-2341.02859619	-9570624.99644	-1009992.59539	-9640883.43365	-2110.74878407	604098202.6053308	17280725.89480197	-1170059.9348131896	17281045.70121555	-2164.439773222677	-8913607.38074791	-1170270.2274477181	-8913650.857041148	-1965.84715706545	605041723.146	0.14842000511827322	0.0	0.0	0.0	-0.07730052221919134	0.0	0.0	0.0	-0.06999116402374463	0.148104033995
520	1650.0	nan	nan	1	1	5.0	5.0	5.0	1.165	1.48521933345e-18	-1.65143896144e-17	7.20242702962e-19	0.923561821993	7.82546740793e-17	1.90529473573e-19	-2.13833467534e-18	0.930465379271	520665786.185	18637704.9745	-1272575.99624	14775423.5029	1621.82602189	-9636435.15927	-1016594.38933	-9708546.00281	1992.20999096	605888696.0302827	17193579.016947586	-1182746.9314164673	17193874.299023762	1496.160278169749	-8956214.912190482	-1182991.2110337936	-8956287.969327215	1851.5831357083164	606820234.655	0.15272108701766393	0.0	0.0	0.0	-0.07951753843995876	0.0	0.0	0.0	-0.07207041017879508	0.152404036171
530	1700.0	nan	nan	1	1	5.0	5.0	5.0	1.17	2.27745983693e-18	-2.52285586966e-17	1.66230215899e-20	0.921527015511	9.13413860539e-18	1.45054392217e-19	1.11480123771e-18	0.928539171602	519885496.449	18587493.8704	-1292360.27713	14640362.8456	3003.72481983	-9698880.92354	-1025862.0395	-9772784.11219	3452.29492595	607574307.5193112	17109398.702446256	-1198642.4867120562	17109745.08522276	2764.8657690611753	-8995549.425531195	-1198893.6458447718	-8995643.036884172	3201.9456556601162	608496671.828	0.1570037488096647	0.0	0.0	0.0	-0.08172318541539264	0.0	0.0	0.0	-0.07414271103187853	0.15668560071
540	1750.0	nan	nan	1	1	5.0	5.0	5.0	1.175	4.72564975229e-19	7.87165717334e-17	-7.13942895417e-19	0.919507275113	1.23335620417e-16	-1.00055766894e-19	5.090668013e-19	0.92662314038	519028842.427	18545112.5751	-1319209.1997	14512925.1514	891.64370018	-9752340.6658	-1040506.56603	-9827906.52616	1396.60032499	609162528.9540315	17032894.867623854	-1221013.9758266287	17033215.62325473	818.936705993045	-9026426.023008404	-1221199.207720826	-9026512.93978543	1292.6444993292866	610079486.672	0.16126814759612232	0.0	0.0	0.0	-0.08391732293752185	0.0	0.0	0.0	-0.07620833288167629	0.160948868533
550	1800.0	nan	nan	1	1	5.0	5.0	5.0	1.18	-1.50141883857e-18	-4.39978558957e-17	-6.2998075452e-19	0.917502429789	9.03448517915e-17	-3.99693671986e-19	-3.99746611545e-19	0.924717252909	518105679.171	18512408.3505	-1344068.88904	14394310.889	4285.08041138	-9789970.72658	-1053355.7003	-9867055.98903	4535.73472362	610663790.5815716	16965706.656399954	-1241458.7628414005	16965813.739681434	3927.0642631745254	-9042575.901860509	-1241534.7112294468	-9042668.803685717	4189.46354943455	611570724.227	0.16551443847757333	0.0	0.0	0.0	-0.08610005078552875	0.0	0.0	0.0	-0.07826726072789317	0.165193973979
560	1850.0	nan	nan	1	1	5.0	5.0	5.0	1.185	-1.60242751753e-18	1.0528661886e-16	-4.32727956929e-19	0.915511998859	-2.27640104575e-16	-1.09876055127e-18	-7.11984131726e-19	0.922821695782	517120209.089	18481747.7539	-1364775.37977	14278978.3805	3936.12978735	-9816213.21622	-1062935.48768	-9894660.27926	3963.63873006	612082092.1252978	16900785.577489324	-1257994.6332498956	16901112.752768356	3599.4261163517053	-9048187.509744305	-1258128.7013314627	-9048253.118084338	3653.521542422044	612982327.145	0.16974277458709455	0.0	0.0	0.0	-0.08827180860829183	0.0	0.0	0.0	-0.08031924214183418	0.169421093181
570	1900.0	nan	nan	1	1	5.0	5.0	5.0	1.19	2.3937680485e-18	1.24471491599e-18	-6.54015314399e-19	0.913535702891	-1.36926158176e-16	3.51518673111e-19	1.05021497548e-18	0.920936481393	516074569.597	18450744.7676	-1381657.89234	14164360.7747	-2573.87004689	-9836988.51022	-1069367.65564	-9916674.20842	-1742.95555847	613419046.6671861	16835935.864269227	-1270948.7420275328	16836110.893531363	-2348.604979267494	-9048772.667761683	-1271076.9460538556	-9048767.03150715	-1603.2964359184775	614317664.704	0.17395330712343798	0.0	0.0	0.0	-0.09043282030330008	0.0	0.0	0.0	-0.0823642121051631	0.173630384871
580	1950.0	nan	nan	1	1	5.0	5.0	5.0	1.195	1.26644660504e-18	-4.500857796e-17	-6.07746139655e-19	0.911573420073	-6.85650936187e-17	5.86676195092e-19	1.70629493268e-18	0.919061592464	514987586.269	18417912.3668	-1396104.63877	14049858.9586	7820.41297873	-9851058.83085	-1073825.75303	-9932112.42632	8292.97454701	614696145.4138966	16769799.863698674	-1281617.4483793015	16770101.601923209	7120.609431348485	-9043225.365794593	-1281732.936546804	-9043345.103182275	7612.91137015153	615577988.108	0.17814618538347404	0.0	0.0	0.0	-0.09258313948084554	0.0	0.0	0.0	-0.08440213769272595	0.177821957201
590	2000.0	nan	nan	1	1	5.0	5.0	5.0	1.2	1.12938608627e-18	-1.35667149579e-16	-9.45288769136e-19	0.909625007047	-4.99296805649e-17	-4.89214466599e-19	1.62730911035e-18	0.91719675729	513842510.107	18376819.0552	-1411340.80946	13930324.3625	3307.53972658	-9863782.36286	-1078841.69295	-9945986.76348	3551.05369441	615892802.1783336	16696543.852358317	-1292969.4457662348	16696918.487897517	3005.116496080556	-9036491.4904895	-1293102.1087364512	-9036580.468719857	3253.2212605006116	616770966.07	0.1823215567939546	0.0	0.0	0.0	-0.0947228445677385	0.0	0.0	0.0	-0.08643326344946965	0.181996013928
600	2050.0	nan	nan	1	1	5.0	5.0	5.0	1.205	3.14937437701e-19	3.64194521166e-17	-5.55865371636e-20	0.90769027721	-1.36481148242e-16	-7.57035696609e-21	-4.43209989651e-19	0.91534207136	512661746.943	18334508.7625	-1426248.01195	13811127.1366	7003.75074174	-9883787.51471	-1083508.37672	-9967212.45797	7191.38418579	617035009.0549777	16622594.377501888	-1303978.172279534	16622946.823334834	6349.802397717591	-9036467.059477063	-1304100.8131135304	-9036562.25042091	6574.878932819952	617902301.595	0.18647956694261839	0.0	0.0	0.0	-0.0968520629644534	0.0	0.0	0.0	-0.08845743508967292	0.186152647857
610	2100.0	nan	nan	1	1	5.0	5.0	5.0	1.21	-4.69997406608e-19	8.9331270991e-17	-6.73391193067e-19	0.905769203232	-1.32492523033e-16	8.62279540305e-19	-3.63165376135e-19	0.913497256327	511443200.772	18298032.8458	-1441568.70103	13697662.6601	7924.36611129	-9901527.27714	-1088419.66258	-9986099.66577	7987.05666806	618119737.9353567	16554336.742816407	-1315323.0287684835	16554713.487260548	7169.2201115373855	-9034399.011504697	-1315441.6278916562	-9034482.449977009	7287.588555489573	618979228.564	0.1906203596086497	0.0	0.0	0.0	-0.09897074796109366	0.0	0.0	0.0	-0.09047490664203939	0.190292019808
620	2150.0	nan	nan	1	1	5.0	5.0	5.0	1.215	-9.13419154495e-19	-1.08418734941e-16	-4.93608450012e-19	0.903861796203	2.58114232434e-17	2.65333070727e-19	-8.53756271273e-19	0.911662044882	510186079.641	18268961.3755	-1458884.85894	13591040.8723	-1449.31411648	-9912736.37061	-1094899.53878	-9998351.48408	-1230.06614442	619145470.6510673	16493153.670781376	-1328442.3393123352	16493651.499545611	-1308.4356548259411	-9026413.984944377	-1328734.9798540082	-9026476.332834395	-1120.0828745247834	620006806.416	0.19474407679251185	0.0	0.0	0.0	-0.10107881058376221	0.0	0.0	0.0	-0.09248592240628488	0.194414271803
630	2200.0	nan	nan	1	1	5.0	5.0	5.0	1.22	-8.67467617107e-19	-6.53308041888e-17	-5.80958722698e-19	0.901967972783	-4.01910780725e-17	9.87852174735e-20	1.82805591885e-18	0.909836436596	508910170.898	18244977.673	-1482070.49952	13489036.9766	11015.5925972	-9922115.84431	-1105430.72045	-10008858.4639	11393.5111647	620135635.7877554	16436910.119711688	-1346845.9208193244	16437149.422437016	9923.953247884305	-9016818.872741738	-1347029.440256509	-9016985.930078639	10353.963621133744	620979481.119	0.19885085874516517	0.0	0.0	0.0	-0.10317626644235922	0.0	0.0	0.0	-0.09449043563080738	0.198519488544
640	2250.0	nan	nan	1	1	5.0	5.0	5.0	1.225	-3.47442327052e-19	1.50787111204e-16	-5.63276909924e-19	0.900087320622	9.4595845456e-17	-1.75865215674e-19	-2.96403298024e-18	0.908020410591	507590093.877	18218717.278	-1509319.86345	13386913.1518	531.713492108	-9924138.31608	-1119062.90435	-10011708.3101	863.140750803	621059033.5551792	16378951.501844702	-1368864.7973208332	16379483.060515955	478.0199048707251	-9000612.735310227	-1369223.1866752652	-9000704.185676068	782.8181537388784	621905969.408	0.20294084399669038	0.0	0.0	0.0	-0.10526349745091088	0.0	0.0	0.0	-0.09648842200903464	0.202607888065
650	2300.0	nan	nan	1	1	5.0	5.0	5.0	1.23	4.80447675594e-18	3.11348135587e-17	4.38127791967e-19	0.898219552128	2.52043229664e-16	6.37921688401e-19	1.02041000365e-18	0.906214259957	506257107.486	18192206.0206	-1538835.54769	13285250.6807	14687.2124042	-9921913.6572	-1133938.79689	-10010362.9115	14753.7391329	621953243.76816	16321097.617205443	-1392850.788168766	16321360.49638181	13176.60030356382	-8980651.16725356	-1393080.516859318	-8980775.068028606	13354.095706031801	622781073.087	0.20701416938432612	0.0	0.0	0.0	-0.10734075044250882	0.0	0.0	0.0	-0.09847951087975067	0.206679529636
660	2350.0	nan	nan	1	1	5.0	5.0	5.0	1.235	2.23966099166e-18	-3.08383520272e-18	1.03094497593e-18	0.896364207264	2.44685848545e-17	-2.4987471944e-20	2.35316340659e-19	0.904418001411	504889716.753	18158203.2123	-1567393.17122	13179487.5134	6700.23401439	-9916274.00138	-1148045.18619	-10005462.799	6941.38486801	622791707.2206599	16256861.904043486	-1415880.12764162	16257165.191540776	5998.65404209848	-8957711.157995403	-1416137.0250753518	-8957793.07609062	6270.3915478193185	623619659.92	0.2110709700799406	0.0	0.0	0.0	-0.10940846727692967	0.0	0.0	0.0	-0.1004636345183377	0.210734635483
670	2400.0	nan	nan	1	1	5.0	5.0	5.0	1.24	1.96231064099e-18	-1.34178065658e-16	-1.61529183041e-18	0.894521145762	2.84009617819e-17	-5.77200013995e-19	-2.45062513508e-18	0.902631720566	503508620.176	18119765.3592	-1591791.6984	13071567.9415	11476.3747269	-9912873.62545	-1158845.38027	-10002917.2614	11568.2618698	623599426.632864	16189010.054058217	-1435072.819309509	16189240.753539871	10253.507269816047	-8936907.709364519	-1435239.210879673	-8937054.366021145	10429.315715549666	624416045.966	0.2151113796169455	0.0	0.0	0.0	-0.11146673655648912	0.0	0.0	0.0	-0.10244064865922657	0.214773279369
680	2450.0	nan	nan	1	1	5.0	5.0	5.0	1.245	-1.04359753058e-18	1.42750462601e-17	-1.3115246397e-18	0.892689989406	2.13616944737e-17	-6.38292265315e-19	3.92917408408e-19	0.900855495447	502107204.001	18080921.8016	-1614040.81185	12964579.423	9904.26791091	-9911382.16601	-1168062.47127	-10002184.557	10099.9110239	624368027.4080495	16121152.426448891	-1452260.4018823232	16121395.622312915	8830.756220074649	-8917933.017518185	-1452480.3772279057	-8918059.798621621	9087.56503234433	625179056.471	0.219135529916671	0.0	0.0	0.0	-0.11351591469861166	0.0	0.0	0.0	-0.10441041664819749	0.218795629267
690	2500.0	nan	nan	1	1	5.0	5.0	5.0	1.25	-5.29183833797e-19	7.7728190163e-17	-4.31033891034e-19	0.890870862665	-7.2573518223e-17	3.32460431797e-20	1.41883312621e-18	0.899088991363	500686030.101	18039057.0585	-1632077.06225	12856363.5184	5898.90478861	-9905166.75743	-1173910.90038	-9996660.84648	5715.2311691	625097898.8532112	16050964.682508828	-1465601.4743755027	16050948.7764693	5248.783909293059	-8894817.125614943	-1465607.5727145672	-8894924.478009922	5132.264536750593	625905419.222	0.22314355131420976	0.0	0.0	0.0	-0.11555579729604405	0.0	0.0	0.0	-0.1063732601293208	0.222801803684
700	2550.0	nan	nan	1	1	5.0	5.0	5.0	1.255	-1.6629374337e-18	-5.64983681313e-17	-2.60674389518e-19	0.889063855133	-8.43769488127e-17	5.10125592484e-19	-3.74610908835e-18	0.897331993527	499262756.721	17996480.6902	-1650300.65158	12749153.6509	13068.8630658	-9892075.0162	-1180143.13355	-9984241.92527	13116.1410601	625810814.2243422	15980512.624755654	-1479062.0395559897	15980679.751363037	11604.887356001922	-8865652.834163213	-1479273.8400090786	-8865805.869604096	11755.183110957654	626604390.345	0.22713557258374711	0.0	0.0	0.0	-0.11758621800162355	0.0	0.0	0.0	-0.10832936998443987	0.226791891797
