inc	time	elem	node	ip	grain	1_pos	2_pos	3_pos	1_f	2_f	3_f	4_f	5_f	6_f	7_f	8_f	9_f	1_p	2_p	3_p	4_p	5_p	6_p	7_p	8_p	9_p	1_Cauchy	2_Cauchy	3_Cauchy	4_Cauchy	5_Cauchy	6_Cauchy	7_Cauchy	8_Cauchy	9_Cauchy	Mises(Cauchy)	1_ln(V)	2_ln(V)	3_ln(V)	4_ln(V)	5_ln(V)	6_ln(V)	7_ln(V)	8_ln(V)	9_ln(V)	Mises(ln(V))
0	0.0	nan	nan	1	1	5.0	5.0	5.0	1.0	0.0	0.0	0.0	1.0	0.0	0.0	0.0	1.0	1.15847913218e-05	-2.82084889741e-07	-6.35438826107e-07	-2.82084889741e-07	1.56660320517e-05	-7.88312122228e-08	-6.35438826107e-07	-7.88312122228e-08	1.64032485305e-05	1.15847913218e-05	-2.82084889741e-07	-6.35438826107e-07	-2.82084889741e-07	1.56660320517e-05	-7.88312122228e-08	-6.35438826107e-07	-7.88312122228e-08	1.64032485305e-05	4.65590788057e-06	0.0	0.0	0.0	0.0	0.0	0.0	0.0	0.0	0.0	0.0
10	2.5	nan	nan	1	1	5.0	5.0	5.0	1.00025	1.73410660603e-21	-1.08358850787e-19	1.34494397722e-22	0.999931369135	-5.54818471173e-20	-8.94389037323e-24	5.22899316169e-22	0.999926698973	58187289.6324	-2265908.15384	35202.5096671	-2265186.34615	14.315772145	283763.379814	35191.1313346	283762.054314	11.83619172	58195549.144030884	-2265507.882439863	35196.12677991573	-2265507.882572995	14.313243271907394	283711.9280948609	35196.12661037927	283711.92790680495	11.834045592432545	58329779.6164	0.0002499687552074404	0.0	0.0	0.0	-6.863322020532825e-05	0.0	0.0	0.0	-7.330371365133133e-05	0.000213975139453
20	5.0	nan	nan	1	1	5.0	5.0	5.0	1.0005	-4.42594618974e-21	3.64990782801e-19	-9.90341988379e-22	0.999862711842	-7.01242364292e-21	6.29127724514e-21	1.29240508363e-22	0.999853368972	116420401.333	-4533383.18638	70504.7563255	-4530495.55515	-296.946340731	567513.871681	70459.1897221	567508.567105	-366.282244008	116453462.36095026	-4531782.127438236	70479.19752392301	-4531782.12381376	-296.8414679297156	567308.1412424532	70479.19870002897	567308.1396033891	-366.14946239603967	116722224.4	0.0004998750416509929	0.0	0.0	0.0	-0.00013729758288174947	0.0	0.0	0.0	-0.00014664177938024454	0.000427930489511
30	7.5	nan	nan	1	1	5.0	5.0	5.0	1.00075	-3.5095463933e-21	-7.07401344338e-19	2.55392014126e-21	0.999791403533	-4.68245748263e-19	8.56855717028e-22	-1.80842361419e-22	0.999774168421	169773360.416	-6566054.75788	151997.059963	-6559765.30709	1400.52177839	857062.990247	151848.734068	857048.186978	-1328.71737726	169847138.77551407	-6562615.953372534	151914.83650047716	-6562615.982378328	1399.7882906592504	856599.3583407286	151914.72292789165	856599.3297452822	-1327.9986018869818	170233700.157	0.0007497188905459742	0.0	0.0	0.0	-0.00020861822626901238	0.0	0.0	0.0	-0.00022585708279084093	0.000644714525523
40	10.0	nan	nan	1	1	5.0	5.0	5.0	1.001	8.20356372499e-21	4.45308546865e-20	-1.1994118882e-23	0.99970030984	9.19242712803e-20	-3.73466876689e-21	-5.8395461578e-21	0.999656438174	191105792.697	-7432281.88449	767470.35177	-7422631.76649	1935.06618232	1261539.53862	766440.213759	1261484.152	1778.41787549	191228781.3010356	-7427408.801592862	766933.490542368	-7427408.697143684	1933.797428246292	1260657.0658784176	766933.4662692283	1260657.041707137	1777.1738357669328	191676207.935	0.0009995003330834232	0.0	0.0	0.0	-0.0002997350760699154	0.0	0.0	0.0	-0.0003436208568848514	0.000881149897841
50	12.5	nan	nan	1	1	5.0	5.0	5.0	1.00125	-1.80987118027e-21	-6.7495177269e-19	1.84647392237e-21	0.999598369678	6.42790473486e-19	-8.07845265735e-22	-1.53090064127e-20	0.99952789707	200978754.508	-7804290.86247	1590402.98377	-7791416.97618	3464.30085747	1543454.9844	1587667.40344	1543346.16921	1863.41934908	201154471.71765748	-7798229.244747917	1589055.674884952	-7798229.069595964	3461.6101238924953	1542147.4474830204	1589055.5127786195	1542147.447294652	1861.8407545532	201641260.035	0.0012492194004318981	0.0	0.0	0.0	-0.0004017109970597775	0.0	0.0	0.0	-0.0004722144056749622	0.00112485813988
60	15.0	nan	nan	1	1	5.0	5.0	5.0	1.0015	9.59529510562e-22	-7.77885481882e-19	-1.88059512264e-21	0.999491964516	-7.71393484091e-20	4.06890143315e-21	1.14633985085e-20	0.999398625305	208127327.335	-8118582.2122	2138222.14782	-8102304.29981	-209.450414266	1712560.51897	2133735.97909	1712400.2905	-102.465889771	208358418.62790787	-8111300.509202275	2136104.835446362	-8111300.581077584	-209.26255440702823	1710864.7056602766	2136105.143257175	1710864.407755609	-102.36442589994748	208885483.313	0.0014988761237359487	0.0	0.0	0.0	-0.0005081645777509598	0.0	0.0	0.0	-0.0006015555932903995	0.00137021877062
70	17.5	nan	nan	1	1	5.0	5.0	5.0	1.00175	-4.60946396345e-21	3.93096583483e-19	-3.63918110493e-21	0.99938328834	2.26275256564e-21	-6.84533315918e-21	-6.89312868895e-21	0.999269183671	213973311.635	-8400961.12728	2473365.8369	-8381113.25336	-5694.21572181	1816193.79926	2467240.84871	1815986.08167	-4564.57016199	214261939.02632707	-8392418.444744688	2470568.636620797	-8392418.489682466	-5688.425446571009	1814139.8136641027	2470568.895953357	1814139.4605097282	-4559.407958833041	214825177.212	0.001748470534116803	0.0	0.0	0.0	-0.0006169019048575055	0.0	0.0	0.0	-0.000731083505432525	0.00161632040608
80	20.0	nan	nan	1	1	5.0	5.0	5.0	1.002	-2.94377036395e-20	3.78596902214e-19	4.48125096851e-21	0.999273246338	2.3711421772e-19	1.00370095527e-20	1.00892899524e-20	0.999139766823	219071923.984	-8644900.86668	2680165.74701	-8621375.60569	-3209.93740941	1890598.47931	2672515.43079	1890345.80479	-3006.30693146	219420003.465239	-8635073.752456646	2676761.460974503	-8635073.955956984	-3206.2885044591435	1888197.083795925	2676761.7429957595	1888196.9491314108	-3002.4883882536315	220005419.896	0.001998002662673058	0.0	0.0	0.0	-0.0007270178754624734	0.0	0.0	0.0	-0.0008606033898875854	0.00186280616196
90	22.5	nan	nan	1	1	5.0	5.0	5.0	1.00225	-3.16872213154e-20	-1.52554226866e-18	2.78015403879e-21	0.999162283736	-2.6383963749e-18	6.67865626575e-21	3.73202954375e-20	0.999010443386	223693043.373	-8857070.21313	2819640.25778	-8829783.42249	3477.31877175	1951868.8166	2810526.33603	1951572.07782	2880.26715375	224102353.75230154	-8845940.101942256	2815669.041333403	-8845940.035799533	3472.949048621073	1949119.7802558444	2815668.9975240338	1949119.6625523837	2876.2105496282493	224700634.739	0.00224747254047937	0.0	0.0	0.0	-0.0008380673443534149	0.0	0.0	0.0	-0.0009900465483844943	0.00210951199781
100	25.0	nan	nan	1	1	5.0	5.0	5.0	1.0025	-1.51994437557e-20	1.09439138327e-18	6.93921815871e-21	0.999050728089	1.55303904469e-18	5.44036688876e-21	-1.61631091693e-20	0.998881111875	227976573.946	-9046610.71383	2926880.24164	-9015484.30531	911.652382279	2002614.40629	2916314.59429	2002274.39962	536.914192389	228448799.98228437	-9034158.800362686	2922355.39831253	-9034158.796048196	910.3975679694787	1999518.4420941027	2922355.388997907	1999518.434060017	536.0841438730778	229065463.455	0.002496880198587146	0.0	0.0	0.0	-0.0009497227549192054	0.0	0.0	0.0	-0.0011195145476267806	0.002356372548
110	27.5	nan	nan	1	1	5.0	5.0	5.0	1.00275	-1.66949863032e-20	1.01024746943e-18	-2.80496945717e-21	0.998938779458	2.860066717e-18	3.23080203651e-20	5.20288204243e-20	0.998751788462	232014494.736	-9215982.13408	3012466.87836	-9180954.50458	-49.7870381052	2043195.17145	3000455.60988	2042812.86868	-105.988412071	232551248.0045552	-9202193.972629722	3007396.825035869	-9202194.15749219	-49.71255101206196	2039756.4254358038	3007397.0053199288	2039756.5874029445	-105.81003105549382	233181850.432	0.0027462256680252286	0.0	0.0	0.0	-0.001061784035215459	0.0	0.0	0.0	-0.0012489912028804944	0.00260332019925
120	30.0	nan	nan	1	1	5.0	5.0	5.0	1.003	-5.76131296643e-21	8.09671680527e-19	-4.56727775221e-21	0.998826615638	2.7215309216e-18	2.40378686008e-20	4.54134822495e-20	0.99862240593	235864398.293	-9371189.32415	3083881.25649	-9332197.09156	131.742211719	2072229.99142	3070422.20595	2071806.50634	19.7230720944	236467238.88242465	-9356048.68179883	3078269.2776685334	-9356049.047327884	131.52936128549143	2068458.9931688248	3078269.8300332157	2068459.174400768	19.6871804845481	237108812.694	0.002995508979798371	0.0	0.0	0.0	-0.0011740733164221065	0.0	0.0	0.0	-0.0013785438250621727	0.00285032406164
130	32.5	nan	nan	1	1	5.0	5.0	5.0	1.00325	7.48515736299e-21	-8.55967531846e-19	3.64869368197e-21	0.998714307058	2.5613722114e-18	2.99439381744e-22	1.73050837037e-20	0.998492959068	239561687.302	-9517723.57884	3144951.68656	-9474694.15254	89.3599918558	2094787.66924	3130040.10198	2094323.58795	39.8507820129	240232126.226717	-9501209.89471174	3138799.2365450896	-9501210.094346853	89.20494819783536	2090689.6487578647	3138799.852939873	2090689.841087393	39.772822168417456	240883647.431	0.0032447301648890294	0.0	0.0	0.0	-0.0012865201542736544	0.0	0.0	0.0	-0.0015081776603930977	0.00309736426662
140	35.0	nan	nan	1	1	5.0	5.0	5.0	1.0035	1.38817450399e-20	-2.19018483768e-18	1.50629589546e-20	0.998601911918	-4.68040297278e-19	2.08780386608e-20	-1.01518842603e-20	0.998363440107	243131973.313	-9656400.91604	3197459.72801	-9609268.28418	85.1676384439	2111852.99622	3181093.60353	2111348.96291	40.2823867143	243871479.41283143	-9638495.366115954	3190768.62682027	-9638495.67214645	85.00971486395127	2107433.668598214	3190769.1640574373	2107433.9572478314	40.1980905702992	244531872.308	0.003493889254255838	0.0	0.0	0.0	-0.0013990663190234316	0.0	0.0	0.0	-0.001637900520019439	0.00334442562101
150	37.5	nan	nan	1	1	5.0	5.0	5.0	1.00375	4.50557007852e-20	-2.78906277399e-19	1.27145931956e-20	0.998489440945	-2.00989255137e-18	2.01865156687e-20	7.88431336758e-20	0.998233873567	246593077.792	-9788139.00254	3243176.76248	-9736840.60014	88.4643228978	2125847.56507	3225354.16098	2125303.7966	19.304051896	247403079.84199882	-9768823.590304365	3235948.3775291666	-9768823.902012236	88.2897519334403	2121109.4808789403	3235948.7141838404	2121109.8309292397	19.2610270692842	248071478.543	0.003742986278834297	0.0	0.0	0.0	-0.001511701099558014	0.0	0.0	0.0	-0.0017676878730267353	0.00359149607579
160	40.0	nan	nan	1	1	5.0	5.0	5.0	1.004	-1.7491561233e-20	1.29647326128e-18	-8.60267837055e-23	0.998376895424	2.38007738218e-18	-1.07186063775e-20	1.14819906853e-20	0.998104285015	249957887.363	-9913479.92855	3283409.38547	-9857957.72724	79.5153802303	2138379.19119	3264128.83952	2137795.54017	5.50603178542	250839775.4516777	-9892737.803877166	3275644.7872207793	-9892738.047997456	79.34900899214936	2133322.3574617547	3275645.164825237	2133322.598081165	5.493011135314518	251515433.328	0.003992021269537457	0.0	0.0	0.0	-0.0016244232373082961	0.0	0.0	0.0	-0.0018975141267844	0.00383856613035
170	42.5	nan	nan	1	1	5.0	5.0	5.0	1.00425	1.37891008113e-21	-2.95545429011e-18	1.55634032252e-20	0.998264286985	-5.5768103308e-19	-6.35440146563e-21	6.57484509888e-21	0.997974685617	253237318.14	-10034076.7659	3319715.17863	-9974269.98599	74.2277210033	2149729.96664	3298971.34824	2149106.52435	12.8759427482	254192449.32716298	-10011889.637227423	3311413.7616789085	-10011889.78232482	74.06359030792973	2144354.263055484	3311414.026291579	2144354.467524117	12.843744633711355	254874840.193	0.004240994257254614	0.0	0.0	0.0	-0.0017372211101678923	0.0	0.0	0.0	-0.002027368105599253	0.00408562822506
180	45.0	nan	nan	1	1	5.0	5.0	5.0	1.0045	6.83912930459e-20	-1.59556315921e-18	1.59943643243e-20	0.998151629964	4.11444847922e-18	3.03310587011e-20	-1.10094120616e-19	0.997845076981	256439446.333	-10150539.1462	3353260.52185	-10086388.6456	62.8172683609	2160297.44055	3331045.13304	2159634.104	18.4383256525	257469145.24995527	-10126889.013882514	3344420.1748692864	-10126889.214497957	62.670907986631015	2154602.154176762	3344420.50728475	2154602.28927752	18.38971589031486	258157866.254	0.004489905272852001	0.0	0.0	0.0	-0.0018500803797854358	0.0	0.0	0.0	-0.0021572482066096587	0.00433267737417
190	47.5	nan	nan	1	1	5.0	5.0	5.0	1.00475	1.47453215994e-20	1.04046230926e-18	1.90541054102e-20	0.998038939954	-6.56292625343e-18	-3.95723205045e-20	-8.76147636865e-20	0.997715456989	259571007.8	-10263383.02	3385137.9967	-10194830.7003	50.3784532311	2170251.98371	3361437.90329	2169548.72249	23.1635195543	260676569.1750971	-10238252.150884587	3375754.664913713	-10238252.387272801	50.25509679861876	2164236.2187861325	3375754.894783627	2164236.37617318	23.099312130694482	261371304.739	0.00473875434717347	0.0	0.0	0.0	-0.00196298544187514	0.0	0.0	0.0	-0.0022871565606543544	0.00457970952983
200	50.0	nan	nan	1	1	5.0	5.0	5.0	1.005	2.46747976725e-20	3.32129766347e-19	1.38428675511e-20	0.997926229263	6.63863065027e-18	-2.98347503336e-20	6.11137580166e-20	0.997585824267	262637427.771	-10373536.2691	3415599.95327	-10300521.5019	43.7515185588	2179944.4835	3390402.27695	2179201.05878	25.2564005838	263820117.5347721	-10346905.885019647	3405669.4964181827	-10346906.061196072	43.63920201476463	2173606.5502148014	3405669.689908044	2173606.7310909475	25.18297055696404	264520662.903	0.004987541511038968	0.0	0.0	0.0	-0.0020759239769340266	0.0	0.0	0.0	-0.0024170945538788575	0.00482672139279
210	100.0	nan	nan	1	1	5.0	5.0	5.0	1.01	7.14187740878e-21	2.8187320882e-18	1.23680045189e-20	0.995672150638	-8.72984250048e-18	-9.44243212842e-20	3.62680234706e-19	0.994993090442	313691306.596	-12086201.3419	3822670.39441	-11914743.9661	1876.97287683	2380988.62686	3765870.27019	2379367.32322	-84.5293590193	316640205.25219846	-12026752.845854823	3801273.5118261124	-12026750.170071192	1867.740595198338	2367661.3637621943	3801271.8562259288	2367663.9099718607	-84.05621731907023	317418571.536	0.009950330853168092	0.0	0.0	0.0	-0.004337241610670765	0.0	0.0	0.0	-0.005019486127052423	0.00976041443691
220	150.0	nan	nan	1	1	5.0	5.0	5.0	1.015	-5.68438516946e-21	4.83845898987e-18	1.52796802751e-20	0.993427016213	-6.26541668406e-18	2.18838902857e-20	-1.5618576172e-19	0.992404567617	352181516.515	-13260266.2661	4072794.63588	-12978427.5095	-3947.60760268	2595950.01734	3982131.07711	2593274.3591	-2324.955473	357224994.57017475	-13164290.216207393	4039154.851946158	-13164287.389321525	-3919.035342015851	2574508.4261247083	4039157.8935624138	2574504.582967337	-2305.7521969304166	358051175.825	0.014888612493750559	0.0	0.0	0.0	-0.006594680974032246	0.0	0.0	0.0	-0.0076244245783471465	0.0146774892519
230	200.0	nan	nan	1	1	5.0	5.0	5.0	1.02	1.6648829625e-19	6.87824171267e-18	-1.04257844406e-19	0.991196694833	1.49173288447e-17	6.81729173642e-20	-1.08250231633e-18	0.989821733416	382162992.55	-14092936.2365	4250672.48576	-13694974.3522	6255.7967022	2799749.06093	4124912.49303	2795866.62717	6205.79514981	389521826.97183526	-13958679.312635949	4204338.037198053	-13958681.332294194	6196.200603313213	2769230.4008157225	4204340.770054485	2769231.691298664	6138.148889808048	390362676.017	0.01980262729617973	0.0	0.0	0.0	-0.008842283183458194	0.0	0.0	0.0	-0.010230419324122214	0.0195757316175
240	250.0	nan	nan	1	1	5.0	5.0	5.0	1.025	-2.44660172858e-19	4.67398735995e-18	2.10189902372e-19	0.988982456723	4.69489848584e-18	-8.47429993948e-20	-1.51221023684e-20	0.9872470862	405936368.54	-14674530.2335	4390369.88535	-14158883.4985	7995.62224221	3019642.11473	4228663.74309	3014340.70984	7506.35877589	415760775.4143695	-14501551.903340751	4331004.725015136	-14501554.525676895	7901.372589101235	2978811.491576124	4331005.18467216	2978808.6952390256	7404.860222488231	416610653.462	0.024692612590371414	0.0	0.0	0.0	-0.011078685916145529	0.0	0.0	0.0	-0.012834930250475456	0.0244539779208
250	300.0	nan	nan	1	1	5.0	5.0	5.0	1.03	1.17446412093e-19	-3.17671534323e-17	1.42341239808e-20	0.986785282573	2.87073362459e-18	-1.60009817692e-19	6.44806726229e-19	0.984682068101	425055739.809	-15057214.498	4493161.23286	-14425483.8223	6788.6100924	3209953.6517	4295473.86915	3203111.47812	7735.66701396	437448762.6360078	-14846065.878522458	4420710.9045170285	-14846076.543576341	6693.412826705749	3158194.5039688703	4420713.692372037	3158193.9691924662	7610.932648539388	438297764.905	0.02955880224154443	0.0	0.0	0.0	-0.01330280873385812	0.0	0.0	0.0	-0.015436463414149504	0.0293115226077
260	350.0	nan	nan	1	1	5.0	5.0	5.0	1.035	1.0897608262e-19	2.14578260958e-17	-1.90397124675e-19	0.98460586587	9.2860155833e-18	-1.97888072302e-19	1.44740890765e-19	0.982127615602	440634900.93	-15302737.2953	4579643.89486	-14557651.5955	6358.81126621	3367290.25078	4345703.5572	3358810.28813	7261.28927064	455668021.72809124	-15054309.83767617	4493957.2913268395	-15054314.330362309	6255.581152153283	3304287.1720857155	4493965.72706035	3304282.742866763	7125.428223546088	456509022.558	0.03440142671733232	0.0	0.0	0.0	-0.015513854058476413	0.0	0.0	0.0	-0.018034024282875313	0.0341479234263
270	400.0	nan	nan	1	1	5.0	5.0	5.0	1.04	8.67063952968e-19	7.86784420158e-18	-8.47032947254e-20	0.982444328234	5.95688559476e-17	-2.93258688207e-19	7.14968599377e-19	0.979584650234	453464040.831	-15445187.0721	4643205.38796	-14590437.6237	7075.35397416	3491503.33116	4373480.01021	3481333.71095	5739.01473905	471186601.71162707	-15160651.416835876	4544400.570128554	-15160670.091498666	6945.009778918971	3417206.0899723307	4544407.049097387	3417199.585282621	5616.891710141096	472014214.003	0.03922071315328133	0.0	0.0	0.0	-0.01771160021921386	0.0	0.0	0.0	-0.02062662344910399	0.0389629150312
280	450.0	nan	nan	1	1	5.0	5.0	5.0	1.045	-6.04887403458e-19	1.31597553314e-17	-3.41407217303e-19	0.98030059213	4.28592053866e-17	-9.33589126552e-20	-8.95571905599e-20	0.977053927244	464121270.022	-15497819.8108	4691457.79758	-14538312.2362	9135.21408229	3578131.26867	4386426.26581	3566282.31244	10756.4468112	484566819.0620911	-15178742.10029075	4579649.686189584	-15178756.43685319	8947.133227694232	3492856.261045856	4579657.860914682	3492857.714065847	10500.096215047966	485372312.637	0.04401688541677426	0.0	0.0	0.0	-0.01989602768526005	0.0	0.0	0.0	-0.023213431692936576	0.0437563485406
290	500.0	nan	nan	1	1	5.0	5.0	5.0	1.05	6.0344480047e-19	5.43038116441e-18	1.63742056616e-19	0.978174526901	-9.99828426516e-18	-7.11507675694e-20	-7.11706199041e-21	0.974535884671	473029586.268	-15496968.4433	4724987.72958	-14436912.0382	-4574.15126292	3634100.61333	4385417.48495	3620577.7719	-6122.18867288	496219835.7778167	-15144663.01056755	4600394.091371747	-15144680.858663276	-4470.163289661731	3538272.67832923	4600412.336504771	3538268.1754561746	-5960.752113843839	497019550.864	0.04879016416943205	0.0	0.0	0.0	-0.022067172004129783	0.0	0.0	0.0	-0.025793937037791384	0.0485282026137
300	550.0	nan	nan	1	1	5.0	5.0	5.0	1.055	6.08513763263e-19	-5.02888754741e-18	1.33672386989e-20	0.976065637274	6.46161730791e-18	4.53268505899e-19	7.89792048866e-20	0.972031415909	480541916.065	-15469088.5273	4733777.89048	-14311714.9819	6545.44703504	3652862.23581	4361502.0995	3637756.41556	6344.00664069	506491254.2682205	-15084536.275123391	4597020.005386072	-15084549.816735065	6382.731152046324	3547331.785191795	4597023.89119043	3547323.9754065485	6160.729572928247	507258135.756	0.05354076692802976	0.0	0.0	0.0	-0.024225443524984604	0.0	0.0	0.0	-0.0283671541499739	0.0532783983544
310	600.0	nan	nan	1	1	5.0	5.0	5.0	1.06	-5.96297959977e-19	2.39927111568e-17	1.24116796552e-19	0.973972900138	6.64920334199e-17	-2.53024623213e-19	1.12696410143e-18	0.969541429584	486885506.296	-15420796.2467	4715739.93761	-14169313.1992	-7778.43681707	3648418.91296	4313313.955	3631813.01047	-8510.96592517	515600822.7108099	-15004950.323468784	4567695.118894873	-15004984.6386538	-7568.679085514078	3533881.3168007536	4567702.663254011	3533875.484405791	-8243.774683890266	516360208.588	0.058268908123975824	0.0	0.0	0.0	-0.0263717989936167	0.0	0.0	0.0	-0.03093207227382838	0.0580070116407
320	650.0	nan	nan	1	1	5.0	5.0	5.0	1.065	1.62814290841e-18	9.08700916281e-18	2.00164473348e-19	0.971896785669	8.80745387951e-17	1.82879707268e-19	1.43235918359e-18	0.96706565758	492274891.535	-15342822.0928	4667795.22485	-14001552.1682	4968.71182801	3631240.75796	4238554.88077	3613172.64983	4812.05102253	523759096.1586559	-14897029.59465005	4509641.742869019	-14897043.165390253	4824.3437029679735	3508207.6465832936	4509638.235760227	3508190.3165882775	4649.009888970487	524482914.015	0.06297479916138839	0.0	0.0	0.0	-0.02850566774333216	0.0	0.0	0.0	-0.03348888761251966	0.0627140798853
330	700.0	nan	nan	1	1	5.0	5.0	5.0	1.07	5.54303654639e-19	-3.37349003043e-17	-1.20913953221e-19	0.969836838556	-3.77629522501e-17	1.40289831889e-21	9.58212639026e-19	0.964604293294	496838065.652	-15263632.6009	4612829.33487	-13834806.835	4270.67294973	3597387.46481	4158456.05067	3577958.80689	4068.55578109	531088619.57769674	-14788527.582009193	4445134.770884046	-14788537.698861917	4137.741412034293	3466608.2231329717	4445127.771413061	3466589.106702263	3920.6477103090483	531791569.819	0.06765864847381486	0.0	0.0	0.0	-0.030627429307432796	0.0	0.0	0.0	-0.03603732050293071	0.0673997592979
340	750.0	nan	nan	1	1	5.0	5.0	5.0	1.075	6.69698658813e-19	4.40307181271e-17	4.09725718455e-19	0.967792409404	1.29985411388e-17	-3.72482738555e-19	2.48174036101e-19	0.962157891051	500706698.761	-15178984.4253	4555299.83604	-13665224.1102	3363.79245835	3559315.9929	4077120.04694	3538580.05574	3027.03748893	537718333.6746018	-14675330.985939536	4378509.459669853	-14675340.98507067	3252.178558930068	3421179.5723231067	4378495.840492742	3421166.5341505567	2909.558702414007	538401724.264	0.07232066157962608	0.0	0.0	0.0	-0.0327376677989542	0.0	0.0	0.0	-0.03857671387230001	0.072064130256
350	800.0	nan	nan	1	1	5.0	5.0	5.0	1.08	7.42609666726e-20	7.79406630839e-18	-1.95611671257e-20	0.965763800808	-3.81343497277e-18	5.29713229389e-19	2.25059962808e-18	0.959725952224	503981862.212	-15085919.6416	4487221.81802	-13490254.0858	-6395.85459884	3526535.93878	3987501.76901	3504484.0161	-6152.38385677	543746838.8326559	-14554617.472022219	4302123.369305278	-14554656.752939817	-6170.602741121161	3381065.9000617173	4302122.049040647	3381061.645754727	-5898.597270331944	544419433.256	0.0769610411361284	0.0	0.0	0.0	-0.03483598728882157	0.0	0.0	0.0	-0.04110750170688623	0.0767073634982
360	850.0	nan	nan	1	1	5.0	5.0	5.0	1.085	1.30796445435e-18	-5.61237413406e-17	-6.54385891313e-19	0.963750488023	1.61175546786e-17	-4.34686720619e-19	7.27098375879e-19	0.957308893648	506762861.927	-14979239.7041	4412862.60552	-13305346.3973	6235.17320107	3502103.01643	3893534.79862	3478678.5455	6542.49436484	549272777.5433561	-14421417.131878417	4220132.20815778	-14421468.34523605	6002.977146932822	3349149.7599393763	4220144.83296487	3349133.5584035115	6256.752964892854	549913505.236	0.08157998699242285	0.0	0.0	0.0	-0.03692284772547874	0.0	0.0	0.0	-0.043629166727220656	0.0813295473517
370	900.0	nan	nan	1	1	5.0	5.0	5.0	1.09	-1.67044161621e-18	-2.41047577338e-17	-6.15687073535e-20	0.961751924043	1.30186052317e-17	2.05776066624e-19	3.88232257418e-19	0.954906875318	509083403.591	-14872849.4217	4337777.42139	-13122959.5607	-3731.02130515	3473930.85063	3800207.59995	3449188.50807	-4240.91441642	554325496.8584193	-14289158.802702155	4137878.192613738	-14289193.140898874	-3584.5959583082304	3313840.5485230573	4137930.938522283	3313823.7962900084	-4045.4789574754873	554957510.888	0.08617769624105241	0.0	0.0	0.0	-0.038998736787137854	0.0	0.0	0.0	-0.046141456012105404	0.0859308712817
380	950.0	nan	nan	1	1	5.0	5.0	5.0	1.095	5.0373314071e-19	-1.1110067948e-16	-4.50912695515e-19	0.959767778656	8.61114870002e-18	8.70538111541e-19	-2.51694516788e-19	0.952520073733	511015350.909	-14761470.5847	4267586.34715	-12938494.5462	-9250.1040946	3445684.09244	3712366.30195	3419655.52006	-9832.38344945	558976620.8442248	-14152767.40750278	4060710.5348701607	-14152835.032022776	-8868.667318400716	3278650.870965924	4060789.890379465	3278642.7958848067	-9355.748146192402	559595990.653	0.09075436326846412	0.0	0.0	0.0	-0.04106392101544339	0.0	0.0	0.0	-0.04864409741804963	0.0905114480023
390	1000.0	nan	nan	1	1	5.0	5.0	5.0	1.1	2.87621948641e-18	-2.56342874783e-17	-5.00517062488e-19	0.957797606492	-1.20297127946e-16	-2.62421394971e-19	-1.30184331782e-18	0.950148694985	512609647.851	-14639557.5427	4198993.69248	-12747081.5105	-8826.40469149	3415475.73524	3627029.35106	3388191.40581	-9472.8174146	563276265.7952248	-14006953.59097654	3985463.074129659	-14007010.0184865	-8444.998459023265	3241789.204819032	3985526.915772365	3241781.0196860237	-8991.098053201122	563877415.459	0.09531017980432493	0.0	0.0	0.0	-0.043118790041043686	0.0	0.0	0.0	-0.05113678559884812	0.0950714136508
400	1050.0	nan	nan	1	1	5.0	5.0	5.0	1.105	1.61885201577e-18	-1.11466094787e-17	3.68618150733e-19	0.955841300054	-3.60771052221e-17	3.7280037591e-19	1.96012026673e-19	0.947792559887	513899808.508	-14513016.0867	4118177.044	-12554013.8794	-9077.14898916	3385890.09453	3532368.88317	3357359.33904	-9902.04937687	567256353.7504857	-13857411.173652962	3899033.2947353474	-13857456.298411082	-8667.101660734239	3205714.0986984437	3899123.252421871	3205695.393765654	-9375.123942954386	567840231.924	0.09984533496971612	0.0	0.0	0.0	-0.045163383838561055	0.0	0.0	0.0	-0.05361961935601562	0.0996109416745
410	1100.0	nan	nan	1	1	5.0	5.0	5.0	1.11	2.55764245401e-19	7.64977159885e-17	8.45550639597e-19	0.953898803116	-5.76294218137e-17	2.11228841222e-20	-7.91572141544e-19	0.945451472215	514923002.133	-14379871.3941	4037854.15326	-12357648.853	-1868.93566613	3365040.09395	3439303.48517	3335212.17215	-1294.58963626	570953508.8832091	-13702278.196715096	3813514.0043110116	-13702326.260314362	-1780.8696425189428	3178080.9896231205	3813545.6851563603	3178053.8069777354	-1222.6632068242327	571512740.726	0.10436001532424286	0.0	0.0	0.0	-0.0471976895586727	0.0	0.0	0.0	-0.05609271719815347	0.104130195002
420	1150.0	nan	nan	1	1	5.0	5.0	5.0	1.115	2.07998204621e-18	-1.20975363109e-17	-8.29827590513e-20	0.951970115989	7.18067151777e-17	-6.72491220561e-19	4.70536728367e-19	0.943125127919	515701154.27	-14254989.7028	3947476.68425	-12170689.7255	-2554.71029021	3348138.15536	3339090.46686	3317021.78429	-3475.32695289	574388150.742653	-13555724.2083892	3718959.0029620007	-13555719.057073332	-2429.391311283442	3154315.9167265343	3719080.2900898415	3154308.3115817495	-3274.1418109585043	574932725.549	0.10885440491208208	0.0	0.0	0.0	-0.04922163545132882	0.0	0.0	0.0	-0.05855631382689809	0.108629359144
430	1200.0	nan	nan	1	1	5.0	5.0	5.0	1.12	2.93535297404e-18	-3.5285539698e-17	-3.76347326377e-19	0.950054679736	-7.36420105812e-17	-3.27166475877e-20	2.2295561533e-18	0.94081375231	516259844.362	-14139265.6591	3853712.82037	-11993918.8046	-16547.0991965	3329827.30204	3237271.5265	3297412.18412	-17809.764934	577585241.4643393	-13418537.205143228	3621702.0889193756	-13418650.63594026	-15703.634938249512	3129356.8196867285	3621820.051934998	3129331.4051872203	-16737.537505048942	578128320.354	0.11332868530700327	0.0	0.0	0.0	-0.05123573842708427	0.0	0.0	0.0	-0.06101008426816622	0.113108594793
440	1250.0	nan	nan	1	1	5.0	5.0	5.0	1.125	8.1606330512e-19	-2.23728135847e-17	5.52953695879e-19	0.948152363488	9.05625657287e-17	3.87623452487e-19	-6.58898988735e-20	0.938517386095	516642411.764	-14033664.3849	3753333.15976	-11827656.447	-4636.40297872	3306216.99635	3131295.38692	3272602.86553	-5403.58849809	580590065.996834	-13291568.730587836	3518734.1934534064	-13291630.111637902	-4391.231481968639	3099564.653828241	3518872.926324753	3099548.679667292	-5065.841694904755	581107806.672	0.11778303565638346	0.0	0.0	0.0	-0.05324006866244462	0.0	0.0	0.0	-0.06345389771960126	0.117567995016
450	1300.0	nan	nan	1	1	5.0	5.0	5.0	1.13	-1.03858150734e-18	-4.68304664202e-17	-2.83808976889e-19	0.946263002616	6.46174700983e-17	6.12934216457e-19	1.53707363169e-18	0.936235689895	516841872.189	-13935978.2849	3654460.04816	-11670104.0593	-15428.7790697	3278476.05068	3027945.51458	3243673.27914	-17075.4099402	583392226.6365665	-13172670.385287635	3417691.9438981297	-13172787.188081777	-14583.70678955448	3066067.5008100183	3417834.2950492594	3066009.2940854435	-15969.114512761666	583907631.439	0.12221763272424911	0.0	0.0	0.0	-0.05523473311907579	0.0	0.0	0.0	-0.06588802875883891	0.122007809161
460	1350.0	nan	nan	1	1	5.0	5.0	5.0	1.135	-9.44309387291e-20	-5.67689422184e-17	1.07784942538e-18	0.944386690602	1.49325291156e-17	2.64221339984e-19	-1.35843239788e-18	0.933968519204	516901427.625	-13844777.1286	3555771.2853	-11519767.1995	-1492.52757991	3250122.01513	2926101.29261	3214230.73831	-2136.25846139	586037808.7831534	-13060441.837366967	3317325.591311716	-13060554.230437784	-1407.9728020909859	3032172.789135593	3317471.955296608	3032137.911621249	-1993.0035694147155	586527606.815	0.126632650933366	0.0	0.0	0.0	-0.057219566837049166	0.0	0.0	0.0	-0.06831254667036883	0.126428128243
470	1400.0	nan	nan	1	1	5.0	5.0	5.0	1.14	1.21242178488e-18	1.72932575852e-16	1.7342999595e-19	0.942523325507	2.88265958379e-17	3.10755212524e-20	1.21003288727e-19	0.93171553807	516813696.159	-13750675.1846	3445017.52802	-11368796.7117	-2287.39281203	3220283.85416	2815709.8133	3183339.48398	-2911.66784727	588516399.5095199	-12946006.890633924	3206228.5550248707	-12946102.932742177	-2153.5381142076667	2997072.1380995526	3206361.2355914176	2997055.3693964626	-2709.8476332079404	588994909.866	0.131028262406404	0.0	0.0	0.0	-0.05919461141767013	0.0	0.0	0.0	-0.0707277275477214	0.130829179531
480	1450.0	nan	nan	1	1	5.0	5.0	5.0	1.145	6.43745039913e-20	9.43152128526e-17	3.93446804e-19	0.940672340319	3.85585544156e-17	-1.19908101596e-19	-2.88628131138e-18	0.929477106282	516601537.983	-13655252.3297	3330956.8421	-11218519.5577	-356.813142565	3184204.42392	2704106.36135	3146269.60372	-1326.71586694	590851882.2725259	-12830853.483985955	3092609.9221767597	-12830940.114615602	-335.27151625407384	2956358.3866327647	3092763.408538934	2956322.104619561	-1231.7825923620414	591316905.218	0.13540463700620298	0.0	0.0	0.0	-0.06116040373299799	0.0	0.0	0.0	-0.07313310226705301	0.135211069116
490	1500.0	nan	nan	1	1	5.0	5.0	5.0	1.15	7.40770017043e-19	-3.1695761128e-17	9.6228236764e-19	0.938832918338	1.43816771202e-16	-5.09649136451e-19	1.86684738086e-19	0.927253775817	516275784.077	-13568729.3916	3221365.30334	-11077121.4836	7003.1024748	3156012.21552	2597409.53459	3117120.82043	6670.38813011	593054814.0472263	-12724558.724750912	2983690.8842678266	-12724478.707401756	6567.408496716966	2923159.5896067983	2983688.7106659664	2923190.9478760837	6178.242572396925	593501925.726	0.13976194237515863	0.0	0.0	0.0	-0.06311775134859504	0.0	0.0	0.0	-0.07552799056141206	0.139573906656
500	1550.0	nan	nan	1	1	5.0	5.0	5.0	1.155	8.32302514906e-19	1.71776428819e-17	4.3728075902e-20	0.937004535591	1.78904396358e-16	1.45663197148e-18	-3.30272704513e-18	0.925045692229	515839443.159	-13477999.4195	3115076.98866	-10934188.4958	-8124.4576025	3135394.65667	2494895.85087	3095364.37837	-8925.6697	595127020.3185719	-12614796.938893132	2878359.9773261202	-12614838.018699752	-7604.124299478456	2897133.6906710793	2878376.117655217	2897120.846327301	-8247.401437857872	595577904.186	0.14410034397375687	0.0	0.0	0.0	-0.06506715621007245	0.0	0.0	0.0	-0.07791214568537912	0.14391786427
510	1600.0	nan	nan	1	1	5.0	5.0	5.0	1.16	1.82203404399e-18	-1.28101292476e-16	-7.12301769082e-19	0.935187060746	8.0130428541e-17	-5.86887953329e-19	1.42973867541e-18	0.922852852754	515313021.003	-13376201.5015	2998870.65652	-10783947.0508	-14382.0011244	3117493.08442	2385926.24562	3076365.20464	-15798.2310924	597090509.1519716	-12495175.321327299	2764402.3672910556	-12495303.190082962	-13434.727751428447	2873750.237892819	2764560.2939033913	2873739.7967649577	-14563.038034298246	597536516.734	0.14842000511827322	0.0	0.0	0.0	-0.06700870473479315	0.0	0.0	0.0	-0.08028547999018379	0.148243044213
520	1650.0	nan	nan	1	1	5.0	5.0	5.0	1.165	3.95551151478e-19	2.86775974485e-17	6.6788547891e-19	0.933380612732	2.39463758076e-16	3.79735458166e-19	7.70793364557e-19	0.920674916639	514708233.652	-13263242.2946	2878201.78927	-10626181.5877	7795.17142532	3097843.06303	2274587.20184	3055717.70672	7936.32642546	598957529.1306441	-12365664.719075436	2646893.9273732356	-12365513.22038018	7267.640455643301	2848883.640493148	2646899.8184462567	2848924.8554876964	7298.520312062533	599370909.847	0.15272108701766393	0.0	0.0	0.0	-0.06894221627137782	0.0	0.0	0.0	-0.08264827285330872	0.152549599641
530	1700.0	nan	nan	1	1	5.0	5.0	5.0	1.17	6.81067429152e-20	2.54101943242e-17	9.47088714149e-19	0.931585008546	1.68122011047e-16	2.70203510174e-19	4.90571042803e-19	0.918511587743	514010869.267	-13144462.0833	2757177.22109	-10466083.3227	-1553.56844394	3073701.14	2164664.47541	3030525.6321	-2144.28626023	600710429.1631466	-12231291.501488307	2529626.073637045	-12231425.015198613	-1445.639112876232	2820027.122971108	2529784.1033441382	2819989.2984621283	-1967.3172952861898	601121405.245	0.1570037488096647	0.0	0.0	0.0	-0.07086783325900986	0.0	0.0	0.0	-0.08500075846423981	0.15683776404
540	1750.0	nan	nan	1	1	5.0	5.0	5.0	1.175	1.13326390898e-18	2.26785024814e-16	-7.85093662986e-20	0.929799973973	1.95728376515e-16	-1.09849585347e-18	-2.23321560033e-18	0.916363053999	513245673.164	-13031686.069	2635947.58196	-10312269.1606	2120.09974515	3052925.16626	2055891.09592	3008821.43582	1067.01084015	602376743.2897301	-12103059.596377166	2412733.606170675	-12103114.429772183	1969.0233044258184	2794401.222608028	2412920.454417401	2794415.4700912763	976.6555791158953	602773848.1	0.16126814759612232	0.0	0.0	0.0	-0.07278579771769467	0.0	0.0	0.0	-0.08734264567231424	0.161107609082
550	1800.0	nan	nan	1	1	5.0	5.0	5.0	1.18	-4.67681300893e-19	5.59290561116e-18	8.58097315128e-19	0.928025351704	3.62917566059e-16	-1.00309876779e-18	-1.19394587871e-18	0.914229117336	512411495.785	-12926160.897	2518890.4327	-10165996.9927	-343.630907956	3044312.35146	1951762.83149	2999054.48978	-1433.34404224	603954157.2070516	-11982087.896572039	2300209.692707466	-11982159.253647411	-318.5335364384252	2780016.4261020706	2300446.585716702	2780016.0302424384	-1308.9064201220199	604343760.424	0.16551443847757333	0.0	0.0	0.0	-0.07469622792253264	0.0	0.0	0.0	-0.08967406351950208	0.16535932011
560	1850.0	nan	nan	1	1	5.0	5.0	5.0	1.185	1.21240854999e-18	3.81678869384e-17	-3.2494301439e-19	0.926261057743	1.27088743997e-16	-8.49044650504e-19	-4.52024426258e-19	0.912109654717	511518261.179	-12821867.8915	2400587.43823	-10022245.4301	4129.24468411	3046812.93398	1847852.84339	3000292.65984	4017.55525575	605453346.7812327	-11862764.114636939	2187085.5599787273	-11862728.075300388	3820.368145556513	2775837.474504703	2187192.077582906	2775864.2032299684	3660.2445494533185	605829074.069	0.16974277458709455	0.0	0.0	0.0	-0.07659916425902434	0.0	0.0	0.0	-0.091995060700199	0.169593028475
570	1900.0	nan	nan	1	1	5.0	5.0	5.0	1.19	-5.29541175822e-19	-3.55660664223e-17	3.42095431572e-19	0.924507152822	2.34129912198e-16	1.87204869255e-18	-8.46086652634e-19	0.910004313414	510569800.526	-12718376.5793	2280585.43387	-9880977.29921	550.282352632	3059441.46927	1744198.35978	3011418.97416	187.46256265	606878003.8138288	-11744682.144505586	2072951.3470393906	-11744814.857628772	508.15379471633327	2780897.054204781	2073204.5211999132	2780870.5328796683	170.39518274276872	607248227.638	0.17395330712343798	0.0	0.0	0.0	-0.0784944912222051	0.0	0.0	0.0	-0.09430593946709054	0.173808909225
580	1950.0	nan	nan	1	1	5.0	5.0	5.0	1.195	1.12734791324e-19	-9.27146382197e-17	1.50528342639e-18	0.922763616917	-5.77997019058e-17	1.02713332766e-18	-1.40775552345e-18	0.907912957152	509576249.747	-12614136.2052	2165547.20524	-9740459.07538	12597.0702135	3079139.70954	1645380.61695	3029657.64512	12589.9806138	608239333.3768909	-11626403.645481294	1963854.404620806	-11626386.311637353	11610.67398275296	2792357.5465780674	1963955.7575570021	2792424.4765379047	11417.386248923402	608589814.67	0.17814618538347404	0.0	0.0	0.0	-0.08038218029442996	0.0	0.0	0.0	-0.09660676714331583	0.178007077263
590	2000.0	nan	nan	1	1	5.0	5.0	5.0	1.2	8.48727013149e-19	-2.2033619241e-16	6.57879902221e-19	0.921030148079	-2.56919386583e-17	-6.78685148988e-20	-3.66209400789e-19	0.90583547539	508527380.942	-12512207.8837	2053607.52479	-9603579.44068	1147.25038617	3099251.9376	1550377.23421	3048126.64807	-389.858676013	609524505.2724597	-11510743.60230167	1858071.2125015906	-11510918.048467634	1055.4256423478075	2804153.537630423	1858293.087221818	2804157.7185577904	-352.73788886112357	609877971.64	0.1823215567939546	0.0	0.0	0.0	-0.08226250919200254	0.0	0.0	0.0	-0.09889758392170744	0.18218772906
600	2050.0	nan	nan	1	1	5.0	5.0	5.0	1.205	-6.58303418694e-20	-3.55861834548e-17	-2.39869142751e-19	0.919306469165	1.67769115945e-16	1.62736204991e-19	-3.91415248415e-19	0.903772053996	507438855.252	-12419560.6476	1945245.36576	-9475100.09261	3584.95049925	3122086.00044	1459134.27305	3069340.58579	2723.89269352	610751432.4451728	-11404080.584852317	1756010.1674483377	-11404193.61707942	3291.828555469912	2818366.6990918634	1756208.335588667	2818377.2659841296	2458.909991023464	611094955.323	0.18647956694261839	0.0	0.0	0.0	-0.08413573108182004	0.0	0.0	0.0	-0.1011781030450794	0.186350933617
610	2100.0	nan	nan	1	1	5.0	5.0	5.0	1.21	-2.66574503391e-18	9.75162562394e-18	-5.32360207349e-19	0.917592411962	-1.07175025877e-16	1.80746243032e-18	4.87043944671e-21	0.901722538039	506305796.976	-12333964.1486	1844584.873	-9353432.55308	-135.111624513	3144588.59845	1374784.71229	3090220.29351	-827.915769251	611913678.8743534	-11304318.535348618	1661358.887008315	-11304419.893753704	-123.83243723801684	2832230.866950152	1661544.4183773987	2832247.12844659	-745.6773830647525	612253701.293	0.1906203596086497	0.0	0.0	0.0	-0.08600198264101164	0.0	0.0	0.0	-0.10344841373596884	0.190496860077
620	2150.0	nan	nan	1	1	5.0	5.0	5.0	1.215	-8.40839018828e-19	4.23707585436e-17	2.85873619698e-21	0.91588822696	-1.00294021381e-16	-2.66815378385e-19	-1.2204421281e-18	0.899686529063	505145733.72	-12251880.6805	1742649.43841	-9235645.65704	9781.55027369	3163412.51844	1290550.73843	3107507.66736	9765.52046254	613031788.1990535	-11208184.279958293	1565998.263715638	-11208140.53127554	8948.292990290203	2842739.567754551	1566178.9739669105	2842789.568020248	8775.596371563044	613355996.676	0.19474407679251185	0.0	0.0	0.0	-0.08786094472284701	0.0	0.0	0.0	-0.10570887736983307	0.194625637543
630	2200.0	nan	nan	1	1	5.0	5.0	5.0	1.22	4.13450016445e-18	1.66616674681e-17	1.67024309287e-19	0.914193858655	-2.46244759745e-16	-1.61677413807e-19	-1.40623351112e-18	0.897663759091	503953283.628	-12169524.2248	1637650.81793	-9119191.16483	8677.06965574	3182240.27852	1205177.98812	3124698.17854	8023.33444724	614098855.2815739	-11112200.7047432	1468328.3236917586	-11112309.488491643	7923.1807063677525	2853217.2320164237	1468585.3767774159	2853215.3484622063	7193.7735995670655	614417984.012	0.19885085874516517	0.0	0.0	0.0	-0.08971263083293736	0.0	0.0	0.0	-0.10795971388102629	0.198737443227
640	2250.0	nan	nan	1	1	5.0	5.0	5.0	1.225	1.62683265432e-19	1.62130364676e-16	-8.2204547531e-19	0.912509147614	-1.04809951069e-16	-4.50833286176e-19	-8.17042686966e-19	0.89565413249	502725631.818	-12088463.6245	1537834.07584	-9004835.97924	-786.769955859	3206909.29648	1124525.07033	3147646.81526	-1896.50513986	615110963.4261292	-11017794.942324555	1375739.3655398074	-11017885.272040086	-717.0861665887435	2868886.461937216	1375914.9238245697	2868861.440018607	-1696.604867094545	615432799.283	0.20294084399669038	0.0	0.0	0.0	-0.09155716879327297	0.0	0.0	0.0	-0.1102009533753261	0.202832418788
650	2300.0	nan	nan	1	1	5.0	5.0	5.0	1.23	1.34387071038e-18	-2.41798366167e-16	-3.26001805574e-19	0.910834096116	1.00840675269e-16	-9.57464867753e-19	-1.46907276789e-20	0.893657551047	501477252.84	-12008004.2814	1445756.14387	-8892069.92527	8318.04365636	3233442.23536	1050490.14338	3172480.58846	8346.19431705	616085275.3635916	-10924324.530567108	1290478.14974595	-10924270.876569875	7567.369750380475	2886162.0757345255	1290570.022041453	2886175.4795461236	7449.791201202269	616392587.426	0.20701416938432612	0.0	0.0	0.0	-0.09339451014409363	0.0	0.0	0.0	-0.11243262971211392	0.206910652852
