inc	time	elem	node	ip	grain	1_pos	2_pos	3_pos	1_f	2_f	3_f	4_f	5_f	6_f	7_f	8_f	9_f	1_p	2_p	3_p	4_p	5_p	6_p	7_p	8_p	9_p	1_Cauchy	2_Cauchy	3_Cauchy	4_Cauchy	5_Cauchy	6_Cauchy	7_Cauchy	8_Cauchy	9_Cauchy	Mises(Cauchy)	1_ln(V)	2_ln(V)	3_ln(V)	4_ln(V)	5_ln(V)	6_ln(V)	7_ln(V)	8_ln(V)	9_ln(V)	Mises(ln(V))
0	0.0	nan	nan	1	1	5.0	5.0	5.0	1.0	0.0	0.0	0.0	1.0	0.0	0.0	0.0	1.0	3.00283996981e-07	2.82896740845e-07	7.20418820955e-07	2.82896740845e-07	3.34635340805e-06	4.44274591189e-07	7.20418820955e-07	4.44274591189e-07	-1.12915898973e-07	3.00283996981e-07	2.82896740845e-07	7.20418820955e-07	2.82896740845e-07	3.34635340805e-06	4.44274591189e-07	7.20418820955e-07	4.44274591189e-07	-1.12915898973e-07	3.6189984585e-06	0.0	0.0	0.0	0.0	0.0	0.0	0.0	0.0	0.0	0.0
10	2.5	nan	nan	1	1	5.0	5.0	5.0	1.00025	6.28941608876e-22	-4.39875908945e-21	2.74779059732e-22	0.999930902755	3.11797977084e-21	1.17114557571e-21	9.1245130148e-22	0.999924980368	55666860.1475	2347910.81099	-390693.180744	2347161.78654	29.6452384493	-300700.809185	-390566.229487	-300699.02848	29.4676702624	55674883.54924534	2347500.0885877665	-390622.5228011952	2347500.0887529296	29.640052577888834	-300646.426611605	-390622.5227602156	-300646.42689617985	29.46234095269455	55829656.6387	0.0002499687552074404	0.0	0.0	0.0	-6.90996323244218e-05	0.0	0.0	0.0	-7.502244611307588e-05	0.00021471376118
20	5.0	nan	nan	1	1	5.0	5.0	5.0	1.0005	-3.16494811999e-21	-1.3543760334e-19	-4.13693703853e-22	0.999861779446	-3.10024708645e-20	-1.9509183994e-21	4.44208913638e-22	0.999849930657	111377339.825	4697500.75324	-781668.867133	4694504.20574	-353.112964456	-601419.050553	-781160.981891	-601411.922062	-417.052526426	111409455.73458922	4695857.880958691	-781386.2316568181	4695857.876718986	-352.9894691056106	-601201.5897241436	-781386.2314391438	-601201.5883061782	-416.9017287617261	111719388.95	0.0004998750416509929	0.0	0.0	0.0	-0.000138230107341131	0.0	0.0	0.0	-0.0001500806045303121	0.000429408108772
30	7.5	nan	nan	1	1	5.0	5.0	5.0	1.00075	4.58950823117e-21	8.02141079929e-20	-3.54550290056e-22	0.999790548818	2.32378298521e-21	-2.33303706831e-22	1.89089610621e-21	0.999770357018	163463353.377	6876505.21751	-1087208.20858	6869912.82924	-1469.46887947	-1069933.55632	-1086143.97761	-1069911.88916	-2418.52882479	163535152.84234563	6872930.0238779625	-1086621.0075742828	6872930.362270616	-1468.7048815358487	-1069355.685351621	-1086621.0543080468	-1069355.6266324555	-2417.2225777003755	163991054.677	0.0007497188905459742	0.0	0.0	0.0	-0.00020947311996215995	0.0	0.0	0.0	-0.00022966935398732936	0.000646298612514
40	10.0	nan	nan	1	1	5.0	5.0	5.0	1.001	-1.17596131784e-20	5.22180509141e-20	-1.60855609869e-21	0.999697881584	3.75485197383e-20	-2.49986905811e-21	-1.3860703633e-21	0.999655810031	185481169.46	7871380.08388	-647536.073523	7861140.49442	3529.49244205	-1962591.69364	-646666.438821	-1962509.22101	4039.3988503	185601105.71094587	7866224.0427220985	-647084.6805373632	7866223.682766313	3527.1804957199047	-1961223.5843401453	-647084.5877280319	-1961223.705864186	4036.583012879091	186131121.515	0.0009995003330834232	0.0	0.0	0.0	-0.0003021640629625414	0.0	0.0	0.0	-0.0003442492159623409	0.000882139345329
50	12.5	nan	nan	1	1	5.0	5.0	5.0	1.00125	3.54053981688e-21	4.13775077746e-19	1.53793555389e-21	0.999596014985	5.07380748718e-19	3.36422109944e-21	-1.18876193782e-21	0.999526640773	195078902.268	8449250.43227	-284599.758546	8435292.987	-1304.92030034	-2168466.97899	-284109.936796	-2168316.61719	-483.343767321	195250166.5396671	8442698.48392977	-284359.32988792553	8442698.525440708	-1303.9084034309817	-2166635.0673661074	-284359.3634681467	-2166635.201947906	-482.9354405748377	195834469.374	0.0012492194004318981	0.0	0.0	0.0	-0.00040406663893019463	0.0	0.0	0.0	-0.0004734712968469109	0.00112603877701
60	15.0	nan	nan	1	1	5.0	5.0	5.0	1.0015	-6.96444716739e-21	1.39719594254e-19	8.33798057453e-22	0.999492127483	1.21445106571e-20	-6.84977925498e-21	-6.76695779614e-21	0.999393775274	201653840.756	8939913.02233	-75229.4828897	8921988.87973	-3013.5908964	-2283288.85473	-75071.2555137	-2283064.0724	-2679.83132313	201878691.09377193	8931937.999139965	-75154.97682542812	8931937.176304385	-3010.9025640611912	-2281027.5223423876	-75154.96231093201	-2281027.4207148836	-2677.1772614891447	202512021.764	0.0014988761237359487	0.0	0.0	0.0	-0.0005080015279293668	0.0	0.0	0.0	-0.0006064085545072454	0.00137189774709
70	17.5	nan	nan	1	1	5.0	5.0	5.0	1.00175	-7.07404859855e-21	-1.28188386322e-19	-3.73017097231e-21	0.999387605036	8.63538302402e-20	-4.75877975754e-21	1.39277569614e-20	0.999258958323	206843413.207	9351741.70291	53808.6601626	9329686.96135	-6184.16722697	-2399894.71306	53674.5883652	-2399585.53455	-6570.45085566	207123647.94652614	9342327.798866093	53747.5742522595	9342326.969339319	-6177.941952714613	-2397170.2491386607	53747.3075495167	-2397169.998633266	-6562.991796641384	207802622.002	0.001748470534116803	0.0	0.0	0.0	-0.0006125825543861549	0.0	0.0	0.0	-0.0007413163841048059	0.00161865396644
80	20.0	nan	nan	1	1	5.0	5.0	5.0	1.002	-2.00136349207e-21	-2.58536024236e-19	5.50323261532e-21	0.999282714589	-2.40453028865e-19	3.92237414245e-21	1.80293320288e-20	0.999123129711	211264131.741	9672309.62702	122303.768768	9646079.1415	-2828.60549176	-2503536.30667	121952.442668	-2503136.34007	-2932.56549572	211601324.10785946	9661475.480577258	122147.26391946487	9661474.960136283	-2825.43711447389	-2500332.680367847	122147.08731708756	-2500332.5272558704	-2928.8128663174048	212309137.907	0.001998002662673058	0.0	0.0	0.0	-0.0007175427832602672	0.0	0.0	0.0	-0.0008772549646415864	0.00186588087468
90	22.5	nan	nan	1	1	5.0	5.0	5.0	1.00225	2.79917919288e-20	-4.71079772439e-19	1.67338637919e-21	0.99917757541	1.03519089401e-18	2.03775297668e-20	1.31968394927e-20	0.998986717513	215203520.853	9925065.3064	154863.586141	9894638.90802	1635.55450052	-2588511.77651	154359.048954	-2588017.29245	1752.99195941	215599118.01053953	9912828.537858859	154643.10760342173	9912827.695133604	1633.5379997473144	-2584826.5248300508	154642.79896312937	-2584826.4853761406	1750.4962332471991	216326508.561	0.00224747254047937	0.0	0.0	0.0	-0.0008227629666418346	0.0	0.0	0.0	-0.0010137962047557418	0.00211338136622
100	25.0	nan	nan	1	1	5.0	5.0	5.0	1.0025	3.04311475552e-20	6.80613720586e-19	-1.22538535944e-20	0.999072216784	5.52594389301e-19	-1.02576470564e-20	1.59712032672e-20	0.998849957402	218818364.285	10133414.383	161791.492247	10098765.4439	-182.354375587	-2659912.97021	161202.498783	-2659320.75836	-281.835232655	219273742.9655269	10119782.203559218	161537.89433863654	10119781.790027166	-182.10905969683293	-2655743.7252373146	161537.97419628766	-2655743.2536416124	-281.3934737929499	220021687.92	0.002496880198587146	0.0	0.0	0.0	-0.0009282138732393228	0.0	0.0	0.0	-0.0011507044044409983	0.00236105649015
110	27.5	nan	nan	1	1	5.0	5.0	5.0	1.00275	8.25526251328e-22	1.00248923907e-18	-2.14396942968e-20	0.998966671495	-1.29397827776e-19	2.10976163394e-20	-7.10382710061e-21	0.998713045129	222208687.146	10317252.5202	154006.326828	10278325.474	42.4621275998	-2718404.55626	153386.373189	-2717713.92398	-167.942853966	222725176.4799613	10302216.373557506	153742.83776470483	10302215.83376265	42.40024418887336	-2713753.644281649	153742.8958197965	-2713753.1849156707	-167.65552093111734	223488486.032	0.0027462256680252286	0.0	0.0	0.0	-0.001033862756969678	0.0	0.0	0.0	-0.0012877837086135498	0.00260882161569
120	30.0	nan	nan	1	1	5.0	5.0	5.0	1.003	-3.68260808709e-21	2.80597034571e-19	-9.05266462378e-21	0.998860924793	-1.356430414e-19	-3.30376970629e-20	-4.50983005867e-20	0.998576092956	225429153.167	10485460.9115	137249.271328	10442190.1827	27.9905049664	-2767660.06957	136643.918379	-2766870.53867	-163.48791856	226008041.1943123	10469005.50633719	136994.8024457654	10469005.076828646	27.94657794174955	-2762528.6516943765	136994.8114522488	-2762528.33796646	-163.18480155622794	226784956.42	0.002995508979798371	0.0	0.0	0.0	-0.00113972444623171	0.0	0.0	0.0	-0.001424921762992792	0.0028566375319
130	32.5	nan	nan	1	1	5.0	5.0	5.0	1.00325	1.85429077916e-20	-6.1801258843e-19	3.63297725033e-21	0.998755025763	-2.35617434402e-19	3.49141304331e-21	2.98310280208e-20	0.998439126858	228517364.44	10642532.8667	116823.662439	10594849.5495	5.85613896012	-2809874.58589	116263.585701	-2808985.59285	-103.088663949	229159906.8497393	10624640.398323083	116590.36749247235	10624640.021559065	5.846293486071696	-2804263.312218393	116590.4942696522	-2804263.062365876	-102.88279757020761	229949052.051	0.0032447301648890294	0.0	0.0	0.0	-0.0012457498612465732	0.0	0.0	0.0	-0.0015620925735663703	0.00310447807085
140	35.0	nan	nan	1	1	5.0	5.0	5.0	1.0035	9.24208898405e-21	-1.27359768484e-18	5.95570041038e-23	0.998649032292	2.3400304668e-18	-5.33405608547e-20	-1.79849744684e-20	0.998302136687	231498119.226	10791251.3986	95806.133583	10739085.4956	-15.6904834257	-2847008.62004	95310.147796	-2846019.52619	-79.0426565879	232205542.06245032	10771902.969336174	95601.13569440594	10771902.497947924	-15.66235080257856	-2840916.830985475	95601.40102657386	-2840916.6882102364	-78.87352777429068	233005959.633	0.003493889254255838	0.0	0.0	0.0	-0.001351881087597631	0.0	0.0	0.0	-0.001699306316494847	0.00335232836935
150	37.5	nan	nan	1	1	5.0	5.0	5.0	1.00375	-3.28365887765e-20	7.26361151158e-19	-2.92160192354e-21	0.998542980215	-7.16461039997e-19	-2.14549971381e-20	-1.86173540467e-20	0.998165123229	234389677.705	10931887.3236	74943.8125305	10875176.9345	-5.55774709134	-2879825.64574	74527.0983354	-2878735.73136	-78.941682693	235163181.87609383	10911066.363687059	74772.76859674898	10911065.864433195	-5.5471617618363345	-2873253.0323336036	74773.04355784494	-2873252.868292687	-78.76151443775885	235973895.904	0.003742986278834297	0.0	0.0	0.0	-0.0014580822704937284	0.0	0.0	0.0	-0.0018365622194247402	0.00360017661823
160	40.0	nan	nan	1	1	5.0	5.0	5.0	1.004	7.52585464913e-20	-5.41089030763e-19	0.0	0.998436880938	-1.42514947737e-18	2.06930862458e-20	-4.10360165984e-20	0.998028099706	237204303.11	11064271.03	54308.1362866	11002963.929	-6.12999969172	-2908389.03687	53985.291433	-2907198.07687	-62.018987036	238045063.28646344	11041963.920826117	54176.45345687095	11041963.448710553	-6.117640759799936	-2901336.964666548	54176.6399142735	-2901336.7612248026	-61.86860743787243	238865035.736	0.003992021269537457	0.0	0.0	0.0	-0.001564342007173318	0.0	0.0	0.0	-0.0019738470490102025	0.00384801397654
170	42.5	nan	nan	1	1	5.0	5.0	5.0	1.00425	3.90313443839e-20	-1.45920336581e-18	-1.00386639139e-20	0.998330749967	1.51030746294e-18	-1.42616277362e-20	2.79944802658e-20	0.997891068537	239951133.677	11189587.0944	33799.7723254	11123633.0587	-4.94967637724	-2932733.96995	33585.8155596	-2931442.23663	-43.1147841342	240860299.69574985	11165780.471570687	33713.00665519638	11165780.095169626	-4.93914559736446	-2925205.498279189	33713.07097928013	-2925205.389900571	-43.00410637267336	241688628.933	0.004240994257254614	0.0	0.0	0.0	-0.0016706447831774014	0.0	0.0	0.0	-0.002111158390466903	0.00409583451387
180	45.0	nan	nan	1	1	5.0	5.0	5.0	1.0045	2.16117478642e-20	2.07098097698e-18	2.9389727164e-21	0.99822459674	-1.22403158789e-18	-1.47729287523e-22	-3.05705274884e-20	0.99775403466	242637223.363	11309528.0684	13688.5273528	11238873.7587	-2.51658700869	-2954111.22477	13596.734989	-2952718.5911	-35.9970722694	243615921.3625573	11284207.122157423	13651.441744789645	11284206.717561224	-2.5109526122750783	-2946107.806427237	13651.578582863325	-2946107.737997862	-35.89954729265869	244451970.105	0.004489905272852001	0.0	0.0	0.0	-0.001776981156245617	0.0	0.0	0.0	-0.0022484913030129897	0.00434363329093
190	47.5	nan	nan	1	1	5.0	5.0	5.0	1.00475	-4.77068146484e-20	-3.27925734621e-18	-1.5429399966e-20	0.998118426391	5.67237636166e-18	-1.53193720198e-20	-1.54670366838e-20	0.997617004596	245268310.403	11425371.5117	-5574.13924392	11349961.1278	0.135290750037	-2973559.58466	-5534.4608203	-2972065.71868	-32.297598813	246317644.56291884	11398520.18448648	-5558.24550251118	11398519.793636538	0.13497279657797165	-2965080.9684944884	-5558.138966025108	-2965080.9209401063	-32.20550752119743	247160967.598	0.00473875434717347	0.0	0.0	0.0	-0.0018833459922178606	0.0	0.0	0.0	-0.002385839256370374	0.00459140613662
200	50.0	nan	nan	1	1	5.0	5.0	5.0	1.005	8.17998907754e-20	9.77646627133e-19	1.44756607197e-21	0.998012240084	-1.88896518231e-18	2.63132356708e-20	5.43006849013e-20	0.997479986321	247848944.544	11537385.1826	-24297.2738463	11457165.4094	5.2363463407	-2991598.11196	-24115.4479255	-2990002.54236	-29.9254629488	248969997.78990856	11508988.063670307	-24224.54446533722	11508987.669505846	5.223458052116827	-2982643.318095117	-24224.52525573903	-2982643.2095084335	-29.835886628054947	249820188.486	0.004987541511038968	0.0	0.0	0.0	-0.001989738132655687	0.0	0.0	0.0	-0.0025231942579958663	0.00483914956845
210	100.0	nan	nan	1	1	5.0	5.0	5.0	1.01	1.30280946477e-19	2.73565932156e-18	4.05814808519e-21	0.995891355984	1.51557934347e-18	3.78932472586e-20	1.19473831774e-19	0.994741198844	291538167.462	13286716.2166	-284049.455031	13101116.5749	490.512626655	-3297740.68868	-279761.42025	-3293932.25903	-632.171970979	294288540.6738249	13224710.694780566	-282397.35438935494	13224712.604834214	488.223536493141	-3278560.2276326353	-282400.6915421816	-3278560.365386042	-628.4951052065579	295233723.63	0.009950330853168092	0.0	0.0	0.0	-0.0041171076845813006	0.0	0.0	0.0	-0.005272677320170662	0.00978625051388
220	150.0	nan	nan	1	1	5.0	5.0	5.0	1.015	5.91731922996e-20	2.4597763376e-18	8.5795173134e-21	0.993781821146	-7.85849457912e-18	1.89886030454e-19	9.64260983665e-20	0.992009362494	325455737.169	14524200.6043	-476316.002609	14220594.0467	7507.7518194	-3581845.02157	-465518.818561	-3575458.81849	6188.83036514	330130091.7736785	14424820.7593931	-472213.15572056605	14424837.1792429	7456.38106022788	-3550992.0550076636	-472204.82770016335	-3550994.23331019	6135.521588471617	331125527.737	0.014888612493750559	0.0	0.0	0.0	-0.00623759224727212	0.0	0.0	0.0	-0.0080227337438185	0.0147153211415
230	200.0	nan	nan	1	1	5.0	5.0	5.0	1.02	-1.20493745469e-19	-2.86957226301e-20	-2.15298569835e-20	0.991684188996	1.55432200182e-18	8.01815119069e-20	6.50445202875e-20	0.9892891104	352525736.964	15443350.8156	-646636.802945	15014645.4386	7550.75740137	-3823758.47447	-627153.883131	-3814525.80686	6553.5257309	359330607.36674875	15304464.44434462	-639273.7294600907	15304475.954898814	7482.8513291562695	-3780218.3998750476	-639259.9521347587	-3780220.7098832717	6478.902555537734	360361270.317	0.01980262729617973	0.0	0.0	0.0	-0.008350580250822987	0.0	0.0	0.0	-0.010768664092496391	0.0196245542445
240	250.0	nan	nan	1	1	5.0	5.0	5.0	1.025	2.70038074052e-19	5.79229542987e-18	3.13964673301e-20	0.989599719297	-1.51975246966e-18	-9.35723252532e-20	-2.8243254835e-20	0.986581977958	374461548.191	16124660.8515	-795081.836674	15567788.1993	6980.15146626	-4030887.65554	-765269.42976	-4018597.00545	6891.0109377	383543376.5117964	15945331.246621972	-783841.7712023633	15945354.28170173	6902.522062704723	-3973903.0294710505	-783829.5345659789	-3973904.3809174146	6793.592772005855	384593615.981	0.024692612590371414	0.0	0.0	0.0	-0.010454741556890053	0.0	0.0	0.0	-0.013508857166692085	0.0245131094964
250	300.0	nan	nan	1	1	5.0	5.0	5.0	1.03	-3.84890447743e-19	-4.81191807274e-18	2.37731708048e-20	0.987529612491	2.00435457717e-18	-2.72256572454e-19	-2.96686524666e-19	0.983888443931	392423422.344	16629160.776	-955848.168489	15943511.2886	-8764.68038247	-4208090.28033	-913061.277293	-4192575.34861	-8128.08989799	403886125.0532497	16409193.935517833	-939726.686505112	16409221.844180917	-8648.74313960262	-4137115.983493551	-939731.8310393124	-4137116.8943115626	-7991.000285671119	404959881.251	0.02955880224154443	0.0	0.0	0.0	-0.012548795323813167	0.0	0.0	0.0	-0.016242758345567525	0.0293805607985
260	350.0	nan	nan	1	1	5.0	5.0	5.0	1.035	7.38493615998e-19	-3.17027292975e-17	-1.47767544626e-19	0.98547469765	2.28368817607e-17	7.82512859475e-21	3.35570630901e-20	0.981208999919	407292530.855	16991537.7426	-1130282.32356	16178523.6455	-5689.60935526	-4367167.08085	-1071544.4538	-4348271.26813	-4771.96274443	421210748.17869186	16731343.353144765	-1108156.5245705121	16731384.773598423	-5602.483372029102	-4281677.7663926575	-1108161.8416727341	-4281685.429641686	-4678.549367729539	422281094.725	0.03440142671733232	0.0	0.0	0.0	-0.014631827351127629	0.0	0.0	0.0	-0.01896979428051274	0.0342265822373
270	400.0	nan	nan	1	1	5.0	5.0	5.0	1.04	-1.18356310767e-18	-1.41103653535e-17	1.76487255494e-20	0.983434555194	-1.30142112483e-17	1.06535899813e-19	-1.32018025763e-19	0.978544814711	419706151.962	17230342.3168	-1302785.73136	16293224.9991	6469.20679586	-4503117.36797	-1225781.16447	-4480720.43668	6571.35132989	436133202.99923885	16930892.27392202	-1273779.3086791027	16930932.20775122	6356.776977764223	-4402855.811051754	-1273757.5156745394	-4402848.97584548	6425.040705148597	437183698.664	0.03922071315328133	0.0	0.0	0.0	-0.016704186128657105	0.0	0.0	0.0	-0.021688693796708097	0.0390509511376
280	450.0	nan	nan	1	1	5.0	5.0	5.0	1.045	-3.26517966277e-19	-8.15313548613e-18	-1.00201350682e-19	0.981408427691	8.22540460189e-18	-2.39291357093e-19	-1.60962729758e-19	0.97589696418	430130674.471	17372986.6974	-1456826.30517	16315820.9673	-9527.31227021	-4627070.85477	-1360493.56008	-4601089.3894	-8620.28393292	449103732.9894625	17035474.30028481	-1420501.5146826834	17035511.62030924	-9342.221125066599	-4511698.569980102	-1420504.9135161045	-4511702.070097552	-8405.344096445835	450155392.538	0.04401688541677426	0.0	0.0	0.0	-0.018766567946250534	0.0	0.0	0.0	-0.024398267629600474	0.0438535725743
290	500.0	nan	nan	1	1	5.0	5.0	5.0	1.05	6.64417937782e-19	1.87951068886e-18	-7.46116912523e-20	0.979396445279	1.15126997655e-17	-2.77825152338e-19	7.25086672629e-19	0.973265807812	438954071.919	17444322.3481	-1600328.88424	16271321.0362	-9155.90196994	-4741962.97755	-1483389.25463	-4712284.6499	-9450.07557439	460499425.14503413	17069992.79967818	-1556185.704207924	17069972.60730063	-8959.429755003293	-4611161.535743344	-1556199.0256454162	-4611165.939190996	-9189.406413503659	461533622.606	0.04879016416943205	0.0	0.0	0.0	-0.020818769208968708	0.0	0.0	0.0	-0.027098050330129294	0.0486343593161
300	550.0	nan	nan	1	1	5.0	5.0	5.0	1.055	-1.10459713767e-18	3.04698447186e-17	-9.42588851616e-20	0.97739858883	-1.52882829535e-17	-3.05844241227e-19	1.83918646117e-19	0.970651427707	446451425.561	17454673.9723	-1723360.14078	16170757.1736	-7959.92143645	-4844157.96948	-1585584.08584	-4810724.04808	-10171.0934823	470586223.2218689	17044959.903650787	-1671290.238994404	17044935.03498204	-7773.077969592193	-4697795.741564845	-1671299.4602235756	-4697801.782902466	-9863.782302156436	471599270.093	0.05354076692802976	0.0	0.0	0.0	-0.022860737947002142	0.0	0.0	0.0	-0.029787857934586846	0.0533933717484
310	600.0	nan	nan	1	1	5.0	5.0	5.0	1.06	4.27195772992e-19	8.04994305035e-18	-1.16261889456e-19	0.975414429422	2.6795510092e-17	2.10270138892e-19	-2.17052192734e-21	0.968054291783	452846602.049	17409170.1773	-1826968.8197	16019941.0891	-7088.66723724	-4935570.65351	-1668508.04616	-4898330.88396	-10065.8396328	479581280.31235814	16965727.634999815	-1766998.147960907	16965709.410816804	-6908.106269130323	-4773559.411547286	-1767011.6577407825	-4773561.680253612	-9735.426131547074	480569891.694	0.058268908123975824	0.0	0.0	0.0	-0.02489284247748843	0.0	0.0	0.0	-0.03246710672566648	0.0581306395263
320	650.0	nan	nan	1	1	5.0	5.0	5.0	1.065	-7.65042804938e-20	2.65879340804e-17	1.40071456207e-19	0.973443985993	-1.74757058351e-17	1.81062391462e-19	7.92108154581e-20	0.965474377647	458322830.752	17319901.9885	-1897782.14148	15831001.4773	5418.92643049	-5013494.52098	-1720432.07954	-4972438.76257	6271.44206751	487662962.4046375	16844381.523805358	-1830567.6423741851	16844443.611035675	5270.149005763111	-4835929.606845745	-1830567.7750066705	-4835919.72264628	6049.323928643919	488611357.816	0.06297479916138839	0.0	0.0	0.0	-0.02691499461009852	0.0	0.0	0.0	-0.03513571537663062	0.0628462468377
330	700.0	nan	nan	1	1	5.0	5.0	5.0	1.07	-5.23446509068e-19	-1.72513744529e-17	5.57347679293e-19	0.971487203551	-5.44602480415e-19	6.43993194097e-20	1.973719116e-19	0.962911509334	463002815.174	17202751.1629	-1952311.96331	15619025.3326	6421.89040116	-5081568.23831	-1756901.79409	-5036695.84549	6565.71842873	494948679.03687596	16696588.813795036	-1878141.6916729386	16696693.201117247	6232.936954099989	-4888514.411021708	-1878122.969631555	-4888499.444999216	6316.280260802306	495869531.033	0.06765864847381486	0.0	0.0	0.0	-0.028927182098020914	0.0	0.0	0.0	-0.037793762025112754	0.0675403579546
340	750.0	nan	nan	1	1	5.0	5.0	5.0	1.075	1.5487468045e-19	-3.4009663234e-18	4.12465340643e-20	0.969543439602	2.22700248131e-17	-5.69209449277e-19	-3.48818755591e-19	0.960366215086	467014212.965	17051566.1463	-1999356.9355	15378905.5378	4083.19562958	-5142152.2983	-1786153.27557	-5093462.74129	3963.3374326	501563532.4119666	16516534.783699902	-1918291.4769736014	16516624.059891311	3955.076153473523	-4933659.794298948	-1918291.3955366802	-4933643.855010364	3802.6408803417085	502458496.343	0.07232066157962608	0.0	0.0	0.0	-0.030929999112378433	0.0	0.0	0.0	-0.04044059321506454	0.0722130350135
350	800.0	nan	nan	1	1	5.0	5.0	5.0	1.08	-1.08270662994e-18	-1.37110116527e-17	-1.472182967e-19	0.967612582336	7.16953303451e-17	2.12939450728e-19	-1.20662490314e-18	0.957838437537	470453699.927	16882247.7422	-2042280.25126	15125524.468	4252.04174431	-5202212.70111	-1811282.16042	-5149649.52897	3848.20393706	507601761.2349211	16319778.221265603	-1954294.7943927266	16319869.225707108	4110.375544438812	-4978091.128693333	-1954304.9929573287	-4978077.535253817	3682.4157298285195	508468685.529	0.0769610411361284	0.0	0.0	0.0	-0.032923496676408995	0.0	0.0	0.0	-0.04307616081078466	0.0768644088864
360	850.0	nan	nan	1	1	5.0	5.0	5.0	1.085	-2.23001275699e-19	-3.32153580877e-17	1.64774378021e-20	0.965694405354	-3.78552126669e-17	7.0742471219e-19	-1.25306613145e-18	0.9553281666	473390461.301	16707092.2368	-2077849.11441	14870087.3891	950.135470069	-5269564.34603	-1829522.17871	-5212984.61551	983.163554965	513129761.97212553	16118274.569151836	-1983099.7234678648	16118373.78705009	916.6492988368693	-5029273.552606097	-1983103.4987569652	-5029260.398316219	938.3315470086004	513973034.851	0.08157998699242285	0.0	0.0	0.0	-0.034907845384231785	0.0	0.0	0.0	-0.04570036758101065	0.0814946246183
370	900.0	nan	nan	1	1	5.0	5.0	5.0	1.09	4.91940853898e-20	-8.01729919466e-18	-9.15324978627e-20	0.963788830779	-3.76334091487e-19	-2.54702145495e-19	8.36458270303e-19	0.952835229956	475892733.479	16530953.5068	-2107625.61764	14616804.3852	-13889.7949124	-5340016.7447	-1842427.86541	-5279325.8154	-13281.9987795	518214282.25020725	15916720.871309478	-2006250.1476703412	15916689.330164673	-13373.698528004701	-5083165.289389839	-2006276.5549946276	-5083164.462222617	-12643.142970793357	519046375.841	0.08617769624105241	0.0	0.0	0.0	-0.036883063576193975	0.0	0.0	0.0	-0.048313286439893265	0.0861038456026
380	950.0	nan	nan	1	1	5.0	5.0	5.0	1.095	1.5417323129e-19	3.37628987137e-17	1.99429936964e-19	0.961896073023	4.94797207814e-17	6.05297685042e-20	-6.7586611746e-19	0.950359244147	478018507.163	16356942.6771	-2139757.03665	14368673.3235	-3186.06971779	-5410473.02325	-1857131.69373	-5345579.1057	-6545.10175126	522912177.93388754	15718105.848600624	-2031525.099238818	15718124.191894272	-3061.6345642245296	-5136803.645097574	-2031546.4027572924	-5136802.143538305	-6214.041247212657	523712435.682	0.09075436326846412	0.0	0.0	0.0	-0.03884886635295258	0.0	0.0	0.0	-0.05091521413521319	0.0906922305123
390	1000.0	nan	nan	1	1	5.0	5.0	5.0	1.1	2.53163589556e-19	-2.28162485675e-17	-2.89698502851e-19	0.960015524938	7.97860170037e-17	5.85954893598e-19	-3.74388562686e-19	0.947900475242	479810031.417	16184639.7244	-2177846.7356	14125033.7469	-1013.06764749	-5481330.60212	-1876730.31722	-5412167.4168	-4843.23443032	527264250.3501437	15521997.535244733	-2062321.5117850683	15522029.224222334	-971.5899640123779	-5190570.038365687	-2062342.8836951384	-5190578.890505133	-4586.322071702279	528040627.919	0.09531017980432493	0.0	0.0	0.0	-0.04080582284060099	0.0	0.0	0.0	-0.053505766160254015	0.0952599257117
400	1050.0	nan	nan	1	1	5.0	5.0	5.0	1.105	-1.05786474178e-18	2.19223376406e-18	4.59780071681e-19	0.958146744373	-1.36938757791e-17	1.31865824531e-19	-1.32003467385e-18	0.945459106078	481307472.145	16009920.3028	-2206105.7447	13882242.2269	586.618848373	-5549154.42322	-1887602.51224	-5475686.63935	-2713.70891283	531309800.1736413	15324423.410278337	-2083684.7787499335	15324448.030414702	561.501584198819	-5241221.384956208	-2083702.7713614237	-5241234.118368972	-2563.1200903249637	532063078.012	0.09984533496971612	0.0	0.0	0.0	-0.04275433489942533	0.0	0.0	0.0	-0.056084642926332307	0.0998070593869
410	1100.0	nan	nan	1	1	5.0	5.0	5.0	1.11	-9.42138865363e-19	-4.06845343213e-17	-3.19007166315e-19	0.956289768952	8.4721241236e-17	2.24900482386e-19	-8.19491141579e-19	0.943034780186	482538009.067	15825791.781	-2221989.74587	13634292.2931	-10487.146327	-5611865.77137	-1887768.93536	-5534072.92184	-10629.4570766	535074566.46039057	15118710.754401753	-2093290.7878337083	15118732.412044605	-10018.590801084629	-5286823.192412434	-2093300.68447498	-5286815.911448768	-10013.792646648146	535815485.837	0.10436001532424286	0.0	0.0	0.0	-0.044694306259630494	0.0	0.0	0.0	-0.05865211454101625	0.104333829262
420	1150.0	nan	nan	1	1	5.0	5.0	5.0	1.115	6.86599613088e-19	-1.69780342739e-17	2.02904095537e-19	0.954444963711	-8.36697821809e-17	-1.55112908466e-20	-1.12039959609e-18	0.940626962188	483538198.771	15631013.3226	-2234415.82145	13380143.8338	-8652.0933193	-5675053.27673	-1885001.29292	-5592890.32258	-8432.435861	538595194.8375878	14903725.48606125	-2099608.1012260965	14903644.00048856	-8249.524266234552	-5332663.562585969	-2099632.751269291	-5332661.441780153	-7923.686574746724	539312888.149	0.10885440491208208	0.0	0.0	0.0	-0.046625297289097714	0.0	0.0	0.0	-0.06120864500002885	0.108840405868
430	1200.0	nan	nan	1	1	5.0	5.0	5.0	1.12	1.81092997145e-19	-3.01011554304e-17	-9.98307737678e-20	0.952612341111	3.9098352631e-17	7.69410318572e-20	1.86071962688e-18	0.938235287253	484321459.978	15427468.7883	-2251334.96577	13121696.6761	-5209.76159843	-5743066.65443	-1885972.8213	-5656365.53225	-6861.29049723	541883274.4287658	14681312.769815823	-2110113.8610144914	14681215.98664884	-4957.789286907265	-5382817.189132979	-2110121.504705004	-5382793.033575715	-6430.897402111048	542577694.54	0.11332868530700327	0.0	0.0	0.0	-0.048547235512437704	0.0	0.0	0.0	-0.0637545221419145	0.113326997537
440	1250.0	nan	nan	1	1	5.0	5.0	5.0	1.125	-1.28361225711e-18	3.41948656644e-17	-4.42971761634e-20	0.950791475925	-1.21692694136e-17	6.49237519181e-19	6.35407059339e-19	0.935859896581	484914257.603	15221970.2518	-2262218.21135	12864798.578	-10578.1850313	-5814938.76973	-1881897.90487	-5723606.16917	-12223.7190332	544965283.3758416	14457976.320231311	-2114933.382585069	14457955.180135582	-10047.263669791666	-5436349.181563284	-2114949.207889691	-5436337.155527175	-11427.876989473774	545644611.574	0.11778303565638346	0.0	0.0	0.0	-0.05046050869720236	0.0	0.0	0.0	-0.066289496848141	0.117793740925
450	1300.0	nan	nan	1	1	5.0	5.0	5.0	1.13	9.46665197675e-19	-6.20917501985e-18	4.80558848669e-20	0.948981973153	-2.78450567056e-17	-5.1703420496e-19	2.39826791103e-18	0.933500940193	485336066.676	15012315.2154	-2273858.75845	12607551.2515	-5946.6378842	-5887063.27383	-1878441.55617	-5791012.96493	-4268.2253932	547860316.1762552	14231624.342174847	-2120445.3245018823	14231740.620806193	-5637.392717417867	-5489872.995695155	-2120435.0048209666	-5489860.817271147	-3980.255389785324	548514103.983	0.12221763272424911	0.0	0.0	0.0	-0.052365476176442605	0.0	0.0	0.0	-0.06881330883107535	0.122240758564
460	1350.0	nan	nan	1	1	5.0	5.0	5.0	1.135	-9.0981926447e-19	7.07415712465e-17	-7.05326982157e-19	0.94718359946	1.03644671962e-17	1.67805167785e-19	-7.83770174006e-20	0.931158354923	485606603.999	14796324.709	-2283097.53895	12347986.3043	-4820.41374935	-5957148.02068	-1873063.76937	-5856345.83002	-2714.02343176	550588162.9575108	14000206.695584347	-2123706.1991371834	14000334.920327898	-4561.050813388024	-5541257.859055045	-2123708.2267559585	-5541244.445063597	-2524.547588660211	551221276.793	0.126632650933366	0.0	0.0	0.0	-0.054262329761588096	0.0	0.0	0.0	-0.07132592495196965	0.12666820884
470	1400.0	nan	nan	1	1	5.0	5.0	5.0	1.14	-8.04945997688e-19	7.50371664896e-17	-3.23248948496e-19	0.94539619094	5.30593217212e-17	6.85236419439e-19	1.57018732597e-18	0.928832006968	485733437.368	14574172.5082	-2282146.58514	12086285.0011	-5571.40315069	-6024159.83463	-1859479.16794	-5918605.69397	-6263.17235826	553155175.5585496	13763911.830547728	-2117506.912557576	13763909.558832815	-5261.65733906279	-5589562.114564255	-2117582.291972307	-5589556.9292696705	-5811.331686365592	553770973.043	0.131028262406404	0.0	0.0	0.0	-0.05615118967702461	0.0	0.0	0.0	-0.07382738863234463	0.131076256901
480	1450.0	nan	nan	1	1	5.0	5.0	5.0	1.145	-2.16218394676e-19	2.46857693961e-17	-3.189608442e-20	0.943619797385	9.47274929048e-17	1.00611632266e-19	5.72064876752e-19	0.926521529266	485723103.599	14352511.5913	-2282066.11927	11828332.3187	-13591.1511861	-6089989.02523	-1846635.67023	-5979612.13486	-12838.2731363	555566694.0403166	13529037.615729254	-2112154.5478881444	13529163.907623358	-12811.360190733258	-5636557.989101174	-2112168.984355303	-5636532.462306449	-11882.39760578909	556170725.605	0.13540463700620298	0.0	0.0	0.0	-0.0580319509724392	0.0	0.0	0.0	-0.07631799632648632	0.135465097177
490	1500.0	nan	nan	1	1	5.0	5.0	5.0	1.15	-1.27916533414e-18	7.73231231258e-17	-1.01442783346e-18	0.941854543113	3.58748893409e-17	-2.66405096801e-19	-1.20530141416e-18	0.924226727366	485612739.896	14137209.9318	-2286934.08981	11578325.2086	9147.11968841	-6149581.75243	-1837960.36402	-6034480.8343	9815.89068873	557863196.8763142	13301093.404523429	-2111407.0675843507	13300972.121790944	8606.1318990686	-5677588.362788016	-2111415.8673508824	-5677583.739085858	9062.500343655218	558428438.898	0.13976194237515863	0.0	0.0	0.0	-0.059904429159873034	0.0	0.0	0.0	-0.07879786150297527	0.139834830806
500	1550.0	nan	nan	1	1	5.0	5.0	5.0	1.155	1.02234229756e-18	2.34970248291e-17	2.5053646393e-19	0.940100280975	2.74314796342e-17	-4.36989591444e-19	8.04257783418e-19	0.921947128585	485367201.175	13935990.0625	-2295182.90066	11343060.479	-11701.5598806	-6206057.50099	-1832074.22749	-6086151.15571	-15026.0156398	560002836.6440701	13087293.064650334	-2113786.5638140524	13087299.73736929	-10988.938911707071	-5715571.058009277	-2113795.0027385126	-5715506.645262944	-13838.457038842387	560573205.826	0.14410034397375687	0.0	0.0	0.0	-0.06176872751989734	0.0	0.0	0.0	-0.08126740133768419	0.14418575481
510	1600.0	nan	nan	1	1	5.0	5.0	5.0	1.16	-2.14061107639e-19	-1.7319944417e-17	3.19913756266e-19	0.938357024051	2.07740653666e-17	1.64959666478e-19	3.38768180276e-18	0.919682779996	485034967.889	13743655.3641	-2292447.58342	11117640.2606	-3921.03238791	-6266080.19947	-1817541.3688	-6141354.49598	-6946.97261195	562039560.3888754	12882679.78901019	-2106072.492759398	12882686.936623637	-3675.3980915245484	-5756650.333457284	-2106095.8890343825	-5756627.428913223	-6382.1864594843955	562587534.763	0.14842000511827322	0.0	0.0	0.0	-0.06362477973869009	0.0	0.0	0.0	-0.08372647274991422	0.14851790467
520	1650.0	nan	nan	1	1	5.0	5.0	5.0	1.165	-2.86363310621e-19	-8.57951863689e-17	5.32677844705e-19	0.936624563067	-1.05598538743e-17	-3.9937603463e-19	-1.12488622373e-18	0.917433413381	484602257.662	13559197.1975	-2279355.35872	10901238.7477	-15740.6742175	-6329973.78987	-1794952.47449	-6200262.37875	-16591.0395681	563956149.6572611	12686256.798507228	-2088914.0452426018	12686322.718156653	-14727.29044324719	-5801101.221488515	-2088876.950790423	-5801089.814480205	-15204.849672252083	564500038.795	0.15272108701766393	0.0	0.0	0.0	-0.06547275679503431	0.0	0.0	0.0	-0.08617527565869106	0.152831512068
530	1700.0	nan	nan	1	1	5.0	5.0	5.0	1.17	-1.43823547466e-18	-3.96430742254e-17	-3.41870438446e-19	0.934903070061	7.26421014219e-17	1.49067210805e-18	6.11451908799e-19	0.915198835055	484106140.177	13388418.2722	-2266514.57814	10698086.8439	10029.6239291	-6400330.25965	-1772889.136	-6265444.0627	11995.2385549	565794272.0891708	12503395.00230482	-2072077.8540194628	12503283.384048909	9366.629213436796	-5851267.279434296	-2072046.6752005392	-5851275.3626355585	10966.207057748488	566300491.929	0.1570037488096647	0.0	0.0	0.0	-0.06731242345134555	0.0	0.0	0.0	-0.08861393124312202	0.157126660958
540	1750.0	nan	nan	1	1	5.0	5.0	5.0	1.175	-2.14520358315e-18	-3.65058494772e-17	6.54253542415e-19	0.933192595617	7.20510047736e-18	-9.68132188932e-20	-1.13986811899e-18	0.91297847773	483522534.866	13223781.9673	-2253911.4907	10502337.7063	9238.77316902	-6469958.09184	-1751280.008	-6329767.32135	8571.92051952	567524866.8657209	12326996.528268643	-2055548.398354278	12326908.011016596	8612.235520941786	-5900547.580495554	-2055529.7462200793	-5900507.130862892	7817.519706262847	568021246.022	0.16126814759612232	0.0	0.0	0.0	-0.06914367326732533	0.0	0.0	0.0	-0.09104297179754917	0.161403626174
550	1800.0	nan	nan	1	1	5.0	5.0	5.0	1.18	2.48207123325e-19	1.02641070268e-17	-7.91194947185e-19	0.931493087572	-4.72810614784e-17	4.00381886255e-19	-1.58328986688e-18	0.910772236999	482865121.884	13062456.6076	-2236818.45294	10311438.7595	7185.94289074	-6530958.70435	-1726454.70941	-6385681.60828	6773.43052914	569162681.4266529	12154387.267548103	-2035021.927392679	12154297.06503763	6686.394098773535	-5941762.5747764865	-2035006.355264419	-5941764.980802855	6162.359592640869	569649336.485	0.16551443847757333	0.0	0.0	0.0	-0.07096650971735707	0.0	0.0	0.0	-0.09346242725208768	0.165662523186
560	1850.0	nan	nan	1	1	5.0	5.0	5.0	1.185	1.07137094682e-18	1.27925983125e-16	-7.10726817195e-19	0.929804324632	-4.25476560807e-17	3.85982326152e-19	9.13895610528e-19	0.908580100341	482147543.875	12904002.3876	-2209649.02014	10124967.6784	8436.46131392	-6585961.77483	-1694230.66462	-6435601.65637	8066.33555824	570722738.9864587	11985133.162787339	-2005457.1354631302	11985022.756983995	7835.71710798825	-5977358.356388842	-2005477.322596212	-5977334.823524845	7320.93199185427	571196964.806	0.16974277458709455	0.0	0.0	0.0	-0.0727811185942876	0.0	0.0	0.0	-0.09587222734835808	0.169903480653
570	1900.0	nan	nan	1	1	5.0	5.0	5.0	1.19	-4.61202822335e-19	1.30987292546e-16	2.61124375771e-19	0.928125927099	-6.35923220041e-18	-1.17258476658e-18	-5.87761456056e-19	0.906402130665	481364217.06	12751035.2175	-2180550.97378	9945023.08003	-1822.32650478	-6639411.52707	-1660916.27331	-6484001.15624	-3964.98055693	572197532.4820422	11821635.54392419	-1974296.5073857477	11821646.614336574	-1689.5004534200923	-6011401.313984361	-1974330.7864713827	-6011394.151766826	-3589.940047046599	572671280.156	0.17395330712343798	0.0	0.0	0.0	-0.07458785809702559	0.0	0.0	0.0	-0.09827221858156235	0.174126643941
580	1950.0	nan	nan	1	1	5.0	5.0	5.0	1.195	1.16630481137e-18	-3.17023256334e-18	-3.47415857272e-20	0.926457782999	4.65712478686e-17	-6.11769546154e-19	3.04100709932e-18	0.904238314993	480535731.63	12591906.6081	-2151584.13638	9762101.56502	9485.82403118	-6687410.96126	-1628050.0607	-6527065.36034	10344.6304518	573610571.9764792	11653078.803222189	-1943411.615827871	11652920.467348693	8778.57963763239	-6040382.954204848	-1943386.6517204633	-6040420.197279453	9343.75497641435	574061721.558	0.17814618538347404	0.0	0.0	0.0	-0.07638680040498111	0.0	0.0	0.0	-0.10066233055247278	0.178332106399
590	2000.0	nan	nan	1	1	5.0	5.0	5.0	1.2	-4.41118877062e-19	-4.25178775786e-18	-9.72459997897e-19	0.924799454993	-1.46604621329e-16	-2.9905556994e-19	-1.29484867856e-18	0.90208873261	479656789.935	12424702.925	-2121984.73556	9575213.83458	9756.43830495	-6722727.95347	-1595182.63284	-6557635.17887	10203.6123541	574954891.4961857	11477716.91395571	-1912112.516307713	11477615.134062348	9012.822087470724	-6057825.039052102	-1912113.1542939472	-6057825.338956116	9194.43696595572	575394586.091	0.1823215567939546	0.0	0.0	0.0	-0.0781783703883759	0.0	0.0	0.0	-0.10304239057601935	0.182520022658
600	2050.0	nan	nan	1	1	5.0	5.0	5.0	1.205	-1.19908101596e-20	1.87892024734e-17	4.73425243066e-19	0.923150626873	2.90181046933e-17	-1.081978711e-18	1.63527651401e-18	0.899953474848	478733276.441	12257157.8346	-2099334.5908	9390151.53003	10764.9719815	-6751475.77874	-1567852.38201	-6581798.7643	11160.8488709	576236798.5790857	11302712.306493059	-1887217.8945574346	11302642.0391394	9926.720609804514	-6069306.893787603	-1887176.6006543303	-6069284.486336399	10033.157077446653	576664366.547	0.18647956694261839	0.0	0.0	0.0	-0.07996286508195814	0.0	0.0	0.0	-0.10541221160737266	0.186690503958
610	2100.0	nan	nan	1	1	5.0	5.0	5.0	1.21	-4.07249470573e-18	-3.15683091392e-17	-7.39539172292e-19	0.921511172807	-6.90106858886e-17	-4.17084317184e-19	7.57353333964e-19	0.897832421914	477766951.664	12091244.6791	-2087693.98874	9208400.139	10812.7641276	-6777386.17941	-1549049.70264	-6603230.74378	10984.2657562	577457751.87973	11129876.749494879	-1872323.4006890699	11129823.911335656	9953.047453383504	-6078217.7884578705	-1872274.2452591048	-6078211.654568651	9851.107454274594	577874545.674	0.1906203596086497	0.0	0.0	0.0	-0.08174037735867525	0.0	0.0	0.0	-0.10777184066215816	0.190843690144
620	2150.0	nan	nan	1	1	5.0	5.0	5.0	1.215	-1.81443721725e-19	3.90411249675e-17	1.52465930506e-20	0.919881052123	-6.1614897119e-17	2.66974197063e-19	-1.25143824001e-18	0.895725416815	476767071.024	11932937.775	-2088511.41815	9034435.66324	13368.5521114	-6801537.44757	-1539710.53018	-6622934.94282	12287.2644857	578628314.0582316	10964686.028320473	-1868654.0339530115	10964642.052691119	12283.813032348335	-6085540.29345092	-1868669.5503157168	-6085542.688922126	10993.785405199938	579033250.857	0.19474407679251185	0.0	0.0	0.0	-0.08351090846852763	0.0	0.0	0.0	-0.11012136742151142	0.194979709727
630	2200.0	nan	nan	1	1	5.0	5.0	5.0	1.22	-5.10853511423e-19	-7.11056365951e-17	8.20986684126e-19	0.918260097944	8.40011044122e-17	-8.32527508033e-19	5.6290633301e-19	0.893632281597	475720003.259	11785240.3269	-2097160.68091	8870556.97629	3086.99322971	-6822122.07467	-1536141.63879	-6639096.58768	645.44761068	579731437.0036591	10809852.389813775	-1872001.3736077212	10810015.781673238	2831.502813340641	-6089672.580147836	-1872003.6861936066	-6089621.604977058	576.1498509787432	580136959.816	0.19885085874516517	0.0	0.0	0.0	-0.085274597398639	0.0	0.0	0.0	-0.11246090654728669	0.199098739012
640	2250.0	nan	nan	1	1	5.0	5.0	5.0	1.225	-1.1052059426e-18	-7.02008730586e-17	-4.1073157008e-19	0.916648352397	3.35014765529e-17	-1.01445430324e-18	-1.74425259663e-18	0.891552928029	474654623.927	11650041.6272	-2115676.71347	8717715.38908	11055.1971808	-6841553.18425	-1539795.00194	-6654207.6398	8858.83929163	580801625.504939	10667048.207721286	-1884128.223094305	10667257.861677958	10122.394841759724	-6092785.047061453	-1884139.3193899968	-6092746.785746342	7889.29094267953	581191402.886	0.20294084399669038	0.0	0.0	0.0	-0.08703135639248963	0.0	0.0	0.0	-0.11479047380692478	0.203200850781
650	2300.0	nan	nan	1	1	5.0	5.0	5.0	1.23	-3.43449360799e-18	3.58235114987e-17	5.79688173277e-20	0.915045672905	7.58811554122e-17	-6.12907746677e-19	1.23732984748e-18	0.889487157814	473558199.3	11526125.6411	-2143040.34921	8574710.16329	11466.5101076	-6860980.84372	-1549749.84977	-6669412.50922	11179.3308075	581823028.5205815	10535097.412291558	-1904068.0466458932	10535059.56240677	10480.607684149545	-6095906.87267862	-1904053.508893595	-6095969.509203009	9932.713857343659	582203985.77	0.20701416938432612	0.0	0.0	0.0	-0.08878129920919553	0.0	0.0	0.0	-0.11711020951391515	0.207286221548
660	2350.0	nan	nan	1	1	5.0	5.0	5.0	1.235	-3.76664963732e-20	-4.72578739514e-17	-1.32613595805e-20	0.913451864175	1.24531657408e-16	-1.11707763875e-18	-5.83764519336e-19	0.887434921402	472433345.744	11413293.9053	-2175201.62487	8441705.65309	9524.62468877	-6877827.65241	-1563054.87056	-6681994.04197	7945.34663097	582798416.0491493	10413759.142990015	-1928176.9859144806	10413771.01700168	8690.492706067756	-6096753.901264558	-1928199.8422988013	-6096809.310733407	7043.0411341133085	583174784.96	0.2110709700799406	0.0	0.0	0.0	-0.09052459839480968	0.0	0.0	0.0	-0.119420088318942	0.211354980985
670	2400.0	nan	nan	1	1	5.0	5.0	5.0	1.24	-5.93267170213e-19	1.01586778947e-17	-1.72993244587e-19	0.911866814437	1.66667867235e-16	-2.27375406779e-20	-1.6812280514e-18	0.885396051751	471272937.627	11313466.0812	-2214385.24343	8319785.364	-6315.32832026	-6894823.34933	-1581111.01688	-6694619.64477	-11709.1817695	583718569.9684715	10304725.15736444	-1958394.0580794152	10304884.55282875	-5752.235623612675	-6097756.078757001	-1958363.8016258406	-6097708.25115077	-10355.556726363038	584104777.579	0.2151113796169455	0.0	0.0	0.0	-0.09226133637375296	0.0	0.0	0.0	-0.12172021797684932	0.215407282131
680	2450.0	nan	nan	1	1	5.0	5.0	5.0	1.245	-4.71466479376e-19	-2.15662529305e-18	-3.95709970156e-19	0.910290387566	-2.80349641393e-17	-4.55968423419e-19	-2.57402724759e-18	0.883370683437	470111010.29	11223224.2598	-2256392.09631	8205981.00806	1707.37071304	-6912984.81392	-1601023.09214	-6708518.8056	821.385284804	584625135.9036194	10204819.028637843	-1990972.5009975024	10204872.162215866	1552.442394275224	-6099809.818885802	-1991015.5736403323	-6099781.9144158885	724.7656634869406	584996709.0	0.219135529916671	0.0	0.0	0.0	-0.09399162315973525	0.0	0.0	0.0	-0.12401036642765906	0.219443156456
690	2500.0	nan	nan	1	1	5.0	5.0	5.0	1.25	9.83034674848e-19	-1.975280833e-18	6.03021283996e-19	0.908722438093	1.06099002866e-16	6.79452772596e-19	-1.33937084785e-19	0.88135863091	468934419.385	11141145.0592	-2298276.01036	8099258.26505	19694.3090297	-6928470.34582	-1620466.92494	-6719890.02165	20687.0878972	585501749.650051	10112700.704090731	-2023302.9704278447	10112565.188270118	17876.318074393745	-6099526.152658667	-2023281.2533716885	-6099573.804331374	18212.019010436587	585851397.611	0.22314355131420976	0.0	0.0	0.0	-0.09571558006560685	0.0	0.0	0.0	-0.1262906633349413	0.223462774304
700	2550.0	nan	nan	1	1	5.0	5.0	5.0	1.255	9.03360638247e-19	1.25525518223e-17	3.10305226271e-19	0.907162703947	6.58762139975e-17	3.50142244571e-19	6.88743665236e-20	0.879359745485	467720012.138	11060589.943	-2335620.45393	7995078.38898	661.999604326	-6939606.28867	-1636570.20998	-6726877.76708	4.36595052837	586319292.2474614	10022313.533611696	-2051508.672511107	10022382.153506486	599.8565743661829	-6095452.050466503	-2051553.6268002116	-6095414.29809767	3.834863390424619	586681677.004	0.22713557258374711	0.0	0.0	0.0	-0.09743345802326954	0.0	0.0	0.0	-0.12856119826039084	0.227466326998
