inc	time	elem	node	ip	grain	1_pos	2_pos	3_pos	1_f	2_f	3_f	4_f	5_f	6_f	7_f	8_f	9_f	1_p	2_p	3_p	4_p	5_p	6_p	7_p	8_p	9_p	1_Cauchy	2_Cauchy	3_Cauchy	4_Cauchy	5_Cauchy	6_Cauchy	7_Cauchy	8_Cauchy	9_Cauchy	Mises(Cauchy)	1_ln(V)	2_ln(V)	3_ln(V)	4_ln(V)	5_ln(V)	6_ln(V)	7_ln(V)	8_ln(V)	9_ln(V)	Mises(ln(V))
0	0.0	nan	nan	1	1	5.0	5.0	5.0	1.0	0.0	0.0	0.0	1.0	0.0	0.0	0.0	1.0	5.36398302698e-06	-9.86285397315e-07	-7.51071484856e-07	-9.86285397315e-07	6.05058072315e-06	1.33770051536e-06	-7.51071484856e-07	1.33770051536e-06	5.58523990577e-06	5.36398302698e-06	-9.86285397315e-07	-7.51071484856e-07	-9.86285397315e-07	6.05058072315e-06	1.33770051536e-06	-7.51071484856e-07	1.33770051536e-06	5.58523990577e-06	3.21673535233e-06	0.0	0.0	0.0	0.0	0.0	0.0	0.0	0.0	0.0	0.0
10	2.5	nan	nan	1	1	5.0	5.0	5.0	1.00025	3.56926172495e-21	-9.20484776191e-20	7.35796541912e-22	0.999930865281	-1.87042273981e-20	2.41898630383e-22	1.73386103679e-21	0.999929630498	59571098.0663	-543223.704247	-1148520.96053	-543050.385867	8.94445132425	654236.177836	-1148153.1017	654235.369958	1.53022375902	59579409.3555374	-543126.1517807579	-1148313.29037114	-543126.1516153902	8.942845073861719	654117.8819270419	-1148313.2906645618	654117.8819446029	1.5299470711561762	59630779.2511	0.0002499687552074404	0.0	0.0	0.0	-6.91371089153335e-05	0.0	0.0	0.0	-7.037197804957715e-05	0.00021315005815
20	5.0	nan	nan	1	1	5.0	5.0	5.0	1.0005	2.05277147467e-21	-3.48019027035e-19	1.49991109511e-21	0.999861702332	-2.06771940382e-19	2.60153472527e-21	8.58871969771e-22	0.999859234757	119188267.423	-1086675.10664	-2297834.61087	-1085981.82899	-443.199366231	1308667.63549	-2296362.96913	1308664.40368	-307.697021782	119221535.41077979	-1086284.9517848955	-2297003.938024148	-1086284.9496829766	-443.04024195967236	1308194.54893107	-2297003.933017191	1308194.5468040318	-307.5857885541885	119324627.977	0.0004998750416509929	0.0	0.0	0.0	-0.00013830723200383756	0.0	0.0	0.0	-0.00014077515135643823	0.000426279870204
30	7.5	nan	nan	1	1	5.0	5.0	5.0	1.00075	3.74248820862e-21	1.95180089772e-19	3.81915751164e-21	0.999787265315	-5.44810981628e-19	-9.31095177005e-22	6.02554547335e-21	0.999784652222	173382265.943	-1546401.32998	-3436366.27331	-1544913.59572	-2736.32012993	1962601.93874	-3433051.65544	1962596.86461	-1695.26089041	173456511.6873669	-1545575.2343738182	-3434521.5719771557	-1545575.1585348183	-2734.858373532991	1961548.379798872	-3434521.756630695	1961548.4351918867	-1694.3508448050402	173614593.192	0.0007497188905459742	0.0	0.0	0.0	-0.00021275731623306103	0.0	0.0	0.0	-0.00021537096866220637	0.000642523793963
40	10.0	nan	nan	1	1	5.0	5.0	5.0	1.001	-9.58707499828e-21	-3.62654592107e-20	-1.0290643808e-21	0.999678495996	1.76541022234e-19	-1.55034326308e-21	-1.74224916519e-20	0.999684302237	194732046.324	-1519166.73453	-4724105.88746	-1517161.21792	2688.4344753	2823876.43234	-4717896.80887	2823892.78996	1822.89696918	194856189.25457188	-1518128.3551702294	-4720904.290590966	-1518128.417943304	2686.5968791982727	2821962.6492539104	-4720904.498395402	2821962.605523592	1821.6615647737208	195104385.932	0.0009995003330834232	0.0	0.0	0.0	-0.0003215556974925846	0.0	0.0	0.0	-0.0003157476060292797	0.000878774387831
50	12.5	nan	nan	1	1	5.0	5.0	5.0	1.00125	3.73880466995e-21	-8.27279874227e-20	9.09743577443e-22	0.999558082904	6.03464032419e-19	-1.12682678945e-21	2.4365574295e-20	0.999575550805	205432152.494	-1508070.42242	-5699039.06151	-1505522.13757	-143.10522296	3524425.3961	-5689508.22531	3524486.98167	-347.355510737	205610247.7151116	-1506827.259427505	-5694440.626979826	-1506827.3193281807	-142.98725557958127	3521581.611513594	-5694440.628602773	3521581.6055562566	-347.07523689476443	205953807.651	0.0012492194004318981	0.0	0.0	0.0	-0.0004420147701366755	0.0	0.0	0.0	-0.0004245392990568204	0.00112170966692
60	15.0	nan	nan	1	1	5.0	5.0	5.0	1.0015	-1.79171456582e-20	1.35368107244e-20	5.03075738918e-21	0.999434685118	-3.95085862383e-19	-4.46925684962e-21	-4.74201060933e-20	0.999464117674	213094323.787	-1593319.97749	-6336983.29882	-1590034.18488	-8383.64735786	4029817.82329	-6324101.07989	4029936.51823	-8663.22979729	213329176.65429506	-1591786.5874232776	-6331071.109446077	-1591786.5735911583	-8375.579046558403	4026058.1406476083	-6331070.919561378	4026058.1606408916	-8655.147299240663	213750899.419	0.0014988761237359487	0.0	0.0	0.0	-0.0005654747327042446	0.0	0.0	0.0	-0.000536025962250474	0.00136652342242
70	17.5	nan	nan	1	1	5.0	5.0	5.0	1.00175	-3.67184439937e-20	9.34743043506e-19	-7.60749608312e-21	0.999310635588	9.46407530914e-19	-6.98264514087e-21	-1.54350028221e-20	0.999350620366	219253535.4	-1727406.23064	-6778730.07248	-1723200.07164	-4236.36159311	4381829.9838	-6762493.13945	4382006.03252	-4309.47918043	219547354.83170065	-1725509.0611188898	-6771556.088228804	-1725509.3145209968	-4231.708897089632	4377192.65808278	-6771555.487692129	4377193.378646951	-4304.918424146641	220015655.65	0.001748470534116803	0.0	0.0	0.0	-0.0006896021329029471	0.0	0.0	0.0	-0.000649590572278399	0.00161221009967
80	20.0	nan	nan	1	1	5.0	5.0	5.0	1.002	-9.26535343878e-21	-6.27519065017e-19	-5.57747207529e-21	0.999186863953	9.69826254827e-19	-3.4464480222e-21	-5.55366274361e-20	0.999235244307	224540368.552	-1878147.79164	-7086918.82894	-1872875.33035	-2217.84972671	4620398.0153	-7067364.13887	4620622.59557	-1471.69580455	224895088.8038845	-1875833.5480376768	-7078529.08953769	-1875834.0268784428	-2215.1169042112556	4614928.2284689415	-7078528.889349685	4614929.089271856	-1469.9535602012677	225396085.594	0.001998002662673058	0.0	0.0	0.0	-0.0008134668214370959	0.0	0.0	0.0	-0.0007650482678100513	0.0018583837339
90	22.5	nan	nan	1	1	5.0	5.0	5.0	1.00225	-3.01508884239e-20	1.01574966807e-18	1.42849955885e-20	0.999063500407	-1.73707101456e-19	6.06571543185e-21	-3.26970537469e-20	0.999118487831	229284773.971	-2024419.28098	-7316215.92034	-2017983.12254	-1947.30233711	4793303.37356	-7293356.18374	4793567.37588	-1698.30876729	229702185.61883748	-2021656.6781761236	-7306634.049526726	-2021656.849521078	-1944.6449711448383	4787025.700211598	-7306633.697855724	4787025.883809856	-1696.0845334256085	230228363.146	0.00224747254047937	0.0	0.0	0.0	-0.0009369383827161794	0.0	0.0	0.0	-0.0008819009293334909	0.00210483466559
100	25.0	nan	nan	1	1	5.0	5.0	5.0	1.0025	-2.13608536446e-20	7.02230845124e-19	1.8413867616e-20	0.998940501346	-2.4706900552e-18	7.02814007456e-21	-2.50457364784e-20	0.999000750406	233663750.547	-2156124.36664	-7500479.57689	-2148469.16744	-898.652218057	4934194.9539	-7474298.79986	4934492.90887	-589.721085171	234145549.39585966	-2152898.7811282272	-7489710.477211851	-2152899.165543086	-897.3078245611936	4927110.4952670215	-7489710.298431668	4927110.85378957	-588.8743706264955	234690237.87	0.002496880198587146	0.0	0.0	0.0	-0.0010600603194567263	0.0	0.0	0.0	-0.0009997491767087126	0.00235144779378
110	27.5	nan	nan	1	1	5.0	5.0	5.0	1.00275	1.43475511223e-20	-4.63245958448e-20	-9.27021312488e-21	0.998817785573	1.31103164006e-19	6.1674586472e-21	6.50435380105e-21	0.998882312722	237781897.616	-2272212.01989	-7654961.16659	-2263302.33932	-163.536292577	5055600.83042	-7625435.76843	5055928.5175	264.232565916	238329717.6238903	-2268516.064859019	-7643003.424176697	-2268516.7072673305	-163.27028624572083	5047703.52419479	-7643003.8269101055	5047704.599891538	263.8198107247366	238889416.469	0.0027462256680252286	0.0	0.0	0.0	-0.0011829137937307281	0.0	0.0	0.0	-0.0011183123562304228	0.00259816022073
120	30.0	nan	nan	1	1	5.0	5.0	5.0	1.003	2.00127043425e-20	4.9490216049e-19	-1.40571073297e-20	0.99869521854	-2.39965095702e-20	3.29962346347e-21	-7.27097186807e-20	0.998763427266	241700426.19	-2374905.90947	-7787069.60718	-2364713.47886	-60.2056114863	5163716.91703	-7754178.24039	5164070.68263	227.856646605	242315845.61428428	-2370734.087095775	-7773921.541061184	-2370734.5299218353	-60.099852720847146	5154998.246866661	-7773921.986744618	5154999.33983281	227.4719223882786	242888479.016	0.002995508979798371	0.0	0.0	0.0	-0.0013056334284985208	0.0	0.0	0.0	-0.0012373379209351676	0.00284493636632
130	32.5	nan	nan	1	1	5.0	5.0	5.0	1.00325	6.77223107255e-21	1.30373259833e-18	3.7165224922e-21	0.998572724973	7.43914957732e-19	-1.54558697456e-20	9.18069021062e-20	0.998644249662	245460571.563	-2464819.58191	-7901128.66102	-2453328.79891	-6.36254449796	5264588.65959	-7864856.33159	5264966.70607	133.3460375	246145123.3870035	-2460170.2452285984	-7886789.796310352	-2460170.756025476	-6.350542965779653	5255034.553109717	-7886790.207621628	5255035.511506087	133.10404285932185	246728592.655	0.0032447301648890294	0.0	0.0	0.0	-0.0014282945542137709	0.0	0.0	0.0	-0.00135667019898467	0.0030917515849
140	35.0	nan	nan	1	1	5.0	5.0	5.0	1.0035	6.19299267873e-20	1.06883646543e-18	-3.09365549095e-22	0.99845025013	2.01494414337e-18	1.86239714916e-20	5.29653060078e-20	0.998524888605	249088938.831	-2543257.79338	-8002094.02658	-2530460.23365	-6.75226833735	5359449.17624	-7962421.82787	5359850.68308	109.440131026	249844111.44895676	-2538131.463993823	-7986561.553975661	-2538131.9282995057	-6.7386580962967075	5349046.2120624	-7986561.811625393	5349047.075150943	109.22770215034207	250436764.792	0.003493889254255838	0.0	0.0	0.0	-0.0015509519744644749	0.0	0.0	0.0	-0.0014762004429238137	0.00333858927002
150	37.5	nan	nan	1	1	5.0	5.0	5.0	1.00375	1.24024617613e-20	4.23714996974e-20	6.30973371255e-21	0.998327783025	-6.32760081379e-19	1.56130340619e-20	-1.80176836455e-19	0.998405396005	252606015.917	-2611349.98401	-8092187.85116	-2597243.92042	-5.42947201287	5450090.33967	-8049100.14413	5450514.86279	83.7796690375	253433261.2234199	-2605749.1444814363	-8075459.438321306	-2605749.489200678	-5.417826847861068	5438823.749856825	-8075459.6917875	5438824.564943497	83.60647719903365	254033756.484	0.003742986278834297	0.0	0.0	0.0	-0.0016736166904419683	0.0	0.0	0.0	-0.0015958767291347812	0.00358543626499
160	40.0	nan	nan	1	1	5.0	5.0	5.0	1.004	-3.47351233787e-21	-1.12275375211e-18	1.32348898008e-20	0.998205329942	1.35562163816e-18	-1.26724069843e-20	-7.89257483395e-20	0.998285795313	256026547.69	-2671885.91031	-8173178.90381	-2656465.16986	-6.14281443598	5537831.34503	-8126661.95637	5538278.40679	76.2901719885	256927282.92508742	-2665810.691706282	-8155252.425401069	-2665810.965445904	-6.128847170230889	5525685.053457611	-8155252.627274215	5525685.708920803	76.12284246628305	257534569.326	0.003992021269537457	0.0	0.0	0.0	-0.0017962824076873986	0.0	0.0	0.0	-0.001715675617078092	0.00383228277384
170	42.5	nan	nan	1	1	5.0	5.0	5.0	1.00425	2.74632881409e-20	-6.15291681203e-19	1.80060675741e-20	0.998082894807	2.08319481571e-18	-3.00680152663e-21	-1.4842947087e-19	0.998166104046	259361493.906	-2726442.8289	-8246703.37731	-2709699.9628	0.0470698356191	5622994.1386	-8196743.90612	5623463.47134	63.8570439807	260337103.39367905	-2719892.484662369	-8227576.3429849185	-2719892.7209949745	0.04695674922262136	5609952.417929574	-8227576.629214141	5609952.965579686	63.70893681396422	260950336.28	0.004240994257254614	0.0	0.0	0.0	-0.0019189451911835668	0.0	0.0	0.0	-0.0018355795999210826	0.0040791217375
180	45.0	nan	nan	1	1	5.0	5.0	5.0	1.0045	6.28417641657e-20	5.03392342298e-19	1.80606614945e-20	0.997960479015	2.44578447414e-18	-6.56285098e-21	-1.65764163439e-20	0.998046339399	262619604.139	-2776008.53302	-8314850.8783	-2757936.25812	-0.517321617635	5706148.12425	-8261430.24628	5706639.58064	64.6566184843	263671441.47661698	-2768982.1082133544	-8294518.51535402	-2768982.274050794	-0.5160122119028082	5692194.840374692	-8294518.715907561	5692195.362102828	64.49851320338465	264290019.372	0.004489905272852001	0.0	0.0	0.0	-0.002041603640151903	0.0	0.0	0.0	-0.0019555714850901995	0.00432594706007
190	47.5	nan	nan	1	1	5.0	5.0	5.0	1.00475	1.995521529e-21	1.05943969367e-18	-8.02365194176e-22	0.99783808876	-1.2235523272e-18	-4.6388288752e-21	5.704951109e-20	0.997926508895	265807967.612	-2821235.87279	-8379258.89105	-2801828.05026	4.3100738525	5787237.74611	-8322353.62049	5787751.07117	57.1259679214	266937358.12347442	-2813732.6051294804	-8357714.210863964	-2813732.7273213193	4.298610919505358	5772357.648953236	-8357714.438664706	5772358.155654396	56.979086111781264	267560839.049	0.00473875434717347	0.0	0.0	0.0	-0.002164251543732478	0.0	0.0	0.0	-0.0020756437638753417	0.00457275417335
200	50.0	nan	nan	1	1	5.0	5.0	5.0	1.005	3.7478519579e-21	-1.20672747354e-18	1.83567921538e-20	0.997715721367	-1.594804221e-19	-1.87190972621e-20	-7.80453583647e-20	0.997806625829	268931901.866	-2862504.09837	-8440282.57056	-2841756.69541	10.1813013826	5866670.64458	-8379870.68492	5867205.68806	53.6234869617	270140142.15384364	-2854523.8232722306	-8417519.073948566	-2854523.960668678	10.152917288430304	5850848.195956762	-8417519.239435803	5850848.71044988	53.4788640709918	270768139.378	0.004987541511038968	0.0	0.0	0.0	-0.0022868915773235176	0.0	0.0	0.0	-0.0021957831392841122	0.00481953963999
210	100.0	nan	nan	1	1	5.0	5.0	5.0	1.01	-4.84876731466e-20	-3.64511364428e-18	2.7515335896e-20	0.995271478521	-2.49969348902e-18	-6.86890780664e-21	-2.54028303488e-19	0.995406098066	321133274.397	-3416965.5318	-9285282.97408	-3367137.272	180.432552796	7211506.91468	-9151115.61326	7212483.03996	624.065836845	324148078.77328867	-3398747.703549504	-9237026.959668022	-3398748.0111931013	179.4705620392579	7174028.403515793	-9237026.43471126	7174029.102962752	620.8225398877722	324833403.566	0.009950330853168092	0.0	0.0	0.0	-0.004739736303681078	0.0	0.0	0.0	-0.004604486329714082	0.00974860752285
220	150.0	nan	nan	1	1	5.0	5.0	5.0	1.015	-1.21153835598e-19	7.62607585215e-19	2.02295290606e-20	0.99283668618	-3.88438721699e-18	4.35196263876e-20	-1.14879629293e-18	0.993009118419	360669521.788	-3823169.63046	-9880338.57901	-3739690.30131	-2974.56658506	8220253.6392	-9666268.33117	8221683.20404	-1703.97850909	365829220.10142255	-3793187.309958571	-9804556.840678368	-3793189.8974076537	-2951.2392369885365	8157204.675308328	-9804552.89749037	8157206.561695704	-1690.9090730108749	366556802.226	0.014888612493750559	0.0	0.0	0.0	-0.007189093538357201	0.0	0.0	0.0	-0.007015432281240229	0.0146609264477
230	200.0	nan	nan	1	1	5.0	5.0	5.0	1.02	-2.93093252085e-19	-5.42928266855e-18	-6.19128144884e-20	0.99041418167	2.79639986602e-19	1.17777284338e-19	-5.52302704737e-19	0.990619746634	391460385.858	-4129446.75394	-10366408.161	-4009672.39934	-6365.08609608	8977291.16198	-10067806.1742	8979154.0616	-4482.27825506	398991816.95584226	-4086812.5468943147	-10261510.228726361	-4086815.764266595	-6299.37017463726	8886449.737864276	-10261503.905175323	8886449.363811586	-4436.921974125616	399752001.134	0.01980262729617973	0.0	0.0	0.0	-0.009632058020639904	0.0	0.0	0.0	-0.009424525012950498	0.0195543129755
240	250.0	nan	nan	1	1	5.0	5.0	5.0	1.025	-1.98523347013e-22	-5.95011528689e-18	3.18563797506e-20	0.988006021659	-7.7424105335e-19	-7.60675291304e-20	-6.50177196356e-19	0.988239942833	415893945.062	-4360665.03388	-10783162.0814	-4203278.82233	6981.56639717	9559534.24704	-10396447.2735	9561795.30624	6496.98721197	425951942.1541598	-4304933.615545788	-10647868.431540843	-4304931.098528033	6892.338585704146	9439593.15096146	-10647875.402442986	9439590.915373497	6415.471131031928	426722902.048	0.024692612590371414	0.0	0.0	0.0	-0.012066486456283977	0.0	0.0	0.0	-0.011829753600864966	0.0244275374543
250	300.0	nan	nan	1	1	5.0	5.0	5.0	1.03	5.28072103054e-19	-1.1131442295e-17	-3.25048893509e-19	0.985611688358	6.73020616153e-18	-2.03195263112e-19	1.30959234579e-19	0.985872618681	435531250.2	-4538913.63044	-11110858.2832	-4343309.29624	6888.47725871	10025487.239	-10634851.9452	10028143.7397	6502.07921422	448221486.89129335	-4469859.674629013	-10944717.051419826	-4469861.921263969	6783.677598932924	9875575.615916625	-10944723.598036567	9875577.938486386	6404.8532914111265	449008319.185	0.02955880224154443	0.0	0.0	0.0	-0.014492827143736632	0.0	0.0	0.0	-0.014228122703947377	0.0292799169554
260	350.0	nan	nan	1	1	5.0	5.0	5.0	1.035	-1.12357596964e-19	-5.79778170528e-18	3.25101833068e-19	0.983232739026	-7.47834801219e-18	-2.14603738121e-19	1.74085122995e-19	0.983517898424	451505477.56	-4671250.94012	-11362052.9678	-4437604.65947	-5331.94169581	10385417.3329	-10796870.131	10388426.3409	-5213.7531214	466900592.115169	-4588920.994437654	-11165036.027249135	-4588914.965719858	-5237.967196082988	10205335.163324615	-11165014.175236845	10205332.22171543	-5123.3471277229	467707809.446	0.03440142671733232	0.0	0.0	0.0	-0.016909422844903883	0.0	0.0	0.0	-0.016619442616024716	0.0341109838252
270	400.0	nan	nan	1	1	5.0	5.0	5.0	1.04	3.26703254734e-19	4.22375626126e-18	1.42936809849e-19	0.98086974918	-2.94449828289e-19	7.00125670465e-20	4.12481884256e-19	0.981176434055	464636538.346	-4769328.84987	-11549075.8572	-4498167.50024	7342.58406804	10653767.9378	-10895871.4371	10657100.2367	6687.07385961	482786268.817057	-4673872.063888091	-11321463.05990849	-4673875.867975447	7195.624296969445	10443800.148861675	-11321488.265545355	10443801.349476034	6555.282917572691	483583730.398	0.03922071315328133	0.0	0.0	0.0	-0.019315601748776733	0.0	0.0	0.0	-0.01900298435972834	0.0389204226425
280	450.0	nan	nan	1	1	5.0	5.0	5.0	1.045	2.68446578553e-19	-6.46079674474e-18	-1.92223539468e-19	0.978522695645	1.23479668957e-17	-7.46580133666e-20	4.86342495512e-19	0.978848811658	475509663.764	-4833603.41878	-11687440.4512	-4526120.46619	6920.70468349	10843584.9869	-10947625.9819	10847195.1606	6598.34943666	496446926.7573713	-4725405.764328029	-11429631.209980335	-4725410.999615064	6765.788371779691	10604390.064004235	-11429663.134461142	10604386.43756746	6452.798709050279	497241638.352	0.04401688541677426	0.0	0.0	0.0	-0.021711298092046947	0.0	0.0	0.0	-0.021378079778813425	0.0437081396303
290	500.0	nan	nan	1	1	5.0	5.0	5.0	1.05	3.5219365249e-19	-7.77798591728e-18	1.50718925052e-19	0.976191184323	6.84153805453e-18	-2.69330007447e-20	-2.06067234199e-20	0.976535833411	484562947.171	-4876874.37761	-11791964.039	-4534051.43901	-8084.22258123	10981660.9408	-10966917.6296	10985517.3991	-7120.01690605	508308224.41795814	-4756243.555514935	-11504346.814700242	-4756235.799369828	-7884.257123753621	10713807.780160457	-11504334.90671489	10713787.620478453	-6946.35291820942	509111049.767	0.04879016416943205	0.0	0.0	0.0	-0.02409682617527482	0.0	0.0	0.0	-0.023743833577283647	0.0484740911196
300	550.0	nan	nan	1	1	5.0	5.0	5.0	1.055	-9.24146032679e-19	-9.04340020092e-19	2.67291834418e-19	0.973875926251	-2.9787501777e-18	2.31729685523e-19	1.14550618204e-18	0.974237143546	492146365.854	-4905767.75921	-11864494.0095	-4528524.89048	-4947.54599742	11083563.8888	-10956236.7548	11087660.5362	-4590.25288915	518711610.0921439	-4772982.496283618	-11547637.211933235	-4772967.150142654	-4813.629915706949	10787562.849343972	-11547636.235759564	10787548.91416617	-4467.66419473849	519503657.807	0.05354076692802976	0.0	0.0	0.0	-0.026471369233119813	0.0	0.0	0.0	-0.0261005311080239	0.0532182420831
310	600.0	nan	nan	1	1	5.0	5.0	5.0	1.06	4.17163726523e-20	1.44119479602e-17	1.91164748283e-19	0.971577002153	1.31638449124e-17	7.31889405987e-20	2.18036868535e-18	0.971952659385	498516133.746	-4911320.44976	-11909759.9931	-4501613.51675	-8593.38392567	11148107.3983	-10920477.8493	11152392.2854	-7743.64694635	527906342.17064005	-4767023.511155973	-11564315.13930654	-4767007.855164471	-8340.90620498196	10824754.422882302	-11564298.777773948	10824729.677888198	-7519.040993857245	528691192.245	0.058268908123975824	0.0	0.0	0.0	-0.02883475221145255	0.0	0.0	0.0	-0.028448180044212464	0.0579406793621
320	650.0	nan	nan	1	1	5.0	5.0	5.0	1.065	-3.38971997579e-19	4.31526228935e-18	2.67000666842e-19	0.96929450508	-1.03502132199e-17	-3.21607822161e-21	-1.22998448364e-18	0.969682341804	503878485.837	-4889419.6471	-11916617.716	-4450003.67331	-5825.57945854	11175661.4275	-10850083.2833	11180108.1427	-5410.83716768	536093544.80018526	-4734544.670508344	-11543769.56719276	-4734511.019330024	-5641.051120333485	10825996.38207816	-11543774.485746082	10825972.250944454	-5241.542434094813	536861948.72	0.06297479916138839	0.0	0.0	0.0	-0.03118678645662307	0.0	0.0	0.0	-0.030786743795159086	0.0626414686535
330	700.0	nan	nan	1	1	5.0	5.0	5.0	1.07	4.4455994841e-20	-1.71549582807e-17	2.42913167405e-19	0.967028705568	-1.24009858643e-17	4.87467461145e-19	1.26749216134e-18	0.967425802681	508391570.548	-4848291.77731	-11887556.3309	-4381733.76341	-9461.20057737	11181742.3905	-10747934.4114	11186337.4082	-3028.09900007	543427120.3451304	-4683680.958284495	-11488661.779990826	-4683698.745441945	-9139.970740648232	10806531.877499394	-11488622.914321085	10806535.150572445	-2926.489202638226	544179853.995	0.06765864847381486	0.0	0.0	0.0	-0.03352709879053508	0.0	0.0	0.0	-0.03311654675440883	0.0673207314539
340	750.0	nan	nan	1	1	5.0	5.0	5.0	1.075	3.43273336765e-19	2.51833483131e-19	6.80273335764e-20	0.964779739163	-2.36617595024e-17	-2.71421120036e-19	-1.35027639704e-18	0.965182821788	512204661.595	-4796157.80905	-11836551.8285	-4304406.46974	3956.73945247	11168942.7908	-10627434.2607	11173623.2626	3901.03028408	550054558.77071	-4622483.99706129	-11412704.309617013	-4622485.070928018	3813.4618433677324	10769001.257233756	-11412759.58897116	10769014.860833118	3761.3407840506334	550780009.74	0.07232066157962608	0.0	0.0	0.0	-0.035855453268069895	0.0	0.0	0.0	-0.035437742956982786	0.0719785771427
350	800.0	nan	nan	1	1	5.0	5.0	5.0	1.08	8.01941677703e-19	3.84515900362e-18	6.2998075452e-21	0.962546522762	2.14132046648e-17	1.60724501742e-19	-8.27577659247e-20	0.962954251507	515401351.179	-4746271.10272	-11764118.7649	-4230078.33594	4032.08077259	11132396.1123	-10489238.4365	11137115.473	4047.14705737	556055535.3658527	-4563763.500294941	-11316546.579833139	-4563741.38009138	3877.0358165261273	10708858.15313912	-11316615.839376045	10708861.755730582	3893.171184807526	556762207.18	0.0769610411361284	0.0	0.0	0.0	-0.03817287865116987	0.0	0.0	0.0	-0.037749374535728755	0.0766151686532
360	850.0	nan	nan	1	1	5.0	5.0	5.0	1.085	3.64382985997e-19	-2.11038258808e-18	2.55380433597e-19	0.960329743713	4.131191442e-17	-2.91379333855e-19	-1.53015178433e-18	0.960739182456	518063957.752	-4695998.00534	-11677245.6271	-4156407.17612	-11319.2772566	11077794.0909	-10339860.6701	11082488.4177	-9665.1204431	561510000.7210854	-4504977.875075108	-11207023.875340052	-4504973.105227096	-10858.840558457545	10631711.178079346	-11206985.325744485	10631683.630559778	-9275.92336607886	562211313.584	0.08157998699242285	0.0	0.0	0.0	-0.04047857046267254	0.0	0.0	0.0	-0.04005230907910432	0.0812306573139
370	900.0	nan	nan	1	1	5.0	5.0	5.0	1.09	-1.42804460951e-20	-8.47954095584e-18	-1.99476259078e-19	0.958129398982	4.65345078145e-17	-4.12849152448e-19	-7.76252756599e-19	0.958537529415	520279037.894	-4656442.94891	-11584420.1093	-4093113.90114	-4556.34673164	11013582.8694	-10187152.4575	11018239.8641	-3732.14586384	566504078.5811512	-4456754.04152565	-11092351.79345084	-4456773.289346774	-4360.950393600291	10545761.854374822	-11092246.652223427	10545728.914454227	-3573.616501783389	567180491.378	0.08617769624105241	0.0	0.0	0.0	-0.04277243812641577	0.0	0.0	0.0	-0.042346562943698894	0.0858251500592
380	950.0	nan	nan	1	1	5.0	5.0	5.0	1.095	-1.67601350482e-18	-5.29760874992e-18	-3.10172877373e-19	0.9559445745	4.32834894838e-17	-7.00019791346e-19	-2.51409966657e-19	0.956349827354	522086188.028	-4623564.49857	-11482312.8103	-4036376.29808	-4228.65142473	10948651.7405	-10028511.009	10953284.8263	-4351.27812404	571074420.1441869	-4415155.637879812	-10969391.63638226	-4415116.329003809	-4038.043415269186	10459569.497546626	-10969503.198324649	10459561.506949674	-4156.904157723459	571732758.746	0.09075436326846412	0.0	0.0	0.0	-0.04505534407587082	0.0	0.0	0.0	-0.04463150467156837	0.090398856294
390	1000.0	nan	nan	1	1	5.0	5.0	5.0	1.1	9.74484936036e-20	2.16787494938e-19	5.24048696554e-19	0.953775289625	3.2437497292e-17	-2.29175351791e-19	-2.14564033451e-19	0.954175877599	523543291.178	-4587008.80868	-11370519.9981	-3977236.89416	-10377.600244	10874701.0518	-9863101.79349	10879225.8492	-8386.41130585	575278441.5445526	-4370271.881515104	-10837811.038251229	-4370256.826284029	-9887.25691089463	10365221.213856025	-10837747.181875529	10365180.623032873	-7993.507863936189	575923218.821	0.09531017980432493	0.0	0.0	0.0	-0.04732718074549737	0.0	0.0	0.0	-0.046907266455480566	0.0949519117744
400	1050.0	nan	nan	1	1	5.0	5.0	5.0	1.105	-2.17592176238e-18	6.51564212808e-18	2.39975021869e-19	0.951621391376	3.02734869305e-17	-3.6819463426e-19	-1.75386112663e-18	0.952015591306	524691348.962	-4547290.16878	-11236237.0915	-3916081.9785	1377.18844696	10790286.7572	-9680692.55994	10794742.4725	2060.65127214	579156115.8099616	-4322612.739180558	-10685489.467187583	-4322584.758350394	1309.1428310325355	10261397.52597568	-10685581.747167885	10261384.164169323	1959.6478148948547	579770987.859	0.09984533496971612	0.0	0.0	0.0	-0.04958802142810177	0.0	0.0	0.0	-0.049173866902611114	0.0994844734451
410	1100.0	nan	nan	1	1	5.0	5.0	5.0	1.11	7.04704942336e-19	-1.50655397581e-17	9.29142203579e-19	0.949482476986	-3.39676093717e-17	1.62286218738e-19	2.66295247216e-18	0.949869003136	525553688.573	-4506606.01638	-11078296.1255	-3854894.40665	-10434.9528644	10697725.9152	-9480068.6742	10702024.4866	-8871.57853583	582728714.3097265	-4274279.302470152	-10511459.87611214	-4274268.662229908	-9897.005171618124	10150362.063750545	-10511406.066018214	10150308.589510841	-8417.652025251817	583334204.285	0.10436001532424286	0.0	0.0	0.0	-0.05183820389113988	0.0	0.0	0.0	-0.05143119533123811	0.103996742107
420	1150.0	nan	nan	1	1	5.0	5.0	5.0	1.115	-1.2984220988e-18	1.13556942678e-17	9.86793383551e-20	0.947358481155	-2.56719804445e-18	5.83129244625e-20	4.91660274234e-18	0.947736028459	526179255.973	-4458263.85043	-10908487.1386	-3787945.96165	-1796.60708441	10602663.6237	-9272140.14133	10606868.8675	-635.288763874	586046375.4499596	-4218941.556632859	-10327026.919032034	-4218927.24965046	-1700.1641319697576	10037504.85875754	-10327096.822626079	10037485.746056715	-601.4256681542751	586623644.083	0.10885440491208208	0.0	0.0	0.0	-0.054077713439485066	0.0	0.0	0.0	-0.05367926649440703	0.108488840482
430	1200.0	nan	nan	1	1	5.0	5.0	5.0	1.12	-2.578421231e-19	-1.68530969142e-17	6.566093528e-19	0.945249331155	-4.73899581517e-17	-4.37069000783e-19	-6.3064249901e-19	0.945616374631	526579301.92	-4403838.49032	-10720037.5437	-3716703.97044	-4536.02339727	10508818.6579	-9050949.32774	10512884.7106	-3689.46783922	589118175.3435558	-4158132.999342126	-10125859.682856286	-4158116.0774344513	-4282.942849842804	9926347.993530443	-10125879.869648281	9926334.248976678	-3484.9722766417035	589677765.576	0.11332868530700327	0.0	0.0	0.0	-0.05630654379663983	0.0	0.0	0.0	-0.0559183158230862	0.112960965791
440	1250.0	nan	nan	1	1	5.0	5.0	5.0	1.125	-3.7415033467e-19	-1.34830175148e-17	-5.20713504325e-19	0.943154787835	-6.37508759839e-17	-7.67623608449e-21	-1.97199858033e-19	0.943510043794	526783288.312	-4348811.58891	-10515240.4045	-3645841.34041	-5592.224342	10417523.5636	-8818924.70485	10421438.6125	-4755.68419138	591973802.3375868	-4097052.6245901063	-9910229.45556074	-4097021.695425921	-5268.482423133282	9818134.90729182	-9910284.7525545	9818126.526389606	-4482.058397313426	592514082.992	0.11778303565638346	0.0	0.0	0.0	-0.0585248657732403	0.0	0.0	0.0	-0.058148268979530175	0.117413270008
450	1300.0	nan	nan	1	1	5.0	5.0	5.0	1.13	2.81291700849e-18	-1.82843708368e-17	2.80579663778e-19	0.941074821151	-3.30715543926e-17	8.81443660737e-21	-2.4964178538e-18	0.941416811456	526808105.515	-4301488.36458	-10293341.8255	-3582302.09989	-6469.39037558	10327256.7143	-8575450.04413	10330979.2508	-5757.50508326	594629354.8956709	-4043508.4916556636	-9679519.47415135	-4043487.4945908473	-6081.391532962756	9711411.918040661	-9679453.05757237	9711383.313670093	-5414.168063269747	595150372.642	0.12221763272424911	0.0	0.0	0.0	-0.06073263017618995	0.0	0.0	0.0	-0.06036929224380466	0.121845909865
460	1350.0	nan	nan	1	1	5.0	5.0	5.0	1.135	1.02480398706e-18	5.88920832402e-18	-4.040876554e-19	0.939009021398	1.93189157027e-17	2.87594155372e-19	1.05336487925e-18	0.93933680309	526673998.728	-4261352.28789	-10058395.1954	-3525500.82671	-5810.79550654	10235662.1512	-8324333.62266	10239205.7613	-4978.27561597	597105092.7199243	-3996964.023427998	-9437632.649574013	-3996959.225443019	-5450.274705787509	9603959.422110628	-9437530.638676908	9603931.872212581	-4671.037037135243	597605533.383	0.126632650933366	0.0	0.0	0.0	-0.06293019236741625	0.0	0.0	0.0	-0.06258118134819506	0.126259052653
470	1400.0	nan	nan	1	1	5.0	5.0	5.0	1.14	-3.51518673111e-20	-7.39613287675e-18	6.71379489817e-19	0.936957223077	-3.03736485765e-17	-2.58795035166e-19	1.73583520672e-18	0.937269946484	526403584.544	-4227563.4867	-9823897.84801	-3474650.74181	8819.21978168	10131575.1225	-8076749.80957	10134956.5684	8655.53944183	599424352.4199251	-3956585.8665717477	-9197276.076639159	-3956641.5046339403	8253.926984694846	9485328.016894793	-9197126.817540843	9485327.906489117	8103.44194029621	599891984.939	0.131028262406404	0.0	0.0	0.0	-0.06511765085201664	0.0	0.0	0.0	-0.06478394166779268	0.130652847836
480	1450.0	nan	nan	1	1	5.0	5.0	5.0	1.145	1.17012307707e-18	-1.02211465745e-17	6.58038720898e-19	0.934919220967	4.82642020323e-17	-7.75723361007e-19	-1.8119093533e-18	0.935216044192	525992904.581	-4189925.53566	-9580503.14275	-3421198.36554	-2128.12864951	10023828.668	-7825060.96618	10026967.1564	-1620.84861253	601580635.8979064	-3912810.985927516	-8949705.456266481	-3912841.1625892785	-1987.3778396293458	9363841.625642369	-8949560.176528078	9363800.600078255	-1514.129002955262	602038727.802	0.13540463700620298	0.0	0.0	0.0	-0.0672951481133866	0.0	0.0	0.0	-0.06697771307751263	0.135027502777
490	1500.0	nan	nan	1	1	5.0	5.0	5.0	1.15	-6.10115184929e-19	-5.57332326821e-17	-6.09546084668e-19	0.932895029626	3.92192136447e-17	-1.38264893749e-18	-4.49054516987e-18	0.933174944513	525468908.025	-4151804.38587	-9332731.31011	-3368047.84503	-1795.77846094	9909031.5963	-7572938.51482	9911953.93399	-1553.18706504	603602701.9077872	-3868797.2760020075	-8699176.51269289	-3868854.557077024	-1673.3694972795056	9236354.509926278	-8698985.000097139	9236307.112682596	-1447.748572958267	604041356.654	0.13976194237515863	0.0	0.0	0.0	-0.06946259290378533	0.0	0.0	0.0	-0.0691625881955171	0.13938312957
500	1550.0	nan	nan	1	1	5.0	5.0	5.0	1.155	1.52709452478e-18	-1.98654107724e-17	4.55650786064e-19	0.930884405106	-3.83024592979e-17	-1.28439311561e-18	-1.16085865421e-18	0.931146572667	524837403.936	-4126219.05285	-9080716.22325	-3325618.31469	-2111.9588977	9783520.53463	-7320577.66493	9786276.13893	-1860.76166412	605495576.6547285	-3836650.5696404064	-8445830.572579587	-3836706.69065404	-1963.746520515605	9099497.74966813	-8445620.227199044	9099497.97676169	-1730.6650009468224	605915575.0	0.14410034397375687	0.0	0.0	0.0	-0.07162017149115522	0.0	0.0	0.0	-0.07133857836422897	0.143719904556
510	1600.0	nan	nan	1	1	5.0	5.0	5.0	1.16	1.33872895569e-18	-2.45424620093e-17	-1.4219565602e-19	0.928887310212	3.58724276514e-17	6.8448203072e-19	6.17042326251e-18	0.929130660232	524106576.726	-4105161.23657	-8821395.46947	-3287246.83793	-8641.02645059	9652080.47101	-7065766.05335	9654620.83846	-7885.82452601	607267149.0928376	-3808863.7604615525	-8186839.440242621	-3808837.943046492	-8017.344655709559	8957770.157107338	-8186898.997106108	8957781.025753913	-7318.567620259928	607674275.554	0.14842000511827322	0.0	0.0	0.0	-0.07376784977358994	0.0	0.0	0.0	-0.07350590395254547	0.148037998571
520	1650.0	nan	nan	1	1	5.0	5.0	5.0	1.165	-9.08111963685e-19	-8.78722567393e-18	1.97453967917e-18	0.926903421609	-6.61056275773e-19	1.76342995195e-18	-2.94317479391e-18	0.927127367952	523293769.909	-4079968.67229	-8558564.88677	-3246068.87844	-6584.65665818	9517381.22037	-6811129.54473	9519667.61855	-5381.60433853	608936038.692934	-3777387.177928607	-7925753.057827986	-3777320.575602123	-6096.320739078334	8813675.459359678	-7925839.141393838	8813663.36086832	-4983.693832602603	609322696.537	0.15272108701766393	0.0	0.0	0.0	-0.07590590265285367	0.0	0.0	0.0	-0.0756643248480512	0.152337531028
530	1700.0	nan	nan	1	1	5.0	5.0	5.0	1.17	-1.29402149794e-18	-4.86620428198e-18	1.10993079826e-18	0.924932354959	1.26680130009e-17	8.35518593128e-19	-1.94510528425e-18	0.925136804286	522404014.054	-4052092.62381	-8294488.67171	-3203420.32095	5630.14871554	9384420.81015	-6558507.59728	9386519.37276	5469.57440934	610506897.4986942	-3743583.6655210727	-7664675.712778309	-3743673.7638185476	5201.493332630875	8671847.670052841	-7664592.954339627	8671870.034135997	5054.261425117974	610865204.644	0.1570037488096647	0.0	0.0	0.0	-0.07803467391787802	0.0	0.0	0.0	-0.07781365587991962	0.156618661122
540	1750.0	nan	nan	1	1	5.0	5.0	5.0	1.175	2.12138078151e-18	-3.16764911285e-17	1.11183662239e-18	0.922973721114	5.16950560456e-17	-1.10826320214e-18	-3.45112986447e-18	0.923159004779	521440571.017	-4021580.29782	-8027968.25899	-3159026.03483	3499.64760266	9255457.69754	-6307235.43368	9257291.10523	3108.07119535	611982456.345327	-3707510.3122445676	-7402500.478193462	-3707552.9214834985	3226.3385572878537	8534354.873067087	-7402411.028208868	8534332.201372426	2865.917971720042	612325836.474	0.16126814759612232	0.0	0.0	0.0	-0.0801545160503598	0.0	0.0	0.0	-0.07995378978293252	0.160881575415
550	1800.0	nan	nan	1	1	5.0	5.0	5.0	1.18	6.58766639837e-19	-2.21898279983e-17	-9.76205471711e-20	0.921027323517	-6.70102058254e-17	-2.56783331916e-19	1.55562894719e-18	0.921193991923	520416467.543	-3994561.605	-7756577.17048	-3117944.13064	2960.96277262	9129106.74402	-6055196.83991	9130702.89904	3112.72792981	613376904.3760808	-3674819.5590006663	-7136998.344801329	-3674893.16373624	2723.9544626560796	8399893.186075713	-7136818.538020108	8399841.814635448	2864.089867811655	613704157.285	0.16551443847757333	0.0	0.0	0.0	-0.08226557593888091	0.0	0.0	0.0	-0.08208463306838205	0.165126395033
560	1850.0	nan	nan	1	1	5.0	5.0	5.0	1.185	6.53188133786e-19	2.287899518e-17	1.2162863727e-18	0.919092939189	6.15824716389e-18	9.62586770106e-19	-1.46200533674e-18	0.919241718696	519332737.111	-3973273.90009	-7483102.6279	-3081781.77388	635.349701911	9008268.43596	-5804747.32696	9009682.76585	1191.96771647	614690560.9580822	-3647543.0641970932	-6870746.438205053	-3647646.3584305146	583.2634388716244	8271105.094831034	-6870592.0802877	8271064.796828595	1094.4267838659616	615004244.001	0.16974277458709455	0.0	0.0	0.0	-0.08436803095745064	0.0	0.0	0.0	-0.08420616760282489	0.169353275029
570	1900.0	nan	nan	1	1	5.0	5.0	5.0	1.19	-9.94727699987e-19	2.82901592845e-17	-1.66013163706e-18	0.917170308071	1.40703395725e-16	7.6222377341e-19	1.93801138332e-18	0.917302240715	518199536.138	-3960863.29364	-7203826.77805	-3052809.90224	6562.35578141	8896601.25113	-5552880.01288	8897879.92753	6403.54732089	615934568.3067006	-3628527.6559260506	-6600340.08370074	-3628585.1648425064	6011.742308580061	8151305.640143465	-6600181.0404579835	8151304.653203803	5867.102494569656	616228526.433	0.17395330712343798	0.0	0.0	0.0	-0.08646210088282823	0.0	0.0	0.0	-0.08631826374084996	0.173562346157
580	1950.0	nan	nan	1	1	5.0	5.0	5.0	1.195	-1.31631566981e-18	-1.68299093872e-17	2.41086752612e-19	0.915259587058	7.04406892618e-17	6.79135135241e-19	1.6535936015e-18	0.915375137587	517020141.826	-3951282.16231	-6924688.84101	-3026396.05042	10976.5440321	8791721.70658	-5304168.2139	8792830.21725	11086.7570673	617112102.0672742	-3612193.6613132237	-6331229.715967613	-3612287.950265816	10034.566286883372	8038254.28134301	-6331022.9745359635	8038252.969812073	10136.600706518651	617388154.766	0.17814618538347404	0.0	0.0	0.0	-0.08854755223960126	0.0	0.0	0.0	-0.08842131129420942	0.17775375971
590	2000.0	nan	nan	1	1	5.0	5.0	5.0	1.2	-6.34546791502e-19	-1.85375278089e-17	-6.05893255083e-19	0.913360931745	1.06652035971e-16	-3.78094331831e-19	5.88619076915e-18	0.913459922157	515786441.471	-3937307.18617	-6647186.50672	-2996817.99368	-477.880467302	8694629.82004	-5059836.94522	8695541.36881	-480.951783207	618212800.2431581	-3591935.718493844	-6064767.931720391	-3591934.7519261255	-435.96189946730135	7932816.697327495	-6064633.955396669	7932788.618571582	-438.81136004659817	618486412.982	0.1823215567939546	0.0	0.0	0.0	-0.0906241514856118	0.0	0.0	0.0	-0.09051577697052382	0.181927691441
600	2050.0	nan	nan	1	1	5.0	5.0	5.0	1.205	-1.12858537543e-18	-2.99306503451e-17	6.51209517761e-19	0.91147412719	-6.96302375499e-17	7.02825587984e-19	3.80182797441e-18	0.911556695757	514519044.661	-3922728.12811	-6375602.71608	-2967196.59412	-382.609986035	8601270.86805	-4822945.82974	8602040.60726	-135.737896694	619260563.5757328	-3571227.1711436347	-5804834.666197663	-3571233.862344968	-348.32574000986625	7831252.593936911	-5804761.132968046	7831244.006891923	-123.58612719996447	619521808.563	0.18647956694261839	0.0	0.0	0.0	-0.09269207013736902	0.0	0.0	0.0	-0.09260148629641864	0.186084237456
610	2100.0	nan	nan	1	1	5.0	5.0	5.0	1.21	-1.00481930346e-18	-7.95063240776e-17	1.25985562992e-18	0.909598964882	-2.50700576564e-17	1.42632407384e-18	-3.72215393781e-18	0.909665397113	513216305.831	-3908350.31604	-6115764.43613	-2938146.99817	9732.86338973	8511243.41701	-4597634.28472	8511871.80911	9747.22620216	620252914.952581	-3550801.8594037946	-5556680.436984495	-3550928.174862444	8842.469744777572	7733172.244227235	-5556518.829552849	7733178.4008087395	8856.165360528223	620493803.581	0.1906203596086497	0.0	0.0	0.0	-0.09475147453898225	0.0	0.0	0.0	-0.09467844256801934	0.190223550115
620	2150.0	nan	nan	1	1	5.0	5.0	5.0	1.215	-1.99886540662e-19	1.04249638775e-17	5.02714054195e-19	0.907735142168	-6.8905071468e-18	3.74084160221e-19	-1.84351427014e-18	0.907786051249	511881899.025	-3886453.42862	-5867139.03165	-2903694.70614	17267.0879037	8424603.10335	-4383448.78552	8425085.43794	16994.1472239	621193808.0911682	-3523657.471211204	-5319746.685327719	-3523776.041850579	15655.225108290337	7638604.470166115	-5319530.2448403	7638613.402742173	15408.627250288451	621417445.216	0.19474407679251185	0.0	0.0	0.0	-0.09680263657928762	0.0	0.0	0.0	-0.0967465545228534	0.19434578426
630	2200.0	nan	nan	1	1	5.0	5.0	5.0	1.22	1.16836945417e-18	-6.24509980472e-17	-2.02843215044e-18	0.905882649627	-1.16971385428e-16	1.31184227706e-19	4.18325749847e-18	0.905918401415	510510900.116	-3873316.64038	-5625426.16077	-2876095.06887	15634.8214433	8337236.01461	-4177076.64297	8337608.74603	15488.3098618	622076787.6947839	-3504564.7602152135	-5090068.84248205	-3504630.3245257274	14146.337454370105	7543802.73735152	-5089925.444144793	7543842.269743335	14014.327305553825	622291981.701	0.19885085874516517	0.0	0.0	0.0	-0.0988455071263615	0.0	0.0	0.0	-0.0988060416585782	0.198451090066
640	2250.0	nan	nan	1	1	5.0	5.0	5.0	1.225	3.79511788528e-18	-7.46299554002e-17	1.67394886201e-18	0.90404157877	1.37444807038e-16	2.63083139461e-19	5.38866479175e-18	0.904062119986	509105189.132	-3865529.63912	-5391284.79915	-2852786.92639	3399.89726332	8245463.9401	-3978823.64469	8245717.5894	3460.11209585	622903607.1853058	-3490395.5486272313	-4868192.922742038	-3490459.9381694226	3069.950920461173	7445444.0255592	-4868195.519391936	7445503.891112595	3124.393135299967	623120371.858	0.20294084399669038	0.0	0.0	0.0	-0.10087992543305997	0.0	0.0	0.0	-0.10085720415217911	0.202539606284
650	2300.0	nan	nan	1	1	5.0	5.0	5.0	1.23	4.70900687837e-19	8.0628007458e-18	-8.82925968394e-19	0.902211911507	-4.11707775551e-17	8.75196792751e-19	3.89073996409e-18	0.902217147091	507689377.881	-3858355.7498	-5164602.09834	-2830106.2815	11354.2360679	8148577.33937	-3788343.93862	8148617.23116	11571.377947	623703876.8366115	-3476851.0036053886	-4653965.9264438655	-3476827.242276751	10231.557074511762	7342908.623804691	-4654036.314822412	7342901.960148021	10427.289007347035	623904351.86	0.20701416938432612	0.0	0.0	0.0	-0.10290585136056904	0.0	0.0	0.0	-0.10290004832389674	0.206611412845
660	2350.0	nan	nan	1	1	5.0	5.0	5.0	1.235	-1.22422399786e-18	4.27656347157e-18	-2.86826531764e-18	0.900393537164	-1.47200826645e-16	-2.23576993406e-19	-7.79100904885e-18	0.900383245492	506246768.742	-3849691.89259	-4949050.87909	-2806594.01721	11502.8535076	8045579.8374	-3608196.12324	8045483.82737	11575.6344842	624456930.8377804	-3462036.2415729524	-4450641.28254236	-3461942.2667126474	10344.541027157076	7235324.639238107	-4450720.905494833	7235320.999313668	10409.874128526668	624648645.1	0.2110709700799406	0.0	0.0	0.0	-0.10492334771410229	0.0	0.0	0.0	-0.10493477797253234	0.210666688719
670	2400.0	nan	nan	1	1	5.0	5.0	5.0	1.24	-2.75634116332e-18	-1.24083974026e-17	-8.52326903175e-20	0.898586346308	7.36415738299e-17	-3.04084828064e-19	-2.97795608431e-18	0.898560308923	504780560.247	-3841434.60572	-4744877.12133	-2783726.79543	2703.9297844	7940448.44246	-3438280.2178	7940194.16428	2578.84579854	625166322.7706991	-3447660.777892908	-4258370.743386095	-3447621.3653031187	2426.758130926788	7126290.622940176	-4258280.0719692325	7126268.907006786	2314.4290609423815	625357799.491	0.2151113796169455	0.0	0.0	0.0	-0.10693247686614298	0.0	0.0	0.0	-0.10696145322700491	0.214705563761
680	2450.0	nan	nan	1	1	5.0	5.0	5.0	1.245	2.18849077179e-18	-2.6949306129e-17	1.40967458247e-18	0.896790108104	1.14442727383e-16	1.25867772473e-18	8.59018463458e-18	0.896748396537	503300449.881	-3842384.67628	-4541618.65806	-2767695.62086	-3698.10145816	7839727.57408	-3271150.70901	7839327.19022	-4150.96730173	625843722.7706054	-3441603.8701049276	-4067714.8859834513	-3441572.3873572373	-3312.3701458133874	7021676.401330049	-4067608.39962406	7021644.387516261	-3717.826782861153	626033423.623	0.219135529916671	0.0	0.0	0.0	-0.10893343749911452	0.0	0.0	0.0	-0.10897995065386393	0.218728150977
690	2500.0	nan	nan	1	1	5.0	5.0	5.0	1.25	-4.00828563786e-19	-1.19205593645e-16	2.29905917708e-18	0.895004382714	-5.39635690971e-17	-8.50593132611e-19	1.40078073652e-18	0.894947826411	501820714.532	-3840344.28784	-4342410.58965	-2749648.82548	12473.8785298	7739076.85238	-3108857.34173	7738542.47861	12269.3486711	626506678.4942657	-3432910.0977793452	-3881465.318846489	-3432846.2392862877	11150.485569487011	6917576.719713592	-3881306.2726918836	6917536.196176974	10966.96186795832	626674451.991	0.22314355131420976	0.0	0.0	0.0	-0.11092666383212123	0.0	0.0	0.0	-0.11098985691932223	0.222734544115
700	2550.0	nan	nan	1	1	5.0	5.0	5.0	1.255	1.52329499988e-18	-4.21361833568e-17	2.76344499042e-18	0.89322887601	-5.00337067987e-17	-4.79738285501e-19	-1.23752572385e-17	0.893158495751	500319678.352	-3828392.30052	-4152383.13135	-2724711.11459	14469.235749	7630161.2364	-2955314.83739	7629502.39199	14905.8571077	627128151.846244	-3415420.451974816	-3704170.2375189713	-3415302.494669338	12908.4273037708	6806553.072128243	-3704353.860717509	6806501.649387931	13296.902168346338	627286561.396	0.22713557258374711	0.0	0.0	0.0	-0.11291243082172277	0.0	0.0	0.0	-0.11299122701133893	0.226724938898
