inc	time	elem	node	ip	grain	1_pos	2_pos	3_pos	1_f	2_f	3_f	4_f	5_f	6_f	7_f	8_f	9_f	1_p	2_p	3_p	4_p	5_p	6_p	7_p	8_p	9_p	1_Cauchy	2_Cauchy	3_Cauchy	4_Cauchy	5_Cauchy	6_Cauchy	7_Cauchy	8_Cauchy	9_Cauchy	Mises(Cauchy)	1_ln(V)	2_ln(V)	3_ln(V)	4_ln(V)	5_ln(V)	6_ln(V)	7_ln(V)	8_ln(V)	9_ln(V)	Mises(ln(V))
0	0.0	nan	nan	1	1	5.0	5.0	5.0	1.0	0.0	0.0	0.0	1.0	0.0	0.0	0.0	1.0	5.97018885729e-06	-1.11259957374e-06	-7.61596140642e-07	-1.11259957374e-06	6.53223901812e-06	1.45080876723e-06	-7.61596140642e-07	1.45080876723e-06	6.24602257229e-06	5.97018885729e-06	-1.11259957374e-06	-7.61596140642e-07	-1.11259957374e-06	6.53223901812e-06	1.45080876723e-06	-7.61596140642e-07	1.45080876723e-06	6.24602257229e-06	3.46485352558e-06	0.0	0.0	0.0	0.0	0.0	0.0	0.0	0.0	0.0	0.0
10	2.5	nan	nan	1	1	5.0	5.0	5.0	1.00025	-2.60411966468e-21	-3.58285398262e-20	2.39889849731e-21	0.99993075808	1.3695769635e-19	-2.20960621128e-22	-3.13385129884e-22	0.999929638708	57378004.5764	-531314.212449	-1189609.75595	-531144.636924	17.4827551162	693316.725397	-1189228.74658	693315.94949	17.001325606	57386015.56891545	-531218.7943354304	-1189394.783821509	-531218.7941858713	17.47961540814392	693191.4374431717	-1189394.784117526	693191.4376692018	16.99825332861289	57442883.8718	0.0002499687552074404	0.0	0.0	0.0	-6.924431733198137e-05	0.0	0.0	0.0	-7.036376747115724e-05	0.000213182844804
20	5.0	nan	nan	1	1	5.0	5.0	5.0	1.0005	-2.2267185102e-21	-2.14976822426e-19	1.2200300112e-21	0.999861489954	3.43026475051e-19	1.90840907074e-21	7.68065633089e-21	0.99985925023	114800845.688	-1063053.06378	-2380065.37472	-1062374.63865	-374.377141597	1386814.48425	-2378541.10865	1386811.37937	-374.175527712	114832911.66708577	-1062671.373629985	-2379205.4806121876	-1062671.3793468133	-374.2427211506389	1386313.441876836	-2379205.478751	1386313.443508217	-374.04034179022466	114947026.025	0.0004998750416509929	0.0	0.0	0.0	-0.00013851963940224893	0.0	0.0	0.0	-0.00014075967617819835	0.000426345094508
30	7.5	nan	nan	1	1	5.0	5.0	5.0	1.00075	-2.39117881809e-21	1.56904012986e-19	5.2883983006e-21	0.999788120028	-1.67418460849e-19	1.84585353691e-21	3.64049942403e-21	0.999785491063	168218985.374	-1528624.23319	-3563935.31364	-1527154.90793	-4898.82084775	2060904.32196	-3560500.58589	2060899.02789	-3096.44526678	168290735.02806473	-1527806.3523384158	-3562019.0858701533	-1527806.2781430802	-4896.199764242541	2059796.2316763122	-3562019.2294888	2059796.3567329152	-3094.7803952585377	168466350.12	0.0007497188905459742	0.0	0.0	0.0	-0.0002119024217322068	0.0	0.0	0.0	-0.00021453194733273522	0.000641959178519
40	10.0	nan	nan	1	1	5.0	5.0	5.0	1.001	6.09965568636e-21	-3.09926170755e-19	-6.32296860236e-21	0.999677237774	-4.02404756443e-20	4.94033620847e-21	8.17479334931e-21	0.999686836191	188864220.585	-1447675.94743	-4939678.76954	-1445762.96014	4581.73845641	2992610.65536	-4933198.85161	2992639.19466	4143.0351745	188984381.57139066	-1446682.7663978278	-4936337.288726082	-1446682.797168101	4578.5951454104925	2990586.282611296	-4936337.49819025	2990586.088445486	4140.232588908332	189260826.76	0.0009995003330834232	0.0	0.0	0.0	-0.0003228143249375315	0.0	0.0	0.0	-0.0003132128550249002	0.000878360108039
50	12.5	nan	nan	1	1	5.0	5.0	5.0	1.00125	-1.26879747819e-20	2.67356768096e-19	-4.86630354365e-21	0.999554017685	1.30583280991e-19	-8.05673916627e-22	-2.25851843488e-20	0.999578515628	198138605.195	-1350207.60425	-6041325.84565	-1347920.47546	1761.53952034	3790660.04678	-6031240.36795	3790752.74627	1467.9491996	198310595.75314483	-1349090.5724029175	-6036475.777571561	-1349090.512943009	1760.0821920462474	3787616.8473633784	-6036475.67480082	3787616.642215579	1466.7707077034113	198706486.675	0.0012492194004318981	0.0	0.0	0.0	-0.000446081794691683	0.0	0.0	0.0	-0.00042157322150498494	0.00112212049243
60	15.0	nan	nan	1	1	5.0	5.0	5.0	1.0015	-1.62322045998e-20	-5.84697579067e-19	1.31273563212e-21	0.999427455323	3.72167789537e-19	-5.63309997149e-22	-3.41648857439e-20	0.999468195007	204612905.61	-1374656.91317	-6787054.49732	-1371812.44594	-871.97864614	4368532.27282	-6773284.65607	4368710.51303	-1283.19445914	204839057.1853758	-1373328.359024139	-6780771.458178971	-1373328.6628415906	-871.1359116115987	4364488.153346697	-6780770.933589359	4364488.318816632	-1282.0065563442422	205329543.266	0.0014988761237359487	0.0	0.0	0.0	-0.0005727086432921057	0.0	0.0	0.0	-0.000531946451429475	0.00136767160898
70	17.5	nan	nan	1	1	5.0	5.0	5.0	1.00175	-1.08845594879e-20	3.91264701544e-19	-9.44185310199e-21	0.999299848306	-4.27146969336e-19	-4.86464918242e-21	5.71602999777e-20	0.999356355833	209735756.577	-1454766.61151	-7281764.46977	-1451209.16791	-5522.87890171	4765078.16162	-7264364.53496	4765348.14464	-5554.45849911	210017883.09478346	-1453160.5356820922	-7274136.642486686	-1453161.2651384359	-5516.7815921936035	4760086.625109966	-7274136.211013746	4760087.156103339	-5548.6400672918	210577502.788	0.001748470534116803	0.0	0.0	0.0	-0.0007003969146652687	0.0	0.0	0.0	-0.0006438513948323083	0.00161405998713
80	20.0	nan	nan	1	1	5.0	5.0	5.0	1.002	-2.07664209769e-20	1.34277883197e-19	-1.83468659864e-21	0.999172311158	-5.17619848834e-19	-7.55960361812e-21	7.41887693147e-20	0.999243027914	214081122.327	-1563496.00699	-7620255.87655	-1559083.97707	-2872.263131	5043846.70942	-7599288.65735	5044204.15591	-2587.05649652	214420772.20424142	-1561557.3117727472	-7611345.610814718	-1561557.5379130344	-2868.701597890954	5037949.005296014	-7611345.2900485555	5037949.471262141	-2584.0314851254197	215022539.889	0.001998002662673058	0.0	0.0	0.0	-0.0008280315655347285	0.0	0.0	0.0	-0.0007572587340347795	0.00186088053332
90	22.5	nan	nan	1	1	5.0	5.0	5.0	1.00225	-2.83633511202e-20	-2.573557409e-19	-8.33301749086e-21	0.999045215122	-1.59657025161e-18	1.28113733272e-20	-3.50431964581e-20	0.999128400436	217935912.4	-1679844.76599	-7861926.86416	-1674473.68171	1398.69767511	5247838.64665	-7837439.90628	5248275.57419	1856.77025671	218334493.42614517	-1677535.7398085354	-7851773.995445494	-1677536.1115360858	1396.775098918924	5241061.603600001	-7851773.729493416	5241061.570876305	1854.3724291830972	218963560.446	0.00224747254047937	0.0	0.0	0.0	-0.0009552409754207346	0.0	0.0	0.0	-0.0008719796277580374	0.00210793675569
100	25.0	nan	nan	1	1	5.0	5.0	5.0	1.0025	-4.33368194723e-20	-2.11429184366e-18	5.28568411421e-22	0.998918608598	9.57212577666e-19	-6.70016296168e-22	6.61336069615e-20	0.999012698151	221457880.769	-1797255.49162	-8047131.91034	-1790835.44426	-545.904829045	5407364.86143	-8019139.34432	5407875.59011	200.540721176	221916721.4614242	-1794545.3156339254	-8035754.045048613	-1794545.8932736397	-545.0816304706917	5399719.371128582	-8035754.275505186	5399720.7703704955	200.25717601526478	222571246.872	0.002496880198587146	0.0	0.0	0.0	-0.0010819765275529442	0.0	0.0	0.0	-0.000987789552503747	0.00235513669934
110	27.5	nan	nan	1	1	5.0	5.0	5.0	1.00275	1.16824785862e-20	-1.68335555994e-18	-9.24457052589e-21	0.998792378647	-2.32569935589e-18	9.97579818739e-22	-4.99491978914e-20	0.998896281676	224754121.985	-1910599.37139	-8199585.02776	-1903059.05011	-370.186511368	5542264.39144	-8168073.01487	5542842.49068	142.526017328	225274507.6302098	-1907464.9364035937	-8186984.785881464	-1907465.3079481984	-369.5792016566717	5533747.634597976	-8186985.005931268	5533749.176986356	142.3069986476351	225948041.673	0.0027462256680252286	0.0	0.0	0.0	-0.001208351115242484	0.0	0.0	0.0	-0.0011043278696213385	0.00260240320203
120	30.0	nan	nan	1	1	5.0	5.0	5.0	1.003	-4.98117825122e-20	-1.71763806042e-18	7.80693062128e-21	0.998666372484	-2.24833522115e-18	3.77525231569e-21	1.8076595061e-19	0.998779405606	227881943.372	-2016207.1703	-8330288.28257	-2007496.36463	-342.25828087	5658557.00091	-8295234.85277	5659198.73581	103.365506657	228465122.0928206	-2012633.2492400643	-8316463.230271478	-2012633.8017812436	-341.65159516035095	5649165.987799994	-8316463.408129684	5649167.261940545	103.19395994854118	229154420.665	0.002995508979798371	0.0	0.0	0.0	-0.0013345175886139142	0.0	0.0	0.0	-0.001221339926060823	0.00284970774179
130	32.5	nan	nan	1	1	5.0	5.0	5.0	1.00325	1.03711905202e-20	8.22469818965e-19	-1.47238149034e-21	0.99854056787	-1.84999068075e-18	-1.45087479442e-20	5.21913743393e-20	0.998662172171	230882015.86	-2115693.10495	-8446936.696	-2105762.19015	-263.212087472	5765067.58688	-8408309.30795	5765770.84049	56.1761260634	231529211.1982352	-2111664.420401955	-8431878.838371681	-2111664.9429816604	-262.7108812870606	5754790.539701231	-8431879.002481101	5754791.709424959	56.07598418489271	232232304.972	0.0032447301648890294	0.0	0.0	0.0	-0.0014604981383749642	0.0	0.0	0.0	-0.0013387235195921748	0.00309702545899
140	35.0	nan	nan	1	1	5.0	5.0	5.0	1.0035	2.68498690932e-20	-2.45944949786e-18	-2.13991624467e-21	0.998414922883	-1.417698648e-18	-4.78606702423e-21	-5.91897359118e-20	0.998544671393	233778605.241	-2209242.45611	-8554780.29915	-2198048.07865	-216.678202831	5864405.83299	-8512536.4489	5865168.91702	33.022519196	234491012.13074914	-2204745.7058396693	-8538477.14338872	-2204746.3160426645	-216.23717031125912	5853229.821637367	-8538477.18718606	5853230.797760974	32.95958698088065	235206628.636	0.003493889254255838	0.0	0.0	0.0	-0.001586334680799234	0.0	0.0	0.0	-0.0014563886262529354	0.00334434223068
150	37.5	nan	nan	1	1	5.0	5.0	5.0	1.00375	2.17196949341e-21	2.32532547026e-18	9.4166240933e-21	0.998289401488	-1.94845288419e-19	-1.89176206091e-20	-3.7406968456e-20	0.998426973548	236588836.141	-2296137.06411	-8655532.05279	-2283646.19835	-163.988302972	5958556.54912	-8609630.57397	5959378.56895	2.53500250944	237367623.68300307	-2291162.7785706017	-8637971.171906088	-2291163.3544365945	-163.6330434115619	5946467.459603496	-8637971.188606018	5946468.341985471	2.529859338940751	238094729.841	0.003742986278834297	0.0	0.0	0.0	-0.0017120632562655953	0.0	0.0	0.0	-0.001574264957080326	0.00359164816724
160	40.0	nan	nan	1	1	5.0	5.0	5.0	1.004	7.16181246155e-20	9.61572646675e-19	3.77194359324e-22	0.998163960236	2.51388832192e-18	1.57561363079e-20	-1.04536190682e-19	0.998309145776	239325065.095	-2377140.47209	-8749923.78738	-2363323.19471	-133.396387707	6049787.49261	-8700327.61053	6050668.25343	-9.71337869261	240171378.4796676	-2371679.9579932755	-8731094.169325123	-2371680.497574138	-133.08996372233665	6036768.500608798	-8731094.148522424	6036769.302282443	-9.692475743596741	240909160.653	0.003992021269537457	0.0	0.0	0.0	-0.0018377273509746469	0.0	0.0	0.0	-0.001692285331426673	0.00383893688678
170	42.5	nan	nan	1	1	5.0	5.0	5.0	1.00425	2.57790837902e-20	-2.1086240021e-18	8.33798057453e-21	0.998038575406	-6.73093201251e-19	3.55522227275e-21	2.2755325061e-20	0.998191229134	241996449.865	-2453214.2455	-8839812.33281	-2438041.20981	-98.3931539045	6138962.25434	-8786480.58184	6139901.95944	-23.9775484377	242911411.57284352	-2447258.738921919	-8819701.302831024	-2447259.1729262564	-98.15429132803277	6124995.79789402	-8819701.28934864	6124996.524019798	-23.922998275626522	243659309.041	0.004240994257254614	0.0	0.0	0.0	-0.0019633507062469828	0.0	0.0	0.0	-0.0018104086672586822	0.0040862034824
180	45.0	nan	nan	1	1	5.0	5.0	5.0	1.0045	-2.33430368862e-21	4.85586452432e-19	-1.14614145675e-20	0.997913222845	9.08749513142e-19	-1.85288457212e-21	5.60865678439e-20	0.998073260515	244609690.568	-2524553.31151	-8926607.06674	-2507999.4937	-69.2973678992	6226149.04851	-8869495.07941	6227148.21921	-34.5659797602	245594400.3248982	-2518095.428682871	-8905200.457815839	-2518095.788601512	-69.12010316088154	6211218.32099074	-8905200.444651969	6211218.987942244	-34.48308819733876	246351989.699	0.004489905272852001	0.0	0.0	0.0	-0.00208895750824967	0.0	0.0	0.0	-0.0019285980351997074	0.00433344449521
190	47.5	nan	nan	1	1	5.0	5.0	5.0	1.00475	5.64964358374e-22	3.25541893154e-19	2.08002836833e-20	0.997787881913	4.63272635023e-19	-8.28173229288e-21	-3.23613735146e-20	0.997955271112	247170093.11	-2591750.12811	-9009941.52626	-2573791.69328	-54.5803242548	6311586.78195	-8949010.80189	6312646.22369	-35.7087893276	248225628.85768443	-2584782.6947593344	-8987227.438136483	-2584783.0276488434	-54.43359530613094	6295675.253784517	-8987227.402810264	6295675.8601688985	-35.61876736850004	248992461.421	0.00473875434717347	0.0	0.0	0.0	-0.0022145684345205694	0.0	0.0	0.0	-0.0020468222001030615	0.00458065705099
200	50.0	nan	nan	1	1	5.0	5.0	5.0	1.005	-5.96934889049e-21	-9.42205039812e-19	-3.79196136407e-20	0.997662544017	-8.10737502746e-19	4.13259434031e-21	1.66638429531e-19	0.997837278465	249682111.212	-2655661.77169	-9089976.83826	-2636273.20573	-38.5014353063	6395588.97655	-9025191.78733	6396709.69883	-33.8403895899	250809530.71442991	-2648176.793048465	-9065944.318684777	-2648177.0854731095	-38.392919069784234	6378680.00967265	-9065944.315353788	6378680.58232795	-33.75092073428766	251585202.349	0.004987541511038968	0.0	0.0	0.0	-0.002340192097766732	0.0	0.0	0.0	-0.0021650635946439023	0.00482783847728
210	100.0	nan	nan	1	1	5.0	5.0	5.0	1.01	-1.65204511939e-20	-3.68277352321e-19	1.10809114858e-20	0.995156445558	-5.80014826901e-18	-1.68116187695e-20	-1.02022802391e-19	0.995481744724	292304205.322	-3540643.92648	-10345470.5747	-3488610.87319	-3415.18228522	7845952.25213	-10196760.2218	7848518.64357	-176.074241467	295060044.0936126	-3521499.077807535	-10292894.367203603	-3521501.4335321463	-3396.7158284406923	7806078.723841822	-10292895.093117086	7806080.4021500135	-175.17942321902467	295971826.577	0.009950330853168092	0.0	0.0	0.0	-0.004855322466571983	0.0	0.0	0.0	-0.004528493442107461	0.0097633161535
220	150.0	nan	nan	1	1	5.0	5.0	5.0	1.015	1.19476313316e-19	4.27121326737e-18	1.07037171264e-20	0.992655100409	-1.10093272756e-18	1.96604287992e-20	8.63225007745e-20	0.993140237804	325493065.46	-4120089.61073	-11269758.9785	-4029390.2275	-2558.28130157	8964106.45527	-11027039.8893	8968487.70539	-3671.41946707	330166331.3423901	-4087239.0750189377	-11185366.207942057	-4087242.187726557	-2537.883465795443	8896979.395962005	-11185360.5872405	8896979.642829211	-3643.9263093815784	331171813.101	0.014888612493750559	0.0	0.0	0.0	-0.0073720061776661695	0.0	0.0	0.0	-0.0068833985197510736	0.0146802538931
230	200.0	nan	nan	1	1	5.0	5.0	5.0	1.02	5.40645248365e-19	-1.62056924272e-18	1.23812394087e-20	0.990161053183	-1.36173814248e-17	-8.47231470601e-20	-3.71240313275e-19	0.990815255681	352076055.112	-4563803.56893	-11978245.4903	-4430287.76962	8863.86442689	9872190.87843	-11635517.8746	9878702.50176	7293.04447739	358870669.3837966	-4515793.634370235	-11860068.515032044	-4515786.615879369	8770.619057177035	9774792.16855838	-11860068.379136162	9774781.319903333	7221.091540916073	359933630.79	0.01980262729617973	0.0	0.0	0.0	-0.009887669101626457	0.0	0.0	0.0	-0.009227184148974303	0.0195770835026
240	250.0	nan	nan	1	1	5.0	5.0	5.0	1.025	-1.42936809849e-20	9.42968031209e-18	-1.69234535883e-19	0.987676662914	7.91110905634e-18	9.01295995438e-20	-5.61860776715e-19	0.988506929011	373659680.766	-4907087.51235	-12526769.1953	-4728401.71685	13838.4674334	10629100.8354	-12080776.4291	10638026.5745	11773.5339639	382720502.58592415	-4843064.1309342785	-12373723.808822254	-4843060.074855266	13657.915226726003	10499240.149064766	-12373721.502665386	10499230.917977536	11629.691203837805	383830300.792	0.024692612590371414	0.0	0.0	0.0	-0.012399899053987399	0.0	0.0	0.0	-0.011559626774383982	0.0244530631417
250	300.0	nan	nan	1	1	5.0	5.0	5.0	1.03	-3.10166259928e-19	4.76718745393e-18	-1.11159839437e-19	0.985204234891	-3.29272146844e-18	-3.72032752302e-20	7.18968844819e-19	0.986214630566	391393280.214	-5184808.52715	-12947922.101	-4959312.09232	8109.80756463	11262992.4287	-12397508.8102	11274526.6136	7302.11618946	402824293.44978034	-5104157.381709542	-12759585.993559472	-5104153.521730028	7983.657241823613	11099164.739932112	-12759589.85365229	11099148.20166362	7195.902070431973	403977040.238	0.02955880224154443	0.0	0.0	0.0	-0.014906314236060845	0.0	0.0	0.0	-0.013881270009109626	0.0293077053811
260	350.0	nan	nan	1	1	5.0	5.0	5.0	1.035	3.49053674885e-19	-1.93614658734e-17	-4.7116207691e-21	0.982744916909	-1.96573980094e-17	-9.73823191546e-20	1.77620492934e-19	0.98393832848	406092597.899	-5410112.17125	-13267053.8608	-5136949.42334	-7490.30641804	11799995.1019	-12612529.9868	11814309.8959	-8063.50982597	419968182.4975801	-5312488.97092049	-13043475.785822816	-5312471.401999432	-7355.146986806335	11601140.087267239	-13043481.517902514	11601125.639231276	-7927.622535289978	421163288.809	0.03440142671733232	0.0	0.0	0.0	-0.017405687006949378	0.0	0.0	0.0	-0.016192058202942877	0.0341407239515
270	400.0	nan	nan	1	1	5.0	5.0	5.0	1.04	4.37214584571e-20	6.18510737274e-18	2.18508030612e-20	0.980299471598	-1.13948033672e-17	1.8145033917e-19	9.6933160082e-19	0.981678102367	418381116.262	-5588358.89556	-13495075.4381	-5267564.33898	-7738.70880179	12263737.6831	-12738291.0255	12280969.2922	-7122.46114402	434754616.36443263	-5473710.783611517	-13236806.150618177	-5473712.422369711	-7579.945134383373	12029033.786274347	-13236808.767587164	12029018.769951563	-6986.151200943302	435967344.387	0.03922071315328133	0.0	0.0	0.0	-0.01989717073530957	0.0	0.0	0.0	-0.018491822362122767	0.0389519246569
280	450.0	nan	nan	1	1	5.0	5.0	5.0	1.045	-1.45759150099e-19	-7.085404134e-18	-1.16162627782e-19	0.977868785708	1.24595237819e-17	9.62176488522e-21	1.31871366641e-18	0.979433430724	428715208.062	-5716223.13965	-13652988.3925	-5349012.90635	-9822.03623969	12671300.8626	-12796355.1261	12691568.8543	-8586.79543748	447624019.6115816	-5584932.899474549	-13360750.290459488	-5584935.204230846	-9596.4436647646	12400075.486293027	-13360748.13817611	12400068.840676257	-8402.997668880269	448849316.241	0.04401688541677426	0.0	0.0	0.0	-0.022379783891115244	0.0	0.0	0.0	-0.020781006414498947	0.0437412608932
290	500.0	nan	nan	1	1	5.0	5.0	5.0	1.05	2.533323344e-19	-1.13234143716e-17	-7.75035146738e-20	0.975453482144	-1.7413144511e-19	-9.9817538878e-20	-2.53280015227e-18	0.977203980937	437452583.639	-5797750.10963	-13768054.8975	-5386140.98884	-10158.4425772	13016642.3589	-12813508.4305	13040012.4475	-9565.04377581	458922335.33476436	-5650475.10938473	-13442397.280589726	-5650487.603658951	-9900.396851744586	12708758.001789946	-13442383.089476623	12708768.809866497	-9338.80053485387	460153186.06	0.04879016416943205	0.0	0.0	0.0	-0.024852806223086856	0.0	0.0	0.0	-0.023059865786751614	0.0485087129135
300	550.0	nan	nan	1	1	5.0	5.0	5.0	1.055	7.33110324571e-19	8.16599318157e-18	-1.37245807235e-20	0.973054103138	1.02398077691e-17	4.42045319348e-20	1.25149448829e-18	0.974989417366	444889214.37	-5852087.19497	-13837991.6879	-5397539.55998	6459.11802483	13310277.5557	-12788522.9269	13336731.0454	5440.8157153	468937524.996239	-5689294.654629059	-13479805.240692906	-5689301.427346515	6279.439186051415	12965750.608687503	-13479801.478645463	12965731.732780278	5299.984119579672	470152659.593	0.05354076692802976	0.0	0.0	0.0	-0.027315593883626192	0.0	0.0	0.0	-0.025328662026784094	0.05325428685
310	600.0	nan	nan	1	1	5.0	5.0	5.0	1.06	9.98137338472e-19	2.83128703554e-18	-4.73279659278e-20	0.970670594501	4.494732689e-17	7.88270036539e-20	1.11534055946e-18	0.972789653835	451211646.442	-5877811.39544	-13866032.6112	-5382452.57376	6239.9549527	13564637.4446	-12725226.6763	13594235.2422	4813.50852339	477847683.0894911	-5700209.771123111	-13476418.174055688	-5700190.835036205	6051.410941893542	13183491.753454309	-13476425.380434357	13183477.206950063	4678.256251408834	479058464.688	0.058268908123975824	0.0	0.0	0.0	-0.02976811180923393	0.0	0.0	0.0	-0.027587403276009986	0.0579781157481
320	650.0	nan	nan	1	1	5.0	5.0	5.0	1.065	5.30321207139e-19	2.64220281193e-17	-1.78340140066e-19	0.968303340932	-3.75990513748e-17	-3.22931311141e-21	-8.3897951681e-19	0.970604343411	456611178.57	-5878375.45828	-13864060.4448	-5344637.80602	6866.03387733	13780277.1325	-12635230.5807	13813015.6395	5559.13988552	485839564.44988906	-5686767.637860996	-13444027.900118338	-5686756.316284741	6642.232965751919	13362782.929165546	-13444031.18048089	13362775.290124185	5390.717388975544	487041242.105	0.06297479916138839	0.0	0.0	0.0	-0.03220987206388104	0.0	0.0	0.0	-0.029836367045760894	0.0626802604672
330	700.0	nan	nan	1	1	5.0	5.0	5.0	1.07	9.13777944086e-19	4.15599362548e-18	-4.04934688347e-19	0.965952238694	2.58345843006e-17	-1.61095078656e-19	-1.07861043154e-18	0.968433436913	461222031.738	-5861553.63192	-13841537.3512	-5291542.99064	3620.63433933	13961257.8202	-12527678.6969	13997113.1939	2573.48579126	493042793.5322339	-5656648.456841146	-13391983.265719943	-5656618.631963123	3494.0660675402924	13507815.378637165	-13391991.874105735	13507809.314809645	2489.902514198244	494236438.759	0.06765864847381486	0.0	0.0	0.0	-0.034640888337688004	0.0	0.0	0.0	-0.03207552651658325	0.0673608557186
340	750.0	nan	nan	1	1	5.0	5.0	5.0	1.075	-6.52089637933e-19	7.20502106802e-18	-1.60539213284e-19	0.96361685213	-3.71657146129e-17	-2.37698620823e-19	6.39430465838e-19	0.966277274204	465170038.137	-5840544.34476	-13799799.9931	-5235385.73475	7473.10885051	14110981.2545	-12404135.6068	14149936.8867	6114.1512901	499580618.99340504	-5622676.4840652365	-13321708.956231005	-5622669.19965585	7194.341985318144	13622109.411243135	-13321721.599571731	13622106.551632505	5902.3278628532835	500757611.222	0.07232066157962608	0.0	0.0	0.0	-0.03706151967496164	0.0	0.0	0.0	-0.03430445261833279	0.0720200249506
350	800.0	nan	nan	1	1	5.0	5.0	5.0	1.08	-3.73316536613e-19	-2.78991477002e-20	-2.56849506365e-19	0.961296709552	1.26014891508e-16	3.28913481331e-19	-2.56311508095e-18	0.964136064624	468535708.249	-5816997.03062	-13734278.1164	-5177635.40845	3471.74541716	14237076.6235	-12260846.9867	14279123.4462	2218.15688975	505529973.9289562	-5586460.8319425285	-13228927.193330778	-5586446.981446168	3334.1550097686	13713225.296730828	-13228929.083542485	13713220.657801555	2136.540104197248	506695752.324	0.0769610411361284	0.0	0.0	0.0	-0.039472166831027194	0.0	0.0	0.0	-0.03652284845621461	0.0766579467409
360	850.0	nan	nan	1	1	5.0	5.0	5.0	1.085	3.3759556904e-19	1.17278064294e-17	3.97258452262e-19	0.958992088502	1.67128070823e-17	4.42998231414e-19	-1.85296398146e-18	0.962009348497	471403772.258	-5790352.716	-13644866.7887	-5117885.96282	-10963.4996132	14349424.0578	-12098158.7382	14394551.9947	-9502.16100416	510973922.78806645	-5547483.11143	-13113678.665078491	-5547486.933076267	-10503.648383687676	13790807.857411405	-13113691.47378703	13790789.26686912	-9132.24643098668	512135891.782	0.08157998699242285	0.0	0.0	0.0	-0.04187245386995459	0.0	0.0	0.0	-0.03873111059129919	0.0812747512991
370	900.0	nan	nan	1	1	5.0	5.0	5.0	1.09	2.66573841646e-19	-6.29835170733e-18	1.13039193789e-19	0.956703037507	-3.0833693346e-17	-7.07007813161e-20	6.22112612534e-19	0.959896907928	473840273.286	-5766416.35334	-13540621.8026	-5061270.2476	-8277.55861892	14441436.3163	-11924403.0459	14489654.503	-6811.78772494	515976859.1652435	-5511310.8384122765	-12984790.810423108	-5511347.3315234585	-7911.360494395341	13848627.655577555	-12984789.132371398	13848634.058652166	-6532.169640567767	517118810.392	0.08617769624105241	0.0	0.0	0.0	-0.0442622413192574	0.0	0.0	0.0	-0.04092938786171385	0.0858705693368
380	950.0	nan	nan	1	1	5.0	5.0	5.0	1.095	4.54929484569e-19	-1.56838738096e-17	2.13743470284e-19	0.954429430416	-2.40159780931e-17	4.53321445459e-19	1.58199946512e-18	0.957798544764	475894079.578	-5737750.71151	-13425279.2072	-5001154.24989	-12088.1005588	14510667.5668	-11743133.9664	14561873.1648	-10901.3011114	520585786.5397981	-5470832.06205067	-12845925.079031907	-5470817.836386039	-11525.765309691153	13884474.619334755	-12845943.865831554	13884458.666650154	-10430.866664278325	521712728.132	0.09075436326846412	0.0	0.0	0.0	-0.04664157211058187	0.0	0.0	0.0	-0.04311781042746533	0.0904455868896
390	1000.0	nan	nan	1	1	5.0	5.0	5.0	1.1	-8.62173661186e-19	3.2375531538e-17	-6.34348268155e-20	0.952171099128	-3.86915650581e-17	-5.06313944221e-19	3.72747436351e-19	0.955714219049	477610802.398	-5695025.44566	-13288635.598	-4929697.75307	-7920.96989978	14566858.3684	-11545590.3635	14621066.5402	-6324.58238676	524845040.95795065	-5417200.82897026	-12687402.324463585	-5417229.690220205	-7534.5553969455705	13907792.96793913	-12687413.720105283	13907796.293054428	-6038.4319129886435	525947402.946	0.09531017980432493	0.0	0.0	0.0	-0.04901053436475993	0.0	0.0	0.0	-0.04529634466958845	0.0949999514245
400	1050.0	nan	nan	1	1	5.0	5.0	5.0	1.105	6.4960147865e-19	-8.27016499919e-18	-1.1097455098e-19	0.949928193057	-3.34070853188e-17	-3.71053370457e-19	6.63200327921e-19	0.953643461159	479031882.173	-5639701.26611	-13132769.2905	-4848293.02445	-10549.5369778	14614445.8714	-11333930.0313	14671603.7167	-9942.05317543	528795324.2909355	-5351897.494872384	-12511323.669822056	-5351950.000679978	-10011.1757448631	13922886.978944149	-12511336.780351492	13922886.243818212	-9471.592964811072	529879106.225	0.09984533496971612	0.0	0.0	0.0	-0.05136888350012541	0.0	0.0	0.0	-0.04746540782977723	0.0995338378352
410	1100.0	nan	nan	1	1	5.0	5.0	5.0	1.11	-7.49227111626e-20	7.86811551682e-18	-7.98487371465e-19	0.947700274373	-2.39525300314e-17	-2.910616965e-19	-1.21218355686e-18	0.951586469669	480186927.093	-5574475.11767	-12970093.7786	-4759443.21654	-7076.68492591	14647821.9528	-11119079.1428	14707880.5796	-6475.09951598	532465002.11154985	-5277554.7106144	-12329604.080404611	-5277605.031204766	-6699.750394057297	13924482.613708394	-12329616.166545153	13924475.900874784	-6155.345888475958	533523301.438	0.10436001532424286	0.0	0.0	0.0	-0.05371699299141499	0.0	0.0	0.0	-0.04962471916114346	0.104047409832
420	1150.0	nan	nan	1	1	5.0	5.0	5.0	1.115	1.18750710483e-18	-1.31956615875e-17	-2.53117267441e-19	0.945486895322	4.6057416507e-17	-2.22081450858e-19	-4.70336219787e-18	0.949543434712	481105715.97	-5505049.62676	-12806528.8893	-4668158.94312	3129.17175958	14667470.5732	-10906114.269	14730417.9349	3821.74253433	535883231.50026906	-5199619.163018202	-12147895.640573341	-5199664.058350153	2955.5594497096818	13913130.042855293	-12147857.661178464	13913146.759160396	3625.1922650929882	536909544.617	0.10885440491208208	0.0	0.0	0.0	-0.05605525103044325	0.0	0.0	0.0	-0.0517740049503614	0.108540836909
430	1200.0	nan	nan	1	1	5.0	5.0	5.0	1.12	-1.52082118702e-18	3.66688768498e-17	-1.93652907566e-19	0.943287837316	-4.78088688836e-17	2.76026861686e-19	-5.54197775521e-19	0.947514196266	481804464.145	-5434868.54645	-12632900.3593	-4577318.42437	-1629.65757686	14685348.141	-10687369.3306	14751110.7813	-1546.93756036	539064657.5886482	-5121359.89234848	-11957511.667803893	-5121311.180638281	-1535.6513006828814	13900230.09343991	-11957512.886367673	13900197.67309456	-1464.2341347805814	540073699.199	0.11332868530700327	0.0	0.0	0.0	-0.058383807169658124	0.0	0.0	0.0	-0.053913359271306686	0.113014322054
440	1250.0	nan	nan	1	1	5.0	5.0	5.0	1.125	-1.51973592605e-18	-2.4640506073e-17	-4.81670579412e-19	0.941103091381	2.66837083604e-17	6.5062718261e-20	1.14639689013e-17	0.945498616942	482313800.707	-5362206.74008	-12450114.3273	-4485726.87578	4147.91063499	14703327.2619	-10463602.8952	14772006.046	5210.23568666	542040317.3651738	-5041155.963398526	-11759358.13226759	-5041209.303563667	3899.5632669161428	13887558.496509966	-11759345.525223417	13887563.456578137	4921.161828900677	543021735.443	0.11778303565638346	0.0	0.0	0.0	-0.060702590263582476	0.0	0.0	0.0	-0.05604285366417626	0.11746798297
450	1300.0	nan	nan	1	1	5.0	5.0	5.0	1.13	2.00998271405e-19	-6.26396746362e-18	-8.47496168397e-19	0.938932474725	-4.44422834952e-17	4.60415346392e-19	2.09203903082e-18	0.943496522247	482645086.124	-5284220.62976	-12270625.9757	-4390825.9488	11000.5807922	14721740.7715	-10245252.6278	14793321.4493	10553.6137187	544820229.7950847	-4956352.601203619	-11565220.431451064	-4956459.45890939	10318.031937785296	13875427.178226346	-11565063.131198281	13875445.857189627	9946.914627408725	545775210.829	0.12221763272424911	0.0	0.0	0.0	-0.06301171426061689	0.0	0.0	0.0	-0.058162600193043895	0.121902012853
460	1350.0	nan	nan	1	1	5.0	5.0	5.0	1.135	2.64697796017e-19	1.12809171404e-17	-2.71963750518e-19	0.936776020899	-1.75095474483e-17	-1.75547578318e-19	4.37945150488e-18	0.941507538962	482816411.991	-5201161.55669	-12092741.3551	-4292791.25458	-5652.30551836	14732622.8408	-10031232.6677	14807018.4813	-4739.51698353	547422264.7221836	-4867216.677174733	-11373473.948945532	-4867211.32960487	-5289.394567654575	13856337.215780389	-11373515.830298344	13856321.613144098	-4457.6139817981575	548371775.109	0.126632650933366	0.0	0.0	0.0	-0.06531106384625877	0.0	0.0	0.0	-0.060272923522405604	0.126316591911
470	1400.0	nan	nan	1	1	5.0	5.0	5.0	1.14	4.05424379269e-18	-2.05087587656e-17	4.81352942057e-20	0.934633716792	9.38825378353e-17	2.60780268636e-19	3.72988311345e-18	0.939531508402	482841940.448	-5115638.18248	-11903978.2296	-4194109.425	-18560.775097	14739524.2078	-9810693.27261	14816764.8861	-15640.3119635	549860082.8887377	-4776212.265715844	-11172383.33981444	-4776249.043186217	-17329.25561136948	13833662.286658082	-11172411.01936604	13833662.910247328	-14679.089413655529	550800078.344	0.131028262406404	0.0	0.0	0.0	-0.06760057319277632	0.0	0.0	0.0	-0.06237392327533679	0.130711843914
480	1450.0	nan	nan	1	1	5.0	5.0	5.0	1.145	2.33638156632e-18	4.32880952255e-17	-7.42662606285e-19	0.932505279461	1.39200865156e-17	-9.64558768686e-20	-2.67434771228e-18	0.937568540109	482753134.934	-5037984.33406	-11717421.4433	-4103065.46649	-2558.2277013	14744312.6888	-9594666.3143	14824370.165	-1111.05588288	552167418.9079434	-4692975.638287519	-10974260.490612965	-4693038.541431408	-2383.0364453946213	13809175.421821387	-10974267.696416559	13809175.143114444	-1040.5887282756642	553073417.596	0.13540463700620298	0.0	0.0	0.0	-0.06988046585981822	0.0	0.0	0.0	-0.06446541436033645	0.135087900334
490	1500.0	nan	nan	1	1	5.0	5.0	5.0	1.15	2.03674366123e-18	-2.63088433417e-18	-6.2604999225e-19	0.930390338902	-3.23982161391e-17	6.64232649325e-19	1.44969688923e-18	0.935618514601	482535199.456	-4975380.23114	-11520341.0476	-4025278.64994	-10412.0517526	14741202.25	-9372759.96743	14824037.2066	-8078.77481501	554325681.8849223	-4624125.6717121275	-10767188.188240038	-4624150.393422796	-9676.97614406518	13777482.636221386	-10767217.740688562	13777481.884987203	-7550.617503788925	555218798.638	0.13976194237515863	0.0	0.0	0.0	-0.07215106164285878	0.0	0.0	0.0	-0.06654745545444576	0.139445002545
500	1550.0	nan	nan	1	1	5.0	5.0	5.0	1.155	1.57860471589e-18	-2.35150639839e-17	3.5219365249e-19	0.928288687861	1.9653599596e-17	5.25583943771e-19	-9.1456794293e-18	0.933681543932	482217789.675	-4919789.29094	-11317351.3925	-3954116.10126	1824.40753707	14731968.5373	-9148756.40826	14817550.504	1786.25822612	556367042.3691427	-4562109.913531613	-10555523.041843155	-4562129.244391676	1691.7691427390369	13740284.979596082	-10555534.559705703	13740282.367995052	1666.0161207846809	557230203.985	0.14410034397375687	0.0	0.0	0.0	-0.07441250851605909	0.0	0.0	0.0	-0.06861985828074267	0.143783251959
510	1600.0	nan	nan	1	1	5.0	5.0	5.0	1.16	1.30347782671e-18	-1.49893067928e-17	-1.98920393707e-20	0.926200255484	-6.98080615293e-17	9.6561755987e-20	-1.6258268027e-18	0.931757343191	481796852.554	-4876435.54889	-11111127.3287	-3893654.29657	13312.5399139	14716662.4149	-8924800.01655	14804993.2915	12352.4035634	558285358.1243396	-4511715.179669226	-10341778.665324746	-4511798.223358711	12316.862964212005	13697661.891973507	-10341672.318976551	13697692.15618282	11497.107346388175	559118991.825	0.14842000511827322	0.0	0.0	0.0	-0.07666480909445249	0.0	0.0	0.0	-0.07068285957950247	0.148102834115
520	1650.0	nan	nan	1	1	5.0	5.0	5.0	1.165	-1.03803887686e-18	7.74881622016e-18	9.49140122068e-20	0.924124860585	6.76923849853e-17	3.87199936014e-19	4.98187721884e-18	0.929845729228	481276890.103	-4842793.29898	-10909545.4395	-3841453.25965	-7267.18817795	14695699.3503	-8707495.73265	14786663.1498	-6438.58006191	560084370.8940827	-4470530.958664926	-10133280.778030498	-4470478.380521521	-6708.564195545398	13650032.310872823	-10133319.030632144	13650022.064838847	-5980.4452844510515	560917629.193	0.15272108701766393	0.0	0.0	0.0	-0.07890808596650947	0.0	0.0	0.0	-0.07273658914540482	0.152403940523
530	1700.0	nan	nan	1	1	5.0	5.0	5.0	1.17	2.07435721805e-18	-4.89209172643e-18	4.40232139446e-19	0.922062449796	-5.35777985291e-17	5.28866196442e-20	1.09042786465e-17	0.927946662138	480676534.355	-4812036.22069	-10715165.0931	-3792214.87661	-11065.3357917	14670260.9804	-8498370.68857	14763840.7141	-10198.7598525	561784265.4446069	-4432206.761969653	-9932364.955713721	-4432100.376447884	-10191.913333605155	13598519.928239759	-9932356.987554315	13598483.395516494	-9453.68588076536	562603095.146	0.1570037488096647	0.0	0.0	0.0	-0.08114232475185523	0.0	0.0	0.0	-0.07478102399215011	0.156686664967
540	1750.0	nan	nan	1	1	5.0	5.0	5.0	1.175	2.0095327278e-18	-5.41275758515e-17	1.23982793293e-18	0.920012934079	-1.1104781933e-16	-4.98055372986e-19	-3.14580095676e-18	0.926059964119	480009079.007	-4780343.04353	-10524330.5553	-3742923.64074	-11642.9532241	14639246.4593	-8294657.52114	14735453.005	-10247.3232013	563399438.571933	-4393211.256242809	-9735599.073187934	-4393169.150410549	-10700.059115895838	13542128.26292857	-9735660.41755762	13542115.579972956	-9479.351654437858	564200949.639	0.16126814759612232	0.0	0.0	0.0	-0.08336755025635309	0.0	0.0	0.0	-0.07681629036450673	0.16095116117
550	1800.0	nan	nan	1	1	5.0	5.0	5.0	1.18	5.15525427523e-19	-1.47040155083e-17	5.98501569129e-19	0.917976312504	6.87404294388e-17	-3.86194084389e-19	-2.08010116022e-18	0.924185326399	479271727.253	-4745012.55701	-10332347.8124	-3691306.18402	-12218.4538722	14603881.324	-8092425.07737	14702638.6568	-10677.5721544	564925614.4673376	-4351072.200940559	-9538619.722960293	-4351004.441982821	-11204.053591651462	13482015.216493282	-9538677.016411724	13481996.427083781	-9857.324026883894	565710079.095	0.16551443847757333	0.0	0.0	0.0	-0.08558369206710857	0.0	0.0	0.0	-0.07884265775597829	0.16519759427
560	1850.0	nan	nan	1	1	5.0	5.0	5.0	1.185	-2.98864987527e-18	4.07465199277e-18	-2.64267662098e-19	0.915952349523	-2.53860538852e-17	-1.00945151489e-18	-6.8890777787e-18	0.922322759788	478475042.824	-4705214.49224	-10139349.6695	-3636866.70864	-9897.04881448	14567233.4823	-7891819.44746	14668504.1022	-8397.9804213	566374228.0927441	-4305049.505710421	-9341548.41969964	-4304984.357438797	-9055.333221692688	13421030.080984052	-9341601.437395316	13420989.933367392	-7737.19649587083	567139349.969	0.16974277458709455	0.0	0.0	0.0	-0.08779093583249999	0.0	0.0	0.0	-0.08086005183795852	0.169426106979
570	1900.0	nan	nan	1	1	5.0	5.0	5.0	1.19	-2.43278450363e-18	-2.80690836852e-18	4.07818239962e-19	0.913940879697	5.98098434386e-17	-6.63491495496e-19	-2.43500796512e-18	0.920472138192	477618609.575	-4660858.06253	-9947821.28789	-3579575.41053	-13972.1491214	14533721.1823	-7694737.97909	14637544.5405	-11787.5227856	567743916.3989989	-4255085.281774413	-9146667.878642173	-4255031.361588371	-12755.738381990195	13363239.733419176	-9146713.692332944	13363204.693212656	-10838.207976560783	568495892.346	0.17395330712343798	0.0	0.0	0.0	-0.08998939266488341	0.0	0.0	0.0	-0.08286854689093912	0.173636862392
580	1950.0	nan	nan	1	1	5.0	5.0	5.0	1.195	7.36389268519e-20	2.88811235839e-17	2.05293820326e-19	0.911941623854	1.0124288357e-16	-1.44440293331e-18	-5.78057634854e-18	0.918633544298	476713548.525	-4615491.13774	-9757642.59984	-3522171.50897	-14985.0857123	14505365.7064	-7501048.83477	14611767.4493	-11846.1851917	569047024.1344504	-4204435.712249839	-8953853.057423882	-4204372.252208847	-13650.514677569572	13310480.656611757	-8953908.54847753	13310444.121664643	-10870.351154207321	569783749.828	0.17814618538347404	0.0	0.0	0.0	-0.09217929988848206	0.0	0.0	0.0	-0.08486799099469981	0.177829993846
590	2000.0	nan	nan	1	1	5.0	5.0	5.0	1.2	-3.40745472813e-18	-4.88600367712e-18	7.4150786215e-19	0.909954396023	1.12877092859e-16	-5.18013586805e-19	1.12182102326e-17	0.916806998057	475772690.31	-4573643.98035	-9577352.89796	-3468279.21834	7168.09954297	14477396.2919	-7317165.90264	14586439.6909	6670.79449588	570298149.692425	-4157221.739910888	-8770909.234406222	-4157349.215540753	6515.456686597461	13258353.344568845	-8770924.141419526	13258370.011184845	6109.092321032071	571001548.417	0.1823215567939546	0.0	0.0	0.0	-0.09436079498744192	0.0	0.0	0.0	-0.0868582999170676	0.182005620474
600	2050.0	nan	nan	1	1	5.0	5.0	5.0	1.205	5.59174094086e-19	4.37804860656e-18	-1.82506483376e-18	0.907979044299	7.69970419109e-17	-4.279633966e-19	1.74298204721e-18	0.914992176313	474774894.21	-4536345.3638	-9408719.78099	-3418083.49918	-6746.60232478	14447459.8434	-7144393.71072	14559030.366	-3756.87897938	571471451.6465226	-4114354.2634751014	-8599390.324386429	-4114238.4800604694	-6119.003253242678	13204702.582419002	-8599479.65823474	13204684.355918996	-3433.7156911023962	572172005.712	0.18647956694261839	0.0	0.0	0.0	-0.09653397961302622	0.0	0.0	0.0	-0.0888397642207669	0.186163967511
610	2100.0	nan	nan	1	1	5.0	5.0	5.0	1.21	-4.94720180756e-20	-9.50561549232e-18	6.12934216457e-19	0.906015651337	-3.59019149858e-17	9.22524758678e-19	6.51167166114e-18	0.913188958527	473744527.249	-4499727.9099	-9248673.62897	-3369278.67715	-5817.38367721	14413205.171	-6980051.9278	14527293.9223	-3121.44078576	572595399.1405956	-4072304.381132765	-8436423.712426046	-4072307.66371386	-5264.797674391237	13147388.561296642	-8436499.82160118	13147364.434108736	-2847.3052589327185	573281753.859	0.1906203596086497	0.0	0.0	0.0	-0.09869869788196974	0.0	0.0	0.0	-0.09081245536871192	0.190305099596
620	2150.0	nan	nan	1	1	5.0	5.0	5.0	1.215	-2.15464005958e-19	3.62945676965e-17	-1.25323156758e-18	0.904064020963	1.33816647287e-16	-4.29922160291e-19	3.44800643048e-18	0.911397215584	472672370.073	-4462561.41773	-9093212.90616	-3320454.01821	-9950.36696473	14371043.0431	-6821001.46363	14487572.9262	-7407.87742271	573658368.0392307	-4029955.3179909196	-8278314.007805932	-4029865.830620635	-8985.766359684952	13083165.23083765	-8278301.876233794	13083130.08909122	-6744.011832713814	574335063.137	0.19474407679251185	0.0	0.0	0.0	-0.10085510144821677	0.0	0.0	0.0	-0.09277645525467318	0.194429190224
630	2200.0	nan	nan	1	1	5.0	5.0	5.0	1.22	-2.26922773547e-18	-2.44401298414e-17	7.67478024661e-19	0.902124252954	-9.98788428876e-17	-8.40891958387e-19	-5.40327611009e-18	0.909616789316	471587203.199	-4427953.34755	-8935287.29657	-3274328.95599	19701.9868827	14320573.8403	-6662068.94066	14439513.1122	18256.0925965	574694691.1816077	-3990108.8014628994	-8118622.1929104235	-3990225.891256033	17753.816514453207	13011705.694085762	-8118658.917187722	13011706.27502362	16587.526913283153	575332657.98	0.19885085874516517	0.0	0.0	0.0	-0.10300301568592758	0.0	0.0	0.0	-0.09473187880498643	0.198536309023
640	2250.0	nan	nan	1	1	5.0	5.0	5.0	1.225	2.03933769963e-18	5.55060690336e-18	-8.66627201604e-19	0.900196253939	2.35887823201e-16	6.4130982019e-19	6.81109780799e-18	0.907847238863	470451096.2	-4395903.31185	-8773591.21868	-3230441.35594	12476.4454613	14266559.5546	-6502107.56009	14387794.0447	11582.8499866	575657949.5565248	-3952749.257643461	-7956170.945186389	-3952864.09606419	11218.686362426588	12937368.950403087	-7956172.142164917	12937350.5727497	10503.695947177395	576288532.087	0.20294084399669038	0.0	0.0	0.0	-0.10514247949721486	0.0	0.0	0.0	-0.09667915367229993	0.202626698418
650	2300.0	nan	nan	1	1	5.0	5.0	5.0	1.23	-8.78796682776e-19	-1.93424738066e-17	-1.1904651027e-18	0.898280192129	-9.96113392949e-17	5.87576167598e-19	-9.71493850941e-18	0.906088367434	469294298.926	-4366536.89339	-8611227.27994	-3188971.98689	12014.0339757	14212061.8113	-6343602.01514	14335616.0053	12830.7641024	576584416.3083454	-3917973.2598041566	-7793779.546642511	-3918035.134653468	10779.861709268953	12862937.30959344	-7793877.048075301	12862953.306683384	11612.76361408215	577201288.678	0.20701416938432612	0.0	0.0	0.0	-0.10727324138639378	0.0	0.0	0.0	-0.09861844189634725	0.20670041402
660	2350.0	nan	nan	1	1	5.0	5.0	5.0	1.235	-1.45419675176e-18	-3.6946518368e-18	-7.73261671504e-19	0.896375910587	1.32917045358e-16	-1.14000046789e-18	8.01033764262e-18	0.904340021052	468104897.844	-4346194.9178	-8451521.79473	-3154467.69374	4326.49367189	14155347.8937	-6188802.00079	14281040.5074	5196.90879156	577459137.4589947	-3891441.367556988	-7634450.463009335	-3891384.6062264894	3873.801513669067	12786845.364168951	-7634571.4000020735	12786778.516225474	4694.485051755233	578069980.066	0.2110709700799406	0.0	0.0	0.0	-0.10939541092494273	0.0	0.0	0.0	-0.10054985982662101	0.210757621062
670	2400.0	nan	nan	1	1	5.0	5.0	5.0	1.24	-4.00326299718e-18	-1.27018943188e-17	2.07523072077e-19	0.894483221367	-1.19763047203e-17	-3.19754937588e-19	-6.01324571124e-18	0.902602308463	466903039.981	-4333800.56979	-8291905.84782	-3126270.84164	14390.5940824	14091974.7642	-6035794.19345	14219858.3279	13741.8885096	578306485.9990741	-3872137.736340981	-7475848.272253386	-3872201.6133880136	12857.620349042878	12705096.648110155	-7475939.609152531	12705072.40704715	12389.464540169634	578896102.024	0.2151113796169455	0.0	0.0	0.0	-0.1115091337643468	0.0	0.0	0.0	-0.1024732340221542	0.214798403711
680	2450.0	nan	nan	1	1	5.0	5.0	5.0	1.245	9.86925732449e-19	2.25265235949e-17	-2.05818418271e-18	0.892601818996	8.44526788522e-17	8.27074733435e-19	-6.29874875402e-19	0.900875148619	465669154.835	-4331916.53725	-8132714.55733	-3105874.91542	6517.66818385	14028527.3095	-5884756.69349	14158572.5871	6015.50049332	579102043.8063241	-3862301.0516713466	-7318269.703515266	-3862438.5846724557	5811.099190039889	12623650.525336465	-7318231.394798983	12623666.527988207	5413.082520161351	579686269.947	0.219135529916671	0.0	0.0	0.0	-0.11361468892661909	0.0	0.0	0.0	-0.10438860076571238	0.218822958361
690	2500.0	nan	nan	1	1	5.0	5.0	5.0	1.25	-3.98899578598e-19	1.67602409273e-17	-2.07517778121e-18	0.890731567043	-3.01397616039e-17	-5.90276085118e-19	-2.15464005958e-19	0.899158583615	464423883.671	-4338858.45649	-7973005.33561	-3091880.74205	6228.6422529	13966689.3188	-5735157.1363	14098847.0374	5308.32926363	579871023.8297396	-3860372.161756778	-7160860.246216111	-3860464.7919487297	5541.751914646907	12544016.478648731	-7160810.538345666	12544035.985925095	4767.613013875585	580443817.408	0.22314355131420976	0.0	0.0	0.0	-0.115712168459398	0.0	0.0	0.0	-0.10629586005048507	0.222831371942
700	2550.0	nan	nan	1	1	5.0	5.0	5.0	1.255	-3.89899853533e-19	3.44102899657e-17	-2.81214938488e-18	0.888872378499	-4.6344931253e-17	-1.58495746299e-18	-8.09451154176e-18	0.897452454453	463163319.13	-4348125.80498	-7813708.05563	-3079710.55046	7162.22289451	13906740.8101	-5587545.01236	14040993.3	6288.87136176	580608376.3644303	-3860529.946171895	-7004450.0721631115	-3860637.638001518	6359.056109587018	12466433.475291234	-7004387.660886721	12466445.898728605	5637.539200349849	581168870.248	0.22713557258374711	0.0	0.0	0.0	-0.1178016100175108	0.0	0.0	0.0	-0.10819513556278916	0.22682378286
