inc	time	elem	node	ip	grain	1_pos	2_pos	3_pos	1_f	2_f	3_f	4_f	5_f	6_f	7_f	8_f	9_f	1_p	2_p	3_p	4_p	5_p	6_p	7_p	8_p	9_p	1_Cauchy	2_Cauchy	3_Cauchy	4_Cauchy	5_Cauchy	6_Cauchy	7_Cauchy	8_Cauchy	9_Cauchy	Mises(Cauchy)	1_ln(V)	2_ln(V)	3_ln(V)	4_ln(V)	5_ln(V)	6_ln(V)	7_ln(V)	8_ln(V)	9_ln(V)	Mises(ln(V))
0	0.0	nan	nan	1	1	5.0	5.0	5.0	1.0	0.0	0.0	0.0	1.0	0.0	0.0	0.0	1.0	2.86030224544e-06	7.32384511483e-07	1.70365522501e-06	7.32384511483e-07	-9.17401639292e-07	5.48735135849e-07	1.70365522501e-06	5.48735135849e-07	2.48437014377e-06	2.86030224544e-06	7.32384511483e-07	1.70365522501e-06	7.32384511483e-07	-9.17401639292e-07	5.48735135849e-07	1.70365522501e-06	5.48735135849e-07	2.48437014377e-06	4.92057179278e-06	0.0	0.0	0.0	0.0	0.0	0.0	0.0	0.0	0.0	0.0
10	2.5	nan	nan	1	1	5.0	5.0	5.0	1.00025	-1.51725603858e-21	7.1239334056e-20	-2.9257378266e-21	0.999925046745	1.89571540263e-20	-3.28028811666e-22	-9.83117082716e-22	0.999935154205	57248634.2299	-323531.551352	981526.790639	-323426.44506	16.2276539922	578882.340194	981217.838238	578888.191754	14.4858062335	57256638.3752607	-323471.66445707175	981355.0260249433	-323471.66451919894	16.224650193017204	578781.0373027332	981355.025968562	578781.0373940314	14.483271255401869	57293358.4029	0.0002499687552074404	0.0	0.0	0.0	-7.495606413554198e-05	0.0	0.0	0.0	-6.484789757967309e-05	0.000213326998931
20	5.0	nan	nan	1	1	5.0	5.0	5.0	1.0005	-1.07067544302e-21	2.6827880306e-19	1.28698963556e-21	0.999850066582	6.48815915562e-20	-2.55265352094e-21	-4.16304492661e-22	0.999870284686	114542954.309	-647272.540235	1963778.6172	-646852.066291	-34.8916553134	1157676.96112	1962542.6143	1157700.37073	-35.3780015468	114574992.83213429	-647032.9957903662	1963091.5516168855	-647032.9956638745	-34.87874251133456	1157271.925649411	1963091.5521838672	1157271.9257163154	-35.36562387497423	114648471.451	0.0004998750416509929	0.0	0.0	0.0	-0.0001499446591382824	0.0	0.0	0.0	-0.00012972372775869182	0.000426632587192
30	7.5	nan	nan	1	1	5.0	5.0	5.0	1.00075	-1.3445394342e-20	1.12151215401e-20	1.69768480969e-21	0.999768974496	1.15770201667e-19	1.02646651669e-20	-2.37090643073e-22	0.999804790662	168232228.119	-967721.471788	2953576.37312	-966772.576754	-4052.87261307	1699927.40058	2950786.80062	1699988.30733	-847.198533245	168303957.53952146	-967185.0281686076	2952044.8486307496	-967184.7809878853	-4050.6259566540025	1699045.9334652063	2952044.9318928085	1699045.9412597052	-846.7592335157868	168418100.882	0.0007497188905459742	0.0	0.0	0.0	-0.00023105219450262381	0.0	0.0	0.0	-0.00019522839382254669	0.000642239248636
40	10.0	nan	nan	1	1	5.0	5.0	5.0	1.001	-9.86666204532e-21	-3.7008215702e-20	-8.31316515616e-22	0.999639713914	-8.72595413122e-20	-6.31019900165e-21	-2.65778300692e-21	0.999724465234	188817441.004	-1326879.71938	3379006.1649	-1325076.71804	4269.8970671	2476655.3467	3374700.30086	2476865.31888	3840.75804619	188937552.68363765	-1325919.5021345408	3376847.1654138826	-1325919.6337654022	4266.807089357269	2475072.8998621223	3376847.0353949806	2475072.8965834416	3838.3040125945117	189086564.582	0.0009995003330834232	0.0	0.0	0.0	-0.00036035100462523034	0.0	0.0	0.0	-0.00027557273267806456	0.000879670940888
50	12.5	nan	nan	1	1	5.0	5.0	5.0	1.00125	1.69592705089e-21	-4.56704820959e-19	-6.70192072048e-21	0.999492892702	1.79882573415e-19	6.31190506166e-21	2.1160853651e-20	0.999638360339	197369799.838	-1594914.5985	3436342.44655	-1592115.46912	513.5341568	2817733.71314	3430811.06324	2818143.84507	-483.555308519	197541377.08148107	-1593499.7168921772	3433793.682910088	-1593499.5247542427	513.0785900667544	2815643.7767187287	3433793.5312042898	2815643.8115896247	-483.1966515436228	197710302.832	0.0012492194004318981	0.0	0.0	0.0	-0.0005072359203912141	0.0	0.0	0.0	-0.00036170506839173036	0.0011256003008
60	15.0	nan	nan	1	1	5.0	5.0	5.0	1.0015	1.09427723235e-20	-9.83562416079e-19	-4.31912356845e-21	0.99934286548	2.58182094332e-19	9.5825772037e-21	1.31494317038e-20	0.999550811401	203490460.882	-1842696.98479	3430110.20135	-1838728.30092	-2976.28841847	2961788.76134	3423434.11778	2962405.09286	-2490.94021434	203715776.2226604	-1840763.9293417537	3427224.8900196804	-1840764.2376008057	-2973.1661848144586	2959297.3887107056	3427224.724087208	2959297.4233126286	-2488.844906142393	203894348.518	0.0014988761237359487	0.0	0.0	0.0	-0.0006573505275243635	0.0	0.0	0.0	-0.00044928951441991017	0.00137339418235
70	17.5	nan	nan	1	1	5.0	5.0	5.0	1.00175	3.36970634087e-20	4.5902795771e-19	-5.88787160015e-21	0.999191193934	1.63332809008e-19	1.70213090548e-20	-1.32535013646e-21	0.999462594999	208380958.95	-2063519.81401	3371451.61463	-2058249.34679	-6598.07238407	3052626.95568	3363752.78008	3053456.17812	-5514.38097334	208661771.03925347	-2061022.5666595532	3368286.171625294	-2061023.0229559466	-6590.087474660693	3049760.855926142	3368285.7395723937	3049760.92145285	-5509.203542170116	208846694.995	0.001748470534116803	0.0	0.0	0.0	-0.0008091333260984891	0.0	0.0	0.0	-0.0005375494548233084	0.00162213732086
80	20.0	nan	nan	1	1	5.0	5.0	5.0	1.002	-4.0757256732e-21	-1.39272813326e-19	-1.01532284288e-20	0.99903873085	4.59787929897e-19	-1.70092115384e-20	3.73492726083e-21	0.999373903846	212553638.781	-2250912.3745	3271084.8053	-2244259.38815	2443.26550453	3148053.82854	3262510.83867	3149109.78904	1871.91400926	212891447.14966244	-2247826.89120058	3267696.8300664714	-2247826.156553092	2439.9163493182396	3144793.2807279634	3267695.899111568	3144793.0836132593	1869.9752034264147	213069734.122	0.001998002662673058	0.0	0.0	0.0	-0.000961731465486025	0.0	0.0	0.0	-0.0006262922340448283	0.00187139100329
90	22.5	nan	nan	1	1	5.0	5.0	5.0	1.00225	1.34179035114e-21	9.39205682911e-19	-1.38532073087e-20	0.998885890336	2.15191036356e-20	-1.14404248595e-20	-4.47947253019e-20	0.99928476392	216266302.083	-2401712.59318	3154209.23768	-2393651.51649	1625.55142823	3259111.1052	3144876.79937	3260412.54312	1566.15418145	216662480.02090397	-2398036.033111777	3150638.355871774	-2398036.443372875	1623.0630216292918	3255421.4639366628	3150637.894803436	3255421.4785788027	1564.3811375413684	216842717.779	0.00224747254047937	0.0	0.0	0.0	-0.0011147307455165608	0.0	0.0	0.0	-0.0007154919833532313	0.00212095163626
100	25.0	nan	nan	1	1	5.0	5.0	5.0	1.0025	-1.56332999869e-20	-8.25666458442e-19	2.39716941518e-21	0.998732949444	5.92036325461e-19	-2.40647519707e-21	-7.05554043235e-21	0.999195233022	219683485.618	-2514170.50368	3037003.80688	-2504723.77712	-242.962179454	3380881.80596	3026991.92769	3382446.85771	-141.187188375	220139349.7108638	-2509920.653059481	3033273.5422299285	-2509921.3167954073	-242.55148615869294	3376729.16582887	3033273.2233701944	3376729.3083806806	-141.01377220191353	220322776.812	0.002496880198587146	0.0	0.0	0.0	-0.0012678539432491218	0.0	0.0	0.0	-0.0008050909767849221	0.00237067202684
110	27.5	nan	nan	1	1	5.0	5.0	5.0	1.00275	4.59529849546e-21	-3.80570869226e-18	-1.18336458432e-20	0.998580002735	9.55519959337e-19	-7.27753502924e-21	-5.68797306537e-20	0.999105405182	222893642.397	-2596537.61865	2928428.21664	-2585741.17183	-241.978679361	3502814.47075	2917784.05109	3504657.64003	11.9085913119	223410462.6819136	-2591735.275609866	2924549.977516924	-2591736.692719545	-241.53113544006766	3498175.548052784	2924549.4750311407	3498175.71267229	11.892820269787801	223595188.001	0.0027462256680252286	0.0	0.0	0.0	-0.0014210064165572655	0.0	0.0	0.0	-0.0008949952067522803	0.00262047495689
120	30.0	nan	nan	1	1	5.0	5.0	5.0	1.003	-2.4763305998e-20	-3.60453464497e-19	2.90973188175e-20	0.998427071846	6.41269495135e-19	4.22172305132e-21	-3.90236929633e-20	0.99901535508	225949497.664	-2654893.72206	2831784.72005	-2642790.41106	-183.327507839	3621221.07736	2820534.38855	3623355.12494	29.4314638434	226528510.03991604	-2649561.740978072	2827762.6431971462	-2649562.757848889	-182.95932029330717	3616077.7381184283	2827762.2174876668	3616078.125179612	29.389661368574718	226714529.682	0.002995508979798371	0.0	0.0	0.0	-0.0015741665042160208	0.0	0.0	0.0	-0.0009851300012570792	0.00287032265815
130	32.5	nan	nan	1	1	5.0	5.0	5.0	1.00325	-4.201043536e-21	-2.96229920967e-19	9.98406999352e-21	0.998274175213	-2.78172568195e-19	-1.31534125105e-20	4.6739426922e-20	0.99892512894	228884173.02	-2696403.5447	2750820.08595	-2683030.95349	-143.487429576	3735025.90975	2738961.31389	3737461.65929	33.3349131509	229526581.38246685	-2690560.627433145	2746649.1172109037	-2690561.4065507664	-143.1765023850418	3729362.625412049	2746648.746486584	3729362.842142916	33.284368630964785	229714063.175	0.0032447301648890294	0.0	0.0	0.0	-0.0017273157382588589	0.0	0.0	0.0	-0.0010754491481822595	0.00312018944622
140	35.0	nan	nan	1	1	5.0	5.0	5.0	1.0035	8.49874312658e-20	-1.3280322696e-18	-3.05519159246e-21	0.998121328927	-3.81367071924e-19	6.22515449492e-21	-1.31377374379e-19	0.998834756156	231721334.072	-2726094.95037	2683508.46165	-2711483.98528	-113.361065591	3843965.18232	2671032.61926	3846712.9417	30.1685085435	232428317.28297982	-2719756.0752570583	2679182.242537094	-2719756.739543697	-113.09747182389741	3837768.13249558	2679181.9561579544	3837768.340218139	30.119872371810853	232617395.376	0.003493889254255838	0.0	0.0	0.0	-0.001880437988816146	0.0	0.0	0.0	-0.0011659232684557905	0.00337005695132
150	37.5	nan	nan	1	1	5.0	5.0	5.0	1.00375	4.37886668819e-20	1.46315429061e-18	1.79084602618e-21	0.99796854106	3.41789374746e-19	-2.29178660514e-20	1.18007240548e-19	0.998744259213	234476440.021	-2748014.8402	2627264.21771	-2732187.37127	-96.3110143274	3947555.10214	2614161.68049	3950623.82151	23.5521863604	235249150.84819058	-2741190.5088614104	2622776.848243112	-2741191.221565171	-96.07183866367554	3940812.6747454535	2622776.5802827487	3940812.969851664	23.511959206526925	235439905.956	0.003742986278834297	0.0	0.0	0.0	-0.0020335251514685313	0.0	0.0	0.0	-0.001256529890136543	0.0036199130703
160	40.0	nan	nan	1	1	5.0	5.0	5.0	1.004	-4.01882598682e-20	-9.69688115664e-19	5.02346786003e-21	0.997815811615	1.03317919076e-18	3.5452961054e-21	-4.14727679619e-20	0.99865366046	237160728.43	-2764719.36888	2580639.39619	-2747690.64888	-87.8876234399	4046265.96762	2566897.07271	4049663.83292	25.2984397863	238000295.24075136	-2757416.9701725007	2575984.3995380816	-2757417.680375825	-87.6554875945595	4038967.2514336733	2575984.0813523186	4038967.535757912	25.25280607525991	238192804.876	0.003992021269537457	0.0	0.0	0.0	-0.002186577203504879	0.0	0.0	0.0	-0.0013472466693732906	0.00386974983286
170	42.5	nan	nan	1	1	5.0	5.0	5.0	1.00425	2.37669669502e-20	-3.18656524453e-18	-1.36584062745e-20	0.997663144476	4.22561659046e-18	-2.96535977794e-20	5.69793025199e-20	0.998562972862	239782655.282	-2777690.07425	2542173.39723	-2759471.93061	-86.3786350299	4140666.48584	2527776.8696	4144401.33716	34.4693919859	240690183.52484226	-2769915.29458096	2537344.290995817	-2769915.9667285164	-86.13686044829917	4132800.8861282626	2537343.9873636574	4132801.1202908834	34.40391401499977	240884513.145	0.004240994257254614	0.0	0.0	0.0	-0.002339590232112545	0.0	0.0	0.0	-0.0014380606517411772	0.00411956072268
180	45.0	nan	nan	1	1	5.0	5.0	5.0	1.0045	2.74776991781e-20	2.00034026965e-18	-6.29376912673e-20	0.99751055176	-2.77029983615e-18	1.79415474863e-20	1.11661317684e-19	0.998472197378	242348713.193	-2787390.36652	2510768.8139	-2767995.89948	-77.0608781223	4231171.87169	2495701.93505	4235251.11619	34.6858606225	243325286.44985908	-2779149.29323966	2505758.9266869887	-2779149.871518527	-76.83304338797325	4222729.161338223	2505758.665844029	4222729.36278639	34.616649849830836	243521471.587	0.004489905272852001	0.0	0.0	0.0	-0.002492552068553537	0.0	0.0	0.0	-0.0015289709025122335	0.0043693393755
190	47.5	nan	nan	1	1	5.0	5.0	5.0	1.00475	9.40069052675e-20	9.1659883677e-19	-6.35440146563e-20	0.99735803503	-5.02789327631e-20	5.90606957363e-22	-1.52559401915e-19	0.998381342812	244864093.55	-2794724.17254	2485034.61913	-2774163.80021	-58.2866769286	4318114.77647	2469282.80222	4322545.5042	31.0630325771	245910774.8245191	-2786021.6044807383	2479838.1537494496	-2786022.073344422	-58.10517645069838	4309085.150173274	2479837.8494427484	4309085.411497769	30.998076551070888	246108827.617	0.00473875434717347	0.0	0.0	0.0	-0.0026454611186102297	0.0	0.0	0.0	-0.0016199686289191742	0.00461908193808
200	50.0	nan	nan	1	1	5.0	5.0	5.0	1.005	-4.0622219497e-20	-2.48399525536e-18	-3.75639259773e-20	0.997205586375	4.38230651876e-18	4.87072895993e-20	-2.22170372774e-20	0.998290424432	247332705.841	-2800497.12008	2463765.29613	-2778777.8869	-51.7953859799	4401588.17642	2447316.44153	4406376.83412	31.296004408	248450537.46360338	-2791336.2989257798	2458377.4808712234	-2791336.702296475	-51.62595596541156	4391962.688157373	2458377.2015680117	4391962.953874938	31.227565628399944	248650453.814	0.004987541511038968	0.0	0.0	0.0	-0.002798325287655554	0.0	0.0	0.0	-0.0017110385599461927	0.00486878696284
210	100.0	nan	nan	1	1	5.0	5.0	5.0	1.01	-7.16372531671e-20	-7.86825117445e-18	3.96384949535e-20	0.994168062148	4.59111875183e-18	-4.80409956159e-20	-3.29710883441e-19	0.996466424644	289342430.753	-2858469.28525	2451949.23516	-2813658.24383	-788.24405168	5652772.67121	2419093.36514	5665839.82632	-4592.37042288	292071814.2906778	-2840203.6828983254	2441913.598405259	-2840199.6414099373	-783.207176706941	5629636.314073434	2441912.8098710594	5629635.142299129	-4573.574209342476	292309214.254	0.009950330853168092	0.0	0.0	0.0	-0.0058490100097556025	0.0	0.0	0.0	-0.003539833179407486	0.00985377530541
220	150.0	nan	nan	1	1	5.0	5.0	5.0	1.015	-5.27902531028e-20	3.84637661348e-18	2.62646388098e-20	0.991149568656	8.29173952393e-18	6.58005633674e-20	2.17943893434e-19	0.994643414239	322249389.241	-2914174.874	2632170.56728	-2845699.78011	8655.40333513	6496706.81811	2579374.16046	6519616.18808	8180.42959746	326877851.8169144	-2886570.412214497	2616428.0113380086	-2886572.5183502473	8573.415204378398	6457851.140672461	2616421.6682895375	6457859.257318679	8131.503865910387	327130425.386	0.014888612493750559	0.0	0.0	0.0	-0.00888982904149201	0.0	0.0	0.0	-0.005370983705407022	0.0148192651827
230	200.0	nan	nan	1	1	5.0	5.0	5.0	1.02	-1.47445771368e-19	6.48606214937e-18	6.50891880406e-20	0.988149868569	5.69912221926e-18	-2.20056512719e-19	-8.26994083325e-19	0.99282629877	348718685.225	-2944862.37586	2836082.36765	-2852903.76661	11207.5205579	7141642.94294	2760518.8115	7175450.96675	12466.9703074	355450499.4467401	-2907980.9629440214	2813817.0108622857	-2907977.437632043	11067.157735905848	7085575.732061785	2813809.0439481013	7085585.724784056	12369.095314373573	355719644.23	0.01980262729617973	0.0	0.0	0.0	-0.011920903902837033	0.0	0.0	0.0	-0.007199555948220276	0.0197641170824
240	250.0	nan	nan	1	1	5.0	5.0	5.0	1.025	-6.65870880528e-19	1.01502009477e-17	9.70183596851e-20	0.985169988246	1.19801693082e-17	6.48509600242e-20	-8.65341762933e-19	0.99101644533	370296361.028	-2944261.29504	3033033.82981	-2829818.40791	-7039.23003163	7663259.67679	2932465.21024	7708746.2043	-11047.9153668	379277788.08106875	-2898488.7763239513	3003600.8305580863	-2898454.803724197	-6929.795692730656	7588894.2957918225	3003591.2734244037	7588903.332164972	-10940.704797128716	379583272.612	0.024692612590371414	0.0	0.0	0.0	-0.014941075800236084	0.0	0.0	0.0	-0.009024150107700251	0.024687645817
250	300.0	nan	nan	1	1	5.0	5.0	5.0	1.03	5.06517430652e-19	1.14800095877e-17	-2.49080626052e-20	0.982211688179	-1.4070051052e-17	-2.53984152723e-19	-4.09197977224e-20	0.989213880088	388086980.172	-2916763.09143	3206235.14476	-2781400.58428	-8171.02959164	8096787.79571	3079262.97825	8154517.00855	-11075.5912922	399423647.76476276	-2862686.1021998106	3169224.8143350384	-2862649.9316616715	-8019.538138486117	8003324.659611024	3169213.3826661687	8003331.699827324	-10947.74312297072	399742045.212	0.02955880224154443	0.0	0.0	0.0	-0.0179484254488152	0.0	0.0	0.0	-0.010844711803718588	0.0295891998975
260	350.0	nan	nan	1	1	5.0	5.0	5.0	1.035	-4.36006487286e-19	-1.45322663434e-17	-1.0901578729e-19	0.979275632265	2.40013932445e-17	8.09644383567e-20	9.59694946684e-19	0.98741895848	402893404.56	-2869031.89483	3369018.16194	-2714517.93446	6675.40483688	8477106.15069	3214132.25364	8547631.6105	6581.57570572	416661860.3725947	-2807330.6358797434	3323977.340278981	-2807283.7127281385	6531.84390847772	8363774.667159233	3323971.8226406574	8363806.665102483	6493.585803807716	416975211.561	0.03440142671733232	0.0	0.0	0.0	-0.020942131374119394	0.0	0.0	0.0	-0.012660852936595366	0.0344684949902
270	400.0	nan	nan	1	1	5.0	5.0	5.0	1.04	-2.55228645955e-19	2.52507668417e-17	2.27150413652e-19	0.976362273909	-7.76814577671e-18	-3.42995404079e-19	6.57735972794e-19	0.985631745642	415292575.431	-2804308.41989	3510237.828	-2632708.80894	-2529.08250427	8822936.95691	3326749.49794	8906676.34647	833.226978195	431547389.4009028	-2735758.4774058056	3456942.9513658294	-2735754.696244465	-2467.260324164683	8688980.980218386	3456960.5766171506	8688957.016119096	820.576345620497	431878060.47	0.03922071315328133	0.0	0.0	0.0	-0.023921579156334593	0.0	0.0	0.0	-0.014472477263396498	0.0393254040081
280	450.0	nan	nan	1	1	5.0	5.0	5.0	1.045	5.03203331528e-19	2.41379177502e-17	9.3967717586e-20	0.973472333765	-2.79318577303e-17	2.19831519592e-19	1.6596436005e-18	0.983852055749	425754584.611	-2729722.62981	3626245.37808	-2542872.29324	-4247.54448384	9128159.56415	3414079.88749	9225463.94473	3021.78543734	444534961.2338282	-2655048.3379127462	3564653.201256407	-2655040.4321090984	-4131.348657506457	8973116.769377302	3564677.6929512555	8973092.154287573	2970.4600791321413	444873764.078	0.04401688541677426	0.0	0.0	0.0	-0.026885873921434447	0.0	0.0	0.0	-0.016279743082132335	0.0441597471347
290	500.0	nan	nan	1	1	5.0	5.0	5.0	1.05	-1.38747140047e-19	-1.27371719176e-17	1.97557200057e-19	0.970606771503	2.4767455136e-17	1.44915425874e-19	5.69452640377e-19	0.982079136624	434626622.416	-2636219.75548	3718390.13226	-2436883.56921	-3570.06481874	9387823.97705	3477872.40381	9498761.63844	3606.60355364	455959766.98784983	-2556500.1717074127	3648567.1020014803	-2556495.1779000997	-3462.1056545617844	9211541.689743903	3648579.744240498	9211518.011425462	3538.8796247086343	456304037.122	0.04879016416943205	0.0	0.0	0.0	-0.02983386541986213	0.0	0.0	0.0	-0.0180833866811621	0.0489713829878
300	550.0	nan	nan	1	1	5.0	5.0	5.0	1.055	-3.37309364548e-19	3.52679372946e-18	3.92864468848e-19	0.967766106678	-2.67494989976e-17	-3.61325726453e-19	-4.38296536812e-19	0.98031255134	442187232.774	-2516193.06703	3789665.54346	-2308134.2195	-3502.65011903	9616152.83974	3521393.25229	9740798.2883	3853.3261982	466091548.297364	-2432915.01459082	3711744.0013731485	-2432910.2522838344	-3386.723450242086	9418429.46557351	3711757.1731488537	9418408.59520303	3774.0956919497594	466440091.761	0.05354076692802976	0.0	0.0	0.0	-0.03276484623430777	0.0	0.0	0.0	-0.019883828226085587	0.0537602717044
310	600.0	nan	nan	1	1	5.0	5.0	5.0	1.06	-5.70929984951e-19	-3.13191755736e-18	1.17949337905e-19	0.964950363584	3.82160089977e-17	2.4454105885e-19	5.5090228796e-19	0.978552268527	448650545.952	-2375088.61254	3845258.51397	-2162118.39616	-3327.37403161	9831112.54757	3549809.49423	9969671.53488	4521.41806714	475137379.8083236	-2289759.787532366	3759366.8115697065	-2289762.6646301816	-3207.8328427128617	9611514.569922492	3759378.4229733287	9611495.274300989	4420.422960142857	475489457.649	0.058268908123975824	0.0	0.0	0.0	-0.03567861566658125	0.0	0.0	0.0	-0.02168107658030771	0.0585264771631
320	650.0	nan	nan	1	1	5.0	5.0	5.0	1.065	-1.13741470129e-19	2.2734046667e-17	1.07308486505e-19	0.962159919053	5.55623040803e-17	4.71281190918e-19	-5.07276782454e-19	0.976797823938	454187821.479	-2224297.20012	3899622.27574	-2009525.29825	-3325.85184346	10025467.0873	3576673.1614	10177960.5788	4503.45117928	483262993.87001985	-2138151.7451826627	3805622.2129094433	-2138166.560097299	-3197.043957492772	9783804.057017652	3805636.563402727	9783775.375335414	4394.8958721569925	483618520.792	0.06297479916138839	0.0	0.0	0.0	-0.03857460611027764	0.0	0.0	0.0	-0.02347558393382384	0.0632700225998
330	700.0	nan	nan	1	1	5.0	5.0	5.0	1.07	-2.19982893644e-19	-4.72752910664e-17	4.38604248e-20	0.959394687929	1.06528157403e-17	-8.64913283375e-19	6.46226581751e-20	0.975049156075	458940184.765	-2060266.10887	3953375.56319	-1847301.0745	-3654.65104964	10197719.1332	3602567.16157	10364086.9296	4356.53074848	490605334.2705148	-1974754.1267449816	3851119.422993334	-1974757.9123353998	-3502.963627377045	9933949.75923005	3851130.76868404	9933922.295793459	4243.846787174738	490963819.758	0.06765864847381486	0.0	0.0	0.0	-0.04145272679733635	0.0	0.0	0.0	-0.025267392767979013	0.0679910229239
340	750.0	nan	nan	1	1	5.0	5.0	5.0	1.075	-9.36563668035e-19	5.00828347097e-17	3.84261790478e-19	0.956654580917	-3.62738683288e-17	7.34059927914e-19	-2.07820857098e-19	0.973306178701	463022964.31	-1890669.30789	4008234.3931	-1682453.17302	7178.51371162	10352803.3175	3629033.22219	10533021.958	1238.91098134	497276453.2102124	-1806997.8238725546	3897530.2136140345	-1806917.6068155202	6860.828914609226	10066867.2957403	3897501.6541608213	10066883.551491592	1204.6932659585098	497633653.691	0.07232066157962608	0.0	0.0	0.0	-0.044312892164184034	0.0	0.0	0.0	-0.02705657137195513	0.0726896001966
350	800.0	nan	nan	1	1	5.0	5.0	5.0	1.08	1.07325691862e-18	3.51462954224e-17	-1.39654557179e-19	0.95393943973	-3.01715650441e-17	3.22891606471e-19	-2.7501637785e-18	0.971568751956	466516233.692	-1723555.24806	4063049.24576	-1522362.46749	-12302.6737523	10497163.2853	3655046.50947	10691180.3992	-9321.90421435	503352717.6609871	-1642585.2372583493	3943733.1955032395	-1642569.3897333674	-11724.712803422024	10188902.17736258	3943651.8192712544	10188924.963303762	-9048.15592225419	503726720.317	0.0769610411361284	0.0	0.0	0.0	-0.04715508991569089	0.0	0.0	0.0	-0.02884324379988133	0.0773659190058
360	850.0	nan	nan	1	1	5.0	5.0	5.0	1.085	4.82242988396e-19	5.49117563071e-17	-6.34745314849e-20	0.951249097433	-1.03393738451e-17	-1.16067336575e-18	-2.92500329022e-18	0.969836934444	469514691.214	-1554114.07564	4108590.15386	-1362482.84665	-12673.4054082	10624515.9351	3672433.70655	10832139.3101	-10899.7346433	508927840.0446716	-1476911.3780720276	3980785.94348667	-1476855.7091378693	-12043.837025658664	10294023.523144864	3980714.1053438648	10294038.286320642	-10560.681117102726	509304461.452	0.08157998699242285	0.0	0.0	0.0	-0.049979318628767096	0.0	0.0	0.0	-0.03062733043719826	0.0820200956775
370	900.0	nan	nan	1	1	5.0	5.0	5.0	1.09	-3.01183078475e-19	1.70589391552e-17	-2.72903427693e-20	0.948583351765	-4.09769261242e-17	4.23251775831e-19	-9.95157833905e-19	0.968110600384	472068023.597	-1387860.45773	4150088.40524	-1207825.34799	-12088.3289594	10729462.5959	3685923.69402	10950343.8753	-8405.11957266	514048516.2762927	-1315207.6575513291	4013796.5189687386	-1315235.9342711938	-11455.519700018694	10377099.33201729	4013708.8540361235	10377106.745422293	-8129.089404375657	514424452.654	0.08617769624105241	0.0	0.0	0.0	-0.052785616014190434	0.0	0.0	0.0	-0.03240894163730611	0.0866523086759
380	950.0	nan	nan	1	1	5.0	5.0	5.0	1.095	-1.11019880478e-18	5.19509261702e-17	1.83223814403e-19	0.945941852996	-6.0008552074e-17	7.12672345996e-19	-6.42845067407e-19	0.966389813091	474233954.281	-1229512.11483	4189623.24718	-1062116.81055	-13391.50415	10821662.399	3697458.50469	11055595.8595	-11607.293779	518771203.69560325	-1161893.5741971321	4044794.021582146	-1161864.542385496	-12655.021803401567	10447573.15697006	4044701.948852897	10447579.680700874	-11206.046394660401	519149810.526	0.09075436326846412	0.0	0.0	0.0	-0.05557417799697203	0.0	0.0	0.0	-0.034187992946755355	0.0912627504352
390	1000.0	nan	nan	1	1	5.0	5.0	5.0	1.1	-1.20503671637e-18	-6.59017838046e-17	-1.01379255874e-19	0.943324206717	-2.2466093088e-17	-1.30035439271e-18	5.82718963042e-19	0.964674734164	476055962.704	-1088973.36756	4225771.13024	-933919.53026	-8737.58071969	10899936.6909	3705796.24885	11146635.8175	-4339.53158296	523137829.3821213	-1026227.5496920061	4072417.617448561	-1026284.0383359869	-8234.127958790326	10504377.270089893	4072298.9682647814	10504375.132637864	-4182.049695842626	523510861.034	0.09531017980432493	0.0	0.0	0.0	-0.058345251918068816	0.0	0.0	0.0	-0.03596429750415303	0.0958516066183
400	1050.0	nan	nan	1	1	5.0	5.0	5.0	1.105	3.31203117266e-19	6.00168900546e-17	-3.37913206395e-19	0.940730110244	-3.6636663128e-17	-7.65611905199e-19	-2.93331480101e-19	0.962965323262	477568575.088	-955864.774167	4251586.25328	-813818.734527	-9637.85107123	10973199.8834	3704997.56581	11232561.3251	-3841.89057032	527181362.88946486	-898304.4080870932	4090003.421370452	-898363.2759627603	-9057.477935953946	10556160.075986614	4089895.709502986	10556157.759071315	-3695.878347761902	527554560.514	0.09984533496971612	0.0	0.0	0.0	-0.06109899217801542	0.0	0.0	0.0	-0.037737876906081214	0.100419075587
410	1100.0	nan	nan	1	1	5.0	5.0	5.0	1.11	-2.74445292355e-19	4.70861512563e-17	-2.37592741705e-19	0.938159098473	-4.51204921882e-17	-1.04132112953e-19	-2.37735678515e-18	0.961261795291	478807575.621	-825267.661268	4278440.06214	-697557.586957	-7556.81454234	11047658.4818	3705049.37974	11319722.2442	-4515.27091058	530936810.3270606	-773446.3006465873	4108525.4225068544	-773502.7996540057	-7082.296479987188	10608910.040204166	4108429.356473893	10608918.421292871	-4335.950733488781	531309739.886	0.10436001532424286	0.0	0.0	0.0	-0.06383572978207924	0.0	0.0	0.0	-0.03950848745369363	0.104965358818
420	1150.0	nan	nan	1	1	5.0	5.0	5.0	1.115	-7.60410593508e-19	5.63271880666e-17	-2.49821779881e-19	0.935610706166	-3.89604450793e-17	1.61227427554e-19	-4.67408662163e-18	0.95956432625	479801435.226	-698203.204321	4312062.04067	-585701.502783	-273.054608927	11118975.9403	3710909.81649	11403682.6508	-4114.47793877	534431768.38898903	-652578.672953421	4133471.5286609577	-652389.6489241779	-255.21168226517625	10658466.887446519	4133435.1045128764	10658501.772815745	-3944.07066846541	534801741.478	0.10885440491208208	0.0	0.0	0.0	-0.06655580123583181	0.0	0.0	0.0	-0.041275924353731556	0.109490667651
430	1200.0	nan	nan	1	1	5.0	5.0	5.0	1.12	5.01800846799e-20	1.41739581718e-17	3.74547381364e-20	0.933084897011	6.80735233418e-18	-3.60094881701e-19	-5.42484898047e-19	0.957872625239	480573187.822	-577255.201408	4349318.6217	-480738.951077	-4765.32516543	11186813.7789	3719714.87989	11484047.9537	-8141.09698843	537688335.5573148	-538074.0781687667	4161808.0095241847	-537873.7994386466	-4441.879327044543	10704520.692918064	4161795.4417728162	10704569.662189279	-7790.112796913931	538063114.449	0.11332868530700327	0.0	0.0	0.0	-0.06925908869353546	0.0	0.0	0.0	-0.04304046889182271	0.113995149627
440	1250.0	nan	nan	1	1	5.0	5.0	5.0	1.125	-9.18852076759e-19	1.37195554358e-16	-4.28016336159e-20	0.930581729997	-3.80235737e-17	-7.60317949279e-19	4.40121628116e-18	0.956186363787	481148558.057	-464709.008104	4395742.33674	-384214.985755	-6703.15337402	11256908.3469	3736120.22654	11566685.8576	-8891.70604905	540732061.5051945	-432002.2639041095	4198799.95017661	-431794.62523480545	-6231.377878143572	10752565.229098424	4198786.338020986	10752609.459278164	-8493.33105894106	541109441.91	0.11778303565638346	0.0	0.0	0.0	-0.07194537226269689	0.0	0.0	0.0	-0.04480244372951122	0.118478920252
450	1300.0	nan	nan	1	1	5.0	5.0	5.0	1.13	-6.57211540286e-19	-2.98335724284e-17	-2.54109884176e-20	0.928100644226	-3.549068049e-17	9.01454814115e-19	-3.42214545581e-18	0.954505797389	481545477.783	-362929.709623	4450323.79552	-297921.642039	-8992.11588821	11324900.4654	3759156.01528	11647162.3298	-10987.8573983	543580243.794607	-336484.8438408736	4243440.263245934	-336301.19330956903	-8336.90555007618	10798436.432986733	4243426.711544553	10798492.087636165	-10477.061587673312	543961293.285	0.12221763272424911	0.0	0.0	0.0	-0.07461509924677756	0.0	0.0	0.0	-0.04656156209041086	0.122942210385
460	1350.0	nan	nan	1	1	5.0	5.0	5.0	1.135	-2.4394416532e-18	-5.34012848039e-17	-7.32868787832e-19	0.925641129147	-1.18230685193e-16	2.86270666392e-19	1.13588441716e-18	0.952831151919	481782660.575	-269250.289328	4506929.88839	-219456.992336	-12926.165582	11385711.7907	3783531.70258	11720226.3509	-13824.8214874	546251414.5685508	-248968.4809740865	4289851.879688826	-248823.17756605556	-11952.476700405685	10837314.610274026	4289817.201251364	10837377.217082074	-13158.943651832846	546637048.976	0.126632650933366	0.0	0.0	0.0	-0.07726866896995868	0.0	0.0	0.0	-0.04831756634642756	0.127385236479
470	1400.0	nan	nan	1	1	5.0	5.0	5.0	1.14	3.55886186745e-20	-6.52207957848e-17	1.64006754412e-19	0.923202936629	9.12802143933e-17	1.08174048298e-18	3.7227561253e-18	0.951162396071	481876639.814	-169608.478535	4554198.44346	-137193.313268	-15332.5867749	11443700.6348	3799765.04777	11790345.7785	-15654.9122074	548761991.8284932	-156418.47044262118	4327229.427912004	-156235.99409915035	-14140.211574172828	10873377.338713408	4327179.331414386	10873441.402176255	-14874.713439973299	549150786.83	0.131028262406404	0.0	0.0	0.0	-0.07990620230940142	0.0	0.0	0.0	-0.05007046753357265	0.131808168235
480	1450.0	nan	nan	1	1	5.0	5.0	5.0	1.145	1.67050779066e-19	-2.55770333451e-17	3.75659112107e-19	0.920785776764	-3.64960556588e-17	6.27598474356e-20	-3.23745256863e-19	0.949499540655	481841101.35	-62786.6548172	4600089.8082	-50347.3816461	-17110.2847344	11499001.6667	3814591.19235	11857659.9695	-17756.2053855	551125469.326483	-57752.0093930115	4363170.875789033	-57586.87721185319	-15738.269980701354	10906767.316446628	4363094.711684795	10906835.089900395	-16841.705582451894	551517211.48	0.13540463700620298	0.0	0.0	0.0	-0.08252786830106201	0.0	0.0	0.0	-0.051820232505584936	0.136211182058
490	1500.0	nan	nan	1	1	5.0	5.0	5.0	1.15	1.42440501482e-18	-1.14223584077e-17	1.59242194084e-19	0.918389622707	1.11784790934e-17	3.88311666757e-20	7.18992005876e-19	0.947842317178	481684626.873	42073.2752618	4649838.52664	33736.7850508	-18985.9929972	11552635.8781	3832379.50735	11923186.5969	-17767.7666999	553349757.3829602	38598.674153225074	4402638.868385981	38756.15035491515	-17418.04393915815	10938462.36978614	4402561.660226447	10938515.992827715	-16823.177800524543	553743628.815	0.13976194237515863	0.0	0.0	0.0	-0.0851335527979643	0.0	0.0	0.0	-0.05356712265254906	0.140594413233
500	1550.0	nan	nan	1	1	5.0	5.0	5.0	1.155	-3.14712444574e-19	-4.09148677259e-17	-3.48765816032e-19	0.916014246096	1.2978214995e-16	1.19352236224e-18	6.57337271739e-19	0.946190669946	481416825.699	153380.711083	4700044.10374	121755.419738	-18838.6001221	11605768.0798	3850309.74838	11988145.4968	-15060.5970366	555444122.6011598	140349.25165811784	4442400.619491978	140477.70804461432	-17238.04388931452	10969571.81026398	4442370.531662254	10969614.349577714	-14235.016550604674	555838029.058	0.14410034397375687	0.0	0.0	0.0	-0.08772336192239577	0.0	0.0	0.0	-0.05531117638538533	0.144958028285
510	1600.0	nan	nan	1	1	5.0	5.0	5.0	1.16	5.54515412876e-19	-8.43249886354e-17	-1.09108431518e-19	0.913659437293	-2.093338697e-17	1.33328279854e-18	5.15437415505e-18	0.944544635727	481064354.873	268947.49176	4751520.2163	211748.052958	5213.2811506	11657601.0265	3868893.5413	12051657.7149	6727.56261472	557437714.1046795	245463.55696737175	4483222.030339974	245364.98996726744	4758.068299216935	10999345.759622224	4483115.720236611	10999332.065503936	6347.685698850093	557811839.097	0.14842000511827322	0.0	0.0	0.0	-0.09029738386362457	0.0	0.0	0.0	-0.057052334579141314	0.149302160054
520	1650.0	nan	nan	1	1	5.0	5.0	5.0	1.165	3.37248814927e-18	-4.8362246096e-17	1.55165848025e-19	0.911324681804	1.84642885757e-16	-6.4858900958e-19	-5.49803792107e-19	0.942904171185	480595015.222	380515.194525	4799318.80955	297596.896775	-5912.40542082	11709208.8193	3884255.3599	12114956.6217	-2921.88761205	559291955.0005815	346400.5087180086	4520438.262280194	346328.0827465738	-5382.3349894737885	11028805.892716965	4520298.182777556	11028803.04712183	-2752.1015135128764	559677233.011	0.15272108701766393	0.0	0.0	0.0	-0.09285604367695825	0.0	0.0	0.0	-0.05879062273728045	0.153627097861
530	1700.0	nan	nan	1	1	5.0	5.0	5.0	1.17	2.24443878688e-19	-6.54424537191e-17	7.7889973456e-19	0.909009660325	-1.74657134933e-17	-6.57721083543e-19	6.22586421589e-18	0.941269494417	480041544.624	487520.236545	4844064.68942	378793.956563	-16977.4252889	11757479.1106	3896978.87133	12174775.4102	-12548.3791703	561043250.4234531	442682.9567201249	4554655.919490714	442711.25074669294	-15416.00996432001	11055028.217592739	4554550.991029357	11055060.22516324	-11798.675932807115	561439454.3	0.1570037488096647	0.0	0.0	0.0	-0.09539955744088661	0.0	0.0	0.0	-0.06052578888250739	0.157932973482
540	1750.0	nan	nan	1	1	5.0	5.0	5.0	1.175	8.15891251553e-19	1.39658818813e-16	1.95876369053e-21	0.906714181882	-3.60267729362e-17	5.47236223485e-19	4.20381128233e-18	0.939640635125	479421695.386	584893.494001	4889671.40196	451220.566882	-4724.32037808	11806651.9837	3910122.52046	12235380.3324	-1336.9079075	562711103.8382275	529757.5247540328	4589563.671669535	529610.624025373	-4278.97436936214	11082008.702407658	4589423.8429473685	11081991.62035015	-1254.854050554391	563098006.195	0.16126814759612232	0.0	0.0	0.0	-0.09792800324587544	0.0	0.0	0.0	-0.06225777987304302	0.162219912257
550	1800.0	nan	nan	1	1	5.0	5.0	5.0	1.18	2.25138710402e-18	-4.45767499756e-17	-1.36054667153e-20	0.904437905747	6.48865618777e-17	-1.75600517878e-19	8.15278476155e-18	0.93801752842	478725616.804	673040.416012	4926581.37976	515713.498054	-448.487516411	11851135.0134	3916184.32301	12291113.9791	3898.09306112	564282988.4547555	608062.4472649392	4616202.991237968	607881.3074828861	-405.1887677296156	11104504.458847927	4616080.9356322745	11104481.496116564	3652.510221955007	564666647.809	0.16551443847757333	0.0	0.0	0.0	-0.10044162686596227	0.0	0.0	0.0	-0.06398664313558688	0.166488131705
560	1850.0	nan	nan	1	1	5.0	5.0	5.0	1.185	-1.36067240298e-18	-3.81124062804e-17	-1.33248870515e-18	0.902180486385	-8.91903194146e-17	-5.21931114186e-19	-3.06087266891e-18	0.936400303107	477964720.998	758955.032854	4963340.8312	577579.851526	4916.75340536	11889057.9767	3921990.03573	12339965.3218	9875.57549694	565771240.1515436	683968.5762917664	4642611.249615141	683686.5871650316	4430.9671601952405	11120790.65031871	4642495.709189055	11120749.118564652	9237.418798707036	566150545.707	0.16974277458709455	0.0	0.0	0.0	-0.10294068316549172	0.0	0.0	0.0	-0.0657122196714991	0.170737798293
570	1900.0	nan	nan	1	1	5.0	5.0	5.0	1.19	4.86408669961e-19	2.59858855608e-17	-3.91752738105e-19	0.899941594572	7.03039728501e-17	2.26639546906e-18	1.74823629846e-18	0.934788996777	477137762.258	842339.390095	5006619.60501	636955.275606	10483.5284225	11920469.5007	3932823.23705	12382017.6027	8850.14852774	567173423.6040142	757227.812277566	4675018.235550643	757148.4232110501	9424.252724812924	11130945.965283982	4674945.049897212	11130914.938950432	8263.980293832146	567551442.097	0.17395330712343798	0.0	0.0	0.0	-0.10542541268359326	0.0	0.0	0.0	-0.06743444705744099	0.17496909595
580	1950.0	nan	nan	1	1	5.0	5.0	5.0	1.195	1.43923470884e-18	9.18268153421e-17	3.96570237993e-19	0.89772090999	-1.55302696786e-16	-9.61117697338e-19	7.88283271428e-19	0.933183715103	476257605.712	926156.480594	5054823.84783	695746.058456	10894.6493658	11947662.254	3947290.36391	12419603.606	9915.6992118	568503878.5181397	830518.5046095253	4711907.7524729045	830505.020711691	9769.6319025101	11137140.302667145	4711840.513633968	11137114.333079817	9243.02436519668	568881914.416	0.17814618538347404	0.0	0.0	0.0	-0.1078960496423779	0.0	0.0	0.0	-0.06915318958399679	0.17918218555
590	2000.0	nan	nan	1	1	5.0	5.0	5.0	1.2	-1.85146843891e-18	-4.18501509184e-17	-1.29225464015e-19	0.895517932532	3.69505153048e-17	1.25059120706e-18	1.69333797557e-19	0.93158465267	475321112.44	1010677.06226	5108435.44376	754352.550327	-4632.70060107	11972585.7546	3965690.15383	12454777.6457	-237.356003263	569758079.959192	904084.1138835448	4753706.633691056	904227.5830760299	-4144.104159680852	11141211.619615983	4753594.882753014	11141211.205733836	-220.87404640415625	570148560.054	0.1823215567939546	0.0	0.0	0.0	-0.11035303252050888	0.0	0.0	0.0	-0.07086821527038216	0.183377283642
600	2050.0	nan	nan	1	1	5.0	5.0	5.0	1.205	-1.2694906297e-19	1.2534928243e-16	2.24463731022e-19	0.893332543251	1.02071705309e-17	-1.34942936409e-18	2.34642023024e-18	0.929991890059	474356925.48	1094322.55147	5168218.24876	811167.428285	17384.231028	11992845.1478	3988616.92871	12484953.3897	16722.794016	570969525.297813	976515.4994397168	4801098.79820616	976378.4538325721	15512.767256673274	11140944.839159982	4800981.26969665	11140911.313988127	15534.906303953047	571343016.866	0.18647956694261839	0.0	0.0	0.0	-0.11279637856625789	0.0	0.0	0.0	-0.07257941323952499	0.187554466799
610	2100.0	nan	nan	1	1	5.0	5.0	5.0	1.21	1.3089306013e-20	-3.75902369382e-17	-3.11972822386e-19	0.891164314656	-4.13640863556e-17	1.99116270076e-18	-6.1230688268e-18	0.928405323195	473329122.352	1174021.04166	5231083.81412	864618.405791	10029.3737563	12007351.1262	4013650.43618	12509076.0146	8692.96236126	572094557.9565517	1045088.0660042897	4851192.639378013	1045030.7435219452	8927.930974205368	11135354.636187917	4851143.662297025	11135308.138186648	8061.663035775411	572475613.823	0.1906203596086497	0.0	0.0	0.0	-0.1152264525138677	0.0	0.0	0.0	-0.07428687086821958	0.191714001453
620	2150.0	nan	nan	1	1	5.0	5.0	5.0	1.215	3.70285746848e-19	-8.70843572797e-17	-7.9949322309e-19	0.889013148998	-2.02407257774e-17	-2.15323716126e-18	8.1569338995e-18	0.926824936082	472264612.22	1254989.86411	5293597.07589	918312.191119	-8681.67248424	12023253.56	4037988.99197	12534658.7435	-2788.1684382	573164798.3889437	1114464.4778006983	4900793.679170253	1114511.247003275	-7709.556760800645	11131086.141459415	4900712.62295025	11131111.342394289	-2581.2765993518174	573560168.573	0.19474407679251185	0.0	0.0	0.0	-0.11764325280371164	0.0	0.0	0.0	-0.0759905812161623	0.195855980982
630	2200.0	nan	nan	1	1	5.0	5.0	5.0	1.22	-1.77763098871e-18	4.31847307361e-17	-5.46548009216e-19	0.886878989444	2.25231884026e-17	-1.13457416307e-18	-3.72597220352e-18	0.925250650486	471174855.9	1337608.42201	5351011.22494	972504.155354	3028.26052121	12042988.4134	4058278.14095	12564062.702	1557.43532626	574193591.288784	1184976.5740061218	4945516.611336897	1185134.661821794	2682.711710374498	11130382.042746568	4945589.245737275	11130402.389244791	1439.4143374625085	574582595.306	0.19885085874516517	0.0	0.0	0.0	-0.12004673276194965	0.0	0.0	0.0	-0.07769060467802057	0.199980497075
640	2250.0	nan	nan	1	1	5.0	5.0	5.0	1.225	1.16845548096e-18	8.6957381747e-17	-1.88570709882e-19	0.884761429225	-1.490005599e-16	-3.99164276394e-20	-4.62266245731e-18	0.92368256127	470055446.766	1417931.11334	5400703.17031	1023959.99362	10746.585919	12067368.3078	4072193.94736	12598153.7955	9650.49495724	575175215.0335977	1253130.4962697611	4982967.313287508	1252950.9307215323	9497.5520454994	11133976.435834642	4982869.670899261	11133919.390943052	8904.04442024024	575558022.343	0.20294084399669038	0.0	0.0	0.0	-0.12243724181230935	0.0	0.0	0.0	-0.07938681477581705	0.204087750681
650	2300.0	nan	nan	1	1	5.0	5.0	5.0	1.23	-1.3250242273e-18	1.27538571431e-16	-2.24627843656e-18	0.882660241949	-8.22084385886e-17	2.84740713131e-18	1.15084646008e-18	0.92212061877	468898976.635	1496680.87681	5441994.91279	1073932.49072	12086.6851399	12093964.7221	4079776.04442	12634582.979	13960.9876984	576100148.215708	1319581.9464560116	5012558.510837505	1319458.3437085627	10656.494480709167	11139610.890678206	5012507.386440346	11139560.783073565	12859.304139157177	576481313.174	0.20701416938432612	0.0	0.0	0.0	-0.12481492937852381	0.0	0.0	0.0	-0.08107924102116612	0.208177901667
660	2350.0	nan	nan	1	1	5.0	5.0	5.0	1.235	1.71542700665e-18	-7.40204357853e-17	5.84188035809e-19	0.880575246295	-6.62620639747e-18	6.58276948915e-19	5.59334897997e-18	0.920564712585	467705422.017	1578602.99233	5476716.97317	1125515.62464	-6452.66542617	12119372.844	4082266.02389	12669771.3161	-1867.07476088	576967842.6177586	1388518.4050035253	5036013.288928282	1388451.5577788528	-5675.679540137417	11144144.018187892	5035939.525007212	11144164.014046801	-1716.8338903172332	577365222.399	0.2110709700799406	0.0	0.0	0.0	-0.1271798960998661	0.0	0.0	0.0	-0.08276797922110775	0.212251106506
670	2400.0	nan	nan	1	1	5.0	5.0	5.0	1.24	2.58636216488e-18	-1.69015921974e-16	8.6926756212e-20	0.878506196684	-5.63788041368e-17	1.20238973841e-18	8.06465032164e-18	0.919015027327	466496119.01	1665067.52966	5504854.38553	1179589.16421	-2093.18219996	12139278.1261	4079799.68606	12699019.1	-362.875092584	577804065.0960202	1461125.6127037287	5053349.327261403	1461044.125447791	-1836.8036550702213	11143621.366845725	5053257.138313734	11143609.33277744	-333.1122817360656	578199225.049	0.2151113796169455	0.0	0.0	0.0	-0.1295323176701295	0.0	0.0	0.0	-0.08445280493533003	0.216307466977
680	2450.0	nan	nan	1	1	5.0	5.0	5.0	1.245	-3.03101475752e-18	1.3672276439e-17	-6.39668693855e-19	0.876452801282	-1.63248739334e-16	1.37677264642e-18	-1.15820836753e-18	0.91747164322	465276266.561	1747309.25987	5528425.38374	1229884.00086	18183.808825	12155593.8448	4073966.53922	12724460.9598	17378.0193291	578615037.7286657	1529705.3192641225	5066447.742265006	1529477.0627768377	15919.259242150674	11139823.13517532	5066362.658511088	11139799.955288345	15925.841570352099	578993304.47	0.219135529916671	0.0	0.0	0.0	-0.13187242515005423	0.0	0.0	0.0	-0.08613360610323678	0.220347134966
690	2500.0	nan	nan	1	1	5.0	5.0	5.0	1.25	-2.98945720355e-18	-1.31697529672e-16	-1.83647330877e-19	0.874414841634	-1.33085816673e-16	9.9748717451e-19	-6.71861239806e-18	0.915934381149	464025193.595	1822082.83015	5548543.78488	1274426.93892	14281.976056	12171563.2467	4065610.11363	12749466.0663	13551.8330268	579374903.1892033	1591452.7220731904	5076349.138366917	1591230.378329275	12474.235141676438	11135733.445654022	5076259.863694625	11135702.581930678	12398.538891655495	579756659.55	0.22314355131420976	0.0	0.0	0.0	-0.13420036875745223	0.0	0.0	0.0	-0.08781055317422737	0.224370302699
700	2550.0	nan	nan	1	1	5.0	5.0	5.0	1.255	1.20205886616e-18	3.87059699121e-16	5.50094959682e-19	0.872392239977	2.16313685883e-17	5.59862308355e-19	7.66262069161e-19	0.914403231172	462761209.398	1888400.81935	5564249.81102	1312506.66812	16360.8773408	12189372.4311	4054129.03316	12776324.4342	14969.6885189	580106059.0071362	1645556.136278147	5082192.3727572765	1645326.045487194	14256.900244469822	11133349.0950289	5082156.344072826	11133313.889905473	13672.793170182913	580486260.678	0.22713557258374711	0.0	0.0	0.0	-0.13651613972288065	0.0	0.0	0.0	-0.08948363285511088	0.228377049741
