inc	time	elem	node	ip	grain	1_pos	2_pos	3_pos	1_f	2_f	3_f	4_f	5_f	6_f	7_f	8_f	9_f	1_p	2_p	3_p	4_p	5_p	6_p	7_p	8_p	9_p	1_Cauchy	2_Cauchy	3_Cauchy	4_Cauchy	5_Cauchy	6_Cauchy	7_Cauchy	8_Cauchy	9_Cauchy	Mises(Cauchy)	1_ln(V)	2_ln(V)	3_ln(V)	4_ln(V)	5_ln(V)	6_ln(V)	7_ln(V)	8_ln(V)	9_ln(V)	Mises(ln(V))
0	0.0	nan	nan	1	1	5.0	5.0	5.0	1.0	0.0	0.0	0.0	1.0	0.0	0.0	0.0	1.0	1.18827441787e-05	-3.06359678286e-07	-6.38663022694e-07	-3.06359678286e-07	1.61176715493e-05	-8.36985215496e-08	-6.38663022694e-07	-8.36985215496e-08	1.67984728732e-05	1.18827441787e-05	-3.06359678286e-07	-6.38663022694e-07	-3.06359678286e-07	1.61176715493e-05	-8.36985215496e-08	-6.38663022694e-07	-8.36985215496e-08	1.67984728732e-05	4.77571993442e-06	0.0	0.0	0.0	0.0	0.0	0.0	0.0	0.0	0.0	0.0
10	2.5	nan	nan	1	1	5.0	5.0	5.0	1.00025	-9.89488958372e-22	-3.19949906644e-20	4.45385061072e-22	0.99993128964	-3.52517881441e-20	-1.49446979764e-21	2.80362528867e-22	0.999926714006	57578577.7443	-2229942.03927	38312.5236926	-2229231.51132	17.5405388416	243002.312568	38300.1407105	243001.200516	4.34658187839	57586754.5635082	-2229548.087744507	38305.579945799174	-2229548.0877926294	17.537440051625662	242958.2709239667	38305.579770277225	242958.27083802896	4.345794105591352	57717650.5336	0.0002499687552074404	0.0	0.0	0.0	-6.871272066470062e-05	0.0	0.0	0.0	-7.328867954947326e-05	0.00021399594575
20	5.0	nan	nan	1	1	5.0	5.0	5.0	1.0005	1.52759579623e-21	2.76051095494e-19	1.12134671789e-21	0.999862553645	-2.15609279553e-20	3.13087861851e-22	-6.509006692e-22	0.999853401086	115202932.039	-4461525.12969	76747.3109939	-4458682.56875	139.896161597	485919.675888	76697.7150019	485915.22599	149.040615152	115235661.8616325	-4459949.305673732	76719.50133145762	-4459949.30638477	139.84674985441873	485743.60115670896	76719.50526855292	485743.59927923925	148.9866097524113	115497287.511	0.0004998750416509929	0.0	0.0	0.0	-0.00013745580161610022	0.0	0.0	0.0	-0.00014660966067114615	0.000427971148366
30	7.5	nan	nan	1	1	5.0	5.0	5.0	1.00075	8.13428734869e-21	-7.11450290039e-21	3.01093742969e-22	0.999791164328	3.20641675205e-19	-3.33886284378e-21	-2.99078136461e-21	0.999774576717	168281251.771	-6459678.44528	176159.09904	-6453489.40792	478.868261748	734442.860468	175987.295249	734430.599491	-2066.84873896	168354353.23098308	-6456292.715992078	176063.84714278474	-6456292.80694835	478.6172711897874	734045.7360717184	176063.7442181263	734045.660331612	-2065.7311624923877	168731194.71	0.0007497188905459742	0.0	0.0	0.0	-0.00020885748120539225	0.0	0.0	0.0	-0.00022544869464704155	0.000644652490029
40	10.0	nan	nan	1	1	5.0	5.0	5.0	1.001	9.88067241695e-22	-1.71058277849e-18	9.92616735064e-22	0.999699859147	1.03459149826e-19	-4.59705625426e-22	6.38132037846e-21	0.999656165418	189288892.974	-7459940.36414	787717.560334	-7450250.82138	2028.44779555	1242850.7232	786660.010268	1242796.3566	1507.45759498	189410849.3611378	-7455051.180670231	787166.8906463076	-7455050.921687895	2027.118367572403	1241981.8835878647	787166.845144842	1241981.8381043582	1506.4037766511499	189865795.714	0.0009995003330834232	0.0	0.0	0.0	-0.00030018590428054006	0.0	0.0	0.0	-0.0003438937066626162	0.000881388076163
50	12.5	nan	nan	1	1	5.0	5.0	5.0	1.00125	1.34706362754e-21	-4.51168604517e-19	-2.93649117456e-21	0.999598700977	-1.05263902826e-20	7.19543735345e-21	8.63142935919e-21	0.999525546408	198674698.524	-8045857.43578	1565866.83716	-8032587.79575	3354.49246688	1565995.62687	1563169.99659	1565880.80746	2190.88615205	198848803.02286965	-8039627.09989846	1564539.7955173536	-8039626.989382584	3351.8949047248693	1564668.476080583	1564539.848568769	1564668.2625623553	2189.0294187128657	199369855.773	0.0012492194004318981	0.0	0.0	0.0	-0.00040137956500128116	0.0	0.0	0.0	-0.00047456618071857226	0.00112558823685
60	15.0	nan	nan	1	1	5.0	5.0	5.0	1.0015	1.40165754797e-21	3.57293582858e-19	1.29453765865e-21	0.999493626612	-3.42135860025e-19	2.853359523e-21	-2.50677601622e-20	0.999393875866	205401378.452	-8477015.60596	2169944.98868	-8460033.09663	-524.160235677	1747512.88656	2165382.04904	1747338.25479	-464.378116324	205630078.29150915	-8469452.666932294	2167792.6587737133	-8469452.742330642	-523.6925956386377	1745779.5595554053	2167793.048084036	1745779.3320162275	-463.91750791558275	206209525.2	0.0014988761237359487	0.0	0.0	0.0	-0.0005065016383006387	0.0	0.0	0.0	-0.0006063079014936773	0.00137139839732
70	17.5	nan	nan	1	1	5.0	5.0	5.0	1.00175	8.51747876746e-21	-2.44477986329e-19	2.67799723314e-21	0.999386145035	-3.88429539994e-20	1.04967151781e-20	-1.87942673002e-20	0.999262304341	210868194.667	-8837051.76778	2577708.45535	-8816198.81096	-6222.18870851	1863708.55895	2571307.36104	1863477.64654	-4245.16612862	211153483.6712642	-8828126.413911734	2574785.8910975717	-8828126.473091058	-6215.904346087107	1861595.5162589126	2574786.1489048405	1861595.5485441936	-4240.3530277639375	211783130.122	0.001748470534116803	0.0	0.0	0.0	-0.0006140434510983865	0.0	0.0	0.0	-0.0007379678903336399	0.00161790026032
80	20.0	nan	nan	1	1	5.0	5.0	5.0	1.002	-1.3313471959e-20	-2.1828965493e-18	-3.85135293205e-21	0.999277217248	2.51989303278e-18	6.26465236917e-21	1.07130229083e-21	0.999130904829	215604008.408	-9152921.05247	2853352.69611	-9128049.57607	-3025.31627911	1956183.63852	2845182.78025	1955897.34849	-2377.35546275	215947635.02954966	-9142597.536341287	2849717.1077208454	-9142597.732481021	-3021.9040458761656	1953691.174643048	2849717.392355256	1953691.3054456546	-2374.3263644092826	216612836.77	0.001998002662673058	0.0	0.0	0.0	-0.0007230440853854974	0.0	0.0	0.0	-0.0008694730531674595	0.00186475818085
90	22.5	nan	nan	1	1	5.0	5.0	5.0	1.00225	-1.29950074232e-20	-2.80999871529e-19	-4.64213759765e-21	0.999167518864	2.60588362734e-19	6.8598088199e-21	-3.61793290294e-21	0.998999496235	219875226.341	-9434674.85822	3048008.42067	-9405657.99272	3064.32144691	2033653.66771	3038123.14947	2033311.66618	2603.07301475	220278810.60451442	-9422922.164707981	3043699.6201427616	-9422922.218513103	3060.5042479785006	2030778.804262699	3043699.669909112	2030778.7872852697	2599.393194739552	220970691.613	0.00224747254047937	0.0	0.0	0.0	-0.0008328278408506253	0.0	0.0	0.0	-0.0010010046029797735	0.00211182583531
100	25.0	nan	nan	1	1	5.0	5.0	5.0	1.0025	1.2574799672e-20	4.80793974758e-19	8.54477572767e-21	0.999057379202	2.49174014743e-18	7.17744617512e-21	-3.69543455646e-20	0.99886797546	223825295.451	-9684506.1665	3190716.32556	-9651249.39194	-421.063280174	2096946.60788	3179156.66695	2096549.26976	-421.846478637	224290379.1068655	-9671303.431122057	3185762.392881535	-9671303.596902974	-420.48925120752716	2093690.8711532482	3185762.5950344685	2093691.0770200118	-421.19151628918047	225012362.215	0.002496880198587146	0.0	0.0	0.0	-0.0009430653443656928	0.0	0.0	0.0	-0.0011326657637462131	0.00235903829512
110	27.5	nan	nan	1	1	5.0	5.0	5.0	1.00275	9.47121801373e-22	-9.83719993985e-19	-4.49820817106e-21	0.998947006996	3.08670055636e-18	-2.08482601588e-20	-1.12858454825e-21	0.998736358495	227547248.485	-9904414.32465	3297491.47739	-9866851.50052	-5.20012205863	2148909.8892	3284293.18464	2148457.20249	13.3969138035	228075312.14546493	-9889748.979258794	3291914.607768774	-9889749.275620855	-5.192422301366963	2145275.5537174055	3291914.9682153584	2145276.008135648	13.374256325195221	228818889.716	0.0027462256680252286	0.0	0.0	0.0	-0.0010535477906250226	0.0	0.0	0.0	-0.0012644405731548829	0.00260632554464
120	30.0	nan	nan	1	1	5.0	5.0	5.0	1.003	4.61211094141e-20	1.82857786982e-19	9.65567929033e-21	0.998836478498	2.68849622307e-18	1.58628426069e-20	-2.06468933784e-20	0.998604651445	231092486.268	-10101734.1304	3380501.38602	-10059801.3669	27.4798650709	2193723.8848	3365687.77839	2193215.19595	-42.8168405149	231684961.83477956	-10085592.48859022	3374316.304949236	-10085592.713961072	27.435954774591355	2189710.1724760025	3374316.7381900693	2189710.6398363863	-42.738501357615874	232447037.303	0.002995508979798371	0.0	0.0	0.0	-0.0011641989186532919	0.0	0.0	0.0	-0.0013963229603240518	0.00285366194219
130	32.5	nan	nan	1	1	5.0	5.0	5.0	1.00325	-1.51572575444e-20	1.27639614025e-18	-1.5036489175e-20	0.998725807466	-2.19884665946e-18	-2.89744824965e-20	-5.29453236183e-20	0.998472910649	234496328.425	-10282035.5795	3446566.56811	-10235668.6584	40.7201410118	2234064.52722	3430155.628	2233499.38785	-33.1348265201	235154605.19550207	-10264401.874845307	3439784.4608707363	-10264402.169724615	40.65030591595769	2229668.365154472	3439784.7415314796	2229668.9334378103	-33.0696242550713	235932556.104	0.0032447301648890294	0.0	0.0	0.0	-0.0012750050075455194	0.0	0.0	0.0	-0.0015282565403625938	0.00310102293002
140	35.0	nan	nan	1	1	5.0	5.0	5.0	1.0035	-5.00030680288e-20	1.39220287357e-19	3.89105760145e-21	0.998615013947	-2.33480702803e-18	-4.51152577893e-20	1.9354733864e-21	0.99834115973	237781909.929	-10447686.4035	3500567.46353	-10396827.9849	46.5982887008	2270683.3756	3482571.93611	2270061.18392	-50.4103263411	238507336.87560713	-10428546.33147619	3493196.2378655504	-10428546.71060852	46.512921034933164	2265901.94523237	3493196.5943386536	2265902.451270432	-50.30417615398047	239299027.573	0.003493889254255838	0.0	0.0	0.0	-0.001385946032658141	0.0	0.0	0.0	-0.0016602176689877886	0.00334839382836
150	37.5	nan	nan	1	1	5.0	5.0	5.0	1.00375	-6.58551572878e-20	-4.95297139233e-19	-2.21188095797e-21	0.99850411719	-4.09036263414e-19	9.57709713214e-21	9.25307497657e-21	0.99820941505	240967680.055	-10600407.3935	3547056.15366	-10545006.947	50.8626258635	2304269.11092	3527477.07887	2303589.41592	-48.348451603	241761574.1142888	-10579748.315193903	3539098.4637628105	-10579748.611809453	50.76349995903505	2299099.5680004572	3539098.7332617966	2299099.9626035388	-48.23998363175879	242565217.162	0.003742986278834297	0.0	0.0	0.0	-0.0014970027597065443	0.0	0.0	0.0	-0.0017921899634601047	0.00359576283492
160	40.0	nan	nan	1	1	5.0	5.0	5.0	1.004	-7.94424260296e-21	6.18983388276e-20	-7.42808190073e-21	0.998393132357	1.89843616768e-18	1.22621254005e-20	-8.68282700203e-20	0.998077685754	244066618.543	-10743378.791	3587575.20644	-10683382.3681	54.4933835232	2335627.26772	3566413.34786	2334889.77673	-52.8161652015	244930265.43362215	-10721185.97359081	3579033.110626181	-10721186.26778369	54.38081542576831	2330066.0876030177	3579033.352254456	2330066.547139607	-52.69040874547944	245744546.37	0.003992021269537457	0.0	0.0	0.0	-0.0016081600394697638	0.0	0.0	0.0	-0.0019241642632865212	0.00384312201275
170	42.5	nan	nan	1	1	5.0	5.0	5.0	1.00425	7.92108154581e-21	-1.26489026472e-18	9.3504496443e-21	0.998282066935	-6.33177642152e-18	3.22054499691e-20	1.32114960991e-20	0.997945983341	247088241.393	-10878795.6861	3624909.80259	-10814146.7981	54.2838367681	2365124.07049	3602155.35004	2364328.2914	-48.4714893978	248022896.09823343	-10855052.930651719	3615780.8031690274	-10855053.209230479	54.16536337283345	2359167.7246922078	3615781.135823718	2359168.191877781	-48.34941844355706	248846882.067	0.004240994257254614	0.0	0.0	0.0	-0.0017194104042296422	0.0	0.0	0.0	-0.0020561290442959574	0.00409046493
180	45.0	nan	nan	1	1	5.0	5.0	5.0	1.0045	2.95783243437e-20	1.35193448058e-18	6.49502216977e-21	0.998170933042	-2.79282810014e-18	2.95915592335e-20	-3.34532519232e-21	0.997814309974	250039948.88	-11007915.8914	3659949.19761	-10938558.415	48.9576511761	2392872.65812	3635589.79144	2392018.11718	-33.8608590781	251046837.29497105	-10982606.755628135	3650229.7227482093	-10982607.007210493	48.845088920629834	2386518.0711046252	3650229.9849730134	2386518.44658897	-33.77093712813864	251879778.139	0.004489905272852001	0.0	0.0	0.0	-0.0018307417434767473	0.0	0.0	0.0	-0.0021880821326829662	0.00433778711243
190	47.5	nan	nan	1	1	5.0	5.0	5.0	1.00475	-1.03794623263e-20	4.98290292279e-19	-2.37318117741e-20	0.998059747468	-3.39404323526e-18	4.52219640883e-20	-3.40257643046e-20	0.997682660771	252928059.079	-11131783.5455	3692741.33134	-11057661.4145	41.0434684352	2419494.86071	3666767.01253	2418581.0778	-26.862907359	254008380.99072838	-11104891.347504385	3682428.5749718724	-11104891.579322586	40.94431549396977	2412737.9127427335	3682428.7337453663	2412738.2619612985	-26.787887043717657	254849670.627	0.00473875434717347	0.0	0.0	0.0	-0.0019421372602381856	0.0	0.0	0.0	-0.0023200284148585672	0.00458508520401
200	50.0	nan	nan	1	1	5.0	5.0	5.0	1.005	4.39050925531e-20	7.79086263788e-19	6.56781406367e-22	0.997948525678	-3.24991487174e-18	5.13149764803e-20	1.30324476857e-19	0.99755103016	255757764.188	-11251025.8078	3723919.70276	-11172084.3548	34.8003425038	2444894.7229	3696318.51506	2443921.30361	-18.3410444709	256912694.695933	-11222534.202815942	3713009.8834980056	-11222534.362054033	34.71221564061832	2437732.012189113	3713010.055329106	2437732.424339426	-18.28731144327663	257761811.073	0.004987541511038968	0.0	0.0	0.0	-0.0020535814777910455	0.0	0.0	0.0	-0.002451973471509565	0.00483235650589
210	100.0	nan	nan	1	1	5.0	5.0	5.0	1.01	2.3194144376e-19	-9.16281199415e-19	6.62472408981e-20	0.995723854669	-1.61583776962e-17	-5.65460666741e-21	-1.79426228211e-19	0.99492094682	303119636.116	-13072300.8831	4180301.16929	-12887526.4742	3044.30962404	2865621.13642	4117887.88555	2863311.18381	2624.656715	305975451.7967283	-13008945.286410537	4156686.64499139	-13008945.200688366	3029.5552166511297	2849433.2405684446	4156684.2134478553	2849433.9949218202	2609.830027337588	306925302.774	0.009950330853168092	0.0	0.0	0.0	-0.004285314188025082	0.0	0.0	0.0	-0.00509199541205787	0.00977043048984
220	150.0	nan	nan	1	1	5.0	5.0	5.0	1.015	9.702497713e-20	1.07141230585e-17	1.97663079176e-20	0.993507812311	-4.64103248435e-18	6.50064699793e-20	4.2030701285e-20	0.992298077546	339253068.685	-14379426.7616	4497976.73161	-14074949.0164	-3855.43807171	3240632.28231	4397375.1596	3236688.24931	-2361.77098446	344120343.9315436	-14276882.358643671	4460462.327684937	-14276882.785811225	-3827.943679774003	3213604.4883339154	4460464.449689693	3213606.365060788	-2342.073143413629	345142132.252	0.014888612493750559	0.0	0.0	0.0	-0.006513353597931329	0.0	0.0	0.0	-0.007731735435580315	0.0146909552472
230	200.0	nan	nan	1	1	5.0	5.0	5.0	1.02	-1.53921768384e-19	-1.14922518608e-18	-5.00675881166e-20	0.991304719725	2.5019420968e-17	1.16255272011e-19	-1.18915484861e-19	0.989684536582	367736670.554	-15354420.2085	4711081.72329	-14922465.8619	6983.55142237	3566614.2866	4571075.78951	3560780.45173	8087.661292	374828824.68036723	-15210253.963931663	4659220.802594611	-15210259.917571986	6917.981223779615	3527351.987295367	4659233.366978875	3527347.4507773444	7998.630027948257	375882380.832	0.01980262729617973	0.0	0.0	0.0	-0.008733304807640986	0.0	0.0	0.0	-0.010369036550345418	0.0195919730652
240	250.0	nan	nan	1	1	5.0	5.0	5.0	1.025	-1.75335820082e-19	1.30679829512e-17	3.40136667882e-20	0.989116695034	1.61748882212e-17	3.39726386298e-19	2.63562904217e-19	0.98708133762	390539012.271	-16077786.8552	4856741.10957	-15514940.3142	7547.74429148	3844144.15176	4677088.41504	3836226.86937	8102.23856849	400003646.3910322	-15890935.34096255	4790419.6068328535	-15890941.760544991	7460.026531402655	3791650.2240147945	4790436.708563818	3791643.3202810693	7991.597991758767	401081384.043	0.024692612590371414	0.0	0.0	0.0	-0.010942961363524547	0.0	0.0	0.0	-0.01300283400791504	0.024472587388
250	300.0	nan	nan	1	1	5.0	5.0	5.0	1.03	6.71008912903e-20	1.05517293063e-17	2.0667603913e-19	0.986944661478	3.16964228725e-17	6.01697795016e-19	2.16827199607e-19	0.984489633934	409038310.414	-16616703.6961	4962033.38063	-15922111.0249	6921.71863219	4098442.11626	4742803.22729	4088238.54805	7579.62474146	420978615.93837714	-16386888.677113362	4881234.3027617335	-16386896.022759832	6825.988761334316	4031705.2932102066	4881251.187136419	4031696.731049163	7456.202216313729	422069682.382	0.02955880224154443	0.0	0.0	0.0	-0.013141308518666885	0.0	0.0	0.0	-0.015631910228069992	0.0293322084986
260	350.0	nan	nan	1	1	5.0	5.0	5.0	1.035	-4.55068450912e-19	-1.52678003071e-17	-6.07481441859e-20	0.984788459101	-2.29414638599e-17	-1.0565412528e-19	-2.94727760975e-19	0.981910911831	424221997.842	-17012703.9118	5034607.68625	-16187367.3919	7883.23900272	4346798.87333	4776388.93655	4334087.70511	7353.71069618	438710620.5981279	-16740210.222548002	4939492.545288419	-16740220.993903533	7756.972602608365	4264677.998510382	4939518.849167096	4264668.313905055	7214.782447337868	439805528.991	0.03440142671733232	0.0	0.0	0.0	-0.015328423208790512	0.0	0.0	0.0	-0.018254695892777856	0.0341704495266
270	400.0	nan	nan	1	1	5.0	5.0	5.0	1.04	-7.79323251033e-19	1.80109247786e-17	4.47074577473e-20	0.982648500229	5.04731051401e-18	1.06011467305e-19	1.16433943023e-19	0.979345657975	436797141.609	-17313789.2226	5074640.79128	-16359012.1389	10751.4812825	4571812.9138	4778701.70345	4556435.75037	11304.0964481	453884748.61245763	-16998976.936215688	4965623.311052289	-16998980.544747632	10555.989795278738	4473597.58301414	4965645.639013575	4473587.22207298	11061.252833801138	454975231.086	0.03922071315328133	0.0	0.0	0.0	-0.01750380138876874	0.0	0.0	0.0	-0.020870626269606417	0.038987106511
280	450.0	nan	nan	1	1	5.0	5.0	5.0	1.045	-3.74070925331e-19	5.63541839331e-17	-1.45848485605e-20	0.980524411684	6.56958489193e-17	5.34464554828e-19	1.36908317545e-19	0.976794730001	447290980.966	-17524542.5046	5087662.8034	-16443308.0121	-6224.28512422	4770933.87828	4755602.15542	4752781.064	-6931.96077598	467012411.6860083	-17168291.984510753	4965278.5665961355	-17168307.11462614	-6097.75372905744	4656168.587399324	4965280.602853677	4656163.379088918	-6765.211767269026	468113077.207	0.04401688541677426	0.0	0.0	0.0	-0.01966773647667521	0.0	0.0	0.0	-0.023478751367067247	0.0437820762034
290	500.0	nan	nan	1	1	5.0	5.0	5.0	1.05	-4.52156775156e-19	-6.31710554617e-17	-5.74129519561e-20	0.97841689764	6.67762129737e-17	3.79841337284e-20	4.83973450237e-19	0.974257929778	456124249.893	-17661844.2003	5084562.88898	-16457788.5842	-5331.57368917	4941007.80036	4717789.1187	4920006.28658	-6320.40162059	478503664.770307	-17265247.206269696	4949261.259007153	-17265278.382813472	-5211.853116697404	4809526.211146857	4949264.117049243	4809527.466716179	-6152.213978894723	479591850.563	0.04879016416943205	0.0	0.0	0.0	-0.021819424071475222	0.0	0.0	0.0	-0.026079195429750388	0.048555307778
300	550.0	nan	nan	1	1	5.0	5.0	5.0	1.055	-1.4274093348e-18	1.28440469614e-17	9.06325253562e-20	0.97632591215	-1.88166913395e-17	-5.2767505636e-20	4.01890663693e-19	0.971735387728	463595287.79	-17730673.5912	5059134.38223	-16408481.7327	-6509.13408626	5085447.38907	4659866.97903	5061533.79652	-7059.48554502	488648059.3795428	-17295166.86446624	4911667.282770721	-17295198.99624287	-6349.254560803987	4937213.300141064	4911687.017192626	4937210.712874223	-6853.710845566387	489720583.134	0.05354076692802976	0.0	0.0	0.0	-0.02395882192685376	0.0	0.0	0.0	-0.028671746432067123	0.053306858602
310	600.0	nan	nan	1	1	5.0	5.0	5.0	1.06	5.38395317099e-20	-2.67320157082e-17	-3.09167025748e-20	0.974250968903	-3.03348703494e-17	3.69994579273e-19	4.19016611095e-20	0.969227671442	469942294.009	-17755098.7526	5016593.68402	-16318820.0884	-7915.31592459	5193807.83409	4587022.18432	5167033.06093	-8323.00390585	497677356.4044092	-17281897.387339026	4857717.058563646	-17281924.493219893	-7704.360280007249	5029318.797519722	4857739.138535671	5029323.486184739	-8059.412541368221	498731655.833	0.058268908123975824	0.0	0.0	0.0	-0.026086340252137317	0.0	0.0	0.0	-0.03125573964048173	0.0580367568892
320	650.0	nan	nan	1	1	5.0	5.0	5.0	1.065	-3.50724579722e-19	-1.38973258139e-17	-1.65171424715e-20	0.972192058079	8.27621069686e-17	-6.84759963406e-19	-4.14384399665e-20	0.966734737665	475340515.71	-17746843.2087	4942749.88721	-16200354.2213	-7720.09831745	5266099.07431	4486718.19966	5236543.81481	-7842.29558521	505761119.3587276	-17237099.169136006	4773830.096360793	-17237136.356311243	-7498.353297454178	5086128.739066966	4773856.938152596	5086134.135402536	-7574.283049625467	506793116.268	0.06297479916138839	0.0	0.0	0.0	-0.02820190342389804	0.0	0.0	0.0	-0.03383113588079374	0.0627451076655
330	700.0	nan	nan	1	1	5.0	5.0	5.0	1.07	1.07996700775e-20	-2.7848544099e-17	-5.50571415715e-21	0.970148584186	-4.82541435161e-18	1.21231590576e-19	-5.96245020418e-19	0.964257113436	479945201.379	-17725477.5898	4845672.15232	-16071366.0071	5889.82194893	5308988.65879	4366843.67098	5276732.34868	5758.81243792	513051011.56951374	-17179927.0915668	4668012.340311407	-17179941.717419848	5708.546421516677	5114341.993182462	4668061.179328309	5114326.345948533	5547.673610745365	514047523.942	0.06765864847381486	0.0	0.0	0.0	-0.030306039642305303	0.0	0.0	0.0	-0.036397304751190004	0.0674319822403
340	750.0	nan	nan	1	1	5.0	5.0	5.0	1.075	3.13349250925e-19	2.30358087719e-17	-1.43836782356e-19	0.968120499785	1.0882599897e-17	-3.37251461905e-19	1.40554529685e-19	0.961794505174	483852262.186	-17693644.9831	4742463.56447	-15934513.8496	-11264.9919923	5325322.25138	4243056.33882	5290533.94923	-11256.0670636	519638197.89132446	-17113015.87490791	4556864.578779388	-17113037.817931026	-10895.323545774221	5116912.762325291	4556874.735884168	5116921.4453205215	-10815.55453219732	520628994.002	0.07232066157962608	0.0	0.0	0.0	-0.032398716203990215	0.0	0.0	0.0	-0.038954463219980924	0.0720975871094
350	800.0	nan	nan	1	1	5.0	5.0	5.0	1.08	1.26811420116e-18	-6.21339794231e-17	-8.58679650279e-20	0.966107438322	-7.12269211253e-17	-1.40693496028e-19	4.0738314296e-19	0.959347338911	487197766.654	-17641629.3404	4632135.5433	-15781238.3865	3712.46818444	5323755.01538	4114691.1258	5286479.0905	4017.91570185	525658858.59473187	-17027036.318664618	4439479.732599815	-17027064.41868877	3583.1344933419214	5102333.960475694	4439519.20287429	5102310.548248015	3850.805996266245	526612113.223	0.0769610411361284	0.0	0.0	0.0	-0.034480231159050884	0.0	0.0	0.0	-0.04150208102770896	0.0767419555815
360	850.0	nan	nan	1	1	5.0	5.0	5.0	1.085	-1.03184494843e-18	-3.00698615334e-17	-9.56088439213e-20	0.964108089484	6.7002688408e-18	-5.32836663382e-20	7.13413499825e-19	0.95691651876	490032745.45	-17587377.2064	4503225.25062	-15627770.3004	-5737.89083047	5308062.74949	3971579.4194	5268477.27083	-6650.20599082	531159952.40541434	-16939371.33255341	4304950.932655241	-16939369.472830832	-5526.478581901029	5074351.917187225	4304904.019109214	5074360.537126084	-6357.401393276613	532100440.331	0.08157998699242285	0.0	0.0	0.0	-0.03655186463649701	0.0	0.0	0.0	-0.044039123559840056	0.0813652319297
370	900.0	nan	nan	1	1	5.0	5.0	5.0	1.09	-1.86559006633e-19	8.58034780274e-17	5.19495894463e-19	0.962121834903	-7.25880766017e-19	9.97282033718e-19	-1.36218779786e-18	0.954502548979	492436157.633	-17529283.5917	4354371.42775	-15472803.165	-564.329078525	5277110.94709	3813129.37122	5235288.44827	-384.766367804	536219706.46126384	-16848474.180839684	4152110.4992388636	-16848523.088047937	-542.4114373691654	5031988.688292194	4152162.8345948057	5031958.196608252	-366.893936822132	537132534.753	0.08617769624105241	0.0	0.0	0.0	-0.038614188827232984	0.0	0.0	0.0	-0.046564965333782106	0.0859674920833
380	950.0	nan	nan	1	1	5.0	5.0	5.0	1.095	9.02090088826e-20	2.90854570475e-17	-9.11619209482e-20	0.960148882288	8.19437672624e-17	-8.65760316323e-19	-7.39552407182e-19	0.952104926071	494448169.383	-17449842.7453	4205223.64762	-15300906.0614	1866.15569396	5228365.16851	3656485.88926	5184540.14142	2242.72161248	540875588.1831659	-16737576.932328768	3999782.704169951	-16737622.016119923	1789.983150637807	4972939.925306115	3999820.564620228	4972918.136992189	2133.156252210874	541762777.407	0.09075436326846412	0.0	0.0	0.0	-0.040666920828134556	0.0	0.0	0.0	-0.04908003380302501	0.0905489345761
390	1000.0	nan	nan	1	1	5.0	5.0	5.0	1.1	4.11446254129e-19	5.31537857472e-17	6.00863996959e-20	0.958189365421	-5.21683886445e-17	-1.94314652056e-19	-3.22732787794e-19	0.949723207167	496111508.408	-17350023.9808	4041927.6781	-15113336.6372	-11348.0898287	5171065.62756	3489702.50918	5125402.39426	-12415.4793676	545168688.854511	-16607732.605065271	3834815.78899509	-16607794.375016166	-10862.581035154579	4906095.728021158	3834776.071869248	4906120.738013327	-11779.299408245704	546044891.175	0.09531017980432493	0.0	0.0	0.0	-0.04270985309084292	0.0	0.0	0.0	-0.05158469771821939	0.0951097581042
400	1050.0	nan	nan	1	1	5.0	5.0	5.0	1.105	-2.368727637e-18	-6.20708523075e-17	9.79381845263e-21	0.956243134358	-5.03570616263e-17	3.27735576138e-19	-1.60224222907e-18	0.947357394272	497482362.976	-17240350.8229	3869748.41441	-14919481.3215	-6551.88276787	5101060.91749	3317647.89716	5053677.23409	-7386.2471911	549155717.1054412	-16469103.989553982	3662284.871224861	-16469163.68037117	-6258.7843913301385	4827584.696657421	3662251.0578453466	4827601.059446986	-6990.258395704243	550002843.764	0.09984533496971612	0.0	0.0	0.0	-0.04474307362350589	0.0	0.0	0.0	-0.05407886071756961	0.0996500798217
410	1100.0	nan	nan	1	1	5.0	5.0	5.0	1.11	-6.8249679725e-19	5.9365845973e-17	1.19325766444e-19	0.954309782485	-7.49835916557e-19	7.89725874417e-20	-1.46224356476e-18	0.945007525266	498584594.481	-17114933.9697	3695159.83243	-14714396.9977	-4495.91763657	5019276.5801	3145860.93977	4970375.29587	-5705.60495491	552858782.0953805	-16316123.438088045	3488356.5935376273	-16316155.15895438	-4286.078301886611	4738367.850644933	3488308.4376345472	4738391.454189163	-5386.285185800099	553679231.809	0.10436001532424286	0.0	0.0	0.0	-0.04676694065789062	0.0	0.0	0.0	-0.056562388275655656	0.104170082716
420	1150.0	nan	nan	1	1	5.0	5.0	5.0	1.115	5.78311744738e-19	4.18376108603e-17	-3.10066998254e-19	0.952389116314	-5.81495529828e-17	-4.53996424839e-19	7.23260257837e-19	0.942673527041	499447230.074	-16982450.3343	3520096.04058	-14505773.3388	-6714.85729802	4929194.31015	2976010.4534	4878952.58831	-8229.52720933	556306166.6424308	-16157128.341787761	3314860.2326679677	-16157164.710065909	-6388.52515539396	4641802.385345489	3314810.589646198	4641842.701792394	-7749.712554823413	557104281.43	0.10885440491208208	0.0	0.0	0.0	-0.04878159207647224	0.0	0.0	0.0	-0.05903526303544167	0.108669924203
430	1200.0	nan	nan	1	1	5.0	5.0	5.0	1.12	2.11721179122e-18	6.94063429192e-18	3.76400265936e-20	0.950481069543	2.23447741472e-16	6.80763026686e-19	-8.96928481803e-19	0.940355218221	500098277.302	-16848890.967	3342541.70265	-14298736.6043	-4103.20562632	4832919.9234	2806422.39617	4781406.58314	-3825.49464427	559525582.5491664	-15997840.345446585	3139896.5535882385	-15997873.400804957	-3895.9495104427756	4539919.008107156	3139913.087818523	4539894.008071955	-3593.569958989796	560296592.576	0.11332868530700327	0.0	0.0	0.0	-0.05078703356655662	0.0	0.0	0.0	-0.061497583376713814	0.11314976239
440	1250.0	nan	nan	1	1	5.0	5.0	5.0	1.125	-7.81705531197e-19	4.61334178616e-17	-3.12449278418e-19	0.948585585612	7.36116894487e-17	-9.43475589233e-19	8.66699993498e-19	0.93805241928	500564953.349	-16717417.0135	3157481.88992	-14095887.5301	6027.19871623	4733073.4647	2632737.23028	4680523.60838	5449.58011601	562544406.4637208	-15841253.568353808	2958774.2122467607	-15841226.26074239	5711.311926570903	4435210.145379047	2958720.127476063	4435216.352690041	5106.625366972932	563283440.422	0.11778303565638346	0.0	0.0	0.0	-0.05278326108737732	0.0	0.0	0.0	-0.06394944744355349	0.117609750839
450	1300.0	nan	nan	1	1	5.0	5.0	5.0	1.13	-4.7380905487e-19	-1.23478941038e-17	-1.04873266782e-19	0.946702352906	-9.19003483898e-17	8.49613750765e-20	2.0562518888e-18	0.935765012165	500849235.89	-16586588.7514	2968842.33975	-13896123.3458	-7356.23554169	4634652.11392	2458538.65404	4581094.48359	-7707.48039187	565362183.9474285	-15685986.261842154	2775206.059125873	-15686042.985018749	-6956.813807546281	4332367.016018242	2775215.9395776726	4332354.663808031	-7204.7767568259105	566091840.711	0.12221763272424911	0.0	0.0	0.0	-0.054770540473808554	0.0	0.0	0.0	-0.06639088940349537	0.122050099532
460	1350.0	nan	nan	1	1	5.0	5.0	5.0	1.135	3.40401365678e-19	-6.53734602386e-17	7.13625258062e-20	0.94483162851	-6.76907967985e-17	4.89120168009e-19	9.60376543509e-19	0.933492686689	500992746.086	-16448875.7606	2773664.89399	-13692861.2082	5559.68962635	4532785.44081	2281173.34631	4478397.35502	5380.23023941	568023227.1096888	-15524922.431468043	2586447.7247697846	-15524901.852594279	5247.395107625752	4226830.939691339	2586383.6470502205	4226840.336438959	5017.074806553677	568718991.993	0.126632650933366	0.0	0.0	0.0	-0.05674853825160064	0.0	0.0	0.0	-0.06882215032242381	0.126470911886
470	1400.0	nan	nan	1	1	5.0	5.0	5.0	1.14	-2.67810642098e-18	1.57583359466e-16	3.11284608116e-19	0.942973024229	-2.47792791865e-16	6.43236323837e-19	1.10484860057e-19	0.931235324103	500981948.652	-16309772.857	2578494.00437	-13490980.503	-5339.56908182	4423142.93629	2106286.81589	4368082.65889	-6219.29408148	570510139.2178752	-15363268.472869508	2398623.0653712875	-15363310.36609585	-5029.698086705361	4114592.723674557	2398605.354543211	4114589.895800456	-5785.447710517322	571195352.529	0.131028262406404	0.0	0.0	0.0	-0.058717603089767194	0.0	0.0	0.0	-0.0712432687650304	0.130872421419
480	1450.0	nan	nan	1	1	5.0	5.0	5.0	1.145	-5.32571965586e-19	4.9468841702e-18	-3.84288260257e-19	0.94112597186	6.99147082713e-17	-4.99961197117e-19	2.63956642188e-19	0.928993422515	500860161.133	-16170739.6832	2393087.25077	-13291406.4112	7091.3637289	4309276.69783	1941557.38576	4253770.95892	6817.40680507	572870015.0496829	-15202386.165073657	2220778.722420051	-15202343.45169586	6666.711106341054	3998997.5277676065	2220699.6984629426	3999042.0996302	6326.535720713773	573523075.349	0.13540463700620298	0.0	0.0	0.0	-0.06067827815465992	0.0	0.0	0.0	-0.0736536203709735	0.135254676733
490	1500.0	nan	nan	1	1	5.0	5.0	5.0	1.15	2.34776357155e-18	6.86884163219e-17	8.4068020015e-20	0.93929008222	-2.06239287767e-18	3.32048495852e-19	-1.98560404704e-18	0.926766833317	500601827.996	-16038459.5105	2222662.33341	-13099832.1573	-9757.54406052	4193884.35495	1791311.11574	4137926.35615	-12096.1810629	575071985.2098439	-15048538.671753675	2057670.8854107151	-15048579.656154305	-9155.291943091243	3882566.2379046846	2057788.8090838003	3882526.5450603603	-11198.26400243158	575722846.25	0.13976194237515863	0.0	0.0	0.0	-0.06263092073005468	0.0	0.0	0.0	-0.07605327329969269	0.139617921407
500	1550.0	nan	nan	1	1	5.0	5.0	5.0	1.155	-1.30337194759e-19	4.74429109458e-17	-4.41515923756e-20	0.937465355651	9.29620512496e-17	8.4064049548e-19	-5.55785962297e-19	0.924555572796	500254596.154	-15906775.3302	2060600.06539	-12910928.6619	-1957.99762244	4084954.72374	1649500.36383	4028681.27309	-2372.40606875	577168790.9467564	-14895913.515872322	1903077.6016731623	-14895985.250467673	-1833.5685670225098	3772680.574542846	1903111.2117257123	3772662.062626147	-2191.0476114913145	577793534.496	0.14410034397375687	0.0	0.0	0.0	-0.06457547579265248	0.0	0.0	0.0	-0.07844211877064852	0.143962208982
510	1600.0	nan	nan	1	1	5.0	5.0	5.0	1.16	-2.14320511479e-18	-2.50176329344e-16	4.55703725623e-19	0.935651954639	-1.22722262684e-16	-7.47738186523e-20	-3.59724304787e-19	0.922359064916	499805655.384	-15777513.4326	1911768.29199	-12726121.1239	6048.03274029	3976706.37887	1520067.31573	3920236.00431	4907.62903568	579144340.0757849	-14746214.57156118	1761420.0511346716	-14746253.750096148	5652.70243027381	3663964.081089284	1761361.387083261	3663989.356603484	4521.675677536908	579744952.689	0.14842000511827322	0.0	0.0	0.0	-0.06651171498982214	0.0	0.0	0.0	-0.08082068989757552	0.14828777377
520	1650.0	nan	nan	1	1	5.0	5.0	5.0	1.165	-1.42576820847e-18	-7.31334599406e-17	-2.64168400425e-19	0.933849964456	7.96305467532e-17	-6.11121036554e-19	1.73721163526e-19	0.920176927884	499262533.247	-15659812.3117	1776816.1276	-12552834.0218	288.08730268	3861771.40197	1403392.55626	3805231.0306	-600.070444398	581005882.6982762	-14607950.463298861	1633200.3170490153	-14608086.779050702	268.7366210331569	3549633.6284314045	1633167.4752742546	3549635.5441553877	-551.5681813212271	581596066.241	0.15272108701766393	0.0	0.0	0.0	-0.06843949128430851	0.0	0.0	0.0	-0.08318931451141838	0.152594798389
530	1700.0	nan	nan	1	1	5.0	5.0	5.0	1.17	-3.92599771052e-19	-3.45708688837e-17	6.11240150562e-19	0.932059405512	2.550522348e-16	6.68878095645e-19	-1.24153854244e-18	0.918008909671	498631816.856	-15554026.7521	1645985.55384	-12390875.1059	-4414.002148	3748205.5619	1291524.22802	3691662.57276	-6887.12430101	582759681.257932	-14481384.460445166	1509372.955599873	-14481431.355004078	-4109.6021713974405	3437114.0706322524	1509426.8396338404	3437076.8333130083	-6315.510569061567	583340664.39	0.1570037488096647	0.0	0.0	0.0	-0.07035872650809895	0.0	0.0	0.0	-0.08554818288477972	0.156883434673
540	1750.0	nan	nan	1	1	5.0	5.0	5.0	1.175	-3.47495266611e-19	-3.77082921552e-17	2.01170324973e-21	0.930279972039	-2.37884676904e-16	1.36650237194e-20	-4.84396966711e-21	0.915855154828	497936662.228	-15461108.5106	1509160.30969	-12241082.1517	733.382017842	3634946.24457	1176328.58588	3578557.34485	240.353735532	584431530.6585965	-14367326.702723438	1380650.76270804	-14367438.514820345	681.4995859450385	3325419.620927598	1380664.5867914	3325395.618473365	219.8868908433904	584993885.381	0.16126814759612232	0.0	0.0	0.0	-0.07226969293662444	0.0	0.0	0.0	-0.0878970547285746	0.161153781248
550	1800.0	nan	nan	1	1	5.0	5.0	5.0	1.18	-3.27166475877e-19	-7.48215966045e-18	-3.14460981668e-20	0.928511361698	-1.37032116704e-16	-3.19377743229e-19	-6.12325411526e-19	0.913715599534	497171414.17	-15371905.5697	1369113.24326	-12095844.3563	1746.62991534	3523460.95786	1060157.95482	3467362.40126	78.3633006714	586013860.6029122	-14257213.759985814	1249597.4828654912	-14257321.009336159	1619.9732654919565	3215882.9560606037	1249603.734740315	3215927.0504200934	71.5226324411602	586563528.734	0.16551443847757333	0.0	0.0	0.0	-0.07417266164819551	0.0	0.0	0.0	-0.09023591619564597	0.165406017645
560	1850.0	nan	nan	1	1	5.0	5.0	5.0	1.185	-2.82506663733e-18	-4.34030270085e-18	8.54444485543e-20	0.926753778709	1.78483526863e-16	-5.84009364797e-19	-8.59209045871e-20	0.91158975476	496338499.354	-15281186.8619	1232951.68112	-11951007.6053	-6876.64723991	3421200.5329	948531.085847	3365187.42225	-10578.807315	587508510.7713394	-14146183.929580474	1122699.01411912	-14146230.223013567	-6365.887516050196	3115270.8773644203	1122762.1600814704	3115239.716840969	-9632.832109298774	588055177.026	0.16974277458709455	0.0	0.0	0.0	-0.0760673595827528	0.0	0.0	0.0	-0.09256522041882662	0.169640329139
570	1900.0	nan	nan	1	1	5.0	5.0	5.0	1.19	-1.80163907881e-18	-3.15713584578e-16	-1.76288732147e-20	0.925007353661	2.93066649956e-16	5.0970207601e-19	-4.87838038059e-20	0.909477450137	495471419.424	-15183020.9484	1097774.70093	-11802091.6546	12387.5667813	3317202.08465	838917.223332	3261534.29515	11756.3919288	588954150.9626176	-14028760.285576407	997289.0972483594	-14028843.2339822	11445.825273313285	3013559.585212123	997199.3572702972	3013582.2736032973	10680.262064372773	589469771.033	0.17395330712343798	0.0	0.0	0.0	-0.0779535915975282	0.0	0.0	0.0	-0.09488507502346707	0.173856797055
580	1950.0	nan	nan	1	1	5.0	5.0	5.0	1.195	-1.81328578183e-18	2.14827672456e-17	7.8752888271e-19	0.923271689885	9.30704979366e-17	1.00166939969e-18	-1.42722404634e-18	0.907378517513	494536386.82	-15070638.7421	974358.841482	-11643845.5906	-3627.2929867	3211997.47312	739886.178733	3156638.18054	-4940.76193986	590310134.6648542	-13898734.574267408	883123.6311023807	-13898835.842600286	-3345.231964482458	2911238.3967686375	883175.2757628998	2911175.6289242986	-4478.128015039122	590828204.507	0.17814618538347404	0.0	0.0	0.0	-0.07983173255493531	0.0	0.0	0.0	-0.09719558680329919	0.178055672373
590	2000.0	nan	nan	1	1	5.0	5.0	5.0	1.2	7.45177235347e-19	-2.95111943356e-16	-5.17113614299e-19	0.921546716152	1.43305348591e-16	-7.37593643491e-19	1.30882472219e-18	0.905293085824	493574716.917	-14950644.3686	860409.409205	-11481426.7929	11868.3494998	3108430.11436	649164.360633	3053489.97351	8753.55411277	591624766.0754998	-13762250.592940927	778048.283865734	-13762245.527873551	10924.960551125356	2810881.2968805362	778122.7438127351	2810774.784178233	7915.636070808981	592116909.313	0.1823215567939546	0.0	0.0	0.0	-0.0817018073873061	0.0	0.0	0.0	-0.09949653597163978	0.182236980397
600	2050.0	nan	nan	1	1	5.0	5.0	5.0	1.205	4.62268230964e-19	-1.25849984781e-16	-1.05815590936e-18	0.919832030952	-8.30746356563e-17	-4.48159838436e-19	-1.46944334481e-18	0.903221127432	492566044.848	-14839489.6422	750064.99517	-11327671.9622	8441.42678679	3005807.02094	562183.56021	2951604.89744	6777.27610076	592873247.4430012	-13634456.490920156	676711.1341625439	-13634463.30181161	7755.945050729491	2711849.0948281507	676667.8224919547	2711921.3344163434	6114.481046590555	593356213.719	0.18647956694261839	0.0	0.0	0.0	-0.08356420066007902	0.0	0.0	0.0	-0.10178787466650345	0.186400915953
610	2100.0	nan	nan	1	1	5.0	5.0	5.0	1.21	-3.11348135587e-18	-9.764349647e-17	5.84876250079e-19	0.918127098442	-1.2302060357e-16	1.73840277534e-18	-1.02374519588e-18	0.901162929191	491515016.464	-14745082.3081	637405.64756	-11188366.87	-39.1573076232	2907228.28952	474723.821722	2853479.94525	-648.053674152	594060486.9927778	-13522547.412581675	573756.6485108702	-13522611.616755916	-35.91072181389283	2616923.0947925784	573766.121629571	2616894.0290890913	-583.3414020725434	594540446.721	0.1906203596086497	0.0	0.0	0.0	-0.08541944648329226	0.0	0.0	0.0	-0.10406920621130204	0.190547590024
620	2150.0	nan	nan	1	1	5.0	5.0	5.0	1.215	-4.50515648821e-19	1.90715662003e-16	2.86191257054e-19	0.916431647011	-8.36285157945e-17	2.66802143495e-19	2.49715900762e-19	0.899118656767	490439862.793	-14665081.8614	529711.72743	-11061432.272	9531.18382969	2813942.14776	391972.271676	2760817.23874	8263.71542757	595207883.3203248	-13424286.252467725	475732.94944257714	-13424381.231195105	8724.761393349085	2527195.3181205494	475705.59378245793	2527227.6864095978	7421.624838826164	595670455.459	0.19474407679251185	0.0	0.0	0.0	-0.08726779494081258	0.0	0.0	0.0	-0.10634026571509624	0.194677075203
630	2200.0	nan	nan	1	1	5.0	5.0	5.0	1.22	1.95156391047e-18	1.80819405503e-16	-1.05137964578e-19	0.914745665441	3.7184436688e-16	1.56391398821e-18	-5.86993832447e-19	0.897087946964	489325024.935	-14587671.7778	430018.859212	-10937605.3088	7897.59205413	2724826.13023	316170.733917	2672321.39023	7894.21346477	596296204.4975085	-13328802.437995525	385325.11066232465	-13328671.536461074	7216.055161427011	2441622.983909277	385288.7120027073	2441708.6155867004	7073.733190396833	596751153.222	0.19885085874516517	0.0	0.0	0.0	-0.08910921361167544	0.0	0.0	0.0	-0.10860137606172207	0.198789572919
640	2250.0	nan	nan	1	1	5.0	5.0	5.0	1.225	1.8010038041e-18	-3.35272581182e-17	4.2865161087e-19	0.913069214643	-6.09987600592e-17	-1.81983705229e-18	-5.38924712691e-19	0.895070542462	488180371.834	-14518641.013	335671.380118	-10821706.875	-5818.85789385	2639275.04127	245332.429756	2587238.66118	-3570.99439828	597336907.5875247	-13241360.635941284	300105.8942335363	-13241427.334012587	-5306.942694758673	2359635.176851098	300188.4618401126	2359625.8171311724	-3192.635805954148	597795479.806	0.20294084399669038	0.0	0.0	0.0	-0.0909435911368428	0.0	0.0	0.0	-0.11085274541999168	0.202885217904
650	2300.0	nan	nan	1	1	5.0	5.0	5.0	1.23	4.30716253679e-19	-7.53052524174e-17	-4.0535820482e-19	0.911402591657	5.49750323152e-17	1.25470725779e-18	9.19030747771e-19	0.893066063213	487019995.196	-14454831.4552	247321.087454	-10710717.4924	10073.5347685	2558953.31313	179539.740471	2507548.85086	9647.01227345	598346763.86509	-13159043.855896296	220620.45541815157	-13159055.507919295	9170.503731809555	2282690.2919935226	220580.31242180776	2282762.369214533	8605.526779389103	598784998.104	0.20701416938432612	0.0	0.0	0.0	-0.09277055655644204	0.0	0.0	0.0	-0.1130947218800204	0.206964117056
660	2350.0	nan	nan	1	1	5.0	5.0	5.0	1.235	6.77626357803e-20	1.57247960889e-17	-4.99431801525e-19	0.909745440475	1.49499144668e-16	1.50268938799e-19	-1.39601617619e-19	0.891074465434	485827282.602	-14399277.0963	165442.04855	-10607061.7566	9694.15778194	2484183.76817	119364.381426	2433202.36914	9856.93652966	599305155.1449628	-13084578.375316666	147251.27157002897	-13084622.90883537	8809.051067784425	2211041.4001922025	147245.10477501323	2211043.4356596544	8773.141111939543	599737011.911	0.2110709700799406	0.0	0.0	0.0	-0.09459045434634016	0.0	0.0	0.0	-0.11532727988119945	0.211026454315
670	2400.0	nan	nan	1	1	5.0	5.0	5.0	1.24	-2.25903687033e-18	4.49308626871e-18	1.08642563397e-18	0.908097310985	2.29893450442e-16	-9.29645129391e-19	-1.36801114937e-18	0.889096051603	484614235.995	-14353855.8398	84510.9990995	-10511980.3556	9314.07495657	2417890.69596	60603.4895711	2367387.86342	8975.46110569	600226404.538176	-13019617.14093393	75051.46277542519	-13019774.70897661	8448.300673347136	2147249.890505241	75061.38273681152	2147331.278077783	7970.814358411231	600653201.526	0.2151113796169455	0.0	0.0	0.0	-0.0964037354348852	0.0	0.0	0.0	-0.11755000475681723	0.215072302192
680	2450.0	nan	nan	1	1	5.0	5.0	5.0	1.245	2.21414412412e-18	-1.0556889259e-17	-7.4962415832e-20	0.906458108067	-3.45456828884e-16	6.17884065242e-19	9.72817339922e-19	0.887130689638	483379203.527	-14313402.1773	7301.94482424	-10421375.7464	12058.2358466	2359004.3871	5127.34909615	2308778.69265	11484.6558285	601108155.3732413	-12959430.566916686	6470.255901391404	-12959543.781903792	10917.59095970462	2090314.6249985471	6376.135619101432	2090380.5252692467	10176.557607381297	601527462.722	0.219135529916671	0.0	0.0	0.0	-0.09821046268795036	0.0	0.0	0.0	-0.11976296858787908	0.219101793604
690	2500.0	nan	nan	1	1	5.0	5.0	5.0	1.25	1.25784392667e-19	-1.04208875314e-17	-8.66302946804e-19	0.904827803906	8.9693854032e-17	6.46444957433e-19	1.79915091953e-18	0.885178185538	482126518.898	-14270218.9968	-67269.1722111	-10329768.2958	10323.5311745	2300276.40478	-47690.6001773	2250400.09795	9908.47983119	601955490.729221	-12897036.307442883	-59475.7781940026	-12897155.621785967	9330.127057503774	2033780.478318696	-59543.74527772276	2033850.4809241183	8760.544084447138	602371105.064	0.22314355131420976	0.0	0.0	0.0	-0.10001062531328281	0.0	0.0	0.0	-0.12196631464934297	0.223115064361
700	2550.0	nan	nan	1	1	5.0	5.0	5.0	1.255	-3.8516705694e-18	6.07203509173e-17	-4.63115263911e-19	0.903206497832	-1.26530575754e-16	2.83957207655e-18	-1.73144122331e-18	0.883238270889	480856576.916	-14221268.858	-138813.356968	-10235035.0075	14775.6892199	2240214.8572	-97730.6143873	2190676.85408	14690.7211122	602768610.767701	-12829707.12043775	-122461.75468139265	-12829933.349767357	13329.877037468663	1976327.4101877892	-122508.35174496825	1976317.4941705575	12960.21884514859	603174706.761	0.22713557258374711	0.0	0.0	0.0	-0.1018040719387279	0.0	0.0	0.0	-0.12416027232270586	0.227112238568
