inc	time	elem	node	ip	grain	1_pos	2_pos	3_pos	1_f	2_f	3_f	4_f	5_f	6_f	7_f	8_f	9_f	1_p	2_p	3_p	4_p	5_p	6_p	7_p	8_p	9_p	1_Cauchy	2_Cauchy	3_Cauchy	4_Cauchy	5_Cauchy	6_Cauchy	7_Cauchy	8_Cauchy	9_Cauchy	Mises(Cauchy)	1_ln(V)	2_ln(V)	3_ln(V)	4_ln(V)	5_ln(V)	6_ln(V)	7_ln(V)	8_ln(V)	9_ln(V)	Mises(ln(V))
0	0.0	nan	nan	1	1	5.0	5.0	5.0	1.0	0.0	0.0	0.0	1.0	0.0	0.0	0.0	1.0	3.38222398156e-06	7.1689291944e-07	1.66513392758e-06	7.1689291944e-07	-2.31825715413e-07	4.68433681421e-07	1.66513392758e-06	4.68433681421e-07	3.13640075881e-06	3.38222398156e-06	7.1689291944e-07	1.66513392758e-06	7.1689291944e-07	-2.31825715413e-07	4.68433681421e-07	1.66513392758e-06	4.68433681421e-07	3.13640075881e-06	4.76985079758e-06	0.0	0.0	0.0	0.0	0.0	0.0	0.0	0.0	0.0	0.0
10	2.5	nan	nan	1	1	5.0	5.0	5.0	1.00025	-1.74223624049e-21	6.41712631299e-20	-7.83908726759e-22	0.99992527037	-3.81223956754e-21	3.99295591316e-22	2.03244738853e-21	0.999935022001	58103908.1808	-359187.896883	1046742.95601	-359071.287241	12.0250457558	541842.845533	1046413.33718	541848.12963	19.1984962339	58112026.59207224	-359121.45734610816	1046559.544683628	-359121.4575045355	12.022821464619668	541747.9032986971	1046559.5444506977	541747.9031493453	19.19513225457882	58151174.1771	0.0002499687552074404	0.0	0.0	0.0	-7.473242239857581e-05	0.0	0.0	0.0	-6.498011016181221e-05	0.000213291011495
20	5.0	nan	nan	1	1	5.0	5.0	5.0	1.0005	-3.03355564957e-21	8.338942172e-20	6.67741549483e-22	0.999850512886	1.22352530166e-19	-2.59010929306e-22	3.12146943905e-21	0.999870019958	116253447.784	-718637.807206	2094249.46087	-718171.292852	-161.537023389	1083561.75706	2092930.78412	1083582.89798	-142.53578907	116285943.62647247	-718372.0419002417	2093515.81307729	-718372.0402848343	-161.47728406554407	1083182.1687128688	2093515.8123523921	1083182.1693552206	-142.4858565910918	116364395.255	0.0004998750416509929	0.0	0.0	0.0	-0.00014949828831223018	0.0	0.0	0.0	-0.00012998849013777072	0.000426561034468
30	7.5	nan	nan	1	1	5.0	5.0	5.0	1.00075	1.07342194115e-21	-8.09570971288e-20	-6.76985292829e-21	0.999769174651	5.29732926627e-20	-2.99744404595e-21	-3.61914782447e-21	0.999804128205	170304362.162	-1072461.71648	3149558.96561	-1071410.4391	-3695.12882253	1615416.29736	3146582.2334	1615472.78022	-880.546977013	170377053.86116844	-1071867.9216940748	3147925.187615043	-1071867.7535477118	-3693.0829236466893	1614578.328733872	3147925.3018112574	1614578.3340137084	-880.0902088463208	170499604.835	0.0007497188905459742	0.0	0.0	0.0	-0.00023085199327127254	0.0	0.0	0.0	-0.0001958909803855762	0.000642377451973
40	10.0	nan	nan	1	1	5.0	5.0	5.0	1.001	3.09954915281e-21	6.3569714124e-19	6.38821247317e-21	0.999641253762	-2.17002148307e-19	-2.15625306177e-21	-1.92740837543e-21	0.999722189299	190952334.188	-1539149.41907	3735584.7735	-1537060.34449	3466.10541654	2477669.1416	3730816.09798	2477869.75675	2875.96427978	191073944.5901845	-1538039.0909807682	3733192.189233039	-1538039.2407547152	3463.605000299354	2476082.232838358	3733192.115262434	2476082.2445317	2874.122269143016	191246806.904	0.0009995003330834232	0.0	0.0	0.0	-0.00035881060282544455	0.0	0.0	0.0	-0.0002778492975408409	0.00087979611406
50	12.5	nan	nan	1	1	5.0	5.0	5.0	1.00125	5.41182915763e-22	1.90853211385e-19	-9.41951922545e-22	0.99949703275	5.50238475519e-20	-7.32013483079e-21	-6.79353097332e-21	0.999634415263	200081052.518	-1933945.76717	4008523.35847	-1930559.83417	984.407595173	2780139.82091	4002055.22504	2780522.11416	443.083257606	200254947.52827328	-1932237.7496082888	4005533.6119958954	-1932237.7277934651	983.5381884455829	2778066.2610267773	4005533.5025965916	2778066.419340459	442.75278513803664	200460082.988	0.0012492194004318981	0.0	0.0	0.0	-0.0005030937804563902	0.0	0.0	0.0	-0.00036565157939193405	0.00112519629142
60	15.0	nan	nan	1	1	5.0	5.0	5.0	1.0015	-2.53625983518e-20	6.45027169863e-20	-2.69143891809e-21	0.999350066851	3.4817882799e-19	4.88201997529e-21	-2.66552748541e-20	0.999544541334	206646515.86	-2309710.72366	4151865.29142	-2304752.50544	-1655.65336862	2899522.83315	4143758.69477	2900087.1252	-1918.40689442	206875132.69971544	-2307302.227434606	4148342.9667957593	-2307302.2955099028	-1653.9269035488394	2897062.960308061	4148343.0111974953	2897063.002385482	-1916.7793724824523	207101026.856	0.0014988761237359487	0.0	0.0	0.0	-0.0006501444471071114	0.0	0.0	0.0	-0.0004555624188028746	0.00137242539536
70	17.5	nan	nan	1	1	5.0	5.0	5.0	1.00175	-3.16255963597e-20	-1.302108636e-18	2.07440354016e-20	0.999201999638	8.59922489149e-20	1.50867403972e-20	-4.91113673285e-20	0.999453335088	211906095.897	-2648273.27135	4206783.19872	-2641537.50747	-4702.5143435	2997630.3637	4197138.13095	2998384.54567	-4636.82479654	212191329.64332476	-2645092.8687540656	4202788.01524702	-2645093.1184406215	-4696.866932038621	2994783.513096717	4202787.640124644	2994783.682384544	-4632.421202411384	212433580.221	0.001748470534116803	0.0	0.0	0.0	-0.0007983189337803663	0.0	0.0	0.0	-0.0005468143877406447	0.00162054339329
80	20.0	nan	nan	1	1	5.0	5.0	5.0	1.002	3.64426826569e-20	-1.35490157744e-18	-7.65555656918e-21	0.999053538473	1.27571516381e-18	-2.12089109059e-21	-5.86863965091e-21	0.99936122259	216424356.929	-2904078.40688	4211119.29484	-2895538.87982	3389.10631336	3122588.29552	4200028.61696	3123549.98402	3702.32962387	216767854.7194625	-2900134.383523772	4206695.342403183	-2900134.5326454476	3384.503574527277	3119307.889259349	4206694.689902421	3119307.896732641	3698.4401757174655	217012163.096	0.001998002662673058	0.0	0.0	0.0	-0.0009469097045218352	0.0	0.0	0.0	-0.0006389815152131042	0.00186910639223
90	22.5	nan	nan	1	1	5.0	5.0	5.0	1.00225	-3.09977662748e-20	-3.82589024484e-19	1.19988751705e-20	0.998905031204	2.85769601736e-19	-1.6493567824e-20	-1.22753602903e-21	0.999268260873	220465688.663	-3081687.41647	4191936.92841	-3071402.75728	-5163.87771895	3266081.28507	4179464.96157	3267269.08659	-4345.39090139	220868974.80203333	-3077020.762288303	4187111.000250852	-3077021.1107159094	-5156.057966881012	3262321.2395557505	4187110.2341645635	3262321.4027774963	-4340.388310780538	221129214.723	0.00224747254047937	0.0	0.0	0.0	-0.0010955687122989701	0.0	0.0	0.0	-0.0007320069787482291	0.00211793401205
100	25.0	nan	nan	1	1	5.0	5.0	5.0	1.0025	-9.64203081022e-21	1.17695807047e-19	1.1792907198e-20	0.998756760643	3.80082811985e-18	-4.89980435846e-21	-9.67387726381e-21	0.99917461936	224204905.97	-3202484.76657	4171292.62073	-3190527.31432	570.4657521	3408970.8113	4157455.45183	3410396.7282	1088.78460698	224669431.10432723	-3197137.3755625365	4166069.816703277	-3197137.6965631857	569.5132094166913	3404702.497350565	4166069.190873156	3404702.1734634317	1087.4213584269476	224929967.936	0.002496880198587146	0.0	0.0	0.0	-0.0012440128201828742	0.0	0.0	0.0	-0.0008257214541478761	0.00236685116593
110	27.5	nan	nan	1	1	5.0	5.0	5.0	1.00275	4.41189187414e-20	-6.35658935835e-19	-1.77930685663e-20	0.998608687703	-1.50991026115e-18	1.91016682954e-20	5.00795822355e-20	0.999080413515	227720831.723	-3285605.26772	4151736.67022	-3272036.46038	-91.5757925327	3544983.40104	4136542.63267	3546657.77572	447.447075835	228247997.7151251	-3279610.517989085	4146119.2524799113	-3279611.1136686546	-91.4087079583539	3540186.9377218513	4146118.588389202	3540186.722743694	446.8416672214012	228513685.696	0.0027462256680252286	0.0	0.0	0.0	-0.001392281070636337	0.0	0.0	0.0	-0.0009200095640436649	0.00261583040475
120	30.0	nan	nan	1	1	5.0	5.0	5.0	1.003	4.25915297404e-21	-1.82114027534e-18	2.28736118886e-20	0.998460840377	8.72230109484e-19	1.08368932051e-20	-5.57602450922e-21	0.998985752703	231070654.815	-3342029.02886	4135505.92608	-3326905.12068	-245.862791402	3673861.0325	4118954.08087	3675792.44951	281.401444141	231661820.06485313	-3335415.8665968576	4129492.464595397	-3335416.5896005305	-245.37628140463602	3668518.851346445	4129491.9075806253	3668518.8406621036	280.9922567824759	231931235.15	0.002995508979798371	0.0	0.0	0.0	-0.0015403453460069237	0.0	0.0	0.0	-0.0010147619938390335	0.00286482443158
130	32.5	nan	nan	1	1	5.0	5.0	5.0	1.00325	-6.65979654779e-20	-7.36032753675e-19	1.29937666523e-20	0.998313239403	1.02488711871e-18	-5.09460539271e-21	-1.08145179695e-19	0.998890683436	234289224.134	-3379507.52379	4124275.22831	-3362878.33772	-212.463348611	3794489.45922	4106354.00629	3796684.27402	233.224355174	234945710.85117373	-3372300.6537235277	4117860.6003597216	-3372301.242116669	-212.01026610221396	3788587.7584859966	4117860.1558839767	3788587.7658590726	232.86161326552667	235218047.572	0.0032447301648890294	0.0	0.0	0.0	-0.0016881847793840557	0.0	0.0	0.0	-0.0011099323110337772	0.00311380835219
140	35.0	nan	nan	1	1	5.0	5.0	5.0	1.0035	2.9848812404e-20	-7.19546630477e-19	-2.22966534114e-21	0.998165873621	1.6083935577e-18	-8.60764145423e-21	-1.09320189755e-20	0.998795261224	237399015.481	-3404924.79765	4119465.80228	-3386826.31445	-184.321338977	3906849.52914	4100151.95216	3909312.95283	202.084691358	238122110.29973057	-3397141.7941570063	4112641.0628828146	-3397142.2652341984	-183.90001583174205	3900377.0321755544	4112640.624982033	3900377.014982538	201.74989664895884	238397015.82	0.003493889254255838	0.0	0.0	0.0	-0.0018358104482996674	0.0	0.0	0.0	-0.0012054650571378565	0.00336276887155
150	37.5	nan	nan	1	1	5.0	5.0	5.0	1.00375	-9.93857505982e-21	-3.44289528147e-19	1.96016989757e-20	0.998018736124	-5.91342734518e-19	2.33049865781e-20	3.41625592984e-21	0.998699526932	240417224.963	-3422584.10887	4119726.08306	-3403042.00664	-160.475513252	4011811.04131	4098996.9428	4014547.63116	183.820948869	241208185.2835792	-3414237.4926441754	4112482.740952359	-3414237.8400372555	-160.08416347646718	4004757.4364689137	4112482.4321879963	4004757.400348507	183.49775310492146	241485415.381	0.003742986278834297	0.0	0.0	0.0	-0.0019832291755530595	0.0	0.0	0.0	-0.0013013194169489563	0.00361169594824
160	40.0	nan	nan	1	1	5.0	5.0	5.0	1.004	-1.6024970007e-20	-1.13247601944e-18	5.13836324712e-20	0.997871814759	-3.43720965553e-18	-3.86855828879e-20	-1.96496754512e-20	0.998603517013	243356296.454	-3435273.50367	4125091.1248	-3414305.68326	-131.160530852	4110655.42896	4102918.51893	4113669.67915	157.772792819	244216352.26682582	-3426372.0252902512	4117419.129427038	-3426372.325843078	-130.82066777316246	4103010.281622231	4117418.817353236	4103010.341059085	157.4793612074629	244495815.467	0.003992021269537457	0.0	0.0	0.0	-0.0021304530453192926	0.0	0.0	0.0	-0.0013974589781085324	0.00386058341528
170	42.5	nan	nan	1	1	5.0	5.0	5.0	1.00425	-6.37144138625e-20	7.166742458e-19	2.61802663873e-21	0.997725089747	-2.28325589148e-18	8.82849867778e-21	-8.35452418679e-22	0.998507269929	246225479.4	-3444911.3707	4135602.6833	-3422529.03057	-117.873598585	4204189.32597	4111953.12151	4207485.34374	150.480120724	247155834.38951617	-3435460.6732091806	4127490.425378717	-3435460.9455290604	-117.55022663069579	4195942.530817289	4127490.0030406015	4195942.616830116	150.18494402429712	247437531.326	0.004240994257254614	0.0	0.0	0.0	-0.0022775017924217583	0.0	0.0	0.0	-0.001493845302497031	0.00410942799534
180	45.0	nan	nan	1	1	5.0	5.0	5.0	1.0045	6.12899474871e-20	-4.27276009511e-19	1.51762826985e-20	0.997578550497	9.50261365388e-19	3.53776876183e-20	-6.97611041403e-20	0.998410810946	249031979.46	-3452653.15248	4150625.42123	-3428863.03496	-109.059578893	4293208.30273	4125464.34585	4296790.19068	143.580483956	250033812.54376507	-3442656.8488875506	4142061.072192551	-3442657.04019407	-108.74382384546215	4284349.749942512	4142060.7150252676	4284349.896992161	143.2842217654212	250317780.841	0.004489905272852001	0.0	0.0	0.0	-0.002424385953116507	0.0	0.0	0.0	-0.001590453154365349	0.00435822659331
190	47.5	nan	nan	1	1	5.0	5.0	5.0	1.00475	-1.43888067554e-20	1.81615775292e-20	2.28045423075e-20	0.997432189991	4.10501696587e-18	-4.39720941827e-20	1.54382507985e-19	0.998314157891	251781330.862	-3458603.41614	4168988.99854	-3433413.88129	-96.0081777813	4378502.72465	4142284.62333	4382374.56256	131.545295058	252855796.86479965	-3448065.609940065	4159961.9107566047	-3448065.827390835	-95.71565636458921	4369021.978006368	4159961.6448408896	4369022.174824456	131.2604607908923	253142041.944	0.00473875434717347	0.0	0.0	0.0	-0.002571112487757651	0.0	0.0	0.0	-0.0016872647399204953	0.00460697686591
200	50.0	nan	nan	1	1	5.0	5.0	5.0	1.005	1.16859113858e-19	-2.79826350394e-18	-1.76636148005e-20	0.997285999122	-2.63704021229e-18	-8.27511484798e-21	5.86934275443e-20	0.99821732822	254477925.662	-3462899.4629	4189738.23025	-3436319.78951	-85.9682128611	4460761.89015	4161461.72589	4464927.7907	116.788310968	255626156.0450484	-3451824.5776272314	4180238.933578769	-3451824.8152521015	-85.69327328959312	4450648.107797606	4180238.666086795	4450648.264666117	116.52351952933539	255914667.52	0.004987541511038968	0.0	0.0	0.0	-0.0027176904555727462	0.0	0.0	0.0	-0.0017842626302613383	0.00485567751292
210	100.0	nan	nan	1	1	5.0	5.0	5.0	1.01	3.60237156767e-20	8.87299603165e-18	7.19382435125e-20	0.99438564717	5.76634553328e-18	1.1898165931e-20	2.43124925642e-20	0.996261152094	299970926.992	-3532002.99865	4813016.60115	-3477397.38417	2372.19972416	5661874.47137	4747545.44304	5672550.79346	-1201.17973735	302796689.1384185	-3510156.6136353156	4792268.457411632	-3510154.885021089	2357.5270331896295	5637467.037302037	4792267.891098115	5637464.5467335265	-1196.0016438773537	303128169.924	0.009950330853168092	0.0	0.0	0.0	-0.005630172548289255	0.0	0.0	0.0	-0.0037458548685960404	0.00981934873022
220	150.0	nan	nan	1	1	5.0	5.0	5.0	1.015	3.0002833434e-19	-1.19105769489e-17	-1.06838647917e-19	0.991511731452	-1.80643010892e-18	3.30375936654e-20	-6.70429886474e-19	0.994296176864	335030675.964	-3658118.80349	5430370.04014	-3573471.96323	-1819.84410844	6489438.29867	5319602.44035	6507662.1529	292.030550427	339837223.5815609	-3624732.7691031345	5395920.28660408	-3624739.0989985745	-1803.2351951578216	6448269.916345547	5395920.593493633	6448269.5951166	290.17793625654235	340207814.844	0.014888612493750559	0.0	0.0	0.0	-0.008524499068078034	0.0	0.0	0.0	-0.005720152056301948	0.0147630118235
230	200.0	nan	nan	1	1	5.0	5.0	5.0	1.02	-5.44728211868e-19	-7.97489129902e-18	4.40788004817e-20	0.988657193578	1.506486147e-17	5.9080548071e-20	-3.1033169605e-19	0.992335088867	362865506.846	-3803058.63411	5940782.31689	-3686181.34367	7826.44432251	7129903.3906	5779643.56457	7156440.15575	7584.09882974	369863613.4080075	-3757288.136639002	5891118.2024877835	-3757271.8423897764	7732.251651679992	7070298.389309045	5891107.897200677	7070311.106065558	7520.696817710865	370256513.509	0.01980262729617973	0.0	0.0	0.0	-0.01140762667932589	0.0	0.0	0.0	-0.007694437539294022	0.0196861841084
240	250.0	nan	nan	1	1	5.0	5.0	5.0	1.025	-1.70921984333e-19	1.06978011307e-17	3.63959469523e-21	0.985821517173	3.09703038785e-19	-2.06464280893e-20	-1.58342221577e-19	0.990381228292	385308178.919	-3920003.29788	6356645.24858	-3770148.4845	11187.0417555	7648307.70713	6141940.90983	7683697.18516	10164.0129402	394645844.9030199	-3861536.7013183865	6290799.107682234	-3861515.315479782	11020.187748670347	7569081.711778811	6290786.420637692	7569095.336822446	10058.727683279827	395059937.197	0.024692612590371414	0.0	0.0	0.0	-0.014279957830991678	0.0	0.0	0.0	-0.009665330894595148	0.02458827321
250	300.0	nan	nan	1	1	5.0	5.0	5.0	1.03	5.71032555347e-19	-1.07338132658e-17	-1.01260141866e-19	0.98300572852	-2.5786250483e-17	1.04833562113e-19	4.16594626261e-19	0.988435399024	403621109.867	-3999209.08358	6712741.76831	-3816707.1408	7311.32104369	8072856.33566	6441850.76065	8117463.33425	5010.27260387	415402908.6001984	-3928154.8085444225	6629895.257669499	-3928117.7540141707	7181.420204435168	7973223.7263037395	6629889.957004939	7973239.698953919	4948.43742281956	415840609.128	0.02955880224154443	0.0	0.0	0.0	-0.017140331262937597	0.0	0.0	0.0	-0.011631991037131178	0.0294687492968
260	350.0	nan	nan	1	1	5.0	5.0	5.0	1.035	-1.21231590576e-20	5.47010568614e-18	-1.64999371147e-19	0.980211021379	-1.11431187765e-17	8.78796682776e-21	3.4560267737e-19	0.986497685403	418716421.54	-4055504.11608	7035194.27394	-3840771.82642	8520.75810831	8425890.69093	6705497.34029	8479955.40163	5808.82763032	433016396.68153334	-3971992.557905376	6934516.145311772	-3971941.6082023955	8345.297360130013	8305310.807310986	6934503.035660379	8305334.868997929	5725.699592546991	433469299.809	0.03440142671733232	0.0	0.0	0.0	-0.019987402559497342	0.0	0.0	0.0	-0.013594299793887273	0.034327204231
270	400.0	nan	nan	1	1	5.0	5.0	5.0	1.04	6.88796604795e-19	3.21913680464e-17	7.70336760858e-20	0.977437735945	3.06571895468e-17	3.62662450323e-19	8.48409375794e-19	0.984568474004	431254915.27	-4091576.98556	7312340.87331	-3845415.26349	-6699.57734835	8726757.38812	6922589.11722	8790417.85078	-6953.76259318	448124853.1536069	-3995871.02760062	7193396.300348019	-3995841.181745644	-6542.867729953285	8584805.522246044	7193388.693679594	8584801.44315985	-6840.650754378308	448604629.249	0.03922071315328133	0.0	0.0	0.0	-0.022820686394338447	0.0	0.0	0.0	-0.015551831260644574	0.0391634839398
280	450.0	nan	nan	1	1	5.0	5.0	5.0	1.045	7.32901875057e-19	1.08792117652e-17	-3.02814278643e-19	0.974686027649	1.89331848395e-17	-2.8375603733e-20	2.49027686493e-19	0.982648271397	441757299.692	-4119014.82175	7541551.83147	-3841787.73395	7286.3809999	8982219.06524	7091552.47405	9055628.64566	7663.85032559	461233560.06330913	-4011242.9772531837	7404226.393173412	-4011165.0328647667	7095.736694393118	8818660.264932767	7404205.875629775	8818692.91115678	7524.297932591868	461709537.94	0.04401688541677426	0.0	0.0	0.0	-0.025639882768908048	0.0	0.0	0.0	-0.017504034261487434	0.0439774713615
290	500.0	nan	nan	1	1	5.0	5.0	5.0	1.05	3.06612692016e-19	6.86311092491e-18	1.70478615525e-19	0.971956040379	-7.94077506183e-18	3.6750641999e-19	2.39903553464e-18	0.980737065012	450591094.748	-4130160.28587	7723623.30679	-3823107.56273	5670.16646302	9197608.69459	7214112.49301	9280736.88933	6285.99302969	472697594.5543699	-4010744.70097113	7568070.380923897	-4010673.4680049117	5506.224582368953	9012369.864757735	7568044.868258223	9012402.358168235	6159.393819849923	473182052.474	0.04879016416943205	0.0	0.0	0.0	-0.028444701491952877	0.0	0.0	0.0	-0.019450882853269923	0.0487691927944
300	550.0	nan	nan	1	1	5.0	5.0	5.0	1.055	-2.51290852649e-19	6.8100522517e-18	-5.18688566185e-19	0.969248245595	-2.47188169159e-17	-2.74663668037e-19	3.1503008193e-19	0.978834591923	458062725.736	-4120408.08653	7863356.41098	-3785421.40979	5483.37911239	9383587.66062	7295642.53697	9476433.8355	5860.91302058	482814851.46952045	-3990051.142702353	7689896.198323978	-3989972.4929171694	5309.9019887824625	9176592.1963403	7689873.831585268	9176628.833850028	5731.625326397823	483303883.634	0.05354076692802976	0.0	0.0	0.0	-0.03123451249721887	0.0	0.0	0.0	-0.021392606882607353	0.0535386083296
310	600.0	nan	nan	1	1	5.0	5.0	5.0	1.06	-7.06901934043e-19	8.0217858223e-18	-3.1499037726e-21	0.966562460828	5.3026016121e-17	2.59668537893e-20	-7.77099789547e-19	0.976941065043	464401368.651	-4071317.71747	7969761.91317	-3712361.75883	5252.40186398	9539106.66277	7345247.59541	9641564.3317	5710.32354639	491807561.45154804	-3931522.4926378303	7778745.418967045	-3931443.1590494206	5072.052220342211	9310476.656955231	7778720.20198806	9310505.753859162	5573.460488687666	492298073.782	0.058268908123975824	0.0	0.0	0.0	-0.034009356629874414	0.0	0.0	0.0	-0.02332895113036701	0.0582858089123
320	650.0	nan	nan	1	1	5.0	5.0	5.0	1.065	7.38070099524e-19	-1.56413236389e-17	3.32169264222e-19	0.963899245518	-3.2928948455e-17	-2.66735969046e-19	-5.02661114636e-19	0.975055820278	469785982.402	-3996289.30448	8054368.86367	-3616891.39058	-8003.30081398	9677685.60577	7374121.16165	9789692.77934	-6381.4845805	499849123.25409305	-3848378.9803803754	7846035.465411736	-3848348.0951112206	-7707.083316429398	9427363.679415304	7846015.28247837	9427357.492401522	-6216.421818775125	500351717.446	0.06297479916138839	0.0	0.0	0.0	-0.03676850693139449	0.0	0.0	0.0	-0.025260558055918838	0.063010824927
330	700.0	nan	nan	1	1	5.0	5.0	5.0	1.07	9.61302985795e-19	9.89212721407e-18	-1.17340532974e-19	0.961259334795	3.44041622118e-17	2.44342535503e-19	-1.1765817033e-19	0.973178127532	474379470.861	-3907639.86133	8115795.79684	-3510418.19213	7106.18831188	9794821.07737	7381374.59405	9916311.73289	6128.99668431	507099259.77221984	-3752653.0519786924	7890540.679654107	-3752545.3272442743	6824.339039124434	9522964.364260375	7890496.580618271	9523005.908772815	5958.885471446101	507586707.403	0.06765864847381486	0.0	0.0	0.0	-0.03951104710930545	0.0	0.0	0.0	-0.02718814311776881	0.0677136314676
340	750.0	nan	nan	1	1	5.0	5.0	5.0	1.075	-1.43049306412e-18	-5.3898003453e-17	2.42330832254e-19	0.958642818268	-1.39872271116e-18	-1.02543926177e-19	-1.72715311901e-18	0.971307560793	478279549.407	-3805689.08876	8161585.46547	-3393633.79591	1364.47827655	9889470.24999	7374280.51923	10020168.1449	-43.144259059	513651095.83930224	-3644752.7430247143	7919709.386375566	-3644612.6962938686	1306.7767295918527	9596386.718792684	7919651.330326085	9596431.67897163	-41.86563932749943	514141115.737	0.07232066157962608	0.0	0.0	0.0	-0.042236725751561115	0.0	0.0	0.0	-0.02911211440462254	0.0723943804741
350	800.0	nan	nan	1	1	5.0	5.0	5.0	1.08	-2.03909947162e-19	-3.72005885476e-17	-5.06710990915e-19	0.956049540737	-1.39159638474e-17	5.04884576123e-19	2.13955228521e-18	0.969444210272	481600839.732	-3701093.31547	8184914.12137	-3276196.91923	4986.12592075	9975771.39904	7347011.29763	10115581.1838	3722.174679	519617796.6286663	-3534951.4894759217	7927020.372408201	-3534815.7312999046	4762.299068925508	9661450.558682337	7926975.011930727	9661493.435770752	3604.8948190010406	520100314.416	0.0769610411361284	0.0	0.0	0.0	-0.04494554641878736	0.0	0.0	0.0	-0.031032350800995284	0.0770531790442
360	850.0	nan	nan	1	1	5.0	5.0	5.0	1.085	-3.34220672141e-19	-2.39829438081e-18	-3.96292305307e-19	0.953479738936	-2.2271718879e-17	-3.64541804675e-19	7.39856809647e-19	0.967587507206	484412076.56	-3598161.54798	8195185.26862	-3161852.23085	-1549.41145124	10059064.1885	7308288.00239	10207954.3551	-3204.73415904	525065206.1632594	-3427367.447086615	7921685.00048278	-3427203.1474495754	-1475.8654661031699	9723360.154657269	7921618.663856914	9723412.912812954	-3097.7816469153313	525550189.313	0.08157998699242285	0.0	0.0	0.0	-0.047637103316878815	0.0	0.0	0.0	-0.032949411443710566	0.0816901569301
370	900.0	nan	nan	1	1	5.0	5.0	5.0	1.09	-1.05038702904e-18	4.89437342143e-17	1.33235635625e-19	0.95093324682	1.09218810499e-17	-5.42868709851e-19	7.56162193882e-19	0.965737442377	486786164.403	-3505412.23074	8195543.24632	-3058025.21366	-3503.15693813	10136517.0152	7261184.1786	10294372.8061	-5058.97383288	530064995.0520431	-3330071.2828313867	7906808.4327855045	-3329905.8976658974	-3327.9288001043997	9779400.31624448	7906756.266217871	9779447.608396452	-4880.742589091687	530547810.871	0.08617769624105241	0.0	0.0	0.0	-0.05031141151865991	0.0	0.0	0.0	-0.03486328049517554	0.0863054515317
380	950.0	nan	nan	1	1	5.0	5.0	5.0	1.095	1.29082527206e-18	-1.06083465105e-17	-8.64119189987e-19	0.948409541206	8.51249186098e-17	3.26875308301e-19	1.30813650792e-18	0.963894279663	488778171.609	-3421051.01647	8186038.3654	-2962925.37513	-2901.02083592	10213342.2433	7205865.27235	10380143.1891	-5546.24448913	534670822.81195825	-3241276.112477689	7882495.692890941	-3241122.129157735	-2748.573316210595	9834626.060770912	7882442.66628487	9834670.690659327	-5340.586782743594	535149783.545	0.09075436326846412	0.0	0.0	0.0	-0.052968864523060065	0.0	0.0	0.0	-0.03677365878498787	0.0908992694074
390	1000.0	nan	nan	1	1	5.0	5.0	5.0	1.1	-1.2030514829e-19	2.81194689107e-17	-1.07202607387e-20	0.945908874225	4.08052696035e-17	1.59718650117e-19	1.89478623323e-18	0.962057501687	490433276.878	-3326427.93911	8168273.75063	-2860290.17074	2443.31415164	10284733.353	7143905.42713	10460353.1092	-1383.04120998	538926575.4580549	-3143289.661884221	7850336.97431758	-3143111.324635303	2308.796178414029	9884416.8274632	7850283.960639805	9884452.749216624	-1329.2085793370168	539396842.06	0.09531017980432493	0.0	0.0	0.0	-0.05560904202776296	0.0	0.0	0.0	-0.038681057039359146	0.0954717174468
400	1050.0	nan	nan	1	1	5.0	5.0	5.0	1.105	1.35326748214e-18	4.94862058774e-17	7.06332833781e-19	0.943430508074	-9.14995992353e-17	-2.42913167405e-19	2.97157686743e-18	0.960227480122	491775656.477	-3217646.09013	8137966.83058	-2747039.96831	-7956.25879719	10355881.5681	7071697.76435	10540293.0434	-8646.00717437	542853922.3270062	-3032507.373955629	7806272.747966527	-3032361.2036210713	-7498.467138940773	9933787.855026966	7806199.469875674	9933819.78080514	-8293.605957004997	543328072.303	0.09984533496971612	0.0	0.0	0.0	-0.05823257022576546	0.0	0.0	0.0	-0.04058506413006046	0.10002305909
410	1100.0	nan	nan	1	1	5.0	5.0	5.0	1.11	-1.15058837973e-18	-4.80593259382e-17	-3.23328357835e-19	0.940973974617	2.07620547041e-17	-2.94502767848e-19	-2.50970568316e-18	0.958404528556	492862955.744	-3111105.56262	8099188.49732	-2637174.18122	-3385.32675894	10415014.1013	6992997.37307	10607976.0541	-7369.75991575	546512007.2793579	-2924441.3195595555	7754269.9486154085	-2924235.507106044	-3182.2094283797633	9971471.942755727	7754198.173580806	9971504.619529216	-7055.9053986854005	546978336.709	0.10436001532424286	0.0	0.0	0.0	-0.06083979693437762	0.0	0.0	0.0	-0.04248532651108044	0.104553462107
420	1150.0	nan	nan	1	1	5.0	5.0	5.0	1.115	2.51304087539e-19	-7.96893626035e-17	-2.04187879847e-19	0.938538803666	-1.60747398101e-17	5.15313669286e-19	-2.24040214549e-18	0.956588851472	493718540.389	-3010387.01949	8057187.62638	-2534022.37226	8124.5797618	10471229.9087	6912511.0092	10672590.3667	8648.02180782	549923005.2559973	-2822423.3096943726	7699391.026949731	-2822493.150128009	7617.294106277335	10006232.613500027	7699424.90928	10006211.038903847	8263.987956540906	550371413.844	0.10885440491208208	0.0	0.0	0.0	-0.06343107733615483	0.0	0.0	0.0	-0.04438160212959015	0.1090631252
430	1200.0	nan	nan	1	1	5.0	5.0	5.0	1.12	9.34330280381e-19	-2.25396790753e-18	-1.54609982654e-19	0.93612468632	-5.52085056975e-17	-3.18484388168e-19	3.01771369327e-18	0.954780213729	494335090.899	-2907673.42767	8005638.18609	-2430145.31458	-16690.0133633	10527296.4033	6824612.04111	10737142.9876	-16694.0439988	553075387.0808347	-2719093.830873988	7635618.782450267	-2718911.8985660286	-15607.568560311385	10040726.332739485	7635559.392413497	10040776.581361156	-15922.447773591548	553542553.18	0.11332868530700327	0.0	0.0	0.0	-0.06600659949611752	0.0	0.0	0.0	-0.04627410768044668	0.113552305264
440	1250.0	nan	nan	1	1	5.0	5.0	5.0	1.125	-8.19610255587e-19	-1.31014821117e-17	-2.20890310776e-19	0.933731560856	6.64145299052e-17	-9.77317202454e-19	5.59147624306e-19	0.952978767994	494782576.1	-2806315.82945	7956861.18449	-2329146.68763	-7678.0114594	10579802.8101	6740181.76236	10797887.3797	-6976.20302687	556043968.2517426	-2617585.0326256333	7574731.104559081	-2617529.4551367434	-7161.648616146841	10071705.358135216	7574715.834623907	10071706.146709574	-6641.169279458582	556497593.477	0.11778303565638346	0.0	0.0	0.0	-0.06856629013999924	0.0	0.0	0.0	-0.04816265470098711	0.118021044933
450	1300.0	nan	nan	1	1	5.0	5.0	5.0	1.13	1.43280916984e-19	-1.37353009842e-17	4.82120565665e-19	0.931358975085	5.82073298943e-17	1.43535026868e-18	-3.639382937e-18	0.951184485149	495055427.623	-2705035.86143	7905198.73679	-2229533.43688	863.284279167	10622818.3696	6654280.79662	10848907.0407	4136.04418337	558820030.1984496	-2516690.5925071803	7511336.962062307	-2516703.934563327	803.1758303167408	10093556.268169323	7511371.8348078355	10093523.223710932	3929.9735004366075	559259405.329	0.12221763272424911	0.0	0.0	0.0	-0.07111049590919645	0.0	0.0	0.0	-0.05004724455755288	0.122469600603
460	1350.0	nan	nan	1	1	5.0	5.0	5.0	1.135	7.83240778414e-19	-9.24324703691e-19	-7.42794955183e-19	0.929007020848	-1.19062243245e-17	9.02566544859e-19	-5.35218943546e-20	0.949396902515	495158115.119	-2603867.38445	7852684.67905	-2131286.42613	-6476.28568415	10662913.5752	6568564.44193	10896900.1458	-2967.49403295	561406057.7248449	-2416435.4020765144	7447376.349370514	-2416434.415274728	-6010.108692400731	10112558.140426086	7447382.473716055	10112517.804268181	-2814.329847835368	561847322.586	0.126632650933366	0.0	0.0	0.0	-0.07363898277166686	0.0	0.0	0.0	-0.051928335441339145	0.126898126533
470	1400.0	nan	nan	1	1	5.0	5.0	5.0	1.14	-1.59832470169e-18	1.80751669337e-17	-3.28437025298e-19	0.926675720007	3.84441197681e-17	-9.13630912732e-19	1.28134909096e-18	0.947615838968	495123788.375	-2506291.67188	7811429.43672	-2037324.89586	-2730.83805622	10701945.4631	6493191.59875	10943730.995	-454.408527224	563837163.190491	-2320034.5289243786	7394313.82187325	-2320065.237724026	-2527.8935625946774	10130481.738302948	7394317.980776676	10130438.555307781	-430.14396799573467	564271272.295	0.131028262406404	0.0	0.0	0.0	-0.07615159122156143	0.0	0.0	0.0	-0.05380609201237701	0.131306724595
480	1450.0	nan	nan	1	1	5.0	5.0	5.0	1.145	-4.73756115311e-19	-6.41011770472e-17	-3.39871970086e-19	0.924364647455	-3.56933384993e-17	-1.62752086859e-18	-2.58461515943e-18	0.945841326133	494951701.468	-2404241.04303	7779992.33977	-1940867.03893	-11255.9838139	10738815.0186	6426729.36899	10988323.192	-9695.02847978	566110498.0937215	-2220006.441558426	7350728.042096707	-2219903.88735614	-10393.448961941082	10146296.454894189	7350694.933266534	10146298.907460025	-9160.101270402045	566549107.465	0.13540463700620298	0.0	0.0	0.0	-0.07864864508756278	0.0	0.0	0.0	-0.055680455359201256	0.135695621676
490	1500.0	nan	nan	1	1	5.0	5.0	5.0	1.15	1.57193433143e-18	-1.07768398926e-17	1.93427914439e-19	0.922073394171	1.02509934017e-16	-1.17636994506e-18	6.45375578337e-18	0.944073573156	494661874.179	-2300847.04743	7743260.01186	-1844730.69146	-17289.859378	10776569.9851	6356654.60223	11033714.5685	-15038.0035047	568246941.426461	-2119259.1550828246	7302314.130410469	-2119149.722055065	-15925.305777212201	10162889.940286288	7302259.834390491	10162909.629296329	-14181.6528590462	568687077.153	0.13976194237515863	0.0	0.0	0.0	-0.08113045537136888	0.0	0.0	0.0	-0.057551178208364584	0.140064985908
500	1550.0	nan	nan	1	1	5.0	5.0	5.0	1.155	4.00980103274e-18	-5.35924363173e-18	8.78293756964e-19	0.919801625827	5.2349011803e-17	1.43270329072e-18	3.30660486784e-19	0.94231274235	494275839.28	-2199988.59097	7701656.12715	-1752105.84566	7097.47142767	10810502.5713	6283443.8139	11075031.8069	3939.91721649	570269501.0837703	-2021358.664920161	7249498.539417865	-2021487.6938066746	6521.186258979515	10175827.290540628	7249507.429010291	10175785.274083266	3708.60807530512	570685583.833	0.14410034397375687	0.0	0.0	0.0	-0.08359725629035654	0.0	0.0	0.0	-0.059418061256589744	0.144414966834
510	1600.0	nan	nan	1	1	5.0	5.0	5.0	1.16	-1.11173074327e-20	-7.24018087627e-17	-2.13227309581e-19	0.917548938767	9.28917508237e-17	5.91970151012e-19	5.37760042388e-18	0.940558708404	493777841.501	-2107334.6878	7660776.45625	-1666794.09298	-8995.04424903	10841712.2368	6211530.96825	11113601.9374	-7126.71394094	572158627.2723681	-1931477.34222033	7197564.462962459	-1931375.8942404827	-8244.406671541248	10186163.655721005	7197530.414184304	10186170.45351901	-6695.7942568810595	572583550.476	0.14842000511827322	0.0	0.0	0.0	-0.08604936122031333	0.0	0.0	0.0	-0.06128120964380366	0.148745826874
520	1650.0	nan	nan	1	1	5.0	5.0	5.0	1.165	5.81646936968e-19	1.14517663329e-17	-1.10590739176e-19	0.915315308837	-8.66319457329e-17	5.15737185759e-19	7.01607978123e-19	0.938811481584	493201923.975	-2026771.25639	7621985.91723	-1592492.43652	9003.9380303	10868392.2561	6142183.56587	11147325.7332	10122.7625897	573952092.6464686	-1853106.6681336882	7147785.161033249	-1853225.4681769207	8232.432520840364	10192216.797046077	7147821.084389222	10192163.315383146	9492.976372962887	574357074.783	0.15272108701766393	0.0	0.0	0.0	-0.08848667324563946	0.0	0.0	0.0	-0.06314058501614389	0.153057628401
530	1700.0	nan	nan	1	1	5.0	5.0	5.0	1.17	-2.21991453608e-18	-5.19895852833e-17	1.61928876713e-19	0.913100318527	-7.84378317193e-17	-1.3261888976e-18	-3.50851634665e-18	0.937071008682	492534681.981	-1946146.28649	7590588.119	-1518930.9167	8016.85258215	10883905.3788	6079438.52973	11169565.9086	8570.92678504	575633182.2861215	-1775076.6793814795	7105114.324631148	-1775198.923527837	7312.157446436192	10187799.786063176	7105137.313997994	10187741.846955005	8022.753141264487	576035595.366	0.1570037488096647	0.0	0.0	0.0	-0.09090952651859315	0.0	0.0	0.0	-0.06499621660336241	0.157350617948
540	1750.0	nan	nan	1	1	5.0	5.0	5.0	1.175	1.82832061665e-18	-2.07568467749e-17	-2.83239876628e-19	0.910903732597	5.60766846899e-17	1.61931523691e-18	-3.08600572464e-18	0.935337327318	491789101.391	-1858710.17973	7565800.34272	-1440980.89037	-968.937758652	10891279.0592	6022609.62028	11183410.2568	771.38772495	577215722.2183399	-1691241.1787963607	7068781.018959301	-1691287.6332256347	-881.6368764708758	10175799.412938736	7068771.861304734	10175789.723399054	720.7130325123318	577622027.954	0.16126814759612232	0.0	0.0	0.0	-0.09331805953749539	0.0	0.0	0.0	-0.06684803687792652	0.161624937969
550	1800.0	nan	nan	1	1	5.0	5.0	5.0	1.18	-9.48465142688e-19	1.67938522535e-16	2.12936142006e-19	0.908725305036	-1.82185596855e-16	-2.64597210854e-18	-8.49256408741e-19	0.933610517482	490983497.986	-1775567.56153	7540398.80554	-1367442.27311	7680.25448159	10892405.0019	5966003.26864	11190663.8805	8571.79044282	578720062.3581889	-1611719.4957714935	7032013.35305396	-1611798.1170682993	6971.526259352824	10158022.061639115	7032101.481657025	10157997.666552305	7993.866956904766	579114797.036	0.16551443847757333	0.0	0.0	0.0	-0.09571242515453976	0.0	0.0	0.0	-0.06869593256124969	0.165880722246
560	1850.0	nan	nan	1	1	5.0	5.0	5.0	1.185	-2.71267595314e-18	5.62461243666e-17	1.85142873424e-19	0.906564601674	-2.52714926791e-18	7.65347207403e-19	-1.06382044219e-18	0.931890622527	490108253.186	-1700011.95625	7509059.42534	-1300563.0835	3.00681843462	10891059.2467	5905168.35373	11195301.0634	1180.90266817	580133997.4485745	-1539460.9743902916	6989859.2963201	-1539457.5701596271	2.722851224728055	10138016.948623639	6989861.730314688	10138004.630080337	1099.251321051236	580531513.139	0.16974277458709455	0.0	0.0	0.0	-0.09809298637995946	0.0	0.0	0.0	-0.07053982898715987	0.170118194804
570	1900.0	nan	nan	1	1	5.0	5.0	5.0	1.19	3.02464877553e-18	1.20381579778e-16	1.41613320869e-19	0.904421202273	-1.19367046066e-16	1.53842359045e-19	-2.69298243712e-18	0.930177833265	489169136.354	-1629257.00228	7472471.87729	-1238123.01081	-15263.3681734	10886578.2096	5840887.78977	11196667.8133	-13066.4282255	581463324.6502249	-1471894.3866056197	6942990.850275349	-1471726.3798722925	-13789.14800039845	10115181.982788797	6942919.699436587	10115231.961575953	-12140.573173803263	581870037.09	0.17395330712343798	0.0	0.0	0.0	-0.10046009538451758	0.0	0.0	0.0	-0.07237949255025847	0.174337529539
580	1950.0	nan	nan	1	1	5.0	5.0	5.0	1.195	2.76132740805e-19	-3.73296154882e-17	4.50753876837e-19	0.902294868892	4.06957905951e-17	5.14096059424e-19	-3.54165651071e-20	0.928472343148	488200351.351	-1560430.73954	7435416.448	-1178280.92984	4168.56784095	10883155.241	5777069.81215	11198860.9965	5101.08710147	582747780.6894658	-1406395.9919522277	6895867.447264289	-1406472.9674872938	3757.076142592511	10093421.99926441	6895887.3188070785	10093388.204176685	4730.928083812789	583133135.381	0.17814618538347404	0.0	0.0	0.0	-0.10281390669628851	0.0	0.0	0.0	-0.074214685226436	0.178538821066
590	2000.0	nan	nan	1	1	5.0	5.0	5.0	1.2	9.09554566674e-19	-1.08261014759e-16	-5.70370810857e-19	0.900185158983	-4.30724591659e-17	8.33056903625e-19	2.85963616949e-18	0.926774068844	487166485.814	-1490451.73533	7396245.68195	-1117983.49571	48.9324532377	10877814.3262	5712154.95669	11199165.6284	2077.54565746	583944646.7159164	-1340178.9654346365	6846966.989830216	-1340076.7426473915	43.99890516485814	10069978.583155604	6846904.303356445	10070024.979559058	1923.2577104907166	584329056.168	0.1823215567939546	0.0	0.0	0.0	-0.10515480461446032	0.0	0.0	0.0	-0.07604546605142265	0.182722333643
600	2050.0	nan	nan	1	1	5.0	5.0	5.0	1.205	1.03327431653e-18	-5.89998284781e-17	9.66226364801e-19	0.898091988942	4.84368908745e-17	6.76091110587e-19	3.24413618798e-18	0.925082988051	486090834.247	-1424194.75727	7350380.32483	-1061372.6917	742.373991602	10871494.0876	5642857.61617	11198260.8709	1527.47612122	585080892.3613495	-1277619.822379123	6792066.692068181	-1277516.1303952038	665.9705229559164	10045726.836197676	6791998.40221459	10045760.940911816	1411.4534523909963	585460910.493	0.18647956694261839	0.0	0.0	0.0	-0.10748277835169771	0.0	0.0	0.0	-0.07787182868213294	0.186888159758
610	2100.0	nan	nan	1	1	5.0	5.0	5.0	1.21	2.47995365088e-18	-1.00589040309e-16	-9.82822916611e-20	0.896015261231	-2.18010398755e-17	1.975280833e-18	2.82940768118e-18	0.923398985851	484984150.914	-1363086.52658	7296492.29862	-1009496.20573	10806.2414644	10862023.1058	5568234.82858	11193920.4017	11373.788823	586168864.4118555	-1219968.6244227248	6729973.456249777	-1220112.5406379746	9671.635129121662	10018667.078841638	6729964.020671797	10018609.5365663	10490.697960478607	586535234.621	0.1906203596086497	0.0	0.0	0.0	-0.1097978335283762	0.0	0.0	0.0	-0.07969386718687181	0.191036425128
620	2150.0	nan	nan	1	1	5.0	5.0	5.0	1.215	-4.92390840151e-19	2.44201451578e-17	7.16801631614e-20	0.893954753722	3.70649573969e-17	8.55344458049e-19	-4.32198561337e-18	0.921721885623	483827612.628	-1304132.20496	7245503.89712	-959584.336204	-8116.49425777	10844747.037	5496549.91932	11181579.7385	-5656.15304904	587185351.4654802	-1164515.9523881297	6670782.462170739	-1164575.6691194416	-7247.568156580566	9984529.62945105	6670751.135291218	9984515.318968391	-5207.500692655414	587563263.324	0.19474407679251185	0.0	0.0	0.0	-0.11210011613862209	0.0	0.0	0.0	-0.08151174342011348	0.195167327344
630	2200.0	nan	nan	1	1	5.0	5.0	5.0	1.22	3.06869448878e-18	7.64327856191e-17	-1.08017876599e-18	0.891910314487	-8.02832518135e-17	-9.02407726181e-19	1.84917880297e-18	0.920051773522	482643609.692	-1247330.78643	7201128.39439	-911912.06937	-11022.2031112	10822359.2904	5430628.6261	11163813.4432	-8216.58840842	588156779.3289558	-1111244.2944870538	6617889.895232011	-1111269.7961424023	-9819.656865085242	9945827.690880299	6617845.918434317	9945817.202973422	-7551.105107877924	588532467.445	0.19885085874516517	0.0	0.0	0.0	-0.11438969575413006	0.0	0.0	0.0	-0.08332533495507062	0.19928095398
640	2250.0	nan	nan	1	1	5.0	5.0	5.0	1.225	1.21877453198e-18	4.73758497591e-17	1.18468145585e-18	0.889881556629	-2.59735903482e-17	-1.02681569031e-18	1.1553000005e-18	0.918388859835	481442622.32	-1198353.74396	7156064.99832	-870690.254057	10501.3980882	10804287.4373	5364950.1553	11150348.2644	10595.2247962	589095524.1400533	-1065178.375997304	6564565.440645195	-1065380.8113325343	9334.357419642782	9911236.404133767	6564578.990725604	9911188.508352837	9719.454274008172	589448635.44	0.20294084399669038	0.0	0.0	0.0	-0.1166669075515314	0.0	0.0	0.0	-0.08513438346100462	0.203377455104
650	2300.0	nan	nan	1	1	5.0	5.0	5.0	1.23	4.26904605416e-19	1.38869225288e-16	-2.87488276254e-19	0.887868024144	2.00420594935e-16	1.03549777802e-18	-1.46007304283e-19	0.916733193956	480206315.429	-1158652.29905	7109826.64968	-836461.800175	10865.3537212	10796410.4029	5299062.72164	11147334.5947	10612.4822283	589978920.4777005	-1027554.9584934656	6510367.208269958	-1027672.5108190387	9635.978024780328	9886119.552187445	6510400.225086234	9886053.776582927	9717.69913695177	590328074.741	0.20701416938432612	0.0	0.0	0.0	-0.11893216849468968	0.0	0.0	0.0	-0.08693880439835676	0.207457059181
660	2350.0	nan	nan	1	1	5.0	5.0	5.0	1.235	3.0756825106e-18	-1.36498988873e-16	-8.56853235487e-19	0.885869581304	-5.91046355704e-18	3.26690019844e-19	-7.41471466203e-19	0.915084787842	478949800.84	-1129987.9999	7059991.3551	-810436.001642	18271.0164482	10795385.8706	5231089.45379	11151373.2995	18362.1308569	590825011.267491	-999874.6045845521	6453085.5455602715	-999741.2233222211	16167.185269328933	9867370.229850333	6452990.438781304	9867339.2720976	16783.646786302503	591163889.332	0.2110709700799406	0.0	0.0	0.0	-0.12118553864310631	0.0	0.0	0.0	-0.0887385536914906	0.211519867712
670	2400.0	nan	nan	1	1	5.0	5.0	5.0	1.24	-9.79487724381e-19	-1.38368046481e-16	4.16290223796e-19	0.883885984814	3.82803305622e-18	6.15845892213e-19	-7.41212062363e-18	0.913443621024	477668403.329	-1113621.91034	7009281.82646	-793929.292757	14360.9533989	10796513.1393	5163383.57546	11157494.5667	14486.5069503	591627727.6204778	-983182.9410021879	6395221.478063652	-983340.2839535082	12678.849317911778	9850665.792321142	6395233.325655552	9850612.869995376	13217.391265527975	591966848.582	0.2151113796169455	0.0	0.0	0.0	-0.12342720111742238	0.0	0.0	0.0	-0.09053362261219507	0.215566038111
680	2450.0	nan	nan	1	1	5.0	5.0	5.0	1.245	3.19304951335e-18	-1.00943245665e-16	-4.11658012366e-19	0.88191693991	1.57829144604e-16	-6.38504023552e-19	-7.41259707966e-19	0.911809734265	476362612.428	-1101479.13254	6957832.94299	-780250.440145	213.245226716	10797736.5741	5095769.58448	11163705.7696	1813.38809542	592387327.4362211	-970292.5528914308	6336901.566164828	-970291.2464363339	187.8476398794066	9834124.269451847	6336914.876662677	9834104.206709176	1651.5575979025177	592735252.11	0.219135529916671	0.0	0.0	0.0	-0.12565739984749041	0.0	0.0	0.0	-0.09232393538239789	0.219595730981
690	2500.0	nan	nan	1	1	5.0	5.0	5.0	1.25	-6.61426852687e-19	-2.79907331376e-17	3.3095165436e-19	0.879962140077	2.99356398985e-17	-4.31616226185e-19	1.07377307932e-18	0.910183380529	475048551.524	-1092532.52737	6909684.97017	-769218.078712	12062.9725278	10799562.6791	5031263.33316	11170443.4486	10555.1189624	593123470.3119082	-960274.6442019348	6281802.05077039	-960409.8250771541	10602.674393627665	9818206.658895573	6281800.794136628	9818191.531563865	9595.975537289727	593459191.355	0.22314355131420976	0.0	0.0	0.0	-0.12787639507515766	0.0	0.0	0.0	-0.09410918270824217	0.22360904605
700	2550.0	nan	nan	1	1	5.0	5.0	5.0	1.255	1.004634015e-18	-2.56809536998e-17	9.24351173471e-19	0.878021162018	-2.54798495493e-17	6.72332401883e-19	-2.21710873944e-18	0.908564643598	473715652.224	-1083193.89802	6865545.98513	-757896.406577	9206.30049105	10807290.1575	4970319.23978	11183235.5032	7650.82459403	593822868.935581	-949962.904309913	6230549.793642162	-950055.6217566343	8073.941303042553	9807720.989194948	6230508.146891972	9807716.695617365	6943.197773166359	594158583.445	0.22713557258374711	0.0	0.0	0.0	-0.1300845831112864	0.0	0.0	0.0	-0.09588923946921697	0.227606185409
