inc	time	elem	node	ip	grain	1_pos	2_pos	3_pos	1_f	2_f	3_f	4_f	5_f	6_f	7_f	8_f	9_f	1_p	2_p	3_p	4_p	5_p	6_p	7_p	8_p	9_p	1_Cauchy	2_Cauchy	3_Cauchy	4_Cauchy	5_Cauchy	6_Cauchy	7_Cauchy	8_Cauchy	9_Cauchy	Mises(Cauchy)	1_ln(V)	2_ln(V)	3_ln(V)	4_ln(V)	5_ln(V)	6_ln(V)	7_ln(V)	8_ln(V)	9_ln(V)	Mises(ln(V))
0	0.0	nan	nan	1	1	5.0	5.0	5.0	1.0	0.0	0.0	0.0	1.0	0.0	0.0	0.0	1.0	5.93529259993e-06	1.92035960114e-07	7.30609221458e-08	1.92035960114e-07	5.79278520591e-06	-7.97145864134e-07	7.30609221458e-08	-7.97145864134e-07	6.56885812946e-06	5.93529259993e-06	1.92035960114e-07	7.30609221458e-08	1.92035960114e-07	5.79278520591e-06	-7.97145864134e-07	7.30609221458e-08	-7.97145864134e-07	6.56885812946e-06	1.59529718899e-06	0.0	0.0	0.0	0.0	0.0	0.0	0.0	0.0	0.0	0.0
10	2.5	nan	nan	1	1	5.0	5.0	5.0	1.00025	7.28888291327e-23	-4.17839429686e-20	-1.91169194379e-21	0.999936763874	1.20591585426e-19	-4.36337773122e-23	-1.95098302289e-21	0.999920994587	55997036.7598	-889541.341028	-1024350.66634	-889262.774023	20.9439207668	-333335.44157	-1024013.73296	-333330.184565	21.3157198255	56005002.717777506	-889389.277842395	-1024159.4065526071	-889389.2776792418	20.940340495525355	-333273.203444151	-1024159.4058533736	-333273.20323385164	21.311739899312695	56057211.1642	0.0002499687552074404	0.0	0.0	0.0	-6.323812548856383e-05	0.0	0.0	0.0	-7.900853409246406e-05	0.000214254943041
20	5.0	nan	nan	1	1	5.0	5.0	5.0	1.0005	7.10729091942e-23	-1.52858427706e-19	-3.34025871107e-21	0.999873503537	-3.80945881896e-19	8.98318145233e-22	5.03882240016e-22	0.9998419599	112038802.336	-1779862.30443	-2049509.60458	-1778747.78336	-161.066845443	-666683.54035	-2048161.62038	-666662.508419	-165.310094062	112070688.30400036	-1779254.011502893	-2048744.5208345267	-1779254.0106109022	-161.0117985876163	-666434.6667955866	-2048744.5221472927	-666434.6671485661	-165.24838365788827	112175297.831	0.0004998750416509929	0.0	0.0	0.0	-0.00012650446435234788	0.0	0.0	0.0	-0.00015805258965273273	0.000428489682952
30	7.5	nan	nan	1	1	5.0	5.0	5.0	1.00075	1.79537484003e-20	5.04632647927e-19	-6.01848858875e-21	0.999810059829	2.22872364771e-19	3.31461611208e-21	6.10464461943e-21	0.99975657107	164612193.501	-2661542.74687	-3078653.5107	-2659042.93555	-1180.15136283	-1090571.91611	-3075597.44996	-1090513.63906	-4351.54455484	164683554.65056595	-2660195.6543873837	-3076930.683751968	-2660195.6591520035	-1179.5540502258395	-1089961.627657821	-3076930.7544070366	-1089961.6949940647	-4349.109412918838	164847748.385	0.0007497188905459742	0.0	0.0	0.0	-0.0001899582119186043	0.0	0.0	0.0	-0.00024345856363071184	0.000645024857405
40	10.0	nan	nan	1	1	5.0	5.0	5.0	1.001	-1.27511700883e-20	-2.10467214673e-19	-8.21881486754e-21	0.999738671865	1.01828104754e-18	2.78925302553e-21	4.63303861091e-21	0.999619924546	186097174.517	-3016330.34097	-3745021.74387	-3012529.47022	2592.21000265	-2216951.49986	-3739858.60139	-2216688.14892	2282.06626548	186216596.0141614	-3014462.747243279	-3742258.420820395	-3014462.6579780104	2590.605007642145	-2215315.6874139314	-3742258.527743042	-2215315.662350877	2280.3824070825294	186439563.668	0.0009995003330834232	0.0	0.0	0.0	-0.0002613622871473839	0.0	0.0	0.0	-0.00038014770098279997	0.000882838001943
50	12.5	nan	nan	1	1	5.0	5.0	5.0	1.00125	-1.04949057206e-20	-2.1822182612e-19	-7.81336712042e-21	0.999658996439	8.48862050384e-20	-1.77947229275e-21	2.26347634867e-21	0.999467290754	194977997.666	-2926765.28788	-4113118.59557	-2922114.48661	-2792.26667175	-2894112.6165	-4105794.5942	-2893557.60104	-3362.42457856	195148465.93010864	-2924669.3970610187	-4109384.9309449093	-2924669.2763299784	-2790.2670969615115	-2891485.498986566	-4109384.269371754	-2891485.490633563	-3359.372353001266	195411177.06	0.0012492194004318981	0.0	0.0	0.0	-0.00034106171593535156	0.0	0.0	0.0	-0.0005328511859813593	0.00112955771136
60	15.0	nan	nan	1	1	5.0	5.0	5.0	1.0015	1.26857452717e-20	-3.86967911852e-19	-2.55043047305e-21	0.999576259837	-6.51174776175e-19	-4.59043880936e-21	2.2679638035e-20	0.999312017317	200858236.937	-2695658.96322	-4283112.12171	-2690481.14268	-1893.58148802	-3257984.28682	-4273754.74546	-3257123.60234	-2787.16552393	201081725.46458223	-2693474.594801938	-4278510.05264296	-2693474.7548824903	-1892.0470655815911	-3254483.685322486	-4278510.015494606	-3254484.263303516	-2784.170802363552	201353562.133	0.0014988761237359487	0.0	0.0	0.0	-0.00042382996623254257	0.0	0.0	0.0	-0.000688219451687197	0.00137841193363
70	17.5	nan	nan	1	1	5.0	5.0	5.0	1.00175	2.69508885255e-20	2.5472199783e-20	-2.20269149835e-23	0.999491854479	-2.4758057537e-18	-4.48828200371e-21	3.97916267644e-20	0.999156076495	205500399.284	-2429557.26689	-4344926.29813	-2424080.70111	-3607.83285497	-3477013.78771	-4333675.58876	-3475845.80445	-6785.33899838	205778537.82597548	-2427361.4765991443	-4339541.078561917	-2427361.620632233	-3604.5721603315337	-3472704.282461055	-4339541.08689943	-3472704.397341003	-6776.929065082425	206051675.76	0.001748470534116803	0.0	0.0	0.0	-0.0005082746706883139	0.0	0.0	0.0	-0.0008442798089173721	0.0016280972339
80	20.0	nan	nan	1	1	5.0	5.0	5.0	1.002	7.02772648425e-21	-5.11455492114e-19	3.62080218569e-21	0.999406298354	-7.24069240476e-19	-7.94093388051e-22	-3.71007048342e-20	0.999000151281	209506588.81	-2197570.39117	-4356216.84614	-2191882.00179	-1621.25222812	-3624451.13671	-4343174.76052	-3622978.09763	-3289.2592349	209840856.219005	-2195379.0700746863	-4350104.466717091	-2195379.145826112	-1619.6355862947437	-3619365.526573996	-4350104.2885233965	-3619365.4223022396	-3284.6439457226884	210106503.414	0.001998002662673058	0.0	0.0	0.0	-0.0005938779566098735	0.0	0.0	0.0	-0.0010003489011628408	0.00187813003181
90	22.5	nan	nan	1	1	5.0	5.0	5.0	1.00225	1.96041805175e-22	3.4811482489e-20	4.96101572379e-22	0.999319893308	1.83703579158e-18	9.9038334741e-21	5.11435432984e-21	0.998844385936	213115160.911	-2014077.05545	-4346528.03105	-2008188.9559	-940.221801043	-3732395.6741	-4331758.71811	-3730620.30007	-2213.12192535	213506932.2141939	-2011880.5128659923	-4339721.771698121	-2011880.6257040133	-939.1963997462615	-3726551.089001207	-4339721.824774308	-3726551.703820569	-2209.6563818878026	213766663.704	0.00224747254047937	0.0	0.0	0.0	-0.0006803380694693586	0.0	0.0	0.0	-0.001156282300797514	0.00212833502472
100	25.0	nan	nan	1	1	5.0	5.0	5.0	1.0025	-9.53821964335e-21	-1.58479409482e-18	4.58775047237e-22	0.999232794428	1.03407254582e-18	-6.59428384327e-21	-9.08719941435e-21	0.998688882326	216457127.23	-1878628.66799	-4328471.34543	-1872506.23908	-195.780129505	-3815750.38899	-4312015.95161	-3813673.37547	-1153.72554044	216907713.38619572	-1876403.9949101189	-4320992.241873162	-1876404.1259249225	-195.5482865702576	-3809157.208620115	-4320992.023305833	-3809157.2214059057	-1151.7320346259373	217162043.172	0.002496880198587146	0.0	0.0	0.0	-0.0007675000248086504	0.0	0.0	0.0	-0.0013119779408002515	0.00237860999418
110	27.5	nan	nan	1	1	5.0	5.0	5.0	1.00275	-3.20815796724e-20	-2.85458375031e-19	1.32907244922e-21	0.99914516488	-4.12877276588e-18	2.91994756231e-22	8.07748072013e-20	0.998533619105	219603129.854	-1780456.32726	-4308580.70946	-1774055.3937	292.590807012	-3884396.05637	-4290463.70044	-3882019.09453	-523.505432812	220113785.58252916	-1778180.9907673427	-4300440.774596929	-1778180.70625872	292.2168902074208	-3877057.507317919	-4300440.561280429	-3877058.0631495956	-522.5164063991499	220363770.113	0.0027462256680252286	0.0	0.0	0.0	-0.0008552006998959054	0.0	0.0	0.0	-0.0014674570836611083	0.00262890987525
120	30.0	nan	nan	1	1	5.0	5.0	5.0	1.003	8.2192387976e-20	-3.40892297371e-19	-5.83637960702e-21	0.999057088145	-2.70228573747e-18	-1.9739838138e-20	1.00555177189e-20	0.998378611902	222604063.62	-1712749.47424	-4286467.7527	-1706016.24069	256.506863698	-3945977.56071	-4266717.2845	-3943298.1908	-429.225116023	223176012.66147465	-1710399.8163617007	-4277680.287718401	-1710399.603409148	256.1549713855677	-3937888.1169923665	-4277679.99929248	-3937888.5253469674	-428.34518389849035	223422836.777	0.002995508979798371	0.0	0.0	0.0	-0.0009433566760233155	0.0	0.0	0.0	-0.0016227039702342908	0.00287919997579
130	32.5	nan	nan	1	1	5.0	5.0	5.0	1.00325	4.91483836609e-20	-7.25949835598e-19	8.80968031884e-21	0.998968651091	-3.49929659154e-19	1.00006136058e-21	6.92592123036e-20	0.99822382933	225487555.361	-1667059.49641	-4265733.39303	-1659945.30602	218.048741422	-4003228.48433	-4244362.32095	-4000244.07117	-373.693302858	226121983.03367424	-1664615.7459857971	-4256304.405256092	-1664615.6978541694	217.72910273754266	-3994379.7380636283	-4256304.181355357	-3994380.0944091897	-372.86729024558593	226366324.173	0.0032447301648890294	0.0	0.0	0.0	-0.0010318811152444307	0.0	0.0	0.0	-0.001777749931426776	0.00312946678633
140	35.0	nan	nan	1	1	5.0	5.0	5.0	1.0035	9.42185601068e-20	1.2384382695e-19	6.83457981122e-21	0.998879916896	-3.19198824063e-18	-1.1281089194e-20	-5.34647154948e-20	0.998069251016	228275214.67	-1638621.27351	-4248720.76045	-1631077.1044	173.236995201	-4057380.43004	-4225727.35385	-4054087.88536	-307.267961723	228973278.5179418	-1636064.9328593423	-4238649.7430501515	-1636064.9256202462	172.96673581881817	-4047762.958991042	-4238649.595545165	-4047763.281969197	-306.5396246155734	229215781.737	0.003493889254255838	0.0	0.0	0.0	-0.0011207108658871719	0.0	0.0	0.0	-0.0019326152824422054	0.00337970000435
150	37.5	nan	nan	1	1	5.0	5.0	5.0	1.00375	1.81115331022e-20	-1.39989151736e-19	-2.16059575999e-21	0.998790940236	-3.51345709644e-18	-1.23837209505e-20	-7.81770464875e-20	0.997914853281	230982608.737	-1624151.51759	-4234857.69448	-1616127.41395	137.733489713	-4109416.02968	-4210238.81772	-4105811.70789	-252.528668986	231745441.82808998	-1621464.695490898	-4224143.550327848	-1621464.7658723802	137.50563819796835	-4099019.2515826994	-4224143.368842311	-4099019.4933016226	-251.88977418545093	231986637.122	0.003742986278834297	0.0	0.0	0.0	-0.0012097912664357801	0.0	0.0	0.0	-0.0020873236641124446	0.00362989386293
160	40.0	nan	nan	1	1	5.0	5.0	5.0	1.004	5.66047964976e-20	-7.18522167288e-19	8.88846927219e-21	0.998701767355	-3.51105413677e-18	-1.45236371952e-20	-2.94095794987e-20	0.997760611149	233620568.947	-1620397.63467	-4223442.31602	-1611846.66398	119.769636005	-4159565.56352	-4197195.44152	-4155645.85036	-218.491978842	234449280.15807578	-1617564.2224868084	-4212084.117714664	-1617564.2915287896	119.56020793713043	-4148379.150400233	-4212083.954689629	-4148379.326804603	-217.9043834546071	234689560.212	0.003992021269537457	0.0	0.0	0.0	-0.0012990760790616749	0.0	0.0	0.0	-0.0022419000319206578	0.00388004590326
170	42.5	nan	nan	1	1	5.0	5.0	5.0	1.00425	-2.20236838092e-21	-3.88570574289e-19	1.05552382065e-20	0.998612422753	2.39761526553e-18	2.95551632865e-21	1.55052937872e-20	0.997606516047	236197246.712	-1624448.30721	-4214100.69211	-1615329.18852	108.233104716	-4208284.49593	-4186222.70905	-4204045.69618	-191.632676886	237092922.14099595	-1621454.5447612612	-4202097.293827854	-1621454.6225969747	108.03363748568715	-4196297.664437387	-4202097.139734507	-4196297.887842768	-191.08683246684723	237332594.419	0.004240994257254614	0.0	0.0	0.0	-0.00138854082376948	0.0	0.0	0.0	-0.002396352914506429	0.00413015275255
180	45.0	nan	nan	1	1	5.0	5.0	5.0	1.0045	-4.01182597088e-23	1.10581971061e-18	-2.0116618907e-20	0.998522929124	-1.68819291216e-20	2.07092938159e-20	-1.75975127298e-19	0.997452557429	238718873.467	-1633875.42392	-4207174.66796	-1624153.47257	92.9178617913	-4256311.9103	-4177657.53553	-4251749.53079	-162.502906574	239682577.35618952	-1630710.0625039667	-4194522.803050996	-1630710.1515431553	92.73784891500085	-4243512.27930065	-4194522.665447132	-4243512.47445243	-162.01422593115555	239921938.125	0.004489905272852001	0.0	0.0	0.0	-0.0014781628205718564	0.0	0.0	0.0	-0.0025506928238880843	0.00438021255029
190	47.5	nan	nan	1	1	5.0	5.0	5.0	1.00475	-8.13449414385e-21	-1.12340557044e-18	-1.47523526346e-20	0.998433304235	-3.25983607601e-18	-4.50978869964e-21	-8.83512646244e-20	0.997298727589	241190432.083	-1647223.82847	-4202622.86986	-1636868.06314	76.3623561509	-4304023.04311	-4171455.92595	-4299132.31352	-139.338694653	242223207.91982323	-1643877.064833223	-4189318.171670787	-1643877.1213728606	76.20720616317871	-4290397.331414888	-4189318.072667377	-4290397.5080564665	-138.89757506272363	242462529.734	0.00473875434717347	0.0	0.0	0.0	-0.0015679243161549792	0.0	0.0	0.0	-0.0027049274309394254	0.00463022366293
200	50.0	nan	nan	1	1	5.0	5.0	5.0	1.005	1.69902897818e-21	-8.27183921275e-19	-5.45980563316e-21	0.998343569603	-7.5734837088e-18	-1.9306395497e-20	9.03161287719e-20	0.997145013511	243615943.903	-1663689.38766	-4200134.71576	-1652670.29766	62.2334107632	-4351558.99088	-4167306.74989	-4346334.90124	-115.648633054	244718815.2018017	-1660152.0376670763	-4186172.6267302847	-1660152.0848060702	62.101089575903345	-4337093.537231395	-4186172.5225242665	-4337093.68839932	-115.26419383475192	244958329.321	0.004987541511038968	0.0	0.0	0.0	-0.0016578037946647097	0.0	0.0	0.0	-0.002859069736522097	0.00488018583812
210	100.0	nan	nan	1	1	5.0	5.0	5.0	1.01	-6.91420628494e-20	6.18041891303e-18	2.12817027998e-20	0.996539130776	3.57000895338e-18	5.95024101834e-20	-3.36973736015e-19	0.994086417684	284845703.315	-2152813.52998	-4375962.47953	-2124118.17096	-5286.01854667	-5185713.17929	-4307014.14259	-5172952.69819	-2082.32258813	287535304.35535043	-2144178.3195273615	-4347682.880222408	-2144174.750279799	-5264.815650101698	-5152200.576857868	-4347682.299363648	-5152203.3232031055	-2068.865606106746	287799921.872	0.009950330853168092	0.0	0.0	0.0	-0.003466871885512638	0.0	0.0	0.0	-0.005931136784647625	0.0098693120908
220	150.0	nan	nan	1	1	5.0	5.0	5.0	1.015	-2.8016317834e-19	-9.76183634142e-18	2.41371302743e-20	0.994731604076	-3.17529755566e-17	1.146472329e-20	3.34344335642e-19	0.991051126742	317078920.48	-2608250.94372	-4618293.09406	-2556172.65426	1015.57702488	-5858412.41579	-4509329.98979	-5836731.65586	-4052.52205139	321636549.9458599	-2592908.9770763223	-4574140.842170665	-2592914.572616618	1009.6033094762639	-5802404.255332134	-4574146.204004559	-5802399.475289758	-4013.7787384915214	321923870.004	0.014888612493750559	0.0	0.0	0.0	-0.005282322858410845	0.0	0.0	0.0	-0.008989154921367652	0.0148380517863
230	200.0	nan	nan	1	1	5.0	5.0	5.0	1.02	3.82938301498e-19	-3.41665959398e-18	-4.39828475307e-20	0.992929581958	-3.42721110988e-17	6.4394356326e-20	2.88967275189e-20	0.988035268689	342941986.306	-2974792.08883	-4799164.99285	-2895847.57137	5649.88531414	-6402227.4798	-4648776.81987	-6370662.69069	5370.10881522	349566464.36089474	-2951780.0878262753	-4738567.370711504	-2951785.5417932067	5606.179682742277	-6321388.466712594	-4738575.448369964	-6321381.365523437	5302.302056062493	349866089.755	0.01980262729617973	0.0	0.0	0.0	-0.007095531894614432	0.0	0.0	0.0	-0.012036884817750124	0.0197859797063
240	250.0	nan	nan	1	1	5.0	5.0	5.0	1.025	5.07061715495e-20	4.80770606906e-19	3.96451123984e-20	0.991135818957	1.84628036211e-17	-3.90495423574e-20	1.46627689742e-19	0.985038499856	363984410.998	-3276348.2369	-4908247.31673	-3168112.90961	4486.89834253	-6837176.15692	-4716902.85246	-6795108.27901	8616.74873546	372817600.6835088	-3244987.18046042	-4831360.017419784	-3244996.812958949	4443.949955489099	-6730072.342525413	-4831372.858221114	-6730065.811347062	8481.768059802926	373129524.712	0.024692612590371414	0.0	0.0	0.0	-0.00890370161411501	0.0	0.0	0.0	-0.015074552425667952	0.0247126559627
250	300.0	nan	nan	1	1	5.0	5.0	5.0	1.03	-4.48084565001e-19	2.90351379965e-17	-2.7111671757e-20	0.989350195816	3.22354005248e-17	1.65740524976e-19	3.21551573879e-19	0.982062474314	381291340.089	-3523132.74934	-4945400.5997	-3384066.19067	-10003.8954542	-7194673.07831	-4715228.68923	-7141653.64887	-5744.02994067	392435042.7979407	-3482993.5180633655	-4853043.771395726	-3482969.636962279	-9889.920562570436	-7060310.416923343	-4853036.976995419	-7060288.424251848	-5636.758471693909	392769587.762	0.02955880224154443	0.0	0.0	0.0	-0.010706919219818397	0.0	0.0	0.0	-0.018100353186945053	0.0296175109119
260	350.0	nan	nan	1	1	5.0	5.0	5.0	1.035	-4.52125342293e-19	2.43675100011e-17	1.0801655311e-19	0.98757249221	-1.35163641432e-16	5.08087419455e-20	2.25208193574e-20	0.979108635162	395678178.364	-3716538.18111	-4905515.69013	-3546238.40981	3541.57106935	-7488890.78816	-4640632.27017	-7424700.85226	7647.94777289	409206227.29957986	-3667476.740623239	-4799271.672208643	-3667482.61625954	3494.8193423993853	-7326695.8432515105	-4799293.282769836	-7326688.535086291	7482.307960162583	409531117.753	0.03440142671733232	0.0	0.0	0.0	-0.012505375068318439	0.0	0.0	0.0	-0.021112677171675493	0.0345000786919
270	400.0	nan	nan	1	1	5.0	5.0	5.0	1.04	3.06844302588e-19	1.82090246092e-18	-8.15732432875e-20	0.985802333289	1.57824605037e-17	-1.22210972421e-19	5.00332601212e-19	0.976177758836	407710755.307	-3875331.28258	-4809141.7159	-3673347.92218	-9914.57087729	-7727370.77048	-4513995.14712	-7651900.05789	-8105.22167407	423675565.62948143	-3817214.6882828837	-4690772.755019733	-3817185.930039093	-9765.886532316686	-7537174.493790098	-4690750.54388678	-7537147.966045503	-7905.725230849814	424014883.241	0.03922071315328133	0.0	0.0	0.0	-0.014299417814695202	0.0	0.0	0.0	-0.024110579197772992	0.0393602052201
280	450.0	nan	nan	1	1	5.0	5.0	5.0	1.045	-2.91998064954e-19	2.50441768294e-17	1.1792948557e-19	0.984038989939	-1.29153797087e-16	2.17409534759e-19	9.27569733234e-19	0.97327117566	417859648.301	-4003322.39938	-4673460.0694	-3769728.01	-5526.5227529	-7911776.55033	-4352637.07241	-7825163.95743	-4805.22625917	436299048.9720308	-3936138.890710121	-4544749.383359803	-3936079.3805614524	-5433.776990194172	-7693880.136865947	-4544711.179780942	-7693842.54033438	-4672.8866308835195	436631765.656	0.04401688541677426	0.0	0.0	0.0	-0.016089758793142322	0.0	0.0	0.0	-0.027092535050383188	0.0441975852601
290	500.0	nan	nan	1	1	5.0	5.0	5.0	1.05	-6.05195114646e-19	-3.64576744784e-17	-1.24672661924e-19	0.982282503552	1.30782416452e-17	5.43146642537e-19	-3.18069970681e-19	0.970388954931	426454825.612	-4103998.81961	-4506192.31475	-3839265.47633	-6030.50712307	-8046655.00926	-4164486.36604	-7949170.13674	-7678.58415187	447394643.3062014	-4027838.821257397	-4369019.821502037	-4027781.385462039	-5918.595927978186	-7801707.689476636	-4368971.296348199	-7801653.333951005	-7444.841235643678	447723663.013	0.04879016416943205	0.0	0.0	0.0	-0.017876330175305336	0.0	0.0	0.0	-0.030058303392546143	0.0490122496628
300	550.0	nan	nan	1	1	5.0	5.0	5.0	1.055	1.95270872844e-19	1.76789540377e-17	1.01048383629e-20	0.980533163038	-1.48148047708e-17	-6.67303143759e-20	2.55754815542e-18	0.967530948323	433773387.128	-4189195.29134	-4305865.66324	-3893437.52738	-5662.17688237	-8145749.68787	-3948818.92234	-8037672.11474	-7185.10845416	457231088.0673457	-4104056.0313873775	-4162418.3741124035	-4103987.772861876	-5547.101428503505	-7874379.003779109	-4162364.096139579	-7874318.198773027	-6945.740947032203	457552730.993	0.05354076692802976	0.0	0.0	0.0	-0.019658811339430447	0.0	0.0	0.0	-0.03300786665905375	0.0538042573951
310	600.0	nan	nan	1	1	5.0	5.0	5.0	1.06	8.09114987975e-19	3.04295262812e-17	3.50592230824e-20	0.978790837293	-3.29875657819e-17	-2.64433098221e-20	-1.1080944573e-18	0.964697290698	440028561.542	-4258142.01137	-4086310.32449	-3931970.72261	3272.36854199	-8214720.81551	-3718967.22514	-8096458.00637	4880.17887812	466015018.0920265	-4164119.8164446824	-3938542.9380873055	-4164178.34563569	3200.1127853478397	-7917663.634693165	-3938595.6507776594	-7917683.613489981	4703.703960472283	466318496.171	0.058268908123975824	0.0	0.0	0.0	-0.021437308621106013	0.0	0.0	0.0	-0.035940915249502534	0.0585736505286
320	650.0	nan	nan	1	1	5.0	5.0	5.0	1.065	-1.13342272765e-18	-2.36694886781e-17	-3.18166750812e-20	0.977055399561	3.30448728548e-19	-7.17860422798e-20	2.23360272085e-19	0.961887947066	445381712.612	-4313499.23969	-3869275.91409	-3957362.75682	3069.87698145	-8258976.58721	-3494720.22968	-8130794.85345	4362.11903166	473902182.6467517	-4210712.942429693	-3718441.0686032386	-4210776.497722405	2996.7249370345294	-7937019.330847325	-3718508.186769425	-7937046.286374944	4192.071827804793	474197779.084	0.06297479916138839	0.0	0.0	0.0	-0.023211924799765794	0.0	0.0	0.0	-0.0388573142420247	0.0633205406697
330	700.0	nan	nan	1	1	5.0	5.0	5.0	1.07	-1.02630614705e-18	1.89978240413e-17	1.66944899948e-19	0.975326529348	-4.817920757e-17	3.98290773667e-19	5.82457573968e-19	0.95910311621	449971427.262	-4349531.09781	-3648376.07503	-3964749.77941	1410.23176128	-8288720.37677	-3270307.53208	-8150879.71752	3168.37702824	481027159.46051174	-4238316.262035606	-3495954.59959706	-4238385.392525881	1374.1730022538086	-7942435.0807104455	-3496014.7409599917	-7942466.734875217	3036.0089029588844	481315708.124	0.06765864847381486	0.0	0.0	0.0	-0.024982962156026915	0.0	0.0	0.0	-0.041756685155396864	0.0680449868127
340	750.0	nan	nan	1	1	5.0	5.0	5.0	1.075	3.31944271095e-19	3.44043210304e-17	1.53868828825e-19	0.973603801163	7.18539637343e-17	-4.60468285951e-19	-2.45074673063e-18	0.956343044639	453912666.399	-4357438.63114	-3413080.02821	-3946507.68319	1679.11486402	-8302472.41726	-3036411.25505	-8155313.46281	3335.48715725	487501927.779817	-4238469.979474241	-3261037.150824759	-4238546.852671003	1633.2709524295042	-7932621.202141014	-3261103.842094655	-7932653.609462098	3186.9008186121378	487781055.972	0.07232066157962608	0.0	0.0	0.0	-0.02675083308164195	0.0	0.0	0.0	-0.044638596991615265	0.0727470523536
350	800.0	nan	nan	1	1	5.0	5.0	5.0	1.08	1.63852567946e-18	3.60947473302e-17	-1.95611671257e-20	0.971887335186	-2.15268129589e-18	-1.15937634655e-19	-5.77931241656e-19	0.953607370138	457295766.972	-4341383.37762	-3177375.20672	-3906863.02894	-319.016898109	-8298794.74582	-2805587.58134	-8142734.45317	1732.70334847	493414217.74797904	-4215361.111502843	-3027114.33083265	-4215437.588756343	-309.75643227760406	-7906337.422970959	-3027180.4415261117	-7906366.051920605	1650.76227892197	493685385.079	0.0769610411361284	0.0	0.0	0.0	-0.028515391542284888	0.0	0.0	0.0	-0.047503253948821066	0.0774269225648
360	850.0	nan	nan	1	1	5.0	5.0	5.0	1.085	-9.50238617921e-19	2.35784194014e-17	-5.82335151237e-20	0.970177210781	7.41966451081e-17	1.89020696136e-19	2.61395525576e-18	0.950895796225	460198660.727	-4304970.65836	-2955008.55229	-3849464.86972	746.708664996	-8283303.19268	-2589844.99733	-8118710.60458	2177.29609298	498840095.91465837	-4172607.45946011	-2807229.603187597	-4172692.336387258	723.7499144280156	-7869058.083317386	-2807306.1421588752	-7869087.8796311505	2068.4102732567144	499100882.25	0.08157998699242285	0.0	0.0	0.0	-0.030276532643969113	0.0	0.0	0.0	-0.050350795284663775	0.0820847642081
370	900.0	nan	nan	1	1	5.0	5.0	5.0	1.09	-7.68947097429e-21	-5.73098124599e-17	3.25922396236e-19	0.968473116589	-5.09657871478e-17	3.25472409982e-19	-2.77700248066e-18	0.948208338177	462677840.987	-4256388.35739	-2746302.39694	-3781910.44575	-1991.1160623	-8261895.20819	-2389123.2264	-8089063.45845	305.933008132	503833871.2809318	-4118233.6095612994	-2601562.6456469153	-4118318.216094457	-1926.4879986955796	-7826464.405312878	-2601640.055976062	-7826506.936714333	289.8092675131045	504087632.938	0.08617769624105241	0.0	0.0	0.0	-0.03203455430144604	0.0	0.0	0.0	-0.05318103486263383	0.0867207084756
380	950.0	nan	nan	1	1	5.0	5.0	5.0	1.095	-1.04354459102e-18	3.66646152153e-18	1.80907708688e-19	0.966775075566	1.04988383853e-16	-8.43591875906e-20	2.45747625851e-18	0.945544750311	464790654.83	-4197570.43583	-2553420.46881	-3706113.39195	-235.863913366	-8239603.97477	-2204982.90381	-8058706.38325	1353.85660703	508451876.3654067	-4054168.4114172184	-2412030.3657297757	-4054256.0152143403	-227.806070579072	-7783353.831261166	-2412113.2452757615	-7783395.979964832	1278.8897429501976	508695668.462	0.09075436326846412	0.0	0.0	0.0	-0.033789410826459865	0.0	0.0	0.0	-0.055994062219402334	0.0913349131158
390	1000.0	nan	nan	1	1	5.0	5.0	5.0	1.1	1.11801731593e-18	1.3808225227e-18	-4.62493224091e-20	0.965082928462	7.01339839255e-17	1.21390409253e-19	-2.48128313692e-18	0.942904866531	466574436.7	-4132991.90659	-2379689.84342	-3625988.28355	-1481.80810671	-8213735.83462	-2039768.16293	-8024890.18702	-6150.69552803	512729646.8947231	-3984776.7288024114	-2241625.3974740915	-3984683.9990172884	-1428.6682852575207	-7737192.687500001	-2241549.317024974	-7737105.804016843	-5793.845507172215	512969485.286	0.09531017980432493	0.0	0.0	0.0	-0.035541245105405884	0.0	0.0	0.0	-0.05878988528615354	0.095927547581
400	1050.0	nan	nan	1	1	5.0	5.0	5.0	1.105	-3.03476023133e-20	4.99703910859e-17	6.67700190453e-20	0.963396620077	-7.16017067347e-17	-9.62705884114e-20	3.71590210674e-19	0.940288452616	468065524.769	-4065751.15713	-2229598.14837	-3544631.31003	-8413.44325513	-8184397.89484	-1897220.91206	-7987961.06394	-10241.4838958	516702346.0508767	-3913068.167162711	-2094397.9237923413	-3912954.9536505304	-8097.4894196713285	-7688105.576771724	-2094361.674515515	-7687985.553425584	-9620.45228804911	516939920.87	0.09984533496971612	0.0	0.0	0.0	-0.037290093119967754	0.0	0.0	0.0	-0.061568586306257105	0.100498783686
410	1100.0	nan	nan	1	1	5.0	5.0	5.0	1.11	-1.5409514544e-18	-4.03987731982e-17	-2.63718414172e-19	0.961716455697	-2.56028254983e-16	1.98205709658e-19	-7.94359740208e-19	0.937694974102	469303648.774	-3997737.31184	-2102156.75748	-3463572.76015	-2426.07432664	-8158994.83689	-1775766.17086	-7955082.27995	-6317.67706174	520409595.1225139	-3840870.693853194	-1969223.782571236	-3840746.8224374237	-2330.877958062741	-7643048.796199285	-1969142.4867965083	-7642933.993126179	-5918.169459206718	520635740.264	0.10436001532424286	0.0	0.0	0.0	-0.0390356163598697	0.0	0.0	0.0	-0.06433057038536127	0.105048830542
420	1150.0	nan	nan	1	1	5.0	5.0	5.0	1.115	-8.75289436979e-19	1.10340123303e-16	3.90554980578e-19	0.960042506087	-2.70005172116e-16	-2.0601429464e-19	-9.17642738703e-19	0.935124005586	470310938.641	-3924356.71438	-1994981.92884	-3378983.65742	-4040.68154774	-8139205.72693	-1673186.11191	-7927972.91214	-1009.95977804	523872271.5677809	-3763781.5021291734	-1863689.8361257645	-3763799.0077756373	-3875.346603850358	-7603555.083948144	-1863736.811511919	-7603579.380731169	-943.493144483478	524090681.775	0.10885440491208208	0.0	0.0	0.0	-0.04077771832650212	0.0	0.0	0.0	-0.06707613219235273	0.109577910145
430	1200.0	nan	nan	1	1	5.0	5.0	5.0	1.12	-1.82200757421e-18	1.04561320429e-16	4.55412558047e-20	0.958374958333	1.26078710147e-16	9.47723988859e-19	2.28261648087e-18	0.93257506465	471111526.434	-3835525.93304	-1897134.27122	-3281955.74334	-9052.35702441	-8124215.56727	-1579622.45286	-7905407.59262	-9946.417155	527113905.92976177	-3672172.7351929913	-1767439.6334021273	-3672091.2435644274	-8666.821508863568	-7568816.188567187	-1767396.7082145545	-7568720.099670378	-9266.44579500048	527333107.717	0.11332868530700327	0.0	0.0	0.0	-0.04251618057979719	0.0	0.0	0.0	-0.06980563241979673	0.114086239052
440	1250.0	nan	nan	1	1	5.0	5.0	5.0	1.125	5.36502727857e-19	5.16700685737e-18	-7.95813923725e-20	0.956713874943	-3.92646331395e-16	-3.11549305912e-19	3.70021049052e-19	0.930047855363	471730126.78	-3738937.91746	-1804196.00089	-3179589.29192	-5709.42036271	-8113770.46691	-1491543.99679	-7887586.37689	-3575.51229219	530159130.1416403	-3573472.431457179	-1676289.8715819686	-3573416.6582032465	-5456.751814588215	-7538555.26079917	-1676288.24833347	-7538523.797608676	-3322.0309978285736	530368347.976	0.11778303565638346	0.0	0.0	0.0	-0.04425091348377106	0.0	0.0	0.0	-0.07251923677915102	0.118573984096
450	1300.0	nan	nan	1	1	5.0	5.0	5.0	1.13	3.35107409757e-20	6.57355006491e-17	-2.38836821346e-19	0.955059519951	2.16497650851e-17	-4.39213052931e-19	-6.27361900701e-18	0.927541732818	472172380.94	-3635789.05482	-1731418.81005	-3072958.0796	-12585.8104465	-8102954.45008	-1421279.68958	-7869509.2325	-10900.2833776	533011627.54823416	-3468860.024355517	-1604328.3203135761	-3468907.656424798	-12007.961428373344	-7508177.239970526	-1604411.0818937323	-7508198.516557608	-10100.175197716551	533222391.923	0.12221763272424911	0.0	0.0	0.0	-0.04598161588748029	0.0	0.0	0.0	-0.07521749056076753	0.123041412638
460	1350.0	nan	nan	1	1	5.0	5.0	5.0	1.135	9.88725677462e-19	1.69234006488e-17	2.54513548315e-19	0.953411921518	-1.83062692855e-16	1.74171149779e-20	6.68444653004e-18	0.925056573093	472479000.739	-3529814.55821	-1685377.76159	-2965065.43343	9399.32179187	-8088680.22298	-1373559.56841	-7848101.82964	10439.69229	535714793.82409227	-3361922.7885218696	-1557474.0506997488	-3361904.7933568424	8952.253328788956	-7474828.396818664	-1557394.465880934	-7474815.447836677	9647.421610467762	535900344.629	0.126632650933366	0.0	0.0	0.0	-0.0477082320751977	0.0	0.0	0.0	-0.07790038323937372	0.127488623935
470	1400.0	nan	nan	1	1	5.0	5.0	5.0	1.14	-1.41719199987e-18	2.46391296444e-17	-8.56297370115e-20	0.951771132543	-4.76370535442e-17	-3.85823507474e-19	2.89272339399e-18	0.922591770862	472633604.192	-3421679.66667	-1661997.17558	-2856555.26585	2821.63180176	-8077961.4964	-1344900.97301	-7830211.32453	1199.47629809	538248082.9758874	-3253306.0521572186	-1531767.6796788499	-3253123.3118452565	2682.785272696224	-7444994.804854358	-1531610.0338497495	-7444903.197661097	1105.4886572318485	538436653.682	0.131028262406404	0.0	0.0	0.0	-0.04943068008581235	0.0	0.0	0.0	-0.08056842740610867	0.131915923033
480	1450.0	nan	nan	1	1	5.0	5.0	5.0	1.145	1.14987369568e-18	-6.13514169328e-17	-4.38776301568e-19	0.950136857409	-2.15007931655e-16	-5.65129794496e-20	-3.88444015655e-18	0.920147415945	472650968.882	-3307929.44325	-1650406.54797	-2744902.7327	-11600.5448347	-8074540.81053	-1326311.29875	-7819599.83886	-11654.8922425	540626059.8755226	-3139737.500484682	-1517047.873076334	-3139665.5181545517	-11010.714184934643	-7422089.410484608	-1517056.9803499384	-7422011.646273562	-10713.135808365583	540823464.022	0.13540463700620298	0.0	0.0	0.0	-0.05114924433273156	0.0	0.0	0.0	-0.08322138705243669	0.136323399293
490	1500.0	nan	nan	1	1	5.0	5.0	5.0	1.15	4.93462866225e-18	-2.92647236298e-18	-4.42971761634e-19	0.948509104779	2.52069593565e-17	-2.53633428143e-19	-5.44114774726e-18	0.91772333095	472560635.168	-3181150.97352	-1656801.81375	-2623703.46531	-5977.39348969	-8078950.0833	-1322161.14626	-7816675.09407	-7968.18344739	542880528.100323	-3014218.0595757235	-1518907.1165358024	-3014126.4778006035	-5663.725977103904	-7406543.543000684	-1518906.755870981	-7406490.113328609	-7304.995952841004	543070027.449	0.13976194237515863	0.0	0.0	0.0	-0.05286389051871658	0.0	0.0	0.0	-0.08585931619385828	0.140711179317
500	1550.0	nan	nan	1	1	5.0	5.0	5.0	1.155	-2.20517086884e-18	6.67342848428e-17	1.06607037346e-19	0.946887646341	-2.9836624394e-16	-7.4295377386e-19	-2.65078960843e-18	0.915319340259	472360611.921	-3047995.3866	-1673214.00796	-2498717.54173	-7627.42790628	-8081320.46348	-1326008.27505	-7811847.80748	-9594.70211705	545007635.97931	-2883099.8413390904	-1529928.2257614327	-2883009.5186388204	-7214.786571886565	-7389276.099580134	-1529942.6265348068	-7389229.417251216	-8773.05922423203	545195192.687	0.14410034397375687	0.0	0.0	0.0	-0.05457483450190834	0.0	0.0	0.0	-0.08848226884741395	0.145079451361
510	1600.0	nan	nan	1	1	5.0	5.0	5.0	1.16	-3.6709084445e-18	2.64988963593e-17	-1.78234260948e-19	0.945272498146	2.4732499145e-16	6.4927722385e-19	-4.61687219302e-18	0.912935150586	472058695.05	-2915855.65591	-1688038.93087	-2376075.46246	-14224.1295651	-8087676.53084	-1328525.05005	-7810945.23539	-18254.2684472	547014766.1479511	-2753392.3600974767	-1539456.588171224	-2753361.7685185815	-13431.600975928985	-7375793.703989096	-1539475.5508058632	-7375741.282896489	-16647.515237580894	547206238.36	0.14842000511827322	0.0	0.0	0.0	-0.056282035229066926	0.0	0.0	0.0	-0.09109042984083945	0.14942839096
520	1650.0	nan	nan	1	1	5.0	5.0	5.0	1.165	8.86817025996e-19	-5.14998149513e-17	2.15014019705e-19	0.943663717676	3.92970771483e-16	5.71958997633e-19	3.04405112397e-18	0.910570614647	471690015.429	-2782310.04854	-1699897.29405	-2253578.8397	10058.0757461	-8095984.13812	-1328515.98345	-7811941.77775	8625.79683845	548941159.0551269	-2622804.788873747	-1546249.2420402765	-2622659.2461617077	9481.462803744698	-7364215.109321741	-1546094.0022549138	-7364096.00211061	7846.139805111296	549105986.872	0.15272108701766393	0.0	0.0	0.0	-0.057985407577493354	0.0	0.0	0.0	-0.09368382692172263	0.153758096894
530	1700.0	nan	nan	1	1	5.0	5.0	5.0	1.17	-1.15461178623e-19	-7.10825814171e-17	2.04465812533e-19	0.942061356567	1.62752616255e-17	-1.09836350457e-18	-6.67520857696e-18	0.908225111405	471222244.655	-2652293.68993	-1715984.41625	-2135409.90193	4136.24204614	-8098640.55438	-1331976.53819	-7807574.83002	-582.386859447	550748203.0636741	-2495986.5734101906	-1556855.4394024902	-2495792.9716441394	3892.481685092822	-7347626.5165657485	-1556767.9438991696	-7347452.516519615	-528.380177220915	550917097.954	0.1570037488096647	0.0	0.0	0.0	-0.0596848721670515	0.0	0.0	0.0	-0.0962630110583816	0.15806888116
540	1750.0	nan	nan	1	1	5.0	5.0	5.0	1.175	3.92255663918e-19	5.22725472272e-17	2.51409966657e-19	0.940465624558	4.74074335002e-16	-7.34827551523e-19	1.19659947412e-18	0.90589834946	470684338.485	-2530198.29245	-1733855.02466	-2024983.16939	6393.83120144	-8099820.14417	-1336622.79803	-7801919.31023	1944.37585941	552468286.8736489	-2377044.014019036	-1569032.6781231281	-2376834.9423772423	6006.809122183344	-7329841.487534324	-1568868.2351334072	-7329664.892107749	1759.5411488144807	552632271.545	0.16126814759612232	0.0	0.0	0.0	-0.061380181086591136	0.0	0.0	0.0	-0.09882817629773652	0.162360865779
550	1800.0	nan	nan	1	1	5.0	5.0	5.0	1.18	1.25485284158e-18	3.51872838762e-17	-4.04842044118e-19	0.938876430056	1.29625951781e-16	-1.02530691287e-18	2.43187129624e-18	0.903590088249	470073515.548	-2415786.88019	-1746443.51679	-1921946.43286	2768.39280341	-8105732.62055	-1337214.55455	-7800897.86103	-1043.01380385	554097114.3129375	-2265714.336328584	-1576391.5583090265	-2265486.0082263597	2596.4158157772026	-7316473.939237956	-1576235.8469177696	-7316293.612199997	-941.4550999112918	554261794.311	0.16551443847757333	0.0	0.0	0.0	-0.06307140581802102	0.0	0.0	0.0	-0.10137946362839738	0.166634230502
560	1850.0	nan	nan	1	1	5.0	5.0	5.0	1.185	-8.00181437359e-20	-1.86054069117e-16	-2.50774691946e-19	0.937294020723	-5.45504517564e-16	-1.82906177048e-20	-2.22718049058e-18	0.901299947515	469414586.472	-2302081.56064	-1764406.06637	-1820773.57868	15481.4808546	-8116482.47015	-1341851.46918	-7804725.30513	17612.2408534	555662883.5490903	-2155425.4681316796	-1588562.6431611842	-2155314.9948391584	14495.219756302246	-7307581.339526577	-1588397.715254247	-7307518.544118042	15856.977832562861	555811193.055	0.16974277458709455	0.0	0.0	0.0	-0.0647582565064191	0.0	0.0	0.0	-0.10391717165232765	0.170889126106
570	1900.0	nan	nan	1	1	5.0	5.0	5.0	1.19	-3.34747420755e-18	6.44008149523e-17	-7.45521342482e-19	0.935718402793	-6.49869935155e-16	1.3186714802e-18	-1.83878941448e-18	0.899027467568	468683548.957	-2188045.17332	-1794042.5127	-1720304.44284	7580.87461946	-8131800.23123	-1355227.86353	-7812788.24104	5146.76591409	557136457.248005	-2045202.7210380076	-1611167.1477958292	-2044971.1213563734	7085.97134493969	-7302886.800201025	-1610994.9929566653	-7302744.917840818	4622.131359472329	557292415.406	0.17395330712343798	0.0	0.0	0.0	-0.06644069948638227	0.0	0.0	0.0	-0.10644169150896612	0.175125804327
580	1950.0	nan	nan	1	1	5.0	5.0	5.0	1.195	-4.81596464029e-18	-1.45109581708e-17	6.48774298038e-20	0.934149484468	-1.63522939781e-16	2.00884451353e-18	6.18671541186e-18	0.896772573017	467898157.418	-2076382.281	-1833702.86097	-1623089.16673	-1665.44645291	-8151852.44842	-1376007.20259	-7825603.14345	-6851.11012671	558537888.9084028	-1937568.6170871782	-1642648.64144173	-1937508.7982780705	-1554.1053350930663	-7302507.747927671	-1642562.907916699	-7302433.275063906	-6137.290278346836	558702250.013	0.17814618538347404	0.0	0.0	0.0	-0.06811880594926827	0.0	0.0	0.0	-0.10895299085756174	0.179344369928
590	2000.0	nan	nan	1	1	5.0	5.0	5.0	1.2	1.4860663664e-18	2.04003650181e-17	1.92183834798e-19	0.932587280067	-1.30735035546e-16	-3.59803714126e-19	3.78941364778e-19	0.894535116982	467078518.8	-1967269.39615	-1881800.81973	-1528744.66073	6055.26519928	-8178016.73358	-1402689.27023	-7844165.20351	4223.80801422	559890388.6116654	-1832673.9021597533	-1681523.4169420993	-1832517.2486697722	5640.979584746507	-7307641.965865531	-1681413.743085819	-7307487.668357093	3774.274094320825	560045296.842	0.1823215567939546	0.0	0.0	0.0	-0.06979253391710138	0.0	0.0	0.0	-0.11145111802029087	0.183544930516
600	2050.0	nan	nan	1	1	5.0	5.0	5.0	1.205	-1.55253198298e-18	7.21222349505e-17	-6.11981304391e-20	0.931031956197	1.75441169804e-16	-5.15366608845e-19	7.0460832764e-18	0.892314603317	466214911.643	-1856070.50415	-1937476.41437	-1433948.18207	19347.1036133	-8209544.47881	-1434605.14113	-7867989.67563	16490.9100881	561181792.3582294	-1726193.2804841122	-1726969.985926287	-1726040.0533457494	17993.303691553458	-7317579.098190884	-1726830.8334207516	-7317432.650658221	14699.17597526889	561324487.791	0.18647956694261839	0.0	0.0	0.0	-0.07146167770016046	0.0	0.0	0.0	-0.11393651428257273	0.187727710196
610	2100.0	nan	nan	1	1	5.0	5.0	5.0	1.21	-1.31851266152e-18	1.08014753165e-16	4.23119426933e-20	0.929483537268	1.66698889816e-16	-1.22743014991e-18	5.52223129962e-18	0.890110693043	465301795.474	-1739182.11369	-1998128.52611	-1335827.12502	18599.0491886	-8244289.89387	-1469728.25637	-7894913.44938	16381.9332597	562404786.1781406	-1614788.5887233247	-1776627.366850255	-1614598.4733467752	17268.767976880208	-7330374.8253930295	-1776443.1897833261	-7330236.463833308	14565.925350036809	562547535.655	0.1906203596086497	0.0	0.0	0.0	-0.07312618336210236	0.0	0.0	0.0	-0.11640944978416437	0.191892900649
620	2150.0	nan	nan	1	1	5.0	5.0	5.0	1.215	2.49220915884e-18	-1.84216298789e-17	-2.76384203711e-19	0.927941976657	-8.12667232397e-17	-1.95876369053e-20	8.65297095179e-18	0.88792315458	464337802.62	-1613560.15522	-2060864.82421	-1232371.81376	-13.9058131991	-8281464.09835	-1506054.13304	-7924326.8916	-6696.23668804	563556988.1875885	-1495662.1445376815	-1827899.8937118105	-1495703.6531833457	-12.889757052153563	-7345308.22561588	-1827866.1062581658	-7345320.0454693325	-5939.2785914668675	563718395.075	0.19474407679251185	0.0	0.0	0.0	-0.07478607330481075	0.0	0.0	0.0	-0.11887007736969951	0.196040664102
630	2200.0	nan	nan	1	1	5.0	5.0	5.0	1.22	-1.9990242253e-18	8.10133280396e-17	-7.49253581406e-19	0.926407383049	-2.38392552565e-16	-1.76447550825e-19	-8.27007235497e-18	0.885751858142	463355556.902	-1482825.21035	-2126165.78468	-1125857.35516	-618.594816153	-8322324.4882	-1543554.81503	-7957029.2158	-2054.31678031	564677256.695697	-1372202.0327865148	-1881201.371869313	-1372047.9516702609	-572.4458002660012	-7363474.832090636	-1881083.0808594802	-7363411.134806142	-1817.6303904518074	564836860.519	0.19885085874516517	0.0	0.0	0.0	-0.07644120258268498	0.0	0.0	0.0	-0.12131843742108774	0.200171073193
640	2250.0	nan	nan	1	1	5.0	5.0	5.0	1.225	2.73681639214e-18	2.47604935839e-18	-5.6686356506e-19	0.924879767509	-7.19326319192e-17	-5.39824685197e-19	-1.86275779991e-18	0.883596493048	462348635.568	-1353652.64929	-2193219.14964	-1021872.93272	14395.5586633	-8370268.37535	-1581875.7752	-7996483.61266	13669.4435042	565757497.2526135	-1250596.3746383395	-1935800.7842684665	-1250424.957382245	13299.596085199588	-7387849.083936595	-1935677.9942525942	-7387695.374505972	12065.059463067024	565903583.433	0.20294084399669038	0.0	0.0	0.0	-0.07809153098933448	0.0	0.0	0.0	-0.12375477638022112	0.204284309586
650	2300.0	nan	nan	1	1	5.0	5.0	5.0	1.23	-5.9077901093e-19	-5.35134107903e-17	3.08267053241e-19	0.923359104919	2.11242870205e-16	-8.0812237124e-19	6.37013774961e-18	0.881456661498	461294804.032	-1227122.06018	-2262753.95985	-921013.628222	514.709486893	-8422802.94441	-1621462.21439	-8040439.6291	-1236.80309409	566770141.2947392	-1131831.2687466363	-1992331.4298103845	-1131603.9539989093	474.7402972271557	-7416190.7706306325	-1992210.5350446359	-7416068.280404064	-1088.992316692575	566929879.193	0.20701416938432612	0.0	0.0	0.0	-0.07973705739375957	0.0	0.0	0.0	-0.1261794428474373	0.208380605014
660	2350.0	nan	nan	1	1	5.0	5.0	5.0	1.235	2.57588013216e-18	-6.91572358233e-17	-2.39180928481e-19	0.92184563482	5.3026798303e-16	6.60791577977e-19	5.19482659573e-19	0.87933218376	460231557.024	-1104680.10215	-2329724.29428	-824425.160999	14951.7664387	-8478980.8138	-1658635.44213	-8087828.60846	15614.2279065	567760561.4348601	-1017224.0161633929	-2046347.415837931	-1017044.7574185091	13768.054548918866	-7447636.838341563	-2046160.841140188	-7447525.743540302	13714.985505031857	567907136.845	0.2110709700799406	0.0	0.0	0.0	-0.0813774937158705	0.0	0.0	0.0	-0.12859254169757173	0.212460017658
670	2400.0	nan	nan	1	1	5.0	5.0	5.0	1.24	-2.90881701999e-18	1.06125313827e-16	-5.10575578737e-19	0.920339390678	1.6349302893e-16	9.13683852291e-19	3.7518795003e-18	0.877222599224	459136732.152	-985132.979039	-2397514.99896	-731013.867625	14778.1134179	-8542196.0627	-1695951.85359	-8141911.26124	14804.5745926	568701294.7623485	-905656.1932774544	-2100833.5158257238	-905456.9236031862	13585.871376402833	-7485138.485081114	-2100659.6672642995	-7485052.79566479	12972.576398966203	568849574.575	0.2151113796169455	0.0	0.0	0.0	-0.08301277405613088	0.0	0.0	0.0	-0.13099449986100573	0.216522791627
680	2450.0	nan	nan	1	1	5.0	5.0	5.0	1.245	4.7345965378e-18	-1.24550265663e-16	3.80966302917e-19	0.91884038428	1.7876847404e-16	-4.12981501346e-19	-7.38655081653e-18	0.875127685281	458010728.418	-871712.097552	-2462640.09155	-643155.752153	-406.695661446	-8609334.39118	-1730951.5365	-8199636.16557	-3348.48944673	569592356.7694428	-800077.9443455688	-2152739.696426873	-799842.8375335262	-373.27488020310165	-7525929.577488963	-2152649.935808743	-7525819.66701395	-2927.113133492825	569757028.245	0.219135529916671	0.0	0.0	0.0	-0.08464285584621481	0.0	0.0	0.0	-0.1333854772352617	0.220569067681
690	2500.0	nan	nan	1	1	5.0	5.0	5.0	1.25	6.16269408687e-19	-2.47607318119e-17	-7.30949728811e-19	0.917348590854	1.78878747142e-16	1.66918430168e-18	8.34323482579e-18	0.873047404315	456876080.532	-762988.863843	-2528170.90235	-559728.96909	4788.36643244	-8677352.42333	-1765610.39512	-8258188.2679	3358.80179683	570461313.7976656	-699149.9981072831	-2204763.5348707857	-698884.7450842416	4387.726401816907	-7567332.645272281	-2204563.706819895	-7567230.120228754	2929.1388946948177	570622270.254	0.22314355131420976	0.0	0.0	0.0	-0.08626773626367303	0.0	0.0	0.0	-0.13576542414137957	0.224598910974
700	2550.0	nan	nan	1	1	5.0	5.0	5.0	1.255	-1.8579667698e-18	-1.71054994976e-17	-2.19222714661e-19	0.915863784579	-6.61866251029e-18	2.37328043909e-19	1.27657129574e-18	0.870981702937	455727340.852	-657762.911453	-2595449.38107	-479763.183356	16557.856005	-8742416.70475	-1801085.55725	-8313846.84729	16052.5826727	571301239.5447463	-601750.7278285956	-2258072.8608913445	-601432.6479223202	15147.862138167724	-7606009.98177074	-2257846.565578839	-7605876.37931864	13965.944219453404	571452890.24	0.22713557258374711	0.0	0.0	0.0	-0.08788763215744223	0.0	0.0	0.0	-0.13813430931124765	0.2286124497
