inc	time	elem	node	ip	grain	1_pos	2_pos	3_pos	1_f	2_f	3_f	4_f	5_f	6_f	7_f	8_f	9_f	1_p	2_p	3_p	4_p	5_p	6_p	7_p	8_p	9_p	1_Cauchy	2_Cauchy	3_Cauchy	4_Cauchy	5_Cauchy	6_Cauchy	7_Cauchy	8_Cauchy	9_Cauchy	Mises(Cauchy)	1_ln(V)	2_ln(V)	3_ln(V)	4_ln(V)	5_ln(V)	6_ln(V)	7_ln(V)	8_ln(V)	9_ln(V)	Mises(ln(V))
0	0.0	nan	nan	1	1	5.0	5.0	5.0	1.0	0.0	0.0	0.0	1.0	0.0	0.0	0.0	1.0	0.0	0.0	0.0	0.0	0.0	0.0	0.0	0.0	0.0	0.0	0.0	0.0	0.0	0.0	0.0	0.0	0.0	0.0	0.0	0.0	0.0	0.0	0.0	0.0	0.0	0.0	0.0	0.0	0.0
10	2.5	nan	nan	1	1	5.0	5.0	5.0	1.00025	-1.59490761858e-23	-1.50191442315e-22	1.4708305267e-23	0.999909148685	-9.96688014641e-23	-1.99686569749e-24	-2.06245853513e-23	0.999909188951	35480836.5212	616.75841045	385.789605028	616.548246858	15.6626679413	-296.064002988	385.658183751	-296.064016649	19.6125920288	35487282.93212855	616.6602589501456	385.72822564909967	616.6602657320236	15.660175369939623	-296.0168990111658	385.72825287490383	-296.0169007494927	19.609471652559524	35487265.3234	0.0002499687552074404	0.0	0.0	0.0	-9.085544223044811e-05	0.0	0.0	0.0	-9.081517257295082e-05	0.000227202709596
20	5.0	nan	nan	1	1	5.0	5.0	5.0	1.0005	5.93372842536e-23	1.0895519631e-23	-3.5510605203e-23	0.99981826536	1.60253318985e-22	3.39208674632e-23	-5.18344976038e-23	0.999818345793	70988947.326	1229.16180411	763.102397215	1228.32429347	11.704084023	-592.687481356	762.582542582	-592.687527482	11.7169972202	71014750.95006758	1228.7707417194995	762.8596747250084	1228.7707744997329	11.70036032522372	-592.498963298939	762.8597321162935	-592.4989617451361	11.713270356346747	71014739.2949	0.0004998750416509929	0.0	0.0	0.0	-0.00018175115574074833	0.0	0.0	0.0	-0.00018167070812382682	0.000454390651429
30	7.5	nan	nan	1	1	5.0	5.0	5.0	1.00075	-1.91931751506e-22	1.28704133434e-22	-7.19776379892e-23	0.999727348184	-6.01069499642e-22	1.36840230241e-22	4.09712897155e-23	0.999727470964	106522857.62	1903.79945127	1017.91004239	1901.84790761	64.632627834	-1000.62609275	1016.87016517	-1000.62662147	46.4096669033	106580955.59662403	1902.8912648882076	1017.4245846641488	1902.8851827803014	64.60179555679815	-1000.1488780186539	1017.4247700727004	-1000.1492836546795	46.38753338421271	106580900.182	0.0007497188905459742	0.0	0.0	0.0	-0.00027268899226310224	0.0	0.0	0.0	-0.00027256617878549023	0.000681564321069
40	10.0	nan	nan	1	1	5.0	5.0	5.0	1.001	-3.20273993423e-23	2.66998392096e-22	2.11034453778e-22	0.99963618122	-2.15842441088e-22	-2.27629764817e-22	1.80170277172e-22	0.999636412077	141797418.68	2799.71099921	538.065517328	2795.88392034	-1051.39371948	-2956.07481064	537.330992598	-2956.07951295	-1074.74363573	141900619.3710602	2797.9313791837294	537.7236232912645	2797.918775102443	-1050.7254071723335	-2954.1964811106877	537.7220641018424	-2954.2004981866985	-1074.0607292283898	141901681.942	0.0009995003330834232	0.0	0.0	0.0	-0.00036388497810892884	0.0	0.0	0.0	-0.00036365403711462115	0.000908846570244
50	12.5	nan	nan	1	1	5.0	5.0	5.0	1.00125	1.69210134055e-22	1.12411260307e-21	-3.07426844534e-22	0.999541538536	1.65557614663e-21	-3.82312539364e-23	7.89698991047e-23	0.999541795157	172984526.388	28821.311241	-6797.99903913	28772.118224	3359.37201881	10609.0641407	-6786.44226884	10609.0664561	3327.31287883	173143204.55783877	28798.52520274537	-6792.626306344631	28798.510798859144	3356.716109830285	10600.679369475009	-6792.667451296612	10600.678961440466	3324.6831692804153	173139872.417	0.0012492194004318981	0.0	0.0	0.0	-0.00045856658958842836	0.0	0.0	0.0	-0.0004583098509167999	0.00113843842344
60	15.0	nan	nan	1	1	5.0	5.0	5.0	1.0015	4.21448522096e-22	-4.92611904169e-21	-7.01655954598e-22	0.999428140766	-2.70407410195e-20	-3.15672801266e-22	-3.74971311428e-22	0.999427267766	184064833.776	-37361.9478933	-26104.6915031	-37284.6548515	-5748.59224813	23502.806563	-26050.7452888	23502.7965098	-5961.68348086	184275693.8085093	-37327.36749651072	-26080.50749246683	-37327.36721199171	-5743.271631509907	23481.033000812473	-26080.58836575175	23481.043467606167	-5956.160434679753	184281564.89	0.0014988761237359487	0.0	0.0	0.0	-0.000572022807855813	0.0	0.0	0.0	-0.0005728963077558143	0.00138089054645
70	17.5	nan	nan	1	1	5.0	5.0	5.0	1.00175	-3.63132288911e-22	5.02719017279e-22	3.51758555488e-22	0.999306982012	3.74228916828e-20	7.41360624001e-23	-1.14642063021e-22	0.99930523595	187215735.806	-37654.1526083	-38974.3051556	-37562.3672298	1856.94173017	25942.8032294	-38879.2826782	25942.7462039	1284.65774284	187475821.1164995	-37614.5061622677	-38933.200680276066	-37614.54991573717	1854.9865370507669	25915.44250261041	-38933.29485972857	25915.430818582423	1283.3028711551954	187474280.794	0.001748470534116803	0.0	0.0	0.0	-0.0006932582359697346	0.0	0.0	0.0	-0.0006950055103877469	0.00162840191733
80	20.0	nan	nan	1	1	5.0	5.0	5.0	1.002	1.36546839617e-21	3.80906332323e-21	-8.08155458464e-22	0.999185057101	-6.42928199058e-20	7.18406362002e-22	1.38410580935e-21	0.999182613974	189686820.777	-29615.8883216	-40290.7026897	-29532.7198975	-623.24240248	25392.3908683	-40177.4434469	25392.3033082	-598.303186733	189996831.53953278	-29580.95383035257	-40243.07793604699	-29580.98609215489	-622.5072343831314	25362.376341894807	-40243.10662702274	25362.350899275447	-597.5959753920258	189997466.363	0.001998002662673058	0.0	0.0	0.0	-0.0008152751454842699	0.0	0.0	0.0	-0.000817720268106502	0.0018763341107
90	22.5	nan	nan	1	1	5.0	5.0	5.0	1.00225	3.51138170029e-22	8.21069815778e-21	1.17904256562e-21	0.999062964757	-1.43498879075e-19	-1.8255876119e-21	-1.19026120268e-21	0.99905986304	191970291.637	-24806.1529646	-39157.7386677	-24727.2677561	-327.103323826	24070.2935111	-39033.1402907	24070.2307165	-300.932575211	192331160.91354302	-24773.755142503236	-39106.47569267344	-24773.750527730637	-326.6761138790284	24038.782119045092	-39106.515504009265	24038.794038120475	-300.53861223937304	192331495.741	0.00224747254047937	0.0	0.0	0.0	-0.0009374745349661603	0.0	0.0	0.0	-0.0009405791659297668	0.0021243336835
100	25.0	nan	nan	1	1	5.0	5.0	5.0	1.0025	4.94654006307e-22	1.5887244435e-20	-1.44053503676e-21	0.99894085353	1.83335483786e-19	1.40930896864e-21	2.63353627522e-22	0.998937056886	194173124.75	-23000.9678314	-37477.4837051	-22919.3139404	-137.051765901	22902.7303318	-37344.3030857	22902.6616847	-103.500926752	194585834.2549121	-22968.02251074656	-37423.660784199106	-22968.028296320503	-136.85546049303517	22869.838800106925	-37423.677349556696	22869.857172361622	-103.3522849104725	194585973.253	0.002496880198587146	0.0	0.0	0.0	-0.001059707761984234	0.0	0.0	0.0	-0.0010635084386724095	0.00237232654745
110	27.5	nan	nan	1	1	5.0	5.0	5.0	1.00275	-1.41158371532e-21	5.57015152687e-20	7.68037198755e-22	0.998818771902	-1.57216015173e-19	-5.68790068707e-22	2.24538177278e-21	0.998814215287	196326756.241	-22751.1816389	-36101.4445723	-22661.9959248	-63.60194885	21861.5340564	-35959.7627698	21861.4582724	-33.9270230522	196792290.47018644	-22715.723430937433	-36045.0152529722	-22715.732537204105	-63.502823839047075	21827.36280644368	-36045.031333103805	21827.3867175203	-33.87399252003334	196792356.626	0.0027462256680252286	0.0	0.0	0.0	-0.001181926297786299	0.0	0.0	0.0	-0.0011864883119588423	0.00262028997237
120	30.0	nan	nan	1	1	5.0	5.0	5.0	1.003	-5.58553708626e-22	1.01407793606e-19	-3.77401154477e-22	0.998696735354	1.58878648205e-19	1.20799388706e-21	2.33047797829e-21	0.998691348542	198442901.949	-23015.2423545	-35235.1813896	-22916.5035467	-27.3331033713	21078.9797117	-35083.8455163	21078.8890084	-1.87663944728	198962235.2815114	-22976.47133778069	-35175.63517528387	-22976.47699014156	-27.2870585723152	21043.356979136217	-35175.661400014396	21043.37993377975	-1.8734679927758713	198962266.509	0.002995508979798371	0.0	0.0	0.0	-0.00130411463395491	0.0	0.0	0.0	-0.001309508490105257	0.00286821538513
130	32.5	nan	nan	1	1	5.0	5.0	5.0	1.00325	-5.52908200946e-21	3.04493455287e-20	-2.10724261048e-22	0.99857474903	-1.14378399201e-20	-9.21996190267e-22	5.00547668171e-21	0.998568463232	200526878.265	-23463.4887834	-34889.515165	-23354.1504534	-4.97735002043	20569.6686318	-34726.7342192	20569.5678196	18.0649515756	201100970.74618444	-23421.007508497925	-34826.1275394629	-23421.01152606892	-4.968338394901774	20532.297448896235	-34826.15409340254	20532.32606611535	18.03213098808525	201100980.497	0.0032447301648890294	0.0	0.0	0.0	-0.001426267606253111	0.0	0.0	0.0	-0.0014325623956915443	0.00311609889658
140	35.0	nan	nan	1	1	5.0	5.0	5.0	1.0035	1.8317914665e-21	-5.48751618368e-20	1.10387252745e-21	0.998452816425	-7.6501798952e-21	-2.03693225841e-22	-2.88437879597e-21	0.998445561938	202581564.767	-24051.7771152	-34981.433483	-23930.8129556	10.4404932288	20261.6208477	-34805.2640679	20261.5067581	30.7576284882	203211360.79699853	-24005.204104889912	-34913.44299932705	-24005.210302719956	10.420276627072054	20222.240031527832	-34913.46847020199	20222.27309321848	30.697847460685455	203211356.508	0.003493889254255838	0.0	0.0	0.0	-0.0015483816994794632	0.0	0.0	0.0	-0.0015556474542903352	0.00336393850297
150	37.5	nan	nan	1	1	5.0	5.0	5.0	1.00375	4.91055770642e-21	-9.39511739738e-20	1.28771341859e-21	0.998330937229	1.19928284803e-18	5.06441330036e-22	-8.10264769026e-21	0.998322648411	204608734.447	-24746.1569031	-35424.3977	-24612.5690324	21.7911914832	20068.8655633	-35232.8818752	20068.7358641	39.2864918649	205295162.38104868	-24695.12791950341	-35351.05563398757	-24695.140067102908	21.74625592584861	20027.315327911292	-35351.08227549835	20027.35217784829	39.2051537853043	205295148.423	0.003742986278834297	0.0	0.0	0.0	-0.0016704572080845507	0.0	0.0	0.0	-0.0016787599182388102	0.00361173307573
160	40.0	nan	nan	1	1	5.0	5.0	5.0	1.004	-3.07545751747e-21	7.81315515538e-20	-3.99569594894e-21	0.998209110183	-2.34664522336e-19	-3.01920923582e-23	-1.52421469548e-20	0.998199726286	206609606.356	-25555.5714726	-36118.1698667	-25408.1858893	29.8514852568	19934.7291057	-35909.537711	19934.5821472	45.5120397272	207353578.43792382	-25499.662819502566	-36038.81432118217	-25499.67718676367	29.78617831050631	19890.9303387976	-36038.84289677022	19890.970692879557	45.412044828413315	207353557.8	0.003992021269537457	0.0	0.0	0.0	-0.001792495377375199	0.0	0.0	0.0	-0.0018018961542387896	0.00385948183991
170	42.5	nan	nan	1	1	5.0	5.0	5.0	1.00425	1.91575029867e-21	3.66462104467e-19	3.60774824165e-21	0.998087334702	-7.51172640427e-19	-1.26413877113e-21	-6.14181604821e-23	0.998076797904	208585092.835	-26432.321523	-36983.536728	-26270.1384285	35.4014473906	19794.3481553	-36756.2245597	19794.1867447	50.440989443	209387505.31959146	-26371.176672077952	-36897.594633824585	-26371.197841521658	35.31955461318203	19748.35018204462	-36897.623223776536	19748.39763016556	50.32377501061908	209387480.027	0.004240994257254614	0.0	0.0	0.0	-0.0019144967779823247	0.0	0.0	0.0	-0.0019250538236961427	0.00410718422801
180	45.0	nan	nan	1	1	5.0	5.0	5.0	1.0045	-3.20946077671e-22	-2.67340638074e-20	1.75775880168e-21	0.997965610941	3.27580893364e-19	-1.35037234999e-22	6.94511182057e-21	0.997953864479	210535889.415	-27374.995657	-37959.6955821	-27196.9405416	39.8326306668	19640.7460042	-37712.3495707	19640.5674088	53.9893031846	211397622.63903764	-27308.23638932631	-37866.677747144415	-27308.258888899334	39.73549102571473	19592.61759741992	-37866.70797805701	19592.670053368936	53.85700580929227	211397594.032	0.004489905272852001	0.0	0.0	0.0	-0.0020364612393124087	0.0	0.0	0.0	-0.00204823171617259	0.0043548398027
190	47.5	nan	nan	1	1	5.0	5.0	5.0	1.00475	3.22600438896e-23	7.60129352099e-20	-4.84727838956e-22	0.997843939143	7.77500144963e-20	-2.05471664158e-21	1.5120964995e-20	0.99783092687	212462537.699	-28338.3385798	-39030.8072108	-28143.5828524	43.0145173889	19478.349047	-38762.0603261	19478.1496062	56.4480698803	213384456.1373369	-28265.678155583682	-38930.22327646761	-28265.703618881893	42.904226763634995	19428.152570896764	-38930.25683975167	19428.206995437904	56.302600971000594	213384425.457	0.00473875434717347	0.0	0.0	0.0	-0.002158388502507873	0.0	0.0	0.0	-0.002171428976406703	0.00460244821586
200	50.0	nan	nan	1	1	5.0	5.0	5.0	1.005	-1.11615615955e-20	1.7906061438e-19	4.22978806229e-21	0.997722319188	5.50772420604e-19	3.11702334325e-21	1.15112521994e-21	0.997707986053	214365539.471	-29358.2685412	-40190.1581796	-29145.6976101	45.218014384	19320.9599078	-39898.5836996	19320.7415528	58.2351025102	215348492.12514755	-29279.316104551843	-40081.500007363546	-29279.342415573527	45.096410740685755	19268.723731469123	-40081.53483456802	19268.782779369536	58.077657999270635	215348460.286	0.004987541511038968	0.0	0.0	0.0	-0.002280278672421741	0.0	0.0	0.0	-0.002294644631445806	0.00485000920076
210	100.0	nan	nan	1	1	5.0	5.0	5.0	1.01	-2.44845461316e-21	1.54735714107e-19	-3.66606447484e-21	0.995300582893	5.49479537307e-19	-1.91492311806e-21	-1.90476947604e-20	0.995249212642	247685661.822	-58617.5842821	-65758.5518912	-57762.2882697	8957.26838549	13200.9228909	-64797.4911045	13200.1684986	8594.82620325	250043037.20494518	-58314.250765824574	-65414.88896826999	-58312.047167441255	8910.916429010227	13131.933115188904	-65414.20831486534	13131.860437543804	8549.908500378877	250034353.898	0.009950330853168092	0.0	0.0	0.0	-0.00471049408475639	0.0	0.0	0.0	-0.004762108217823282	0.00979113335055
220	150.0	nan	nan	1	1	5.0	5.0	5.0	1.015	-4.78325461015e-20	5.00179572799e-19	-4.05153064028e-21	0.99289481341	1.0864587212e-18	1.28792021375e-20	-6.57976682352e-20	0.992798182126	274205864.575	-96632.9083989	-87807.4016345	-94525.4051657	1991.3089432	592.169775997	-85886.7765679	592.352907667	4777.92970233	278171430.36665726	-95895.4574807052	-87128.82184147669	-95892.43177451681	1976.1123333400292	587.5934596893686	-87128.87131172055	587.83238559132	4741.005633423112	278168162.343	0.014888612493750559	0.0	0.0	0.0	-0.007130548634346957	0.0	0.0	0.0	-0.007227876151030796	0.0147119905701
230	200.0	nan	nan	1	1	5.0	5.0	5.0	1.02	1.95975630726e-20	2.16682939308e-18	-1.63517063489e-20	0.990502369831	-6.01098254508e-18	1.10858745694e-20	-1.25996150904e-20	0.990360762202	295787200.533	-141045.082257	-102833.624287	-136968.557027	-18169.0538931	-13393.8623762	-99845.7936416	-13392.5874031	-15809.9900239	301529934.02855635	-139625.37459720075	-101783.98536284833	-139627.81313699932	-17986.17091291684	-13257.149123192858	-101784.30816319796	-13257.78256895437	-15648.614977220517	301546900.815	0.01980262729617973	0.0	0.0	0.0	-0.009543020286070713	0.0	0.0	0.0	-0.009685995968692417	0.0196115973406
240	250.0	nan	nan	1	1	5.0	5.0	5.0	1.025	-1.44614332131e-19	8.0823285155e-19	-4.79433883036e-20	0.988123066685	-5.82963808503e-18	2.09144346078e-20	1.05799709068e-19	0.987939236905	313704639.374	-187133.73526	-111847.699012	-180402.008084	-5492.2713525	-20796.9038788	-107809.220182	-20791.0478428	-3961.02699756	321351010.41577363	-184798.30640858534	-110431.2914374628	-184799.20378134114	-5423.7278108526025	-20533.537779711147	-110437.00822135077	-20531.57558401269	-3910.8656737969745	321355896.015	0.024692612590371414	0.0	0.0	0.0	-0.011948027569333514	0.0	0.0	0.0	-0.012134084233839127	0.0244893479219
250	300.0	nan	nan	1	1	5.0	5.0	5.0	1.03	-4.34104385468e-21	1.85726862937e-18	4.83205826629e-20	0.985756997471	-4.44603623547e-18	-5.01933195697e-20	-1.80967265692e-19	0.985534391535	328765906.167	-233215.557297	-117482.606911	-223201.450554	-13167.6111818	-23009.8362078	-112408.970594	-23006.0820404	-13390.1235843	338411506.28269506	-229746.29105482087	-115708.824488556	-229749.91527282452	-12971.732529909797	-22662.427820449262	-115706.9159083657	-22663.848337328815	-13187.956076507317	338424881.7	0.02955880224154443	0.0	0.0	0.0	-0.01434540762316951	0.0	0.0	0.0	-0.014571255448800648	0.0293450455513
260	350.0	nan	nan	1	1	5.0	5.0	5.0	1.035	4.38405724653e-20	-2.45151518142e-18	-4.44758471758e-20	0.983404351577	-4.46891935993e-18	3.37489689922e-21	1.07334956285e-20	0.983146736178	341531643.166	-275563.809464	-120111.857603	-261829.667078	-16348.948494	-21762.7303289	-114091.326467	-21760.3877469	-16592.9181753	353248625.019883	-270809.24620702973	-118008.53207345659	-270812.30022297637	-16066.864609505628	-21381.634680170308	-118005.47623510665	-21384.935178436528	-16302.353121156159	353265182.103	0.03440142671733232	0.0	0.0	0.0	-0.0167348989815483	0.0	0.0	0.0	-0.016996896142036765	0.0341785509128
270	400.0	nan	nan	1	1	5.0	5.0	5.0	1.04	6.4659054122e-20	-1.98989711442e-18	7.17992771696e-20	0.981065453178	-4.16771973785e-18	2.81042884921e-20	3.17220456192e-19	0.98077631433	352423752.466	-314568.145941	-121979.980706	-296744.289441	-17025.4397027	-17647.3894945	-115029.597373	-17645.4512437	-17271.6049124	366266517.3903102	-308397.9156896157	-119552.10797261471	-308400.03458479396	-16691.486998167667	-17296.138284906894	-119547.81632002204	-17299.33705995927	-16927.833267365164	366283776.298	0.03922071315328133	0.0	0.0	0.0	-0.019116100767895033	0.0	0.0	0.0	-0.01941086342906572	0.0389898349033
280	450.0	nan	nan	1	1	5.0	5.0	5.0	1.045	-5.73004553928e-20	1.95586855838e-19	1.528629772e-20	0.978740910984	3.7896518758e-18	-1.6146565557e-20	6.00665473612e-20	0.978422787968	361778849.42	-349535.388745	-121197.053879	-327368.952091	7610.20349276	-12005.4929715	-113479.119246	-11999.1631236	7781.53813088	377788620.3696555	-341860.01154772873	-118497.18417601698	-341855.98456237896	7443.092567126266	-11738.050276271706	-118500.90177864318	-11735.67591746647	7608.191185803719	377781615.055	0.04401688541677426	0.0	0.0	0.0	-0.021488318071200517	0.0	0.0	0.0	-0.02181340382562334	0.0437788999062
290	500.0	nan	nan	1	1	5.0	5.0	5.0	1.05	-9.32000939776e-20	6.66193398249e-18	2.82300199452e-20	0.976430936293	-1.9252953012e-17	-2.1334642359e-20	4.18222517707e-20	0.976085775379	369812405.938	-381802.791974	-117669.463593	-355048.381109	6775.0001455	-6577.84829334	-109389.013447	-6573.76542049	6947.58373369	388018079.3638994	-372530.48432215466	-114771.20566080588	-372527.22923057544	6610.465241589055	-6415.832589258245	-114774.17798777876	-6414.117621439865	6776.4612601874705	388011973.48	0.04879016416943205	0.0	0.0	0.0	-0.023851256929004395	0.0	0.0	0.0	-0.02420481182103903	0.048545894849
300	550.0	nan	nan	1	1	5.0	5.0	5.0	1.055	-2.19831519592e-20	8.38978855066e-18	7.8482896519e-20	0.974135714751	-9.71393265779e-18	-9.3967717586e-21	-3.08869240727e-19	0.973765226057	376753321.233	-416707.33061	-113985.777981	-384776.075278	13746.5839389	479.077843228	-105211.606052	476.507088208	13695.2990149	397176333.02776206	-405624.72472180123	-110912.05241232937	-405633.9838374443	13380.984485967756	466.1590928172344	-110914.90778883324	463.83406838420206	13325.993374333993	397163647.415	0.05354076692802976	0.0	0.0	0.0	-0.02620464751947963	0.0	0.0	0.0	-0.02658504540389556	0.0532908614843
310	600.0	nan	nan	1	1	5.0	5.0	5.0	1.06	-1.6345088904e-20	1.52684967932e-18	-6.07746139655e-20	0.971855273728	2.14725499107e-18	1.51089501966e-19	3.85333816552e-20	0.971460913997	382746543.892	-449743.91687	-111369.840255	-412354.917363	11070.3359153	8998.29791806	-102070.000219	8989.43867854	10995.5224823	405400565.6796285	-436751.19391330663	-108108.57323435623	-436761.40105632646	10750.523234817207	8734.798821941124	-108111.32455157694	8729.741366568987	10673.5382290752	405390603.001	0.058268908123975824	0.0	0.0	0.0	-0.028548380949273856	0.0	0.0	0.0	-0.028954243607037862	0.0580139535024
320	650.0	nan	nan	1	1	5.0	5.0	5.0	1.065	2.27018064754e-19	-4.82278060854e-18	-9.99234179964e-21	0.96958976249	-2.16056929021e-17	-9.81234729835e-20	3.39792560747e-19	0.969172638071	387940200.187	-481979.704153	-108411.587643	-438810.02065	15347.2076466	17520.4578221	-98661.4178791	17504.9060172	15416.2821617	412834154.1960271	-466958.1916714469	-104987.6163226278	-466968.2689251098	14868.892337399333	16967.107885927056	-104992.47817644432	16959.343285076506	14929.388563552098	412820088.465	0.06297479916138839	0.0	0.0	0.0	-0.03088222221086463	0.0	0.0	0.0	-0.031312521896184504	0.0627152728712
330	700.0	nan	nan	1	1	5.0	5.0	5.0	1.07	-3.38680830004e-20	-1.86933554014e-18	1.41732434877e-19	0.967339221737	-1.13110926892e-17	-2.79388523696e-20	-8.2874232955e-19	0.966900117019	392434885.88	-513698.789552	-103283.132551	-464420.843935	12680.0813399	25149.1351246	-93335.5690565	25129.7734987	12693.2296714	419572675.9206147	-496527.3229713323	-99785.3596077818	-496536.6313093341	12256.222850456938	24297.4378318138	-99789.94191557125	24289.757764598307	12263.362429672465	419561335.274	0.06765864847381486	0.0	0.0	0.0	-0.03320604697067824	0.0	0.0	0.0	-0.03366008046771747	0.0673949845939
340	750.0	nan	nan	1	1	5.0	5.0	5.0	1.075	1.85023759416e-19	-2.73644581522e-18	1.73377056391e-20	0.965103479063	-4.3184386629e-18	3.057259544e-20	-1.08645210375e-19	0.964643364722	396328980.051	-542836.485944	-97272.4476515	-487352.16267	13538.1464313	29976.9274703	-87289.0600118	29958.3896211	13574.1147363	425711289.1290041	-523472.39553831186	-93757.81952749762	-523482.5810702921	13055.212991471895	28893.807276432126	-93760.33581924946	28889.712441040927	13083.657607251913	425699219.183	0.07232066157962608	0.0	0.0	0.0	-0.03551995120247411	0.0	0.0	0.0	-0.035996816187330596	0.0720532228522
350	800.0	nan	nan	1	1	5.0	5.0	5.0	1.08	-1.34757647952e-19	1.18482703964e-18	1.5153948822e-20	0.96288245231	1.27036942638e-17	-9.45632876271e-20	-2.37645681264e-19	0.96240221995	399697160.352	-568175.444645	-95327.3874324	-506568.805519	14533.3911736	33178.9823303	-84950.9076621	33159.8307407	14628.2995585	431321567.2332296	-546640.8573939371	-91668.61361185883	-546648.9952430478	13982.556773360711	31905.535158275216	-91672.30159562228	31903.030090396907	14066.848742472674	431308614.532	0.0769610411361284	0.0	0.0	0.0	-0.03782393869466361	0.0	0.0	0.0	-0.038322807643114715	0.0766901503952
360	850.0	nan	nan	1	1	5.0	5.0	5.0	1.085	-4.02552408183e-19	-2.9644697316e-18	-2.85608921902e-20	0.960676107467	2.69790052217e-17	-1.57759886426e-20	-3.66288810128e-19	0.960176459566	402602487.689	-591790.237223	-100042.088448	-523987.80656	13403.1059886	37092.088356	-88532.6129155	37066.7961569	13489.9782198	436463981.5610781	-568050.5751138859	-95978.95596356566	-568058.5970877055	12865.440465635134	35585.62171328184	-95978.78282598752	35579.86183307366	12942.093128939756	436452222.815	0.08157998699242285	0.0	0.0	0.0	-0.0401179637965968	0.0	0.0	0.0	-0.0406381993637029	0.0813059338377
370	900.0	nan	nan	1	1	5.0	5.0	5.0	1.09	-4.97631856512e-21	-2.02124560528e-18	1.35816439136e-19	0.958484339636	2.24445202177e-17	-6.45862622281e-20	8.06348896006e-19	0.957965950892	405103076.481	-613308.469504	-109376.420003	-539315.227771	14079.0823453	41365.4549352	-96128.2325475	41336.0232031	14167.8939335	441194862.5743783	-587357.3273892968	-104691.68384159659	-587364.3564191886	13483.349064324815	39593.71800540727	-104692.57038659221	39586.95716873094	13561.06437152151	441182555.923	0.08617769624105241	0.0	0.0	0.0	-0.042402055037840634	0.0	0.0	0.0	-0.042943043509292164	0.0859007315208
380	950.0	nan	nan	1	1	5.0	5.0	5.0	1.095	-2.4124557129e-19	-3.67135843076e-19	-1.90794171369e-19	0.956306992765	1.75775747819e-17	1.46642578993e-19	1.42341239808e-19	0.955770574628	407244935.5	-635702.547483	-120602.243113	-555188.172282	14344.4494596	44366.7922587	-105268.359561	44332.4577044	14438.8055547	445558470.9959074	-607415.9291835611	-115171.21137841338	-607420.1827783819	13706.16986140451	42368.840558141324	-115171.9892419548	42359.81292843437	13788.588700079594	445546016.468	0.09075436326846412	0.0	0.0	0.0	-0.044676295340292556	0.0	0.0	0.0	-0.045237379430416336	0.0904747137036
390	1000.0	nan	nan	1	1	5.0	5.0	5.0	1.1	2.033408469e-19	2.35181344783e-18	4.51971486699e-20	0.954143976356	-9.72176771255e-18	-1.82932646827e-19	3.11377252345e-19	0.953590146602	409068271.652	-656186.295434	-133936.772238	-569175.160336	13936.9062051	47309.164208	-116114.237571	47271.198756	14030.4270022	449593607.97557026	-625565.394079167	-127612.50403693318	-625561.8722813865	13286.54115927766	45075.30536684435	-127617.37495810784	45065.29058006833	13367.93393286031	449581647.5	0.09531017980432493	0.0	0.0	0.0	-0.046940700308759034	0.0	0.0	0.0	-0.047521315566298065	0.09502804975
400	1050.0	nan	nan	1	1	5.0	5.0	5.0	1.105	3.79047243896e-20	4.22113575308e-18	-3.14063934974e-20	0.951995233101	5.32683668056e-17	1.04555629427e-19	-5.20872323002e-19	0.951424455462	410609491.246	-674162.771396	-152783.106152	-580812.304253	14588.1058711	50157.7312107	-131553.816464	50118.265499	14669.1099292	453335677.91686124	-641251.1808577938	-145237.33904193834	-641249.0341905925	13875.936959483215	47680.50340706789	-145242.71805867265	47671.56879224977	13944.620880472887	453323205.586	0.09984533496971612	0.0	0.0	0.0	-0.04919525145015657	0.0	0.0	0.0	-0.0497949906033638	0.0995609061218
410	1100.0	nan	nan	1	1	5.0	5.0	5.0	1.11	-1.74435847575e-19	2.2444123171e-18	7.49094762728e-21	0.949860598898	-1.22729780101e-18	-1.46351411418e-19	9.06960528273e-19	0.949273382133	411898714.985	-692024.035428	-177900.979902	-592180.559193	14621.330924	54132.0689084	-152143.685872	54086.7434427	14695.9359271	456813847.86525506	-656760.3060366997	-168731.23619487608	-656754.3671162073	13876.26625767566	51341.88080207343	-168734.0602024504	51330.62488788645	13938.447317076287	456801459.014	0.10436001532424286	0.0	0.0	0.0	-0.05144004315673019	0.0	0.0	0.0	-0.0520584479555265	0.104073453016
420	1150.0	nan	nan	1	1	5.0	5.0	5.0	1.115	-3.98899578598e-20	1.5188888931e-18	-2.32404664903e-20	0.947739939127	1.01506310817e-17	1.83488512199e-19	-2.24212268116e-19	0.947136784918	412962347.372	-708014.989035	-202960.626818	-601803.086059	14678.6158115	58605.923376	-172405.090265	58558.5240414	14784.2759399	460053743.5054332	-670432.224434224	-192064.78537337863	-670428.5859387706	13899.44733166212	55459.69319908429	-192064.98529600134	55450.12766773505	13990.589356249811	460041394.35	0.10885440491208208	0.0	0.0	0.0	-0.05367514017672585	0.0	0.0	0.0	-0.05431175597522779	0.108565857499
430	1200.0	nan	nan	1	1	5.0	5.0	5.0	1.12	8.3538624423e-19	4.61190910934e-18	1.18240505481e-19	0.945633223727	6.39096946615e-18	6.07216744063e-20	2.63506655935e-20	0.945014416341	413822983.342	-723584.147298	-228688.283647	-610931.927657	14640.0092614	62789.5294076	-192963.805972	62729.6985477	14751.0844142	463077256.1073317	-683648.0620842616	-215925.12024610484	-683646.6124791317	13831.99728438746	59285.22647211806	-215930.8530326189	59267.51851516628	13927.821859090514	463065052.571	0.11332868530700327	0.0	0.0	0.0	-0.05590049787244031	0.0	0.0	0.0	-0.056555096217454214	0.113038286693
440	1250.0	nan	nan	1	1	5.0	5.0	5.0	1.125	-3.29972272515e-19	1.80198318594e-18	-5.56659465024e-20	0.943540337508	-5.64483931874e-18	1.32613595805e-20	-6.90861247604e-20	0.942906113189	414501910.602	-737761.413846	-257455.702355	-618763.652158	14897.2274433	66453.5790845	-215789.074811	66400.984032	14985.1466614	465905260.1937055	-695496.5231911885	-242543.4336054595	-695497.9771706979	14043.79477911575	62604.475640248165	-242549.5817395946	62597.0031286694	14117.181678600946	465892939.118	0.11778303565638346	0.0	0.0	0.0	-0.05811616203177406	0.0	0.0	0.0	-0.05878856314091887	0.117490906856
450	1300.0	nan	nan	1	1	5.0	5.0	5.0	1.13	2.24410791463e-19	1.08207135523e-17	-1.54557043094e-19	0.94146107863	-1.52681394512e-17	1.41242743955e-19	-1.67725758446e-19	0.940811793607	415018533.143	-753040.428612	-290960.101305	-627391.84168	15458.0440438	69258.8225363	-242258.315822	69205.7876867	15590.68507	468556932.4916049	-708332.3821799873	-273497.0368492028	-708326.9139369945	14540.29922612515	65101.99389670521	-273510.22729634773	65097.03674624392	14654.951486370106	468544194.16	0.12221763272424911	0.0	0.0	0.0	-0.06032227148452844	0.0	0.0	0.0	-0.06101216619461994	0.121923884995
460	1350.0	nan	nan	1	1	5.0	5.0	5.0	1.135	-1.2424914545e-19	-3.99693671986e-20	6.66244352575e-20	0.939395183384	-3.72441975094e-17	-1.43783842796e-19	-1.1700833724e-18	0.938731438709	415388769.594	-766996.159533	-327521.686626	-634817.175651	15591.8410546	71452.6887285	-270898.737393	71388.1076435	15644.6125358	471047885.74479795	-719873.1325842488	-307182.0760529932	-719878.1245751013	14633.903081815468	67015.364659662	-307197.2254440821	67002.1355907152	14673.057553222267	471035197.334	0.126632650933366	0.0	0.0	0.0	-0.06251903273472674	0.0	0.0	0.0	-0.0632258484465383	0.126337386751
470	1400.0	nan	nan	1	1	5.0	5.0	5.0	1.14	-3.13772767399e-19	7.78222108202e-18	-1.34995875969e-19	0.93734241373	1.31232402705e-17	-1.15567057741e-19	8.35148016213e-19	0.936665015476	415626680.562	-776559.770555	-362498.013728	-638501.363498	15832.2786441	71406.9540083	-297857.956198	71348.2707628	15985.3877442	473391930.127143	-727253.3615899213	-339236.4509903476	-727242.5159193834	14827.033670983294	66824.75692675934	-339255.2965984661	66818.12749428177	14959.602537618364	473379091.538	0.131028262406404	0.0	0.0	0.0	-0.06470662728795114	0.0	0.0	0.0	-0.06542956816101929	0.130731573062
480	1450.0	nan	nan	1	1	5.0	5.0	5.0	1.145	-9.03678275602e-20	2.55968062704e-18	-4.74603148258e-20	0.935302660208	-1.20294560378e-18	1.15725876419e-19	1.71153594905e-19	0.934612354247	415744037.879	-780540.665993	-397428.283835	-637587.47006	15468.4172802	67885.5037116	-324425.206708	67832.8313654	15616.4692122	475600544.02939814	-729387.8597898581	-371108.6823702297	-729383.7553844104	14454.693094033768	63389.80102611553	-371134.13723104785	63387.400360686865	14582.271942730871	475588150.561	0.13540463700620298	0.0	0.0	0.0	-0.06688510131601809	0.0	0.0	0.0	-0.06762343004970084	0.135106607596
490	1500.0	nan	nan	1	1	5.0	5.0	5.0	1.15	1.26578486055e-19	4.49806258728e-18	2.28513607301e-19	0.933275892712	1.25533459157e-17	-4.22510622002e-19	3.57633192199e-19	0.932573218708	415754065.879	-781216.795126	-432320.962192	-633980.833453	15939.1540695	61686.865846	-350612.128405	61641.545677	16128.9953473	477687105.13195395	-728434.9782471944	-402808.2953893607	-728422.1463980731	14862.247484095979	57475.772521768384	-402841.2621481883	57476.82111353849	15027.93917104458	477674346.197	0.13976194237515863	0.0	0.0	0.0	-0.06905441690368919	0.0	0.0	0.0	-0.06980761182488383	0.139462649124
500	1550.0	nan	nan	1	1	5.0	5.0	5.0	1.155	-8.33798057453e-20	2.26705721355e-18	-1.5217476293e-19	0.931262086986	5.1039029028e-17	2.10487687393e-19	-1.44035305703e-19	0.930547357539	415666766.627	-774496.30764	-464388.771206	-624456.988342	16461.9281589	53795.7012394	-374172.282044	53746.1331097	16610.7110144	479661543.281355	-720607.6813626136	-431745.4836797187	-720596.4652202599	15316.524771421888	50014.23912808492	-431778.6955034222	50006.534544241695	15443.094032079605	479648378.183	0.14410034397375687	0.0	0.0	0.0	-0.07121453005877261	0.0	0.0	0.0	-0.07198230947273146	0.143799859052
510	1600.0	nan	nan	1	1	5.0	5.0	5.0	1.16	1.54371754637e-19	-2.30737068788e-19	-5.36807130322e-20	0.929261129134	6.2619769362e-17	-9.10560418298e-21	6.38054037299e-19	0.928534617453	415491688.694	-761773.75074	-495082.13715	-610230.371645	17067.2214588	43006.7151705	-396331.320888	42965.6338326	17264.5688763	481533460.02156115	-707245.0471044084	-459284.19088906224	-707225.5601359839	15845.52871878912	39897.024953447064	-459327.5809246536	39890.1008262483	16016.218224002492	481519749.421	0.14842000511827322	0.0	0.0	0.0	-0.07336549340729723	0.0	0.0	0.0	-0.07414761568243922	0.148118394762
520	1650.0	nan	nan	1	1	5.0	5.0	5.0	1.165	2.65280131168e-19	1.8075127229e-17	1.38807524231e-19	0.927272835718	-3.19479651881e-17	-3.24519497917e-20	-2.33397281638e-19	0.92653491995	415235821.695	-747588.712523	-527762.16295	-595024.200902	17044.5087713	30103.3525924	-419768.206203	30060.7624968	17177.3093831	483309668.2155044	-692588.0887582682	-488545.2422373047	-692572.591507714	15790.53235554974	27866.434384388358	-488585.09277749114	27849.171202721187	15900.898856871558	483296054.489	0.15272108701766393	0.0	0.0	0.0	-0.07550743555736766	0.0	0.0	0.0	-0.07630354378888964	0.152418410831
530	1700.0	nan	nan	1	1	5.0	5.0	5.0	1.17	-1.51142441526e-19	-1.02009236629e-17	-4.45592269815e-19	0.92529705213	3.41248398625e-19	-1.1826697526e-19	-1.16574232855e-18	0.924548166054	414907568.905	-734607.025726	-560568.037058	-580939.681513	18215.2303666	15789.7641097	-443014.687826	15764.7219092	18497.7100238	484998770.2753178	-679109.2944751926	-517799.0995308382	-679079.0341124202	16839.115077533635	14585.072814205194	-517854.08344457066	14573.736431085568	17086.414066657147	484984063.856	0.1570037488096647	0.0	0.0	0.0	-0.07764045558546409	0.0	0.0	0.0	-0.07845012994043243	0.156700058319
540	1750.0	nan	nan	1	1	5.0	5.0	5.0	1.175	-1.37007579218e-19	2.85606274924e-18	3.44954167769e-19	0.923333630108	2.06888856158e-17	4.87043944671e-21	1.18577995171e-19	0.922574231662	414511690.048	-722666.599169	-591514.870255	-567867.320994	17941.5401869	832.930311301	-464485.346262	814.528561234	18162.2506037	486605270.8937047	-666651.4004408191	-545216.6957207393	-666633.1449710607	16550.85886827465	767.7364254552133	-545270.5512787921	751.3929752255042	16740.681864400878	486590911.556	0.16126814759612232	0.0	0.0	0.0	-0.07976464705230728	0.0	0.0	0.0	-0.08058743837853694	0.160963494515
550	1800.0	nan	nan	1	1	5.0	5.0	5.0	1.18	3.2499595395e-19	-5.17542424728e-18	-3.27087066538e-19	0.921382411069	-1.00627514134e-17	-9.9155794388e-20	-1.39628087399e-20	0.920613024459	414054585.133	-708691.145195	-622097.780352	-553349.585659	17161.9955983	-14473.249526	-485400.645596	-14475.5458522	17450.6808373	488135694.25716823	-652375.8629418529	-572185.340678704	-652352.8391209807	15798.238434550478	-13312.025010081803	-572246.7269738658	-13325.264159022205	16050.569661759651	488122084.406	0.16551443847757333	0.0	0.0	0.0	-0.08188011601676781	0.0	0.0	0.0	-0.08271549990524478	0.165208868318
560	1850.0	nan	nan	1	1	5.0	5.0	5.0	1.185	-1.24355024569e-19	-1.67273125215e-18	-2.09098023964e-19	0.919443335745	4.89736450652e-17	1.80338608426e-19	2.52415818282e-19	0.918664379171	413545376.612	-688999.635088	-651536.088219	-534578.748976	20692.9312316	-30476.5260666	-505152.209611	-30477.1143059	20977.4767726	489599903.33752596	-632912.6331622727	-597991.7003624915	-632892.3465888663	19008.453599492892	-27971.911262085123	-598054.015311428	-27996.169641034823	19253.510636459523	489583097.748	0.16974277458709455	0.0	0.0	0.0	-0.0839868619100733	0.0	0.0	0.0	-0.08483442553685139	0.16943631883
570	1900.0	nan	nan	1	1	5.0	5.0	5.0	1.19	-3.19754937588e-20	2.50714870245e-17	2.80791422015e-19	0.917516246433	-1.60685326468e-17	-2.62765502106e-19	7.12844399563e-19	0.916728151757	412979889.516	-660465.55131	-679062.970538	-509226.383495	18345.6778829	-46488.6792484	-523171.703091	-46463.3798605	18388.4366955	490992176.87898165	-605428.1929315617	-621941.1960617257	-605419.7235837424	16816.911323714787	-42578.12018843082	-621999.3270935833	-42591.532670614426	16841.628550359328	490977654.844	0.17395330712343798	0.0	0.0	0.0	-0.08608499192625986	0.0	0.0	0.0	-0.08694430459503293	0.17364601233
580	1950.0	nan	nan	1	1	5.0	5.0	5.0	1.195	-7.48035971544e-19	1.28846416772e-17	-1.40144248101e-19	0.915600965346	-4.29204299868e-17	-2.11520008797e-19	-4.97671561181e-19	0.914804316772	412372206.58	-627380.465653	-704400.604289	-480663.610817	12811.444436	-62958.6196767	-539194.874376	-62911.5732945	12673.2830438	492328457.4283792	-573898.2251644202	-643791.9955709378	-573861.1144967636	11719.308499604427	-57541.483004499096	-643741.2039875813	-57548.556629724946	11582.838134329435	492319082.581	0.17814618538347404	0.0	0.0	0.0	-0.08817463657269514	0.0	0.0	0.0	-0.08904509802960299	0.177838078564
590	2000.0	nan	nan	1	1	5.0	5.0	5.0	1.2	-4.05517023498e-19	-1.89800495843e-17	3.82686838592e-19	0.913697335728	-4.09085149788e-18	3.24545967696e-19	1.1745038256e-18	0.912892793508	411724175.486	-591827.40611	-726271.293573	-450619.865733	20882.7932155	-78598.8967057	-552554.82785	-78539.1610975	21309.9677777	493610320.2905124	-540249.0945256263	-662392.2980964788	-540241.8159953232	19062.838269005166	-71685.75197376065	-662450.2076691432	-71694.39980249967	19435.65531715982	493593307.12	0.1823215567939546	0.0	0.0	0.0	-0.09025590489732152	0.0	0.0	0.0	-0.09113682750732761	0.182012659261
600	2050.0	nan	nan	1	1	5.0	5.0	5.0	1.205	6.98802181485e-19	1.21300941398e-17	1.19114008208e-20	0.911805139416	-6.06285007821e-17	-2.4124557129e-19	1.93950692587e-19	0.910993539487	411039700.623	-552973.003716	-744376.293439	-418400.97877	23829.8113537	-93689.1424636	-562753.285111	-93603.3924014	23986.8913236	494841868.07575	-503734.37173764716	-677490.8759569331	-503703.95274583314	21707.92239443171	-85270.76930684087	-677486.5942341292	-85268.62206106534	21831.565778688044	494822280.923	0.18647956694261839	0.0	0.0	0.0	-0.09232897465803253	0.0	0.0	0.0	-0.09321947341911446	0.186169903903
610	2100.0	nan	nan	1	1	5.0	5.0	5.0	1.21	-6.11028392326e-19	-1.21630225457e-17	-6.88214269644e-22	0.909924335465	-1.80724008417e-17	1.92673525721e-19	4.40093173103e-19	0.909106322998	410316330.939	-510054.875572	-764058.106489	-383557.75656	20879.3923351	-108159.013362	-574120.520678	-108077.557306	21016.8470284	496019607.16092026	-463678.3887148359	-693962.0757002054	-463671.93647161726	18980.943931624937	-98236.31577353127	-694037.7792861011	-98250.65895445475	19088.72462007199	496002708.254	0.1906203596086497	0.0	0.0	0.0	-0.09439383076887405	0.0	0.0	0.0	-0.09529322465026481	0.190309966627
620	2150.0	nan	nan	1	1	5.0	5.0	5.0	1.215	-5.56712404583e-19	3.4093076127e-18	2.28354788624e-19	0.908054870823	-7.41566757409e-18	3.2229603643e-19	1.56323900883e-19	0.907230842595	409539275.27	-463829.849167	-789794.909607	-346621.431553	-19582.1190618	-121649.904568	-589729.983133	-121535.905451	-20092.194742	497125062.7736738	-420789.22403631924	-715856.4790807809	-420751.34504714585	-17765.015985495324	-110261.37457367788	-715852.1113542288	-110258.10313657642	-18211.218646838977	497145167.94	0.19474407679251185	0.0	0.0	0.0	-0.09645047178488177	0.0	0.0	0.0	-0.09735834901710903	0.194433031331
630	2200.0	nan	nan	1	1	5.0	5.0	5.0	1.22	-8.89384594617e-19	5.85289178641e-18	-1.46324941638e-19	0.906196880152	-3.66029406288e-17	-1.22184502641e-19	7.01866058474e-19	0.905367285364	408790471.142	-415617.743243	-814668.693965	-308723.998993	27532.5320977	-134950.822423	-604631.422201	-134826.131318	27778.3872999	498256994.06062496	-376278.5411555443	-736883.1643400375	-376290.3066279995	24926.512836540795	-122065.55842149867	-736959.0443213211	-122064.51920490125	25126.07405372181	498234073.838	0.19885085874516517	0.0	0.0	0.0	-0.09849868953586899	0.0	0.0	0.0	-0.09941457743184734	0.19853903234
640	2250.0	nan	nan	1	1	5.0	5.0	5.0	1.225	7.91022893617e-19	-1.17827047523e-17	-2.46499822541e-20	0.904349828667	3.15668003618e-17	-2.44818991536e-19	1.07819022379e-18	0.90351520364	407964297.745	-369519.330568	-837505.304758	-272823.311665	-4727.41421382	-148827.294616	-617811.589153	-148694.372973	-4844.92434182	499286970.4237758	-333860.9377036278	-755988.2007277884	-333894.7194524913	-4271.221589174649	-134341.4519725877	-756108.5083815533	-134345.45552924264	-4373.35216269838	499293399.087	0.20294084399669038	0.0	0.0	0.0	-0.10053901483293472	0.0	0.0	0.0	-0.1014623415983518	0.202628382704
650	2300.0	nan	nan	1	1	5.0	5.0	5.0	1.23	-5.22725207574e-19	1.0132578692e-17	-3.01570199002e-19	0.902513780488	-1.09252427119e-17	-2.91961669007e-20	-4.01778167129e-20	0.901674800788	407135872.633	-322882.430161	-858640.997839	-236946.819905	-7038.18475834	-163275.387664	-629545.082848	-163123.156638	-7161.63764751	500305866.2951282	-291131.6148037954	-773486.3745645704	-291170.32412741054	-6346.081119871602	-147082.75982360265	-773611.7576896064	-147082.3543425175	-6451.3913892524415	500314378.048	0.20701416938432612	0.0	0.0	0.0	-0.10257131965289401	0.0	0.0	0.0	-0.10350135520370159	0.206701035314
660	2350.0	nan	nan	1	1	5.0	5.0	5.0	1.235	-6.67038445963e-20	5.51704322282e-18	2.79891449508e-19	0.900688622455	2.77048595179e-17	-1.0032046469e-19	1.75431111288e-18	0.899845865569	406293492.533	-274390.1115	-877220.145331	-200054.9899	-4381.21822987	-178585.576641	-639050.067353	-178400.921608	-4495.25719648	501299260.6604721	-246906.98311397192	-788618.5026769461	-246834.9121298384	-3942.3919819396983	-160547.94318156366	-788482.5432272063	-160532.1456308512	-4041.2238801221097	501305372.529	0.2110709700799406	0.0	0.0	0.0	-0.10459567216408502	0.0	0.0	0.0	-0.10553179080346554	0.210757160702
670	2400.0	nan	nan	1	1	5.0	5.0	5.0	1.24	1.70465380635e-20	1.02378225357e-17	-1.09644444555e-19	0.898874183696	-2.44263126164e-17	-8.86472918861e-20	1.05546922673e-18	0.898028311598	405432067.45	-227375.004421	-893129.661722	-164776.165806	96.032649165	-196582.926655	-646722.241113	-196372.843438	252.376467236	502260656.57413816	-204188.3721047731	-801297.7447698218	-204129.35204168843	86.23969178953519	-176370.19857250433	-801177.7151361426	-176347.66551976983	226.42702699994774	502262634.881	0.2151113796169455	0.0	0.0	0.0	-0.10661220569950973	0.0	0.0	0.0	-0.10755368378493242	0.214796904007
680	2450.0	nan	nan	1	1	5.0	5.0	5.0	1.245	-4.76244274594e-19	-2.36110434047e-18	2.59870369962e-19	0.897070398044	-8.07825909708e-18	-3.81958919652e-20	-1.14502310857e-18	0.896222011817	404557999.882	-179969.945448	-904538.197866	-129628.62479	9454.93942212	-217045.160882	-651059.00362	-216819.756172	9379.61710247	503197716.20263964	-161292.8171196479	-809899.3197160625	-161234.79938066378	8473.713826456567	-194336.43439349392	-809800.8291278544	-194318.385734476	8398.258391308935	503191425.408	0.219135529916671	0.0	0.0	0.0	-0.10862093834846176	0.0	0.0	0.0	-0.10956711565410128	0.21882038649
690	2500.0	nan	nan	1	1	5.0	5.0	5.0	1.25	5.66241525239e-19	2.08556452273e-17	-3.92965384883e-19	0.895277266742	-4.92632244541e-17	-3.8277948282e-19	3.14394807219e-20	0.894426725521	403670481.628	-135352.021054	-912469.532086	-96909.905057	14498.0058704	-240176.94631	-652879.97822	-239953.624585	14671.5014076	504109252.35796154	-121062.59099103561	-815362.6287476856	-121022.42301032465	12967.417414281743	-214616.81669548203	-815325.5010686351	-214621.15810122108	13110.129746500546	504098372.39	0.22314355131420976	0.0	0.0	0.0	-0.11062181344146192	0.0	0.0	0.0	-0.11157229607848992	0.222827746439
700	2550.0	nan	nan	1	1	5.0	5.0	5.0	1.255	-1.58712798492e-19	-1.12641617699e-17	1.39610716606e-19	0.893494697311	4.04387293305e-17	3.32460431797e-19	-5.62403407197e-19	0.892642229782	402753637.412	-94323.7411908	-917954.103401	-67102.9769546	-1574.73384149	-265685.082506	-652828.726269	-265432.107806	-1674.29913635	504975215.3311478	-84197.62924832354	-818625.4879762826	-84134.16314437133	-1405.6785118643766	-236936.22536102086	-818521.0411515577	-236936.68127988177	-1493.1290599765887	504978842.905	0.22713557258374711	0.0	0.0	0.0	-0.11261487913893267	0.0	0.0	0.0	-0.11356941692469352	0.226819149919
