inc	time	elem	node	ip	grain	1_pos	2_pos	3_pos	1_f	2_f	3_f	4_f	5_f	6_f	7_f	8_f	9_f	1_p	2_p	3_p	4_p	5_p	6_p	7_p	8_p	9_p	1_Cauchy	2_Cauchy	3_Cauchy	4_Cauchy	5_Cauchy	6_Cauchy	7_Cauchy	8_Cauchy	9_Cauchy	Mises(Cauchy)	1_ln(V)	2_ln(V)	3_ln(V)	4_ln(V)	5_ln(V)	6_ln(V)	7_ln(V)	8_ln(V)	9_ln(V)	Mises(ln(V))
0	0.0	nan	nan	1	1	5.0	5.0	5.0	1.0	0.0	0.0	0.0	1.0	0.0	0.0	0.0	1.0	3.26247533875e-06	6.8038258588e-07	1.62866071949e-06	6.8038258588e-07	-4.33652457781e-07	4.51683569932e-07	1.62866071949e-06	4.51683569932e-07	2.96129952889e-06	3.26247533875e-06	6.8038258588e-07	1.62866071949e-06	6.8038258588e-07	-4.33652457781e-07	4.51683569932e-07	1.62866071949e-06	4.51683569932e-07	2.96129952889e-06	4.75366238004e-06	0.0	0.0	0.0	0.0	0.0	0.0	0.0	0.0	0.0	0.0
10	2.5	nan	nan	1	1	5.0	5.0	5.0	1.00025	-1.26535369266e-21	-9.31236896308e-20	1.88064682143e-21	0.999925530477	-2.04972447734e-20	1.26589006759e-21	-7.00092066252e-22	0.999934679123	59367968.0778	-329710.339593	1001064.90951	-329603.385333	-3.96642639047	549722.25985	1000749.33158	549727.289281	18.6332862714	59376268.021226406	-329649.4656020432	1000889.2415779377	-329649.46556009876	-3.9656940743269318	549625.7940047996	1000889.2414186734	549625.7938469239	18.630016482562407	59411934.349	0.0002499687552074404	0.0	0.0	0.0	-7.447229599265134e-05	0.0	0.0	0.0	-6.532301050134713e-05	0.000213309687571
20	5.0	nan	nan	1	1	5.0	5.0	5.0	1.0005	-8.83945882089e-22	1.11708550989e-19	1.56802424867e-21	0.999851033507	-5.5675006715e-20	2.65201859203e-21	3.27765147845e-21	0.99986933373	118783192.437	-659629.985921	2002870.24406	-659202.11851	-216.524916603	1099321.72764	2001607.73182	1099341.84752	-202.871939664	118816415.0866913	-659386.4953269563	2002167.5652858966	-659386.4917416811	-216.44499030841945	1098936.0461180871	2002167.564496066	1098936.0451683437	-202.80076490553233	118887945.92	0.0004998750416509929	0.0	0.0	0.0	-0.00014897758961004973	0.0	0.0	0.0	-0.0001306748075808057	0.000426598390707
30	7.5	nan	nan	1	1	5.0	5.0	5.0	1.00075	2.28244980398e-21	4.5882081359e-19	-1.39896921098e-21	0.999769274799	4.10654784454e-20	9.5004795279e-21	-5.736756042e-21	0.999802757957	173281960.869	-1016665.12213	3016122.97598	-1015668.59412	-2106.24792202	1683114.02437	3013268.21663	1683170.41812	728.722651127	173356143.73084846	-1016103.6130864944	3014558.113572396	-1016103.4068530946	-2105.084631148369	1682240.770233672	3014558.211611045	1682240.7949914369	728.3445661843766	173468847.71	0.0007497188905459742	0.0	0.0	0.0	-0.00023075182215358516	0.0	0.0	0.0	-0.00019726149776976126	0.000642774589165
40	10.0	nan	nan	1	1	5.0	5.0	5.0	1.001	-1.92309152661e-21	-4.56903240909e-19	-7.05957293783e-21	0.999641687523	-9.47618594417e-20	-3.18867786382e-21	-1.24937230473e-20	0.999720977259	194221889.89	-1436996.70868	3437889.99816	-1435047.03262	1879.6953236	2466110.08319	3433497.02755	2466305.71747	2261.7211784	194345733.84047714	-1435961.8135336514	3435686.591990355	-1435962.0782605342	1878.3416061173793	2464529.508426051	3435686.3679795684	2464529.535380644	2260.271600199077	194497504.989	0.0009995003330834232	0.0	0.0	0.0	-0.00035837668625427404	0.0	0.0	0.0	-0.0002790616750872757	0.000880005262532
50	12.5	nan	nan	1	1	5.0	5.0	5.0	1.00125	-1.88200132968e-20	-2.16091422452e-19	-3.89767504635e-21	0.999500238841	4.11196329262e-19	1.73857855122e-21	-6.93777059264e-21	0.999632397574	204273851.676	-1697128.58428	3584019.56483	-1694162.47858	1427.73133108	2792437.96305	3578229.15234	2792807.17429	1129.80501337	204451147.59591773	-1695633.1408586828	3581334.9455163726	-1695632.8972981353	1426.4732699959743	2790346.2800242496	3581334.8138039396	2790346.261690634	1128.958729943065	204622117.044	0.0012492194004318981	0.0	0.0	0.0	-0.0004998860812305761	0.0	0.0	0.0	-0.0003676700083345747	0.00112459201848
60	15.0	nan	nan	1	1	5.0	5.0	5.0	1.0015	-1.79651221337e-20	-5.31809615254e-19	-8.5102409371e-21	0.999356564804	6.31818284552e-19	1.022741619e-20	2.26068461411e-21	0.99954108308	211718453.072	-1969462.40793	3640345.32757	-1965247.66469	833.85797916	2968344.11968	3633225.00143	2968891.85934	984.111127179	211952036.26176733	-1967415.5192419935	3637233.312016884	-1967415.8687909667	832.991339381515	2965806.57660751	3637233.4393940154	2965806.2502223398	983.2698418452759	212134319.035	0.0014988761237359487	0.0	0.0	0.0	-0.0006436422892642959	0.0	0.0	0.0	-0.00045902225459729096	0.00137095552786
70	17.5	nan	nan	1	1	5.0	5.0	5.0	1.00175	1.65787674271e-20	1.05424127711e-18	-1.23022436602e-20	0.99921180947	-6.11944443155e-19	8.41821709395e-21	-3.96200901849e-20	0.999448202755	217780163.333	-2203573.08306	3644117.62668	-2197990.41614	-4314.21434102	3093421.00199	3635744.53552	3094152.48386	-3682.43794823	218072282.68156525	-2200938.0383640537	3640621.06449382	-2200938.689842659	-4309.055380010778	3090452.837948778	3640621.340225311	3090452.479465445	-3678.9046173659067	218266373.711	0.001748470534116803	0.0	0.0	0.0	-0.0007885013154719758	0.0	0.0	0.0	-0.0005519495411265236	0.00161823741083
80	20.0	nan	nan	1	1	5.0	5.0	5.0	1.002	-1.03769807845e-21	-1.23086853292e-18	-7.88716714069e-21	0.999066820207	-7.58350810385e-19	1.60049108771e-20	-2.11785120183e-20	0.999354061533	223013871.927	-2360498.52186	3607346.05498	-2353589.25955	6675.68151881	3231968.60082	3597820.18529	3232897.83999	6453.89925186	223366459.3415149	-2357309.6249294435	3603508.484754971	-2357310.310373809	6666.663059316139	3228530.3649863144	3603508.3790604584	3228530.382055468	6447.0334587736725	223554339.741	0.001998002662673058	0.0	0.0	0.0	-0.0009336154763313794	0.0	0.0	0.0	-0.000646147175131495	0.0018659850721
90	22.5	nan	nan	1	1	5.0	5.0	5.0	1.00225	2.64515816282e-20	-3.90741716601e-19	-1.71743374681e-20	0.998921877708	-1.93260343157e-18	-5.02719017279e-21	8.45254508937e-21	0.999258846009	227711383.851	-2455763.54069	3564609.50074	-2447610.27379	-2040.09920274	3375578.41238	3553971.32815	3376716.97838	-1388.32174711	228126226.19853386	-2452067.8369800686	3560445.7305985685	-2452069.3059852957	-2037.0290365504407	3371635.4467899096	3560445.9179746457	3371635.322407177	-1386.7000680351625	228325487.287	0.00224747254047937	0.0	0.0	0.0	-0.0010787038838939497	0.0	0.0	0.0	-0.0007414287814022999	0.00211401330873
100	25.0	nan	nan	1	1	5.0	5.0	5.0	1.0025	-1.73587987447e-20	1.30208071865e-18	1.16264370997e-20	0.998777154984	5.74644232697e-19	-5.66101731716e-21	1.39677718236e-20	0.999162856213	232067556.487	-2505984.74576	3533987.47144	-2496679.99217	-617.264715817	3510397.19752	3522223.66883	3511752.73973	86.8402150155	232546361.3304817	-2501829.7985138525	3529490.55503649	-2501831.175260695	-616.2412848741452	3505930.2991883173	3529490.7671611537	3505930.2193017416	86.72971287293628	232746551.695	0.002496880198587146	0.0	0.0	0.0	-0.0012235933010532214	0.0	0.0	0.0	-0.000837494387542373	0.00236215764424
110	27.5	nan	nan	1	1	5.0	5.0	5.0	1.00275	3.24089363998e-20	-6.86306377561e-19	-1.30115510355e-21	0.998632674301	8.08281138219e-19	-1.43553059406e-20	2.06737250495e-20	0.999066207184	236169209.731	-2526345.66412	3516011.21258	-2515973.44166	-298.405373991	3630590.41678	3503094.34261	3632166.78825	169.686474958	236713613.57426336	-2521772.0792879774	3511169.611101495	-2521773.1206814456	-297.86515405527626	3625591.0379763045	3511169.4766446324	3625591.273598127	169.45281407401322	236915307.5	0.0027462256680252286	0.0	0.0	0.0	-0.001368261341767091	0.0	0.0	0.0	-0.0009342290721148908	0.00261036968259
120	30.0	nan	nan	1	1	5.0	5.0	5.0	1.003	1.45807126575e-20	-7.356605224e-19	2.32479111158e-21	0.998488466155	-6.01817736205e-19	1.44905499707e-20	-3.55654576173e-20	0.998968993141	240075531.562	-2527990.62733	3510083.46485	-2516620.67803	-124.351792354	3736974.41351	3495976.55339	3738772.93136	411.095474499	240687113.2571633	-2523030.6011673347	3504882.4591776407	-2523031.6568179615	-124.10780879774136	3731437.216085278	3504882.3975335592	3731437.2983258707	410.48634086552323	240889887.902	0.002995508979798371	0.0	0.0	0.0	-0.001512677364740549	0.0	0.0	0.0	-0.0010315387121661804	0.0028586069503
130	32.5	nan	nan	1	1	5.0	5.0	5.0	1.00325	2.85890163311e-20	2.84647738031e-19	-1.14332904267e-20	0.9983445192	-1.06013111326e-18	-1.06334067744e-21	8.91580759143e-20	0.99887130359	243826502.692	-2518196.85919	3514516.43648	-2505884.93222	-115.86825602	3832801.32618	3499177.17629	3834823.87598	364.50886276	244506796.07174924	-2512875.5052485685	3508940.243086149	-2512876.530389113	-115.62340780704218	3826720.13640005	3508940.130855307	3826720.2779341717	363.9305266078559	244710697.757	0.0032447301648890294	0.0	0.0	0.0	-0.0016568526225661372	0.0	0.0	0.0	-0.0011293338675021315	0.00310684641893
140	35.0	nan	nan	1	1	5.0	5.0	5.0	1.0035	1.04212349472e-20	9.98173320828e-19	-1.86074278794e-21	0.998200847405	1.09055967588e-18	2.29418542892e-20	-6.29765687561e-20	0.998773178709	247448987.447	-2502854.29363	3526062.99019	-2489638.25761	-111.709281508	3919685.00734	3509453.91716	3921932.67904	328.710023222	248199484.77092507	-2497188.4606028963	3520098.006806899	-2497189.1749491873	-111.4563997728452	3913054.1399956495	3520097.8716996447	3913054.409234387	328.15394982460646	248404403.267	0.003493889254255838	0.0	0.0	0.0	-0.0018007730139089494	0.0	0.0	0.0	-0.0012275744522995235	0.00335506994983
150	37.5	nan	nan	1	1	5.0	5.0	5.0	1.00375	-7.28497965475e-21	-2.7615300673e-19	5.07640741924e-21	0.998057432657	1.20123142706e-18	7.81602960801e-21	3.24453323468e-20	0.998674675279	250962209.091	-2484422.18928	3542169.56808	-2470333.00877	-97.517696196	3999048.3353	3524259.0335	4001521.78365	293.465685346	251784364.992161	-2478425.1308272877	3535804.5964032165	-2478425.856168616	-97.28230169389138	3991862.392081005	3535804.558111482	3991862.6523880516	292.9383529471879	251990189.514	0.003742986278834297	0.0	0.0	0.0	-0.0019444565739766973	0.0	0.0	0.0	-0.0013262037405514441	0.00360326796804
160	40.0	nan	nan	1	1	5.0	5.0	5.0	1.004	1.3985969797e-20	-1.92110505237e-18	-1.21703083525e-20	0.997914253169	-5.30351838671e-19	-9.19369891822e-21	-8.73221485448e-20	0.998575843299	254380467.104	-2464826.82631	3560957.6319	-2449886.85148	-75.3661539034	4073004.96805	3541719.36847	4075705.55084	253.757582572	255275701.91309217	-2458508.0998984794	3554183.6770423786	-2458508.676939914	-75.17294840023213	4065256.9534313264	3554183.6527713337	4065257.243464091	253.27486343102385	255482380.847	0.003992021269537457	0.0	0.0	0.0	-0.0020879250302300125	0.0	0.0	0.0	-0.0014251717760191613	0.00385143463535
170	42.5	nan	nan	1	1	5.0	5.0	5.0	1.00425	-4.94687093531e-20	1.8151945011e-18	2.41784893049e-20	0.997771283766	1.07725646613e-18	-3.73703657139e-20	5.52465659318e-20	0.998476729319	257714566.333	-2445259.77486	3581325.6847	-2429485.28431	-60.7779097628	4143390.19575	3560737.23683	4146319.85484	215.905933833	258684268.1049697	-2438626.0890273694	3574135.197613409	-2438626.7007952663	-60.613026848074014	4135071.211016349	3574135.2114078547	4135071.4044457343	215.47244384470412	258891813.26	0.004240994257254614	0.0	0.0	0.0	-0.002231203518346826	0.0	0.0	0.0	-0.001524432037306969	0.00409956665273
180	45.0	nan	nan	1	1	5.0	5.0	5.0	1.0045	-1.20627748729e-20	3.16739037075e-19	-6.55127045142e-21	0.997628500214	-6.32167637499e-19	-1.93849776552e-20	-1.35725449269e-19	0.998377374696	260972703.703	-2426092.17581	3603152.76136	-2409496.41265	-50.7194869054	4211366.07593	3581190.78306	4214527.50008	198.468113227	262018229.02488235	-2419149.041747445	3595538.0285762246	-2419149.4893000284	-50.57433487833648	4202465.973867506	3595537.9756707717	4202466.116042268	198.04868009484616	262226688.941	0.004489905272852001	0.0	0.0	0.0	-0.0023743162453202056	0.0	0.0	0.0	-0.0016239431862507337	0.00434766194534
190	47.5	nan	nan	1	1	5.0	5.0	5.0	1.00475	-2.53555673166e-20	3.3254947779e-18	-1.24134994526e-20	0.997485885641	-3.9170261613e-19	-3.50848656814e-20	1.79791842041e-19	0.998277808799	264161115.896	-2407861.0142	3625637.80572	-2390453.13576	-39.1225814919	4276993.00444	3602282.87343	4280388.7678	174.378204029	265283790.47060534	-2400612.057874756	3617592.4840756096	-2400612.4695748976	-39.00480148595732	4267502.319976913	3617592.436984874	4267502.4961049715	173.99125728628655	265493197.936	0.00473875434717347	0.0	0.0	0.0	-0.0025172800515606826	0.0	0.0	0.0	-0.001723675877109162	0.0045957189544
200	50.0	nan	nan	1	1	5.0	5.0	5.0	1.005	-4.55445645272e-21	-1.59959731906e-18	2.97131547835e-20	0.997343419568	-1.74538655786e-18	-3.60650747073e-21	-4.215891428e-20	0.998178063036	267284997.841	-2391179.20349	3648848.53712	-2372962.35519	-28.0013908273	4340581.3026	3624080.02633	4344213.97113	157.876537309	268486118.0858418	-2383625.6051406316	3640365.986856948	-2383625.9283351027	-27.91293603511791	4330490.667514547	3640365.8482942437	4330490.847646099	157.50951860448072	268696524.108	0.004987541511038968	0.0	0.0	0.0	-0.0026601154038082084	0.0	0.0	0.0	-0.0018235987098541772	0.00484373702321
210	100.0	nan	nan	1	1	5.0	5.0	5.0	1.01	1.95380060685e-19	1.67289007083e-19	5.83691727442e-20	0.994515034579	8.58646563055e-20	1.04754152774e-20	2.2594603868e-19	0.996162503201	319555903.457	-2281454.55347	4142030.86122	-2246468.18218	1133.43404517	5333952.42342	4085282.39794	5342787.66685	-1877.85301434	322556131.47172743	-2267567.678231482	4123638.670187947	-2267559.6929343212	1126.535000368768	5310267.647711079	4123638.0614272864	5310266.911333485	-1869.5146333556318	322790540.662	0.009950330853168092	0.0	0.0	0.0	-0.005500063075886523	0.0	0.0	0.0	-0.003844878881705833	0.00979526097331
220	150.0	nan	nan	1	1	5.0	5.0	5.0	1.015	-5.648650967e-20	-3.25139883376e-18	5.150357366e-20	0.991709404466	-1.88954149455e-18	9.75378291098e-20	2.02162941708e-19	0.994137385496	359195933.578	-2340613.40629	4590819.72625	-2286911.3305	-2896.39556685	6097131.30601	4496460.53386	6112057.24606	-1889.02704523	364334731.22176707	-2319622.1106137196	4560786.737914576	-2319628.7792740287	-2870.4198565614906	6057244.077952252	4560788.658531471	6057242.554963379	-1876.6690937969904	364595859.603	0.014888612493750559	0.0	0.0	0.0	-0.008325153658658442	0.0	0.0	0.0	-0.005879867091637699	0.0147285671753
230	200.0	nan	nan	1	1	5.0	5.0	5.0	1.02	1.05822870125e-19	6.29322980497e-18	-2.60793503526e-20	0.988919531317	1.63178002156e-18	-1.0068442416e-19	-9.99035656617e-20	0.992116715986	390095777.305	-2389594.49925	4980526.88782	-2316795.57237	-5576.96056724	6745378.7881	4844376.0042	6767183.60132	-3014.41504817	397601054.735439	-2361354.936771489	4937580.200645803	-2361369.7373106643	-5511.053600000068	6687213.923376059	4937579.745445462	6687210.909646577	-2988.421986993372	397886920.825	0.01980262729617973	0.0	0.0	0.0	-0.011142314353147977	0.0	0.0	0.0	-0.007914521374383709	0.0196426315934
240	250.0	nan	nan	1	1	5.0	5.0	5.0	1.025	2.97742007127e-19	4.82820691336e-18	-1.32070965323e-19	0.986145043736	-4.62417826578e-18	7.10713582306e-20	5.52166219936e-19	0.990104786496	414618139.061	-2425339.04315	5326823.5562	-2333418.60098	-3247.9185995	7291314.02238	5145476.41745	7320580.67665	-2419.85239986	424645319.57407296	-2389832.3335204106	5269915.4789143605	-2389850.308424296	-3200.3694112994385	7213418.695545583	5269915.307124193	7213408.142096562	-2394.000380182942	424950083.088	0.024692612590371414	0.0	0.0	0.0	-0.0139518320175855	0.0	0.0	0.0	-0.009944496509227699	0.0245365086881
250	300.0	nan	nan	1	1	5.0	5.0	5.0	1.03	-1.51473313771e-19	1.26417549795e-17	-9.34647917736e-20	0.983387235062	-1.6995243172e-18	1.00929269621e-19	-1.26541428364e-18	0.988102867941	434355630.587	-2444996.57316	5637541.52139	-2334338.59229	7512.72318873	7750087.69881	5408227.43731	7787251.33099	7920.83697728	447011534.11804974	-2402364.3263826696	5565804.687873372	-2402354.664725629	7381.727394106944	7651469.045824589	5565808.000103838	7651468.719225113	7820.045566450365	447323596.345	0.02955880224154443	0.0	0.0	0.0	-0.016752304501397943	0.0	0.0	0.0	-0.011968469304913739	0.0294094390329
260	350.0	nan	nan	1	1	5.0	5.0	5.0	1.035	-6.90927422053e-19	-2.47998012066e-18	-1.79372461471e-19	0.980648138283	-2.54395127071e-18	9.80970032039e-20	-5.18026821695e-19	0.986110491603	450424608.851	-2434473.21879	5920110.04099	-2306623.11755	7033.43097614	8150689.04102	5640474.06685	8196094.44795	7566.52895878	465782666.1290337	-2385278.381588517	5832788.397576549	-2385271.6843957077	6891.30228514906	8030466.349704139	5832796.426889174	8030471.129959555	7454.922630681127	466110939.791	0.03440142671733232	0.0	0.0	0.0	-0.019541560328466254	0.0	0.0	0.0	-0.01398687020851445	0.0342608546081
270	400.0	nan	nan	1	1	5.0	5.0	5.0	1.04	2.38228016415e-20	3.14716415041e-18	-1.01246906976e-19	0.977929034761	-8.31622414761e-18	3.89502806839e-20	1.10357805115e-18	0.984127411114	463636273.584	-2407580.65729	6177102.12007	-2263831.95621	-4192.69313447	8518296.19569	5845250.38642	8572286.33703	-7664.15173479	481746687.99733573	-2352318.7903280747	6073570.840188481	-2352261.0486366684	-4096.457085427353	8375525.347741049	6073575.720047284	8375524.269814479	-7535.696769518996	482102881.26	0.03922071315328133	0.0	0.0	0.0	-0.022318173174109283	0.0	0.0	0.0	-0.015999907472632215	0.0390904135853
280	450.0	nan	nan	1	1	5.0	5.0	5.0	1.045	2.4956369953e-19	3.95032343798e-18	-2.22968188475e-19	0.975231079823	-9.61768419646e-18	-1.9436097417e-19	3.07353845845e-19	0.982153307954	474600492.401	-2358961.12611	6420200.58381	-2201431.26113	7721.09885674	8853204.21213	6034092.35809	8916043.60854	5762.74846946	495497385.54609746	-2298397.866979005	6299771.144702632	-2298361.3624819424	7522.869684728129	8687136.749960916	6299776.412897335	8687135.784027556	5654.651447126463	495855258.928	0.04401688541677426	0.0	0.0	0.0	-0.02508083111885925	0.0	0.0	0.0	-0.018007864733401248	0.0438978382538
290	500.0	nan	nan	1	1	5.0	5.0	5.0	1.05	1.62577386314e-19	1.50569370797e-17	6.47715506854e-20	0.972554032049	-8.15003996948e-18	-5.94723008091e-19	8.57991436009e-19	0.980188679041	483740752.628	-2300667.1194	6651590.62596	-2130940.39806	6700.94442297	9155395.86829	6209347.06067	9227268.93351	4477.29803761	507445324.1502363	-2235397.724068248	6513620.84413304	-2235362.092533777	6510.840175836169	8965491.221188372	6513621.428100088	8965493.442925025	4384.428246283337	507817527.259	0.04879016416943205	0.0	0.0	0.0	-0.02782964508537499	0.0	0.0	0.0	-0.020010196215297777	0.0486831673852
300	550.0	nan	nan	1	1	5.0	5.0	5.0	1.055	5.16094527784e-20	-3.09494059875e-17	2.4987471944e-19	0.969898490082	-4.27300783571e-18	-2.33198758291e-19	2.32695832479e-19	0.978233248907	491414123.221	-2243280.19535	6858551.29272	-2062288.4444	7198.44814093	9419439.86132	6359489.95211	9500395.34298	4741.47096359	517939377.92934203	-2173645.131256961	6702759.672758017	-2173605.4043425196	6974.996608346944	9205477.796665449	6702758.659344523	9205487.627042888	4633.768708274879	518322644.912	0.05354076692802976	0.0	0.0	0.0	-0.03056386236083881	0.0	0.0	0.0	-0.02200714156799681	0.0534463232634
310	600.0	nan	nan	1	1	5.0	5.0	5.0	1.06	8.99972506458e-21	1.51031533149e-17	6.44327375065e-19	0.967264942444	-1.16104346704e-17	2.31054706143e-19	9.08654594167e-19	0.976286589125	497875926.996	-2177908.86504	7045170.49756	-1987335.36946	6351.92658469	9670249.59824	6488784.18009	9760449.25791	3831.50026552	527227866.7531348	-2104536.7493946487	6871320.328281049	-2104497.386899903	6137.93494370628	9431621.657268807	6871326.078631283	9431627.04537504	3736.952238615098	527622797.111	0.058268908123975824	0.0	0.0	0.0	-0.03328283714244713	0.0	0.0	0.0	-0.0239990992732088	0.0581873122697
320	650.0	nan	nan	1	1	5.0	5.0	5.0	1.065	-5.82864546829e-20	-4.20474831253e-17	-1.07784942538e-19	0.964653232303	7.5624888241e-18	5.08166828793e-19	-1.53670305478e-18	0.974348831028	503319149.393	-2101103.49688	7206375.3382	-1903070.41268	6503.07049941	9913611.30541	6592983.99442	10013250.7658	3829.63244793	535497887.21406114	-2024805.7681140306	7014489.131165781	-2024739.544360171	6266.923393926341	9649638.755808963	7014493.693923288	9649637.887077404	3727.6597348417454	535902873.76	0.06297479916138839	0.0	0.0	0.0	-0.03598658698668267	0.0	0.0	0.0	-0.02598589671818468	0.0629062356308
330	700.0	nan	nan	1	1	5.0	5.0	5.0	1.07	4.72035579637e-19	4.81194785124e-17	7.26992496761e-19	0.96206295876	9.20579891622e-18	3.50301063249e-19	6.69592779694e-19	0.972420245677	507894156.908	-2029734.24007	7355184.11745	-1824930.52875	-5629.784948	10144109.1199	6684420.46137	10253287.1877	-4746.3314476	542894860.7244202	-1950749.0679559333	7145066.531762115	-1950692.6625598827	-5410.707236098263	9854319.53976277	7145066.478991362	9854290.29575837	-4610.741680067435	543319578.386	0.06765864847381486	0.0	0.0	0.0	-0.03867538476144053	0.0	0.0	0.0	-0.027967216439137615	0.0676032503052
340	750.0	nan	nan	1	1	5.0	5.0	5.0	1.075	5.1171377926e-19	8.67455705706e-18	2.39445626277e-19	0.959493360351	1.08567289961e-17	2.46777755227e-19	1.4423382905e-18	0.970501545095	511737574.479	-1960621.11559	7489728.45081	-1749852.08048	5685.27927087	10360706.9576	6761657.56299	10479595.7106	4980.95909537	549552390.5792177	-1879269.1316314638	7261320.968410579	-1879157.2906618058	5449.380175238658	10044745.837299615	7261309.826237293	10044766.209192675	4829.0592855998875	549976042.459	0.07232066157962608	0.0	0.0	0.0	-0.04134988346348361	0.0	0.0	0.0	-0.02994228431354537	0.0722785295176
350	800.0	nan	nan	1	1	5.0	5.0	5.0	1.08	-7.50881472851e-19	-1.35429583307e-17	1.36742881422e-19	0.95694385982	9.33125822691e-18	6.59190156311e-19	-1.23216824046e-19	0.968593057887	514953034.523	-1891581.28472	7612054.91195	-1675962.72172	5921.66772789	10556426.649	6826821.05404	10684954.8819	4973.19997361	555571308.8065263	-1808255.9422213528	7365321.298860786	-1808158.6870915717	5660.81454881952	10214255.537710447	7365304.510719511	10214275.914885003	4812.000979081253	556002883.821	0.0769610411361284	0.0	0.0	0.0	-0.04401055192493073	0.0	0.0	0.0	-0.03191071620057587	0.0769322817633
360	850.0	nan	nan	1	1	5.0	5.0	5.0	1.085	-6.11676901926e-19	1.37907419376e-16	4.77607468243e-19	0.954414695368	5.62561233258e-18	4.39226287821e-19	-2.88202960303e-19	0.966694359904	517633425.533	-1816889.53418	7723792.36246	-1598088.35343	6260.74720838	10725416.6358	6881586.42207	10863428.3515	4166.39134264	561042821.7739432	-1732246.1323047457	7458710.215549621	-1732106.071645641	5969.077884500414	10357318.124744138	7458684.996132016	10357333.999366457	4023.3999324431484	561481221.507	0.08157998699242285	0.0	0.0	0.0	-0.04665701082325727	0.0	0.0	0.0	-0.033872903909480806	0.081564604273
370	900.0	nan	nan	1	1	5.0	5.0	5.0	1.09	-3.76982601087e-19	-8.68636257876e-18	4.04789104559e-19	0.951905719143	-7.78725034014e-18	3.49996660783e-19	6.91920038788e-19	0.964805370297	519850290.008	-1748696.17409	7823667.09665	-1526979.18449	2405.85101675	10868086.241	6925055.38604	11015371.186	-2025.09280314	566036767.7020041	-1662831.1429303812	7540322.629767128	-1662644.7624443194	2287.718161209049	10474484.102264855	7540316.9762800615	10474490.95526875	-1951.7513849015097	566485163.32	0.08617769624105241	0.0	0.0	0.0	-0.04928928360866817	0.0	0.0	0.0	-0.03582888679647364	0.0861756490695
380	950.0	nan	nan	1	1	5.0	5.0	5.0	1.095	-5.55256566705e-19	-3.05056004278e-17	-5.26655969845e-19	0.949416853182	4.18783346162e-18	5.81818990535e-19	-3.4531680375e-18	0.962925928267	521661902.27	-1679595.88397	7909637.3263	-1456146.11134	653.589231333	10977448.3169	6955611.14817	11133652.7544	-1361.34346872	570609901.0831964	-1592934.0716454287	7608262.96601909	-1592777.5920357488	619.8661031426747	10559183.69520589	7608262.309284436	10559191.63866533	-1309.4733259963093	571062002.41	0.09075436326846412	0.0	0.0	0.0	-0.051907321619482104	0.0	0.0	0.0	-0.03777878782976342	0.0907655621592
390	1000.0	nan	nan	1	1	5.0	5.0	5.0	1.1	-3.59671365228e-19	8.89514825933e-17	2.93695439571e-19	0.946947928718	5.49628760689e-18	3.58665513603e-20	1.5296620934e-18	0.961055934848	523119785.3	-1609863.32621	7978561.31995	-1385717.69262	-762.995674511	11059931.5967	6970772.18284	11224708.0834	-3052.51488333	574812736.7417858	-1522816.791062043	7659594.940358029	-1522649.6906241456	-721.7399177533645	10617778.406611292	7659600.627271041	10617779.575371003	-2930.481651780854	575267727.087	0.09531017980432493	0.0	0.0	0.0	-0.05451117282207264	0.0	0.0	0.0	-0.039722666869051126	0.0953345073259
400	1050.0	nan	nan	1	1	5.0	5.0	5.0	1.105	-5.86226208839e-19	9.32703447726e-17	5.63687191508e-19	0.944498530292	-1.301205727e-17	1.26591720945e-19	-1.12546855888e-18	0.959195535009	524262929.439	-1542842.11546	8041928.10267	-1318619.17571	-8570.10318142	11121727.3972	6980815.10106	11294765.3635	-6899.68165252	578682987.5905259	-1455633.5570807105	7705425.424634217	-1455495.7851216984	-8085.681388597511	10656355.03801425	7705444.561608073	10656333.086656505	-6610.974600675507	579143898.426	0.09984533496971612	0.0	0.0	0.0	-0.057101148111661455	0.0	0.0	0.0	-0.04166033019105117	0.0998826763784
410	1100.0	nan	nan	1	1	5.0	5.0	5.0	1.11	5.81276360053e-19	-1.83513393792e-17	7.74280758019e-19	0.942068589257	-1.54415628297e-17	1.0098220918e-19	-3.6405476073e-18	0.957344549011	525129308.457	-1476758.85629	8103482.618	-1253192.06216	-6878.93236635	11170700.7276	6989065.93775	11351843.1968	-7194.5062536	582258001.3429012	-1389691.2928782532	7749366.526219466	-1389526.5292963935	-6473.360476626101	10682549.512797495	7749404.763039024	10682554.96252413	-6880.111744854338	582718163.504	0.10436001532424286	0.0	0.0	0.0	-0.05967719468173169	0.0	0.0	0.0	-0.043591922010020226	0.104410214511
420	1150.0	nan	nan	1	1	5.0	5.0	5.0	1.115	3.32619250475e-19	5.33648226825e-17	6.0343156558e-19	0.939658096243	-4.4366824771e-18	5.08696224385e-19	3.59766656434e-18	0.955502709166	525749304.9	-1420175.74472	8164032.20469	-1196742.30372	-8630.84849512	11212508.0696	6996229.32985	11401560.4071	-6132.48240302	585567445.6879255	-1333015.8117411886	7792198.041581014	-1332903.9665954364	-8101.150548100652	10701829.834889289	7792238.810294643	10701816.558754927	-5853.176000872549	586027711.043	0.10885440491208208	0.0	0.0	0.0	-0.06223919728400643	0.0	0.0	0.0	-0.04551767996726246	0.10891726773
430	1200.0	nan	nan	1	1	5.0	5.0	5.0	1.12	-1.45292620234e-19	-9.02042443223e-18	-1.73377056391e-20	0.937266964722	-2.04407777542e-17	-7.99625571988e-19	-5.01681732791e-19	0.95366985995	526149239.984	-1374541.07932	8212472.67923	-1150370.15534	8581.23682069	11246667.0043	6992853.69468	11443479.7571	8373.34159779	588637031.2146986	-1286890.6446154995	7823347.208598707	-1286993.1600735965	8034.036632240078	10713774.565930026	7823355.667453487	10713762.769857844	7976.593795116981	589081545.96	0.11332868530700327	0.0	0.0	0.0	-0.06478712299965377	0.0	0.0	0.0	-0.04743772617861933	0.113403979747
440	1250.0	nan	nan	1	1	5.0	5.0	5.0	1.125	9.22207121323e-19	2.3553365755e-17	-4.84396966711e-19	0.934894930926	1.05020240233e-17	1.22704633811e-18	1.69753343564e-18	0.951845800618	526333383.475	-1331091.22151	8251274.19793	-1106020.67112	-11909.4072015	11277114.3727	6981297.60007	11481577.9806	-12177.211626	591468354.5524455	-1243050.2883235635	7845230.208330335	-1242893.2820663655	-11121.696106442185	10722169.233170934	7845249.292173143	10722164.332962723	-11577.97283303138	591931088.54	0.11778303565638346	0.0	0.0	0.0	-0.06732112934898377	0.0	0.0	0.0	-0.04935223145075614	0.117870579408
450	1300.0	nan	nan	1	1	5.0	5.0	5.0	1.13	-1.1231127485e-19	1.56169052672e-17	3.4688646168e-19	0.932541577336	-8.69049186438e-19	3.34578014165e-20	-1.3490323174e-18	0.950030927883	526352495.297	-1284885.41755	8278239.20717	-1060297.63356	-4896.53903363	11303913.8081	6959821.37185	11515910.2375	-4987.38421022	594115302.3323562	-1196873.3941414636	7855816.386764349	-1196800.7271806153	-4561.136123641046	10727096.560743315	7855831.24514813	10727093.937190475	-4732.887468605808	594569731.055	0.12221763272424911	0.0	0.0	0.0	-0.06984154150263902	0.0	0.0	0.0	-0.05126073925115915	0.122317181641
460	1350.0	nan	nan	1	1	5.0	5.0	5.0	1.135	-6.42686248729e-19	-1.24831427662e-16	2.09799473123e-19	0.930206388356	1.36315328307e-17	-1.49924831664e-19	-3.29151709347e-19	0.948225384249	526213826.257	-1242140.5316	8294138.57275	-1018076.81638	2615.33400156	11323162.4034	6929335.84441	11542438.4533	4517.90712973	596583667.8381703	-1154152.7597974376	7855902.91443588	-1154222.810102206	2430.0752442274957	10724882.848925855	7855986.269204631	10724822.881762456	4279.195419305458	597027873.349	0.126632650933366	0.0	0.0	0.0	-0.07234879449265304	0.0	0.0	0.0	-0.05316305788637661	0.126744015877
470	1400.0	nan	nan	1	1	5.0	5.0	5.0	1.14	-6.74052937557e-19	4.68677623397e-17	3.85664688797e-19	0.927889197215	-4.97605386732e-19	-7.05287277487e-19	-3.73525647871e-18	0.94642897361	525923220.38	-1196373.36936	8296460.04031	-973815.205775	-6579.5327321	11331492.9688	6887759.07968	11557851.9149	-5351.61260985	598877780.6637802	-1108852.7013253213	7843174.107890209	-1108900.0572931392	-6098.207156976688	10712384.779148685	7843209.258577974	10712337.507320814	-5059.221553903406	599327771.735	0.131028262406404	0.0	0.0	0.0	-0.07484295287743158	0.0	0.0	0.0	-0.05505935223670212	0.13115126844
480	1450.0	nan	nan	1	1	5.0	5.0	5.0	1.145	-5.14969562151e-19	-7.76655891343e-17	1.30681301894e-19	0.925589838622	3.27449040774e-17	1.37642853929e-20	1.07178784585e-18	0.9446417509	525509743.938	-1143724.17189	8300191.76148	-924645.158975	8924.79512308	11334980.0195	6847861.45671	11568237.6442	8491.86558874	601028489.331037	-1057422.8152527036	7831844.594373056	-1057521.9384163648	8251.361837536584	10695391.690229878	7831938.178029722	10695339.591387736	8012.703021629616	601461563.807	0.13540463700620298	0.0	0.0	0.0	-0.07732408131548034	0.0	0.0	0.0	-0.05694952294152451	0.135539049787
490	1500.0	nan	nan	1	1	5.0	5.0	5.0	1.15	-1.21043655141e-18	2.59943823601e-17	4.34369083264e-20	0.923308056135	3.72364683338e-17	5.32783723823e-19	3.92851233959e-18	0.942863487707	524965863.467	-1095847.80111	8312341.40051	-879922.158724	-4394.12729875	11333666.3056	6815221.33787	11573646.1377	-1837.24933312	603025421.3954827	-1010656.5200837665	7828506.324554771	-1010761.7799287969	-4052.527549958115	10673969.472468875	7828607.544175843	10673910.116314303	-1730.308866191551	603466543.017	0.13976194237515863	0.0	0.0	0.0	-0.07979234487066791	0.0	0.0	0.0	-0.05883377065936282	0.139907591817
500	1550.0	nan	nan	1	1	5.0	5.0	5.0	1.155	2.02120590061e-18	4.29562171288e-17	-4.78308917403e-19	0.921043497402	5.53661894833e-17	-7.44647839755e-19	5.15393078625e-18	0.941094400967	524323949.827	-1049520.64912	8314922.9644	-836926.63615	-11023.3794736	11327688.7726	6775097.27632	11574212.6845	-7935.64639625	604903873.2053639	-965552.3247724067	7816207.944523282	-965548.4247151229	-10141.43903362618	10648273.153769655	7816317.72712519	10648202.085685188	-7459.67974362011	605347484.125	0.14410034397375687	0.0	0.0	0.0	-0.08224801539254693	0.0	0.0	0.0	-0.06071182459104898	0.144257032715
510	1600.0	nan	nan	1	1	5.0	5.0	5.0	1.16	-5.21931114186e-19	4.71008287491e-17	2.35210461541e-19	0.91879598545	2.83531044204e-18	2.79997328627e-19	-3.07110323873e-18	0.939334451391	523596364.317	-1010503.06106	8313649.1718	-800490.428426	-354.465597427	11318586.9901	6732231.92555	11571514.9001	1403.09613764	606676653.3463298	-927383.5609989705	7800359.442903678	-927506.1617105419	-325.30882949391486	10619770.582577718	7800451.287456322	10619693.40592646	1316.4681333518347	607107417.152	0.14842000511827322	0.0	0.0	0.0	-0.08469117751718308	0.0	0.0	0.0	-0.0625836849251183	0.148587513989
520	1650.0	nan	nan	1	1	5.0	5.0	5.0	1.165	1.54869386494e-18	-2.73323238398e-17	1.47304323483e-19	0.916565701107	1.19043201547e-17	5.31830811757e-19	2.02440874394e-19	0.937583049684	522777337.828	-977603.454282	8313629.14371	-769127.881688	-3694.85285425	11301957.3245	6690798.85358	11561051.3362	-1504.54006986	608335840.7711241	-895008.2835147638	7785761.94428511	-895004.4745840229	-3382.6843557447896	10584348.629455283	7785824.769937186	10584288.206753477	-1409.0105075748627	608765761.495	0.15272108701766393	0.0	0.0	0.0	-0.08712152730286166	0.0	0.0	0.0	-0.06444993873150814	0.152899193369
530	1700.0	nan	nan	1	1	5.0	5.0	5.0	1.17	-1.29847503836e-18	8.66660288829e-18	5.3161905352e-19	0.914352442679	-1.71328030752e-17	8.29192315803e-19	1.01474547081e-18	0.935840221914	521884448.899	-952245.155217	8308312.09275	-744264.948288	-7.87320790843	11277334.4262	6645613.32533	11542273.0934	538.442497924	609900542.2901356	-869683.4448771008	7766284.7665053485	-869785.6326741002	-7.1905837889622335	10541610.56821759	7766399.591940562	10541533.10267341	503.3149600765991	610323652.366	0.1570037488096647	0.0	0.0	0.0	-0.08953917717274638	0.0	0.0	0.0	-0.06631052015930776	0.157192201944
540	1750.0	nan	nan	1	1	5.0	5.0	5.0	1.175	5.98217018998e-21	-4.18778912474e-17	9.35865527598e-19	0.912155989052	1.17282828855e-17	-3.24598907256e-19	7.95840393505e-19	0.934105889346	520921241.464	-922075.559006	8307114.62088	-715846.884042	-1939.35478202	11250146.5038	6604132.43726	11520781.8002	511.462045358	611373827.1677275	-840102.9964068397	7750740.957229652	-840146.291467931	-1766.9460464033555	10496661.62817428	7750871.728599321	10496583.730872355	477.2065878398603	611793776.326	0.16126814759612232	0.0	0.0	0.0	-0.09194426290639303	0.0	0.0	0.0	-0.06816547528860924	0.161466709939
550	1800.0	nan	nan	1	1	5.0	5.0	5.0	1.18	-1.13700938279e-18	5.14948386327e-18	-7.96740366011e-20	0.909976193098	-2.85696933919e-17	1.00770450944e-19	3.42129842286e-18	0.932379972691	519893255.25	-891416.668818	8312821.16246	-687479.888829	6499.302126	11227632.7276	6568420.54035	11503990.0542	6431.9026077	612761141.3271849	-810225.312701851	7741701.102109288	-810283.566990638	5907.337479300606	10456254.857721113	7741729.338431903	10456192.109737407	5990.008269581925	613171016.89	0.16551443847757333	0.0	0.0	0.0	-0.0943368412442272	0.0	0.0	0.0	-0.07001485136160092	0.165722856425
560	1850.0	nan	nan	1	1	5.0	5.0	5.0	1.185	1.72821191019e-19	7.3237909691e-17	1.65036428839e-18	0.907812657139	-3.21432195173e-17	4.25766404893e-19	-1.08856968612e-18	0.930662564727	518802308.203	-864914.859966	8319703.31333	-662651.726196	6773.94742535	11209113.6091	6534035.89549	11491189.5367	6314.90646428	614063694.2086208	-784264.872619346	7733805.673124266	-784326.4390458658	6142.302856122504	10419735.314582301	7733801.790462275	10419680.266100485	5870.19243347873	614470369.989	0.16974277458709455	0.0	0.0	0.0	-0.09671724640550416	0.0	0.0	0.0	-0.07185851130599168	0.16996083264
570	1900.0	nan	nan	1	1	5.0	5.0	5.0	1.19	-1.16403502776e-18	8.86940375169e-17	2.71765227171e-19	0.905665126526	-2.6183905982e-18	2.47915955749e-19	-9.09210459539e-19	0.928953663618	517655446.364	-831958.994287	8326971.41798	-633179.364797	-3390.38152079	11199973.2123	6500412.5698	11487852.7576	-2385.65786206	615288914.6285692	-752594.2710213416	7726316.016973801	-752601.4588808279	-3066.9560959671353	10392077.512482084	7726436.228583072	10391969.11275171	-2213.5714926141945	615701607.796	0.17395330712343798	0.0	0.0	0.0	-0.09908565878552167	0.0	0.0	0.0	-0.07369641911083293	0.174180798342
580	1950.0	nan	nan	1	1	5.0	5.0	5.0	1.195	1.41179216484e-18	-7.93439849193e-17	1.25120001199e-18	0.90353328716	-2.3331893109e-17	3.39871970086e-20	1.70200682839e-20	0.927253378615	516459114.263	-804776.431148	8328255.70313	-608440.019767	-9179.94865659	11193772.792	6462307.33542	11487551.0857	-6581.14344468	616443623.4673327	-726288.0847783869	7713331.35531096	-726231.680474723	-8284.645362499148	10367270.379115611	7713385.318972622	10367191.624791251	-6095.218722279551	616858260.73	0.17814618538347404	0.0	0.0	0.0	-0.1014423271714095	0.0	0.0	0.0	-0.07552841892535758	0.17838290393
590	2000.0	nan	nan	1	1	5.0	5.0	5.0	1.2	-8.22151354429e-19	-9.50863569418e-17	-6.89431879506e-19	0.901417196629	1.99330675291e-17	2.7314165571e-19	-1.04767387664e-19	0.925561472253	515227760.974	-783346.803519	8323797.5146	-588465.655381	7644.0865011	11190442.3007	6420215.47191	11490086.0201	9145.43247573	617544343.3534886	-705289.7322351615	7695102.727986027	-705326.1960329016	6882.386827040444	10345230.398078091	7695174.926703228	10345149.371990437	8454.67976235169	617941543.735	0.1823215567939546	0.0	0.0	0.0	-0.10378709121841549	0.0	0.0	0.0	-0.07735472858762397	0.182567248767
600	2050.0	nan	nan	1	1	5.0	5.0	5.0	1.205	7.91975805683e-20	-2.27720599174e-16	-6.32813020938e-19	0.899316448574	-1.6577122992e-17	-9.46638727895e-19	1.48447817962e-18	0.923877923942	513944255.827	-758924.444358	8318566.06491	-566365.071002	-2871.24797973	11182932.4116	6378008.06434	11488256.3495	-1884.11787377	618570052.1021227	-681705.6675705839	7676246.040726229	-681662.3933558633	-2579.1052526163585	10319439.670060763	7676406.022513404	10319353.292912995	-1738.6352715039561	618974330.681	0.18647956694261839	0.0	0.0	0.0	-0.10612030580971982	0.0	0.0	0.0	-0.07917533301455285	0.186734061027
610	2100.0	nan	nan	1	1	5.0	5.0	5.0	1.21	7.38718609124e-19	-3.78780957914e-17	3.32910418051e-19	0.897230817652	-2.97491205966e-18	-1.02305698161e-18	-4.41865324847e-18	0.922202883337	512631556.691	-736502.719944	8317492.45791	-546150.982983	3857.05016863	11169879.2857	6339313.23062	11480662.7563	3889.07753015	619547600.3937087	-660028.2267991856	7661306.961128772	-660057.9432602918	3456.5547614948414	10288662.641962264	7661460.261101524	10288572.297596268	3582.259545756671	619943410.805	0.1906203596086497	0.0	0.0	0.0	-0.10844212822781502	0.0	0.0	0.0	-0.08099003262908028	0.190883439917
620	2150.0	nan	nan	1	1	5.0	5.0	5.0	1.215	-1.97342794842e-18	-5.10448259097e-17	6.42950946525e-19	0.895160063521	-1.46755604952e-17	5.06499232678e-19	2.76858012766e-18	0.920536316464	511294027.695	-716753.619532	8324581.26975	-527889.226767	12184.6641181	11152641.1065	6307146.15983	11468748.2764	15530.3597284	620481867.7853694	-640844.5424271367	7653946.480757518	-640621.0040919005	10894.225419455192	10254175.601412663	7654049.563788614	10254129.928496914	14279.221781404454	620865971.341	0.19474407679251185	0.0	0.0	0.0	-0.11075273477468692	0.0	0.0	0.0	-0.08279882611169588	0.195015546867
630	2200.0	nan	nan	1	1	5.0	5.0	5.0	1.22	2.83173702179e-18	-1.2579127481e-17	1.63678529145e-18	0.893103893514	-2.24761118996e-17	1.37796378651e-18	-9.84411103387e-19	0.918878217282	509916707.101	-692628.12919	8332862.82232	-506941.471179	7016.87177777	11134886.6936	6276258.23613	11456162.8915	8886.74300891	621354291.9509664	-617848.9859354972	7647727.747840213	-617728.8457085564	6259.299802629251	10219366.831241384	7647876.482775335	10219305.75286163	8156.067434006302	621741196.362	0.19885085874516517	0.0	0.0	0.0	-0.11305236275191705	0.0	0.0	0.0	-0.08460168196684834	0.199130556645
640	2250.0	nan	nan	1	1	5.0	5.0	5.0	1.225	1.40173364859e-18	-5.77288158361e-17	-4.46386363203e-19	0.891062150895	-4.93582509628e-17	-2.54745158887e-19	-4.99950609205e-18	0.91722855659	508511994.475	-662947.511037	8338195.66124	-482188.563065	2283.25176257	11119121.732	6243444.56379	11445532.7651	1658.3035614	622179413.3035792	-590018.3087133922	7638850.251769029	-589971.9191072634	2032.0769305111269	10186533.069350807	7639038.4453031	10186438.250329463	1519.2174772767983	622569201.748	0.20294084399669038	0.0	0.0	0.0	-0.11534109985312217	0.0	0.0	0.0	-0.08639859395405597	0.203228593123
650	2300.0	nan	nan	1	1	5.0	5.0	5.0	1.23	3.79894276844e-18	4.47660353695e-17	-6.14840040588e-19	0.889034778441	1.25937652691e-17	-4.80294150873e-20	9.23795308099e-19	0.915587214592	507089382.857	-632733.690921	8342672.73254	-457370.724814	6868.88259162	11102010.269	6210242.88967	11433490.1194	7412.91707932	622968442.8332645	-561844.4935629149	7629241.198028931	-561888.1756695128	6099.317795792534	10152611.380143091	7629395.277015841	10152523.183079453	6778.994477217361	623350983.367	0.20701416938432612	0.0	0.0	0.0	-0.11761892337741497	0.0	0.0	0.0	-0.0881896549680205	0.207309765363
660	2350.0	nan	nan	1	1	5.0	5.0	5.0	1.235	-1.9407642404e-19	1.4181502059e-17	2.96461531539e-19	0.88702171879	-1.70488674041e-17	7.14789928364e-19	-9.55958737293e-18	0.913953931734	505643431.011	-601115.948663	8347497.95704	-431795.371191	5699.54637378	11086914.7581	6177629.93145	11423450.5199	6084.1584627	623714456.6420599	-532558.0915735979	7620002.435501208	-532622.3951618827	5049.507580703148	10120675.427978598	7620146.648253878	10120594.90618175	5553.9159808537415	624095697.211	0.2110709700799406	0.0	0.0	0.0	-0.11988581130152598	0.0	0.0	0.0	-0.0899751117151053	0.211374225516
670	2400.0	nan	nan	1	1	5.0	5.0	5.0	1.24	2.21705579988e-18	-6.21519954168e-17	-1.0037340425e-18	0.885022794832	1.36594385959e-17	5.9477594765e-19	5.64637456596e-18	0.912328695629	504178116.589	-569901.717019	8349662.36904	-406739.903728	2374.95477561	11074179.7341	6143380.9766	11415749.0519	4738.98860674	624422005.6972011	-503763.7872054691	7608390.116084963	-503745.27994431765	2099.337791893697	10091028.344462533	7608545.75982661	10090934.6373853	4318.267312155518	624802965.182	0.2151113796169455	0.0	0.0	0.0	-0.12214187743359323	0.0	0.0	0.0	-0.09175494196666013	0.21542209964
680	2450.0	nan	nan	1	1	5.0	5.0	5.0	1.245	2.35051642863e-19	1.37904428291e-16	-1.72995891565e-18	0.88303775853	3.91844852938e-17	-3.07327376066e-19	-1.26176145405e-18	0.910711584972	502700695.452	-540503.720936	8348248.83735	-383556.207237	8002.15204	11056227.4887	6106842.93204	11402560.8249	8544.67263854	625099786.4532045	-476703.64806186315	7593583.273329255	-476945.6366497953	7057.592616028625	10056765.887079844	7593755.583109126	10056623.353238182	7772.2507424308915	625473866.599	0.219135529916671	0.0	0.0	0.0	-0.12438731765030114	0.0	0.0	0.0	-0.0935290235361623	0.219453515251
690	2500.0	nan	nan	1	1	5.0	5.0	5.0	1.25	-2.35734563177e-18	-3.97499327257e-17	-1.03819769554e-18	0.88106631942	-3.68466478896e-17	-2.83345755746e-19	1.91270627402e-18	0.909102600911	501205343.435	-507559.921295	8346463.55879	-357770.211997	4471.43034559	11035208.0056	6070260.26961	11386268.1883	4183.5572692	625740395.6030786	-446646.98641177063	7578511.060810424	-446665.77665693534	3934.8080985435763	10019865.939594107	7578544.627012774	10019787.141200535	3798.630978838487	626115241.078	0.22314355131420976	0.0	0.0	0.0	-0.12662237844442817	0.0	0.0	0.0	-0.0952973188849268	0.223468641991
700	2550.0	nan	nan	1	1	5.0	5.0	5.0	1.255	-2.38910936729e-18	5.73914055555e-17	9.43118247208e-19	0.879108375963	-2.69574058815e-17	2.09181403769e-18	-3.13156021534e-18	0.907501727346	499704455.766	-480838.300435	8352374.68104	-336881.84868	10136.2087118	11014291.5489	6039680.08893	11369939.8302	9577.22889783	626359031.168935	-422189.92697293014	7570487.112035964	-422267.5742087336	8899.884247876325	9983215.002128178	7570491.168171605	9983135.832266454	8680.6795323282	626726485.305	0.22713557258374711	0.0	0.0	0.0	-0.12884709428619495	0.0	0.0	0.0	-0.09705980943337246	0.227467573421
