inc	time	elem	node	ip	grain	1_pos	2_pos	3_pos	1_f	2_f	3_f	4_f	5_f	6_f	7_f	8_f	9_f	1_p	2_p	3_p	4_p	5_p	6_p	7_p	8_p	9_p	1_Cauchy	2_Cauchy	3_Cauchy	4_Cauchy	5_Cauchy	6_Cauchy	7_Cauchy	8_Cauchy	9_Cauchy	Mises(Cauchy)	1_ln(V)	2_ln(V)	3_ln(V)	4_ln(V)	5_ln(V)	6_ln(V)	7_ln(V)	8_ln(V)	9_ln(V)	Mises(ln(V))
0	0.0	nan	nan	1	1	5.0	5.0	5.0	1.0	0.0	0.0	0.0	1.0	0.0	0.0	0.0	1.0	1.224013874e-05	-2.67665830061e-07	-7.14748032779e-07	-2.67665830061e-07	1.67368977991e-05	-7.36543402061e-08	-7.14748032779e-07	-7.36543402061e-08	1.74672864069e-05	1.224013874e-05	-2.67665830061e-07	-7.14748032779e-07	-2.67665830061e-07	1.67368977991e-05	-7.36543402061e-08	-7.14748032779e-07	-7.36543402061e-08	1.74672864069e-05	5.07961566155e-06	0.0	0.0	0.0	0.0	0.0	0.0	0.0	0.0	0.0	0.0
10	2.5	nan	nan	1	1	5.0	5.0	5.0	1.00025	2.36643448554e-21	2.5444135742e-19	3.77659648419e-23	0.999931554226	-9.3373982852e-20	-2.16783359035e-21	1.50314226937e-22	0.999926361921	56057139.0342	-2367231.02501	114562.764601	-2366477.37902	18.8013076748	342785.672762	114525.696662	342783.8929	18.0171230743	56065104.69771409	-2366813.652779449	114541.97098209227	-2366813.6530939136	18.797992770745992	342723.455734755	114541.97064920384	342723.45584233	18.013852891424044	56218244.8961	0.0002499687552074404	0.0	0.0	0.0	-6.844811651910554e-05	0.0	0.0	0.0	-7.364079041685356e-05	0.000214029803782
20	5.0	nan	nan	1	1	5.0	5.0	5.0	1.0005	-7.31762743956e-21	-3.4662651371e-19	-1.21735136774e-21	0.999863082815	1.23174379341e-19	3.33395145889e-21	2.33445878499e-21	0.999852695712	112158739.04	-4736228.40757	229266.370529	-4733213.32852	-206.06920072	685521.393578	229118.03878	685514.271017	-257.859747821	112190623.76162702	-4734558.897658998	229183.1737466829	-4734558.896334625	-205.99656178805898	685272.6297753385	229183.17293672072	685272.6287710798	-257.76617499887914	112497122.649	0.0004998750416509929	0.0	0.0	0.0	-0.00013692655901384438	0.0	0.0	0.0	-0.00014731513834242887	0.000428039284352
30	7.5	nan	nan	1	1	5.0	5.0	5.0	1.00075	-1.91590539504e-21	-6.57208438358e-19	-1.01360644311e-21	0.999792307402	-3.96428221421e-19	-6.43383665383e-21	-1.60550587018e-22	0.999774409758	164582882.931	-6917060.723	391471.346159	-6910441.33369	-896.363324797	1008468.19295	391089.609837	1008450.04432	-3397.0761534	164654217.06317332	-6913436.419183313	391259.22433177766	-6913436.483165418	-895.8936609976936	1007921.7465296347	391259.1173667194	1007921.6509039332	-3395.235420973622	165101821.731	0.0007497188905459742	0.0	0.0	0.0	-0.000207714169095141	0.0	0.0	0.0	-0.0002256156913069866	0.000644338778171
40	10.0	nan	nan	1	1	5.0	5.0	5.0	1.001	1.24453459062e-20	-6.0497799266e-19	-1.46069756419e-21	0.999702361226	-4.00602123093e-19	-3.49933588262e-21	3.98385692642e-21	0.999655620705	185618514.637	-7991185.36755	982372.820421	-7980825.89315	3590.85648246	1559240.12718	981053.384881	1559167.23266	3622.10902656	185737742.5855994	-7985952.362028955	981683.61609996	-7985952.200195555	3588.5050200756705	1558146.209462762	981683.5428303543	1558146.2163324507	3619.5678597641668	186275793.089	0.0009995003330834232	0.0	0.0	0.0	-0.0002976830772112563	0.0	0.0	0.0	-0.0003444386071672548	0.000880787873901
50	12.5	nan	nan	1	1	5.0	5.0	5.0	1.00125	1.06830376111e-20	5.62140725654e-19	-1.9831655186e-21	0.999601801219	-8.27855074945e-19	6.84533315918e-21	-5.32001210963e-21	0.999523054311	194043948.796	-8507108.99757	1802803.12012	-8493104.91024	2312.12550763	1962240.87	1799693.58818	1962086.05093	828.778313431	194213877.1116089	-8500542.684273569	1801269.692979018	-8500542.498583473	2310.3408660475166	1960571.828398274	1801269.6172288267	1960571.5914669035	828.0733716958272	194824186.018	0.0012492194004318981	0.0	0.0	0.0	-0.0003982780831870976	0.0	0.0	0.0	-0.0004770594637724101	0.00112551155594
60	15.0	nan	nan	1	1	5.0	5.0	5.0	1.0015	1.38629266809e-20	8.22349606357e-19	2.88686033781e-21	0.999496380518	-2.11822343311e-20	4.22544536407e-21	6.71029592418e-21	0.999390417983	199902717.154	-8910023.84535	2428176.01336	-8892198.21083	-1946.07067324	2227007.79356	2423061.25322	2226771.57484	-2195.91502468	200125435.65097034	-8902105.390468802	2425760.864983449	-8902105.314887783	-1944.3411747460411	2224792.734096605	2425760.8691535266	2224792.613778599	-2193.730891166729	200801550.358	0.0014988761237359487	0.0	0.0	0.0	-0.0005037463408854678	0.0	0.0	0.0	-0.0006097678876571798	0.001371788522
70	17.5	nan	nan	1	1	5.0	5.0	5.0	1.00175	1.87935435172e-21	3.61643777398e-19	1.59066831794e-21	0.999388150255	1.2128004268e-18	-7.12161148378e-21	1.70306148367e-20	0.999258443911	204613957.639	-9284258.34403	2859784.00832	-9262368.22844	-3994.33097481	2407412.22009	2852671.22728	2407099.59803	-3515.27986281	204891165.5744186	-9274917.14658325	2856535.8998559956	-9274916.74665117	-3990.3121471426944	2404677.9100911776	2856535.983675248	2404677.7360151783	-3511.2872499964033	205625450.342	0.001748470534116803	0.0	0.0	0.0	-0.0006120370014413871	0.0	0.0	0.0	-0.0007418311777211794	0.00161867195013
80	20.0	nan	nan	1	1	5.0	5.0	5.0	1.002	2.63597645802e-20	9.02741907149e-19	1.38139162296e-22	0.999278416133	-2.72694295755e-18	1.36526160102e-21	-1.53386168937e-20	0.999126846587	208684974.371	-9610354.30787	3155080.84785	-9584250.90995	2889.8941244	2541350.18805	3146034.13204	2540964.7826	2453.75061808	209018171.74907252	-9599553.84714703	3151057.033206584	-9599553.62775999	2886.6463577740983	2538109.091357441	3151057.2551818653	2538109.155278284	2450.621241007128	209792870.031	0.001998002662673058	0.0	0.0	0.0	-0.0007218443339457558	0.0	0.0	0.0	-0.0008735348334834158	0.00186585132696
90	22.5	nan	nan	1	1	5.0	5.0	5.0	1.00225	8.95423013089e-22	-7.42155751364e-20	1.11967167715e-20	0.999167782069	-1.4915956552e-18	-1.41915241793e-20	-3.94978742494e-22	0.998995375899	212338212.007	-9891573.90675	3360222.50836	-9861154.1594	-4067.48267687	2649089.19225	3349311.01831	2648632.11465	-3700.29556797	212728783.322279	-9879292.80478697	3355471.4641729724	-9879292.599550748	-4062.4326039535586	2645343.6248727078	3355471.684340553	2645343.646973448	-3695.063691894904	213548022.426	0.00224747254047937	0.0	0.0	0.0	-0.0008325644165897693	0.0	0.0	0.0	-0.0010051290740258614	0.00211322941283
100	25.0	nan	nan	1	1	5.0	5.0	5.0	1.0025	-2.82440820156e-20	7.90718284357e-19	8.56793678482e-21	0.999056653604	-8.34266531193e-18	-1.06942045494e-20	3.72636594149e-20	0.998864005042	215722210.067	-10136963.2045	3507080.57734	-10102145.3918	536.317559518	2739183.47614	3494360.83608	2738655.51355	413.523753317	216171472.69243014	-10123183.880360713	3501637.9980743583	-10123184.098754592	535.5885351203242	2734932.5834492664	3501638.1846799883	2734932.8185706693	412.88201277069066	217017421.224	0.002496880198587146	0.0	0.0	0.0	-0.0009437916272376574	0.0	0.0	0.0	-0.0011366406893496483	0.00236069139669
110	27.5	nan	nan	1	1	5.0	5.0	5.0	1.00275	1.73327425554e-20	1.9553557064e-19	5.37501962037e-21	0.998945211291	2.68482064601e-18	-1.47746865111e-20	-7.29895900711e-20	0.998732626431	218905621.334	-10355730.0142	3615720.19602	-10316437.0369	-30.318210264	2815443.89624	3601234.439	2814845.12504	-82.3595584868	219414844.8937948	-10340435.051168807	3609611.6119476254	-10340435.382672558	-30.273431585471148	2810687.340198919	3609611.717799457	2810687.721161472	-82.22041600344824	220287222.567	0.0027462256680252286	0.0	0.0	0.0	-0.0010553453900991462	0.0	0.0	0.0	-0.001268177366094467	0.00260822083593
120	30.0	nan	nan	1	1	5.0	5.0	5.0	1.003	-7.79452291209e-21	-9.59249096334e-19	1.38188793133e-20	0.998833562434	3.02140126444e-20	-1.09311917949e-20	1.29813589431e-20	0.998601252112	221938796.927	-10554466.2352	3700222.70139	-10510623.6812	-86.680587752	2881652.23299	3683995.28677	2880982.56208	-118.8242141	222509211.28379932	-10537637.040126674	3693463.430176557	-10537637.482886251	-86.54237474455455	2876388.260911161	3693463.6799984532	2876388.8084538435	-118.60715551876261	223403818.237	0.002995508979798371	0.0	0.0	0.0	-0.0011671183837703414	0.0	0.0	0.0	-0.0013997270489998393	0.00285578061357
130	32.5	nan	nan	1	1	5.0	5.0	5.0	1.00325	-1.66817514134e-20	-1.18081149136e-18	-9.15109911667e-21	0.998721771555	-9.59673026398e-19	-3.00101126234e-20	9.08244312583e-22	0.998469880208	224853401.252	-10738366.9575	3767634.43622	-10689899.2184	-65.8112885973	2940595.92807	3749683.16297	2939854.81085	-101.529934011	225486204.01999426	-10719983.179888725	3760235.7312958194	-10719983.69912085	-65.69862155037907	2934821.3228259557	3760235.860289307	2934821.863357518	-101.33055425815111	226400259.836	0.0032447301648890294	0.0	0.0	0.0	-0.0012790460757983965	0.0	0.0	0.0	-0.001531291620800013	0.00310335171452
140	35.0	nan	nan	1	1	5.0	5.0	5.0	1.0035	-1.43110517778e-20	-2.89166956589e-18	2.0030178533e-20	0.998609878029	3.94963356935e-18	-9.63748131686e-21	5.33595601594e-20	0.998338513604	227670521.178	-10910545.6785	3823699.30948	-10857378.2614	-44.8029511781	2994844.17685	3804032.24689	2994030.78981	-87.0052630756	228366880.00793308	-10890586.51799583	3815667.2817664547	-10890586.913899802	-44.720991089200595	2988553.2346290546	3815667.3563928283	2988553.67227169	-86.82250061765374	229298383.92	0.003493889254255838	0.0	0.0	0.0	-0.0013910890869230643	0.0	0.0	0.0	-0.0016628681952943606	0.00335092108966
150	37.5	nan	nan	1	1	5.0	5.0	5.0	1.00375	5.41472428977e-20	-6.70470418324e-19	-5.9763799257e-21	0.998497910067	1.61724521743e-18	-3.20640020844e-20	8.13633462071e-20	0.9982071523	230404892.937	-11072513.1494	3871902.27059	-11014576.9132	-47.3407350838	3045802.54585	3850521.21903	3044916.14395	-74.2689950178	231165947.7836508	-11050959.037077725	3863239.8159177	-11050959.374686575	-47.24858007728048	3038988.29160226	3863239.949949815	3038988.8116729404	-74.10283591616508	232113280.074	0.003742986278834297	0.0	0.0	0.0	-0.001503219201066589	0.0	0.0	0.0	-0.0017944567749426155	0.00359848013706
160	40.0	nan	nan	1	1	5.0	5.0	5.0	1.004	-4.47785952799e-20	-2.75069400127e-19	-9.48114418108e-21	0.998385898776	-3.76220767743e-18	-1.4301952791e-21	1.91372370617e-20	0.99807578739	233067535.954	-11226535.0948	3914434.87943	-11163759.7295	-47.4514109849	3094274.69221	3891337.50394	3093314.02706	-58.2993055036	233894401.30330345	-11203365.520555705	3905142.817145671	-11203365.95801436	-47.35347970152558	3086929.521310382	3905142.996546607	3086929.9763795654	-58.16091495820621	234856338.388	0.003992021269537457	0.0	0.0	0.0	-0.0016154052888310744	0.0	0.0	0.0	-0.0019260662853758203	0.00384602256797
170	42.5	nan	nan	1	1	5.0	5.0	5.0	1.00425	1.12096207891e-19	3.29010220103e-18	-6.77626357803e-21	0.99827386415	-9.98520323095e-19	2.33976308067e-20	3.59314850384e-20	0.997944414239	235665968.084	-11374030.7106	3952847.00031	-11306346.0329	-34.1974703722	3140701.33322	3928027.6338	3139665.46313	-60.015122146	236559731.7678825	-11349224.959294911	3942924.5200669602	-11349225.374214198	-34.12288872503682	3132817.51000961	3942924.6869338066	3132818.1314635756	-59.864471522858906	237535317.941	0.004240994257254614	0.0	0.0	0.0	-0.0017276273390755383	0.0	0.0	0.0	-0.002057701377127806	0.00409354395021
180	45.0	nan	nan	1	1	5.0	5.0	5.0	1.0045	-5.35417466893e-20	-2.87251950753e-18	5.0937782121e-21	0.998161809677	-1.65904596251e-18	-2.69553346213e-20	-1.79225223322e-20	0.997813042174	238206698.115	-11516013.9294	3987988.04569	-11443350.628	-26.9870818034	3185527.35038	3961440.19129	3184414.91748	-54.5317954204	239168424.990387	-11489551.185185801	3977433.7747400086	-11489551.586791307	-26.92506796361414	3177096.803851443	3977433.962780684	3177097.423948838	-54.38747619535173	240156878.127	0.004489905272852001	0.0	0.0	0.0	-0.0018398818680708522	0.0	0.0	0.0	-0.002189352710577577	0.00434103987359
190	47.5	nan	nan	1	1	5.0	5.0	5.0	1.00475	1.57974953385e-20	4.58949499628e-18	1.08013244387e-20	0.998049740994	-9.94145364836e-19	6.85401855561e-21	-2.71910810958e-20	0.99768167525	240694689.725	-11653642.2028	4020723.14478	-11575929.289	-25.3255249655	3228937.76348	3992437.90252	3227747.50304	-45.7608298389	241725422.01351702	-11625500.780791901	4009534.629558114	-11625501.151600685	-25.264368438365448	3219952.559073643	4009534.809230855	3219953.0810869373	-45.63349062085831	242726156.395	0.00473875434717347	0.0	0.0	0.0	-0.001952163237328223	0.0	0.0	0.0	-0.002321016225437779	0.00458850716918
200	50.0	nan	nan	1	1	5.0	5.0	5.0	1.005	7.55530227894e-20	-1.82589284155e-18	-2.14405214774e-21	0.997937666585	2.60889456477e-18	-2.45788447214e-20	-1.20731146305e-20	0.997550313569	243134269.013	-11787459.6639	4051675.65136	-11704627.1735	-19.1345184758	3271037.44199	4021642.27557	3269768.25106	-39.5102636969	244235028.41579574	-11757618.063400943	4039849.5778306606	-11757618.380661998	-19.086076769742995	3261489.903481282	4039849.7482042997	3261490.3760424117	-39.39494072343203	245247550.97	0.004987541511038968	0.0	0.0	0.0	-0.002064462952938728	0.0	0.0	0.0	-0.002452691821985135	0.00483594321869
210	100.0	nan	nan	1	1	5.0	5.0	5.0	1.01	9.91723380002e-20	5.82802342847e-18	9.64823466482e-21	0.995700105294	4.12365251789e-19	-4.29604522936e-20	1.71062191447e-19	0.994924148952	284347532.835	-13944763.7287	4589217.75891	-13747327.0207	-390.284721611	3985813.13247	4520714.37747	3982708.06131	-3498.72975773	287032411.08268744	-13877135.031481894	4563402.107881862	-13877132.6107599	-388.3919360622294	3963391.8035427686	4563400.057120754	3963392.9002340115	-3479.048410883479	288229143.145	0.009950330853168092	0.0	0.0	0.0	-0.004309165839384091	0.0	0.0	0.0	-0.005088776938411825	0.00977656838861
220	150.0	nan	nan	1	1	5.0	5.0	5.0	1.015	2.57100969271e-19	1.81396406994e-18	-6.46127320077e-20	0.993475705541	1.32019911735e-17	-2.0600105975e-20	1.35655966097e-19	0.992303944931	316356998.301	-15532450.9103	5074368.56519	-15203064.6237	8532.55290846	4581005.48889	4960914.6201	4575606.05995	9091.72839874	320904255.9564075	-15421592.727672033	5032209.513383614	-15421590.695091026	8471.654386129527	4542945.413976181	5032221.899866921	4542949.052040759	9016.192173168707	322219320.975	0.014888612493750559	0.0	0.0	0.0	-0.006545670695395326	0.0	0.0	0.0	-0.007725822527165003	0.014698706863
230	200.0	nan	nan	1	1	5.0	5.0	5.0	1.02	-1.79921709398e-19	6.67912941306e-18	3.67466715321e-20	0.991267149056	2.14816125015e-17	-6.88214269644e-20	-2.75054097286e-19	0.989691919949	341961733.097	-16729169.4205	5473906.72098	-16257916.9596	-5773.65798061	5094183.42599	5311261.12625	5086082.51135	-8088.79940177	348567403.30697966	-16571971.701589163	5413853.593108313	-16571970.923368776	-5719.4050860692305	5038296.165889222	5413858.68616218	5038290.505131403	-8000.0588130893175	349988557.343	0.01980262729617973	0.0	0.0	0.0	-0.008771205747925571	0.0	0.0	0.0	-0.010361576254477532	0.0196008638643
240	250.0	nan	nan	1	1	5.0	5.0	5.0	1.025	5.1768271456e-20	-1.41394448879e-17	4.09818362683e-20	0.989075490978	-9.50220089076e-18	-1.64198660314e-19	-2.06614827765e-19	0.987089850858	362774534.908	-17637125.4276	5787970.29149	-17018969.8336	9338.08415817	5540283.14786	5573917.35819	5529162.03428	7030.9582181	371578576.92721987	-17432001.37426828	5709170.165360098	-17431996.965112545	9229.479970898075	5464855.149985057	5709188.712464104	5464856.53661514	6935.235474806904	373046423.869	0.024692612590371414	0.0	0.0	0.0	-0.010984619657695507	0.0	0.0	0.0	-0.012994209388074615	0.0244821926333
250	300.0	nan	nan	1	1	5.0	5.0	5.0	1.03	-4.11088912104e-19	7.6720075372e-18	-1.95346973461e-20	0.986900922489	-2.68869565631e-17	1.84944350077e-19	-9.16152159239e-20	0.984498891233	379864469.614	-18327452.7407	6046217.9124	-17560563.6727	-8264.02870677	5925466.94458	5779133.65875	5911039.1864	-9147.20639731	390966807.23105127	-18073807.493361227	5948028.159963221	-18073808.05914697	-8149.657569929713	5829238.171355107	5948040.987931657	5829232.564515548	-8998.657015753974	392491800.852	0.02955880224154443	0.0	0.0	0.0	-0.013185627070596402	0.0	0.0	0.0	-0.015622507127054422	0.0293423294459
260	350.0	nan	nan	1	1	5.0	5.0	5.0	1.035	-6.09440205549e-19	2.93023901262e-17	-1.46761693002e-19	0.984743617964	4.82844447963e-17	1.51049797297e-19	3.17465301653e-19	0.981920159744	394042493.129	-18842378.1012	6253959.02703	-17927454.1101	-8124.11329484	6267010.84626	5933237.66277	6249037.47146	-9013.75466495	407515101.03181744	-18540403.771514196	6136086.977011469	-18540407.190371115	-7993.913505125009	6148892.800915554	6136099.501324452	6148888.281613022	-8843.867120735255	409063614.468	0.03440142671733232	0.0	0.0	0.0	-0.01537395802137864	0.0	0.0	0.0	-0.01824527765601245	0.0341809202259
270	400.0	nan	nan	1	1	5.0	5.0	5.0	1.04	3.34551544386e-19	1.6751327229e-17	1.1895518953e-19	0.982603864623	1.09157532959e-17	-3.80953068028e-19	9.4033892035e-20	0.979353998175	405890616.666	-19216870.0487	6432091.52362	-18156325.34	-6133.49289498	6573399.53688	6057019.94438	6551652.73645	-7800.47491727	421784720.39780384	-18867293.84537598	6294198.110516354	-18867301.417034578	-6021.917848996465	6432476.7134864405	6294204.297377251	6432470.898653238	-7633.245625488038	423342669.445	0.03922071315328133	0.0	0.0	0.0	-0.01754922619711098	0.0	0.0	0.0	-0.020862110211544074	0.0389978542938
280	450.0	nan	nan	1	1	5.0	5.0	5.0	1.045	2.82697246146e-19	1.87043800646e-17	1.38278128639e-19	0.980482291344	-1.59738436277e-17	-8.15970660892e-19	1.09807564572e-18	0.976800275356	415870706.842	-19474013.6773	6591207.99101	-18271708.6035	8349.21097332	6848390.9013	6161066.97089	6822676.24368	5695.50671718	434222979.4658784	-19078024.706840068	6432932.1637276	-19078034.637237445	8179.436241091389	6683939.295928884	6432953.350102336	6683942.41169828	5558.739520835468	435767963.048	0.04401688541677426	0.0	0.0	0.0	-0.01971069435126194	0.0	0.0	0.0	-0.023473074289694508	0.0437930856721
290	500.0	nan	nan	1	1	5.0	5.0	5.0	1.05	-2.93920432697e-19	-1.5475450765e-17	-1.91217687843e-19	0.978379224849	-9.39213954717e-19	-2.65412480066e-19	-5.53694849708e-19	0.974258793625	424315762.146	-19630931.2993	6718539.15244	-18291914.4714	7037.61880395	7079884.09719	6233920.33032	7050065.04197	6586.1299893	445151261.3258389	-19190101.407643717	6540008.775837474	-19190116.24226752	6879.582861204167	6891751.774746879	6540029.255599262	6891749.607962433	6411.118094502016	446687042.784	0.04879016416943205	0.0	0.0	0.0	-0.021857928635719122	0.0	0.0	0.0	-0.026078308758376776	0.0485666846578
300	550.0	nan	nan	1	1	5.0	5.0	5.0	1.055	-5.81091071596e-19	1.70053378515e-17	-3.50565761045e-19	0.976294734779	2.46397980064e-17	5.96628832222e-20	1.11656809549e-18	0.971729590386	431488469.459	-19719676.4115	6815871.00276	-18248560.3446	-8430.68491988	7267058.54095	6277904.54659	7233067.89342	-8614.32449196	454823420.3076674	-19235429.891128317	6617408.662258175	-19235444.789586645	-8223.656683127356	7055458.666771528	6617414.416253443	7055448.956581961	-8363.49536097669	456357976.588	0.05354076692802976	0.0	0.0	0.0	-0.023990755801006045	0.0	0.0	0.0	-0.028677712417629547	0.0533187124228
310	600.0	nan	nan	1	1	5.0	5.0	5.0	1.06	7.35859872927e-19	2.96805638674e-17	-3.65785884316e-19	0.974228364969	2.00413951021e-18	8.64635350689e-20	1.14381873359e-18	0.969213254971	437614319.938	-19759234.8664	6884766.0652	-18160403.5467	-11215.7150249	7408594.85275	6295116.76387	7370443.8271	-10936.9536951	463459095.6943104	-19232906.18881298	6666878.690056464	-19232926.853010137	-10916.960923480463	7174129.473580908	6666895.9166752845	7174116.591810969	-10590.823687177563	464975013.299	0.058268908123975824	0.0	0.0	0.0	-0.026109541867477104	0.0	0.0	0.0	-0.03127061393538982	0.0580491850808
320	650.0	nan	nan	1	1	5.0	5.0	5.0	1.065	-7.51371163774e-19	6.43399079894e-17	6.91920038788e-20	0.972179782878	-5.37131252774e-17	-4.88367433651e-20	-2.68694732737e-19	0.966710042668	442861243.854	-19763049.424	6931596.74507	-18040625.0114	-6884.54767641	7516181.5205	6291889.43088	7473873.81367	-6550.1548057	471221242.23436075	-19195884.08126413	6694792.114889549	-19195912.594597664	-6686.973063368618	7259405.679262979	6694810.157282494	7259386.559595378	-6326.38140349052	472708786.111	0.06297479916138839	0.0	0.0	0.0	-0.028214529816382387	0.0	0.0	0.0	-0.03385668095686989	0.0627582011122
330	700.0	nan	nan	1	1	5.0	5.0	5.0	1.07	-1.74872598939e-18	5.29435561401e-17	1.52227702489e-19	0.970148211376	1.95716226886e-17	-9.59900087476e-19	1.31736784355e-18	0.964220608072	447364929.651	-19744581.2151	6950201.5165	-17902047.986	4980.48632049	7595996.89145	6263133.14718	7549563.28935	5269.25624797	478241696.97324544	-19137611.75171073	6695384.643103613	-19137632.927105274	4827.380864545933	7317503.070283403	6695409.555267205	7317481.670163482	5076.068266435297	479691830.64	0.06765864847381486	0.0	0.0	0.0	-0.030306423923721255	0.0	0.0	0.0	-0.03643516400525047	0.0674458443844
340	750.0	nan	nan	1	1	5.0	5.0	5.0	1.075	1.01966884982e-18	1.45232269136e-17	-3.81694221856e-20	0.968133314233	-1.25513831815e-16	1.32401837568e-19	-1.15754993176e-18	0.961744996167	451214576.038	-19712325.28	6941831.1846	-17752682.0587	-5002.13552586	7650044.2748	6210463.19465	7599553.68432	-1862.901262	484605144.7379162	-19066433.24911974	6670070.419112889	-19066407.68142649	-4838.236065617473	7350558.183472682	6670046.969137369	7350547.486764547	-1789.9718778756667	486036525.876	0.07232066157962608	0.0	0.0	0.0	-0.032385479873186865	0.0	0.0	0.0	-0.039005940204961925	0.0721122871605
350	800.0	nan	nan	1	1	5.0	5.0	5.0	1.08	-5.10072652925e-20	-2.31402254349e-17	-6.63676783953e-19	0.966135192639	1.31688218927e-16	-3.47124689697e-19	2.35164139426e-19	0.959283039344	454518380.042	-19670255.6447	6911334.78713	-17596387.7637	-4752.98586017	7685887.62563	6138802.07276	7631363.88227	-2427.49701947	490418429.3136763	-18986262.577386446	6623694.189917126	-18986235.161426753	-4587.710459781814	7366011.165461399	6623674.206777525	7365998.7500671465	-2326.467809640219	491822583.123	0.0769610411361284	0.0	0.0	0.0	-0.034451503589792765	0.0	0.0	0.0	-0.0415691075563752	0.07675764393
360	850.0	nan	nan	1	1	5.0	5.0	5.0	1.085	8.62147191407e-19	1.98456643168e-17	-2.28143030387e-19	0.964153328222	4.239130571e-17	-4.85455757895e-20	7.82823879385e-19	0.95683498144	457341092.21	-19620701.5484	6864144.39168	-17435342.6325	-6901.49371084	7702356.35078	6053304.28999	7643876.64603	-4748.45699329	495743553.2986879	-18899388.345864754	6561612.324319762	-18899370.41923795	-6647.7750291420325	7362880.713704071	6561594.024750129	7362865.840696087	-4539.172277092525	497122294.581	0.08157998699242285	0.0	0.0	0.0	-0.03650494284716652	0.0	0.0	0.0	-0.0441243355845373	0.0813820653399
370	900.0	nan	nan	1	1	5.0	5.0	5.0	1.09	1.19571935395e-18	-5.27715555123e-17	5.19760592259e-19	0.962187371927	1.6006229403e-17	2.76132740805e-19	3.19529944462e-19	0.954400995959	459753375.831	-19571874.4059	6798927.9387	-17276851.6692	1182.32185915	7713745.25394	5953101.86668	7651313.32112	1945.53078863	500650195.5945164	-18813735.68849325	6482675.567776953	-18813693.650010176	1136.5232831288145	7354940.123594498	6482653.027963825	7354931.035629631	1855.0343559342239	501995366.759	0.08617769624105241	0.0	0.0	0.0	-0.03854607396939981	0.0	0.0	0.0	-0.04667136465434032	0.0859856734643
380	950.0	nan	nan	1	1	5.0	5.0	5.0	1.095	-2.2438961564e-18	-3.46101632715e-17	-2.58609746709e-19	0.960236885757	-4.52420083289e-17	5.46230371861e-19	2.19302124e-20	0.951981179208	461796589.047	-19530177.1732	6727507.03715	-17126558.7062	-2649.54572488	7719569.9339	5848809.28299	7653192.32814	-1904.065619	505177470.24573094	-18735431.571455818	6398256.653321416	-18735416.86193042	-2541.7272041985134	7341767.079188322	6398242.749319914	7341759.365287107	-1810.8788958306748	506501767.923	0.09075436326846412	0.0	0.0	0.0	-0.040575268962634366	0.0	0.0	0.0	-0.04921001412569169	0.0905686456235
390	1000.0	nan	nan	1	1	5.0	5.0	5.0	1.1	-2.46989513463e-19	8.08566401793e-17	-3.43868906806e-19	0.958301543178	4.64192782464e-17	6.97081645811e-19	6.4463177753e-19	0.949575668309	463521252.305	-19497148.5399	6655213.44717	-16985560.593	463.801070923	7714399.51059	5745092.2474	7644161.39782	891.663813052	509375304.6905396	-18665895.812581435	6313455.389853236	-18665864.96169092	444.02710734355946	7318250.204330599	6313428.131810958	7318255.7918285625	845.8751550401624	510674101.926	0.09531017980432493	0.0	0.0	0.0	-0.04259278730501005	0.0	0.0	0.0	-0.05174005910994327	0.0951311068225
400	1050.0	nan	nan	1	1	5.0	5.0	5.0	1.105	1.68427207606e-18	-1.79476090658e-17	2.9640859198e-19	0.956380927902	9.44246521564e-17	5.03931664057e-19	-1.86306881982e-18	0.947184569503	464960274.213	-19465061.4342	6584301.41571	-16847054.472	1627.16876406	7701129.8895	5643900.84103	7627095.94001	1770.23036591	513275255.09436375	-18597684.948762152	6230408.450525639	-18597666.642254125	1554.6610081229549	7287209.638923016	6230370.215628138	7287227.31473458	1675.0840422990225	514551469.043	0.09984533496971612	0.0	0.0	0.0	-0.044598985146363325	0.0	0.0	0.0	-0.05426130562803741	0.0996732202162
410	1100.0	nan	nan	1	1	5.0	5.0	5.0	1.11	3.09378783985e-19	4.67910132137e-17	-4.45883437391e-19	0.954474867135	8.97043625345e-17	-4.9509075767e-19	6.9377292336e-19	0.944807797104	466144062.713	-19431637.7187	6515453.79598	-16708995.8206	5387.30963803	7674508.95117	5545784.95564	7596805.34432	5439.35752634	516906735.33767074	-18528615.005523477	6149746.2077714	-18528590.56088597	5136.951791899477	7243744.456922589	6149715.990418202	7243768.30890327	5134.050423465689	518158339.578	0.10436001532424286	0.0	0.0	0.0	-0.04659396708494803	0.0	0.0	0.0	-0.05677376148274086	0.104195144958
420	1150.0	nan	nan	1	1	5.0	5.0	5.0	1.115	-1.27833153608e-18	-3.65633683083e-17	-2.16787494938e-20	0.9525831924	-1.11028992699e-16	2.82591367028e-19	1.02169378796e-18	0.942445237893	467098888.201	-19402608.0009	6448162.84257	-16576249.9221	11508.2700713	7631215.51995	5450235.01775	7550019.74356	11452.3429925	520295170.63162845	-18464141.420224573	6070971.789700861	-18464061.89247931	10951.637330855123	7184820.742566553	6070943.4986333195	7184839.907300769	10782.4279459008	521520815.176	0.10885440491208208	0.0	0.0	0.0	-0.04857783469293129	0.0	0.0	0.0	-0.05927746437931765	0.108697048528
430	1200.0	nan	nan	1	1	5.0	5.0	5.0	1.12	1.8499199568e-18	-1.17351650282e-17	4.6851509895e-21	0.950705415767	-2.39122297919e-17	-5.95596510818e-19	-2.86095965847e-18	0.940096978941	467838905.625	-19381251.2312	6395398.11667	-16451725.2666	-9038.23032474	7576852.65361	5368186.16016	7492278.60693	-9262.81352266	523453020.37928605	-18407344.12185761	6006252.615356286	-18407415.838465486	-8584.059607683062	7115818.317595208	6006326.59171447	7115791.902670337	-8699.192283435621	524679651.877	0.11332868530700327	0.0	0.0	0.0	-0.05055102702351108	0.0	0.0	0.0	-0.06177223995348121	0.113179120336
440	1250.0	nan	nan	1	1	5.0	5.0	5.0	1.125	-1.39231040705e-18	5.36366937888e-17	9.08972231522e-20	0.948841178342	-8.51024788542e-17	-9.48465142688e-19	-1.02408930301e-18	0.937763263199	468397727.778	-19356729.8542	6352433.99412	-16325797.1018	-18137.7549791	7514241.03906	5295239.193	7426521.34989	-18614.0143826	526414738.55717045	-18347895.218167648	5951057.061667777	-18347954.53396116	-17192.450912731492	7039455.622831158	5951121.8566413	7039465.684008651	-17437.892599921885	527632025.801	0.11778303565638346	0.0	0.0	0.0	-0.0525138512356753	0.0	0.0	0.0	-0.06425774647953099	0.117641446892
450	1300.0	nan	nan	1	1	5.0	5.0	5.0	1.13	-2.39710324073e-19	1.50014564217e-17	-3.93182106204e-19	0.9469901492	-3.56691926836e-17	-2.40530887241e-19	2.92610178607e-19	0.935444205551	468805797.077	-19330897.6972	6303155.29263	-16200263.2137	-7506.52447125	7446935.52854	5217918.61132	7356139.80941	-8280.19778676	529211926.2102273	-18287556.875174537	5890255.076056588	-18287684.48233739	-7101.377046900555	6959109.804788965	5890253.013768304	6959109.051919843	-7737.787628561699	530401546.059	0.12221763272424911	0.0	0.0	0.0	-0.05446658796209378	0.0	0.0	0.0	-0.06673377636034253	0.122084153805
460	1350.0	nan	nan	1	1	5.0	5.0	5.0	1.135	1.28844299189e-18	-9.6671287935e-17	-5.75982404133e-20	0.945152235824	-5.36182046477e-17	-4.76456032831e-19	8.59711971684e-19	0.933139448721	469054155.342	-19307212.3664	6237806.9042	-16077825.5577	-6533.34890314	7380545.09325	5128447.3128	7286722.1914	-6320.07290542	531832253.43356067	-18229600.964251038	5814793.538568111	-18229677.957822874	-6168.697023903112	6880037.5802663155	5814837.497800309	6880021.588085062	-5891.480717200683	533003151.721	0.126632650933366	0.0	0.0	0.0	-0.056409268352926555	0.0	0.0	0.0	-0.06920062657976085	0.126507475091
470	1400.0	nan	nan	1	1	5.0	5.0	5.0	1.14	-7.7418811379e-19	-2.09105964897e-18	1.55801122736e-19	0.943327453351	-2.49229386213e-17	8.33242192082e-19	-1.66664320284e-18	0.93084881324	469170188.088	-19285532.7523	6158923.03305	-15958482.9914	3410.17949272	7314629.99287	5028930.39624	7217838.68581	3209.59946403	534304442.7030147	-18173879.31597855	5727135.412933565	-18173977.32761785	3213.6104997733787	6801818.473761024	5727089.915293765	6801789.2418589275	2984.581988301903	535449338.274	0.131028262406404	0.0	0.0	0.0	-0.05834181022920969	0.0	0.0	0.0	-0.07165840668581486	0.130911540938
480	1450.0	nan	nan	1	1	5.0	5.0	5.0	1.145	-1.01506310817e-18	3.03973919688e-17	-8.18445585284e-19	0.941515505757	2.2204373804e-16	2.79190000349e-18	7.10978280102e-19	0.92857216658	469153690.154	-19269293.3191	6077999.60503	-15845009.3811	-9017.09057371	7250486.32707	4929181.68078	7150764.26397	-9395.16108448	536626354.96241665	-18123607.125300653	5638034.175561968	-18123804.21804617	-8480.965246875674	6725648.62749175	5638085.884896748	6725604.30835172	-8715.07777581478	537767184.014	0.13540463700620298	0.0	0.0	0.0	-0.06026446181502244	0.0	0.0	0.0	-0.07410717737557597	0.135296560992
490	1500.0	nan	nan	1	1	5.0	5.0	5.0	1.15	3.69782821036e-19	-5.16795976944e-18	1.01220437197e-19	0.939716337572	5.03404915443e-18	8.29589362497e-19	1.78909240328e-18	0.926309462343	469033599.015	-19262436.4421	5995341.57952	-15740402.0722	-6096.85583415	7186439.22395	4829220.23074	7083850.80942	-6603.08037754	538829142.543403	-18082450.210422866	5547781.064869477	-18082686.122408662	-5723.372138956882	6649961.627984021	5547842.631204915	6649905.371235377	-6110.151323731647	539952922.435	0.13976194237515863	0.0	0.0	0.0	-0.06217721779980093	0.0	0.0	0.0	-0.07654690757083199	0.13966263396
500	1550.0	nan	nan	1	1	5.0	5.0	5.0	1.155	3.43254807919e-18	-7.68653547574e-17	-9.06325253562e-20	0.937929560403	1.1682282379e-16	8.3538624423e-19	1.63085606082e-18	0.924060719032	468809559.933	-19266495.3853	5911821.69155	-15645759.6312	-9869.06420131	7119586.45435	4729821.04022	7014256.43786	-10750.3742756	540910891.7274135	-18051788.201770175	5457190.555765276	-18052024.781821102	-9246.842933750826	6572075.747001512	5457251.590479764	6572024.0799870845	-9923.648585612964	542025364.442	0.14410034397375687	0.0	0.0	0.0	-0.0640804283149118	0.0	0.0	0.0	-0.07897749626137786	0.144009937457
510	1600.0	nan	nan	1	1	5.0	5.0	5.0	1.16	-3.85087647601e-18	2.6100790874e-18	7.38771548683e-19	0.936154784934	1.66446010777e-17	-5.84399794046e-19	-1.56796386449e-18	0.921826099138	468495913.425	-19272628.5562	5822487.7003	-15553828.9778	-9984.5789919	7053074.21621	4627046.86402	6945080.71724	-10959.4438042	542886629.3906446	-18023285.49579737	5361705.168113151	-18023563.377843942	-9337.331293528243	6494904.999831997	5361758.350625404	6494867.692445901	-10092.13063371473	543988756.405	0.14842000511827322	0.0	0.0	0.0	-0.06597444765718062	0.0	0.0	0.0	-0.08139868586373583	0.14833859109
520	1650.0	nan	nan	1	1	5.0	5.0	5.0	1.165	-3.63673595904e-18	1.70209788443e-16	-1.52566515668e-18	0.934391625394	-2.39598178234e-16	2.13012904367e-18	-1.19349589246e-18	0.91960579858	468108715.739	-19281358.851	5726932.63185	-15464781.4037	12651.381267	6990423.39583	4520594.0182	6879782.0764	12724.8629748	544773644.7157785	-17997410.025513586	5260986.793963564	-17997539.987535287	11808.923728394788	6421679.375997033	5260958.398707258	6421656.267692377	11689.56234845616	545842465.396	0.15272108701766393	0.0	0.0	0.0	-0.0678596294975673	0.0	0.0	0.0	-0.08381018056710042	0.15264869845
530	1700.0	nan	nan	1	1	5.0	5.0	5.0	1.17	-3.8036543892e-18	-5.77303246135e-17	-1.79359226581e-19	0.93263954853	1.78717857204e-16	-1.54461751888e-18	8.21066093465e-19	0.91739975186	467613814.123	-19293074.2376	5633634.67814	-15379253.5697	-15057.6788596	6927783.42568	4417399.51961	6814537.09259	-16854.2038662	546531107.7829541	-17974505.669149328	5162843.868317628	-17974748.04307684	-14028.574746196327	6348843.3708863305	5162906.184669097	6348803.414889284	-15445.734069983224	547615294.493	0.1570037488096647	0.0	0.0	0.0	-0.06973648876247261	0.0	0.0	0.0	-0.08621196730089888	0.156940513352
540	1750.0	nan	nan	1	1	5.0	5.0	5.0	1.175	-1.1202540123e-18	4.98854495632e-17	2.24569610141e-19	0.930898673901	2.63019433319e-16	-9.93357888892e-19	-1.06495864272e-18	0.915208051195	467073892.767	-19307775.757	5537800.25104	-15296709.724	11316.2333509	6865857.50097	4313372.52321	6750090.43762	11463.5691896	548230697.0440527	-17954550.94496802	5062872.708257861	-17954601.96841377	10523.112074691111	6277034.379114781	5062846.075598848	6276996.593015164	10480.441503528738	549279148.841	0.16126814759612232	0.0	0.0	0.0	-0.07160484339502911	0.0	0.0	0.0	-0.08860386119796476	0.161214017393
550	1800.0	nan	nan	1	1	5.0	5.0	5.0	1.18	-3.37066173448e-19	-3.63447808684e-17	2.86614773527e-19	0.929168587458	1.61100107914e-17	-6.96155203525e-19	-3.65582067013e-18	0.913030450431	466447752.44	-19327038.3169	5436814.48727	-15218981.4427	757.306228654	6806172.07423	4206715.70303	6687908.49682	-359.045255066	549823405.9101946	-17938992.093351852	4958701.75408224	-17939312.961714227	702.9173443606694	6207638.219419313	4958649.15938977	6207590.406679453	-327.4708637308726	550872380.549	0.16551443847757333	0.0	0.0	0.0	-0.07346508466463703	0.0	0.0	0.0	-0.09098604688309503	0.165469497416
560	1850.0	nan	nan	1	1	5.0	5.0	5.0	1.185	-2.25046066174e-19	-4.5639829264e-17	2.02970269986e-19	0.927449462984	1.40330423296e-16	5.43901031256e-19	6.68044297588e-19	0.910866767423	465773851.574	-19346249.6028	5334484.34694	-15141726.1222	8659.87396265	6748685.20909	4100446.26978	6627944.06833	8429.02587919	551353317.7798467	-17923531.317415033	4853821.942918531	-17923807.67227844	8023.0290294599545	6140596.58315822	4853846.233706004	6140526.743829175	7669.530569212257	552385192.902	0.16974277458709455	0.0	0.0	0.0	-0.07531697333382391	0.0	0.0	0.0	-0.09335864112996893	0.16970702649
570	1900.0	nan	nan	1	1	5.0	5.0	5.0	1.19	1.65383182951e-18	9.74173651428e-17	-3.74494441805e-19	0.925741389233	2.24770515768e-17	1.50358936049e-18	7.71779363847e-19	0.90871651844	465034101.794	-19368561.8216	5232310.1835	-15067667.5556	3342.54297369	6686086.85692	3995565.3159	6563071.26997	2804.14065346	552798298.8208863	-17911088.926867686	4749597.852061567	-17911333.727572683	3091.0185792357256	6069254.814912732	4749633.846069382	6069204.013831749	2545.4416801496163	553826201.1	0.17395330712343798	0.0	0.0	0.0	-0.07716036062729759	0.0	0.0	0.0	-0.09572209434547153	0.173926826407
580	1950.0	nan	nan	1	1	5.0	5.0	5.0	1.195	5.70159052621e-20	2.09254195663e-16	2.57445076406e-19	0.92404440858	6.83339992079e-17	-3.39554332731e-19	7.42768485403e-19	0.906579499374	464244554.052	-19392443.595	5130590.98459	-14995167.8364	4851.65850286	6621270.04836	3892280.93296	6496163.81293	5791.43282385	554176467.9143064	-17900235.206258327	4646293.551692497	-17899981.970337912	4478.333424882954	5996261.331708593	4646280.674121527	5996297.455768412	5244.755831313826	555193696.849	0.17814618538347404	0.0	0.0	0.0	-0.07899514726159072	0.0	0.0	0.0	-0.09807655337831145	0.17812902092
590	2000.0	nan	nan	1	1	5.0	5.0	5.0	1.2	3.59406667432e-19	-6.93243527768e-19	-2.95879196388e-19	0.922358203704	-1.19227351804e-16	1.07234371122e-18	1.62092989347e-18	0.904455782436	463415473.778	-19413689.3085	5027608.92104	-14921933.3512	7633.25811667	6556096.41701	3789360.97806	6428840.54524	7963.76454372	555499377.4742339	-17887081.643921904	4542350.340726413	-17887026.127389368	7033.012065471255	5923310.1184569355	4542333.572024576	5923304.6270146705	7195.111862668234	556505750.305	0.1823215567939546	0.0	0.0	0.0	-0.08082162360380203	0.0	0.0	0.0	-0.10042186153744447	0.182313736501
600	2050.0	nan	nan	1	1	5.0	5.0	5.0	1.205	-1.09653708978e-18	2.38155198052e-16	-4.59144796971e-19	0.920682528043	-5.32809928905e-17	4.18593094621e-19	2.29090648497e-18	0.902345330422	462541345.218	-19432924.0085	4920265.16008	-14847666.5136	7150.02295071	6493607.75686	3684433.88754	6364284.22959	7625.78951385	556759815.6271803	-17872212.940171465	4434978.917657311	-17872097.610451832	6575.785128697127	5853142.577531701	4434943.498835738	5853151.224862291	6873.657135150645	557758039.534	0.18647956694261839	0.0	0.0	0.0	-0.08264000568712386	0.0	0.0	0.0	-0.10275798249596045	0.186481120503
610	2100.0	nan	nan	1	1	5.0	5.0	5.0	1.21	4.01239507114e-18	1.55513740338e-16	6.93561165124e-19	0.919017378325	4.25374519806e-17	-2.55645131393e-19	-2.1130825056e-18	0.900247937271	461629217.679	-19458710.6491	4818228.70931	-14779359.1343	8228.25635109	6437076.52776	3584759.98005	6305610.90584	7588.03502231	557965606.9715163	-17863500.02377397	4332896.517184976	-17863631.18756046	7553.710015731078	5788680.477971468	4332855.680522903	5788681.613989262	6823.704830971568	558955960.136	0.1906203596086497	0.0	0.0	0.0	-0.08445024676715816	0.0	0.0	0.0	-0.10508506774042077	0.190631310295
620	2150.0	nan	nan	1	1	5.0	5.0	5.0	1.215	1.51968298649e-18	-1.33199769074e-16	1.85976671482e-19	0.91736238619	-3.30495712406e-17	4.73279659278e-20	-1.6907042325e-18	0.898163692564	460673184.435	-19489382.8774	4719137.89206	-14715022.6601	5981.44774412	6384160.81062	3488480.64425	6250595.03035	6425.18731383	559109032.7671721	-17859377.39004752	4233947.420520148	-17859303.221059058	5481.186001274475	5727783.721215048	4233893.147537486	5727823.002996416	5764.592151358857	560094360.338	0.19474407679251185	0.0	0.0	0.0	-0.0862526981065217	0.0	0.0	0.0	-0.10740294158594445	0.194764439498
630	2200.0	nan	nan	1	1	5.0	5.0	5.0	1.22	-2.52452875973e-18	-7.44859333294e-17	2.76185680364e-19	0.915717211316	5.99527802484e-17	-6.09757842905e-19	1.71222416332e-18	0.896092762286	459691406.613	-19526187.3659	4623226.05202	-14656396.4429	10290.5525065	6333441.27306	3395774.19527	6197599.81061	10253.3492373	560211524.337756	-17860954.004988614	4138318.5813336824	-17861291.45435123	9412.953054291891	5669157.728646678	4138323.690354636	5669055.770300871	9177.925801634286	561187481.861	0.19885085874516517	0.0	0.0	0.0	-0.08804768324297059	0.0	0.0	0.0	-0.10971134202894449	0.198880600279
640	2250.0	nan	nan	1	1	5.0	5.0	5.0	1.225	1.00680453693e-18	-1.77665584203e-16	-7.39989158545e-19	0.914081569332	2.73542672871e-16	-4.89532103954e-19	-1.02093939924e-18	0.894035139775	458672656.68	-19561968.5847	4534755.84011	-14597038.3735	10539.8500385	6282467.75926	3309559.23374	6144664.65928	10195.5510003	561258988.9480954	-17861662.51889467	4049793.3951735552	-17861799.433278486	9623.73718025102	5610598.968041637	4049772.408143948	5610576.765861903	9105.203578097926	562229404.772	0.20294084399669038	0.0	0.0	0.0	-0.08983546716429344	0.0	0.0	0.0	-0.11201019834507457	0.202979936694
650	2300.0	nan	nan	1	1	5.0	5.0	5.0	1.23	-5.02025839926e-19	3.13982937449e-17	4.52897928985e-19	0.91245544508	-1.71450718181e-17	1.74441141531e-18	-1.31290106824e-18	0.891990629638	457625933.847	-19596425.0916	4455461.64061	-14537586.4456	10021.4480747	6238184.83331	3231092.07298	6098144.13058	9952.04753708	562261916.7966466	-17861233.504735097	3969866.7552624587	-17861599.651458632	9134.085593729988	5558293.299445686	3969879.956382842	5558175.828126317	8867.387007474357	563227657.189	0.20701416938432612	0.0	0.0	0.0	-0.09161602202717094	0.0	0.0	0.0	-0.11429965134743868	0.207062582947
660	2350.0	nan	nan	1	1	5.0	5.0	5.0	1.235	-1.95166978959e-18	-1.49213429867e-16	-1.60078639119e-18	0.910839025252	1.40653394312e-17	1.89205984593e-18	-2.5507867811e-18	0.88995884751	456555314.114	-19627026.8718	4383182.8315	-14475472.509	12339.2603923	6200425.30363	3158590.70105	6058286.83111	12356.4777567	563224900.9934418	-17857375.64755389	3896556.6884548943	-17857522.010310136	11226.703335026228	5512046.751619615	3896563.855203498	5512047.465487494	10984.646979039313	564183606.824	0.2110709700799406	0.0	0.0	0.0	-0.09338909848605026	0.0	0.0	0.0	-0.11658005607780438	0.211128685775
670	2400.0	nan	nan	1	1	5.0	5.0	5.0	1.24	3.44954167769e-19	-6.16440403463e-17	3.68459332056e-20	0.909232521862	2.29955005915e-16	-1.95728138287e-18	5.23201663607e-19	0.887939348511	455461922.858	-19656726.3793	4312279.76128	-14413478.8449	16094.996763	6169049.35847	3087906.09575	6024593.64614	16273.9260388	564148986.1631731	-17852794.472467836	3824813.658944348	-17852973.145177275	14617.930966750044	5471691.4382136855	3824774.379279039	5471706.2276421245	14434.298803326346	565099611.579	0.2151113796169455	0.0	0.0	0.0	-0.09515441788764233	0.0	0.0	0.0	-0.11885183954895359	0.215178409001
680	2450.0	nan	nan	1	1	5.0	5.0	5.0	1.245	-8.75461490547e-19	-2.39728323523e-17	3.44318893059e-19	0.907635795982	3.27583507255e-17	-2.79182059415e-18	3.94526771007e-18	0.885931969361	454339024.449	-19689502.8462	4242229.83001	-14354507.0914	993.921500945	6143965.90018	3018789.84743	5996977.5908	830.468360624	565025504.6968803	-17851101.744598147	3754163.8762646317	-17851564.971398715	901.119443091526	5437106.371816518	3754230.1350550614	5437042.162499631	734.9234824054892	565985754.393	0.219135529916671	0.0	0.0	0.0	-0.09691208659196683	0.0	0.0	0.0	-0.12111511534202936	0.219211913758
690	2500.0	nan	nan	1	1	5.0	5.0	5.0	1.25	5.03561087143e-19	-1.42256007118e-17	-3.123433993e-21	0.906048676585	-1.21855205348e-16	-5.48983228939e-19	-1.86506067074e-18	0.883936815384	453204458.587	-19723430.0786	4165942.04925	-14296495.7253	4245.36128231	6124368.50299	2945924.06128	5974841.55441	4396.32134748	565876190.3405927	-17850533.871049814	3678338.400053213	-17850765.549563356	3842.2305381317606	5407540.377255172	3678313.9557524896	5407482.933552808	3881.7529001203056	566829553.635	0.22314355131420976	0.0	0.0	0.0	-0.09866224746738546	0.0	0.0	0.0	-0.12336969470896575	0.223229259207
700	2550.0	nan	nan	1	1	5.0	5.0	5.0	1.255	-4.24596440635e-18	-1.93557616359e-18	-4.54486115761e-19	0.904471106473	-3.17674558496e-16	9.14795583035e-19	7.42752603535e-18	0.881953656905	452056089.491	-19758937.9394	4082932.87614	-14240492.6527	5803.35716828	6107099.61986	2869371.13323	5954918.07172	4679.96439223	566698235.9531817	-17851474.99942655	3596945.1602741433	-17851904.338853072	5243.120137326621	5380177.212644988	3597048.2364861416	5380049.849185922	4122.912568379438	567647146.944	0.22713557258374711	0.0	0.0	0.0	-0.10040491885491289	0.0	0.0	0.0	-0.1256157675473975	0.227230606501
