inc	time	elem	node	ip	grain	1_pos	2_pos	3_pos	1_f	2_f	3_f	4_f	5_f	6_f	7_f	8_f	9_f	1_p	2_p	3_p	4_p	5_p	6_p	7_p	8_p	9_p	1_Cauchy	2_Cauchy	3_Cauchy	4_Cauchy	5_Cauchy	6_Cauchy	7_Cauchy	8_Cauchy	9_Cauchy	Mises(Cauchy)	1_ln(V)	2_ln(V)	3_ln(V)	4_ln(V)	5_ln(V)	6_ln(V)	7_ln(V)	8_ln(V)	9_ln(V)	Mises(ln(V))
0	0.0	nan	nan	1	1	5.0	5.0	5.0	1.0	0.0	0.0	0.0	1.0	0.0	0.0	0.0	1.0	-5.61356665397e-08	2.86025997155e-07	7.66671133642e-07	2.86025997155e-07	3.21971819284e-06	4.27437705016e-07	7.66671133642e-07	4.27437705016e-07	-4.77928618244e-07	-5.61356665397e-08	2.86025997155e-07	7.66671133642e-07	2.86025997155e-07	3.21971819284e-06	4.27437705016e-07	7.66671133642e-07	4.27437705016e-07	-4.77928618244e-07	3.85327851841e-06	0.0	0.0	0.0	0.0	0.0	0.0	0.0	0.0	0.0	0.0
10	2.5	nan	nan	1	1	5.0	5.0	5.0	1.00025	-3.71197299883e-22	-1.07892269223e-20	1.09601431163e-22	0.999930793698	-2.64882861523e-20	-1.08297975464e-21	4.3817631128e-22	0.999924853175	54126062.5174	2409677.81235	-486087.062561	2408908.82124	-0.322794476922	-288475.37831	-485929.052912	-288473.66495	0.13551814856	54133876.63023773	2409256.591447591	-485999.20537598693	2409256.5924332016	-0.32273805121222915	-288423.2381963537	-485999.2058895857	-288423.238649501	0.1354936545054005	54303299.2617	0.0002499687552074404	0.0	0.0	0.0	-6.92086968664145e-05	0.0	0.0	0.0	-7.514964866409742e-05	0.000214792673865
20	5.0	nan	nan	1	1	5.0	5.0	5.0	1.0005	5.20503400449e-21	1.43872971507e-19	-8.45378586029e-22	0.999861562099	-9.30437309924e-21	-5.35172931625e-22	8.78536896365e-22	0.999849678342	108295220.757	4821143.87293	-972535.675577	4818067.4091	-61.2326544738	-576968.714678	-971903.531236	-576961.857331	-69.2405268201	108326498.81472804	4819458.974740908	-972184.237896904	4819458.973653874	-61.211254824389925	-576760.2199649868	-972184.2384966122	-576760.220123272	-69.21550590752541	108665355.161	0.0004998750416509929	0.0	0.0	0.0	-0.0001384474844111306	0.0	0.0	0.0	-0.00015033295743303114	0.000429564987664
30	7.5	nan	nan	1	1	5.0	5.0	5.0	1.00075	9.18842564182e-22	8.35850085758e-19	3.82364238153e-22	0.999790620977	-1.88108302995e-20	-1.11232527934e-21	-1.15587504612e-21	0.999770749288	159648814.901	7100194.11755	-1405302.77561	7093387.70304	-1980.48445088	-964238.160862	-1403927.71472	-964218.967901	-2586.54983756	159718864.67773625	7096499.840469015	-1404543.6704001552	7096500.098363509	-1979.4539919664824	-963717.3064068996	-1404543.7219420455	-963717.2785140348	-2585.1526557631005	160220567.377	0.0007497188905459742	0.0	0.0	0.0	-0.0002094009458482571	0.0	0.0	0.0	-0.00022927699396152048	0.000646140483475
40	10.0	nan	nan	1	1	5.0	5.0	5.0	1.001	-7.0672243585e-21	1.1526120771e-19	7.71552716359e-22	0.999697933742	1.23439232233e-19	-5.55573273482e-21	4.43247316176e-21	0.999656422942	181450622.455	8134598.21039	-1065833.15046	8124016.8287	4145.94630583	-1643777.74123	-1064402.4403	-1643709.57752	5193.65665553	181567831.66825637	8129264.767523878	-1065090.109861841	8129264.590367005	4143.228019422208	-1642631.7892622303	-1065089.9979998732	-1642631.8806389174	5190.035922072524	182139879.488	0.0009995003330834232	0.0	0.0	0.0	-0.0003021118892014399	0.0	0.0	0.0	-0.0003436360941198944	0.000881908800888
50	12.5	nan	nan	1	1	5.0	5.0	5.0	1.00125	7.36087347596e-21	2.68895737626e-20	3.54612328601e-21	0.9995960008	5.94985844731e-19	6.22181992308e-21	1.2867828404e-22	0.999526012055	190247484.976	8742997.45005	-626175.990716	8728554.56045	-1396.9358984	-1850361.14897	-625097.727741	-1850231.7894	-228.956487219	190414630.1108168	8736223.211603234	-625647.0087971538	8736223.179191248	-1395.8535262587907	-1848797.9980257722	-625646.9178866155	-1848798.195098413	-228.76306900473264	191045633.202	0.0012492194004318981	0.0	0.0	0.0	-0.0004040808296630912	0.0	0.0	0.0	-0.0004741003127947018	0.00112626572874
60	15.0	nan	nan	1	1	5.0	5.0	5.0	1.0015	8.28462742502e-21	1.21048204634e-18	5.19965733051e-21	0.999491723482	-1.09823115567e-19	-1.74869083421e-20	-1.6593449883e-20	0.999392252263	196066004.38	9280065.74576	-301601.898983	9261455.95326	-2889.66493915	-1984623.00397	-300967.2543	-1984425.35299	-3493.18079016	196285002.57055798	9271801.41234224	-301303.3191243228	9271800.64357034	-2887.091557109721	-1982658.2668179756	-301303.4231545515	-1982658.129221434	-3489.7226109171734	196974663.224	0.0014988761237359487	0.0	0.0	0.0	-0.000508405734296309	0.0	0.0	0.0	-0.0006079324905151802	0.00137256682249
70	17.5	nan	nan	1	1	5.0	5.0	5.0	1.00175	1.7293037886e-20	2.28127313955e-19	9.22058228813e-21	0.999386625539	2.5377777116e-19	-1.60960041421e-20	-1.3915530198e-20	0.999256877816	200593333.03	9728723.71481	-77033.2272077	9705770.35415	-4658.81567074	-2104784.52767	-76841.9522543	-2104511.13408	-5255.37622441	200865715.14164785	9718950.558241697	-76945.8511822112	9718949.646723183	-4654.135577409393	-2102397.146104871	-76946.29457167424	-2102397.0112601905	-5249.4152397338785	201607729.97	0.001748470534116803	0.0	0.0	0.0	-0.000613562652072775	0.0	0.0	0.0	-0.0007433984361578045	0.00161970292671
80	20.0	nan	nan	1	1	5.0	5.0	5.0	1.002	-5.96852170988e-21	6.43216471502e-19	-1.8909348803e-21	0.999281309249	-6.81315583335e-20	-7.35725456078e-21	1.30369545276e-20	0.999120460372	204426695.465	10076965.3028	62542.2848965	10049623.2218	-1956.47494841	-2203108.69594	62362.2296237	-2202754.01835	-2157.76034207	204753809.7956683	10065704.785843698	62462.341103343766	10065704.1732931	-1954.2886831337833	-2200292.603336726	62462.01883643436	-2200292.548231878	-2155.002215360165	205532125.98	0.001998002662673058	0.0	0.0	0.0	-0.0007189491330027694	0.0	0.0	0.0	-0.000879926649929138	0.00186727477888
90	22.5	nan	nan	1	1	5.0	5.0	5.0	1.00225	2.78528255859e-20	4.64619905446e-19	-2.09193976915e-21	0.999175851963	-3.22920557793e-19	-7.16369429744e-21	-1.18933062449e-22	0.998983419782	207828254.188	10346466.5586	141902.042716	10314730.4646	-1257.78486822	-2284111.6592	141439.222736	-2283671.49758	-1281.70774974	208211340.2429141	10333744.350326365	141700.26187892584	10333743.420353414	-1256.2382724845093	-2280863.714676138	141699.9350922662	-2280863.4525091327	-1279.885196253969	209017980.8	0.00224747254047937	0.0	0.0	0.0	-0.0008244878337017238	0.0	0.0	0.0	-0.0010170972861272215	0.00211510205136
100	25.0	nan	nan	1	1	5.0	5.0	5.0	1.0025	-4.10943328316e-21	-6.36593236337e-19	-5.99871380223e-21	0.999070211754	-1.08549257424e-18	-1.6384896971e-20	-2.4575535999e-20	0.998846093097	210945919.553	10564138.0448	184290.373196	10527994.9168	-298.63415635	-2352478.16765	183618.503157	-2351950.26183	-365.789494712	211386157.06915212	10549967.240923481	184001.87898981292	10549966.51189914	-298.2335665392132	-2348795.5210213196	184001.70921247004	-2348795.340363963	-365.2168758167293	212214054.996	0.002496880198587146	0.0	0.0	0.0	-0.0009302207672140625	0.0	0.0	0.0	-0.001154573166156583	0.00236307082245
110	27.5	nan	nan	1	1	5.0	5.0	5.0	1.00275	2.9125029368e-20	1.5117040023e-18	5.27244922441e-21	0.998964378889	-2.18774134615e-18	7.68223314393e-21	3.20647258674e-20	0.998708647925	213861479.608	10749025.0492	205144.162154	10708444.0689	-156.344736465	-2411807.00556	204317.187459	-2411189.45437	-266.9481468	214360002.9122626	10733406.904161077	204793.65148502224	10733406.06266589	-156.11757030257473	-2407686.17619743	204793.46247400693	-2407686.0383446114	-266.49203743507945	215205567.218	0.0027462256680252286	0.0	0.0	0.0	-0.001036157737068486	0.0	0.0	0.0	-0.0012921865886020578	0.00261111932365
120	30.0	nan	nan	1	1	5.0	5.0	5.0	1.003	2.60702513658e-20	-1.23635791026e-18	-1.25251688353e-20	0.998858380654	2.37097674108e-18	-1.09267973979e-21	3.98037242809e-20	0.998571167855	216629874.668	10912309.238	213682.818014	10867248.9354	-83.0252796196	-2461698.32857	212739.074201	-2460990.3953	-229.90386646	217187791.07649317	10895237.693161452	213287.179723767	10895236.841064125	-82.89539237458334	-2457140.4416662385	213286.97010135208	-2457140.3478935077	-229.47819455296718	218048095.87	0.002995508979798371	0.0	0.0	0.0	-0.0011422714897458728	0.0	0.0	0.0	-0.0014298538990417287	0.00285920608506
130	32.5	nan	nan	1	1	5.0	5.0	5.0	1.00325	2.89099624087e-20	5.11015638823e-19	4.83569786098e-21	0.998752240518	2.11452510859e-18	4.6551656923e-21	-2.45767767699e-20	0.998433696789	219284334.652	11060956.9318	214988.144926	11011367.8989	-63.1351938433	-2503362.77797	213955.829186	-2502564.25309	-209.37522612	219902724.93511006	11042421.05421179	214559.41545612688	11042420.381163431	-63.02939230806711	-2498370.5706226197	214559.1928781367	-2498370.472665944	-208.95768993571457	220775761.993	0.0032447301648890294	0.0	0.0	0.0	-0.0012485385820161367	0.0	0.0	0.0	-0.0015675311462543364	0.00310730605776
140	35.0	nan	nan	1	1	5.0	5.0	5.0	1.0035	1.88696441336e-20	1.52725665218e-19	1.91244157622e-21	0.99864597549	-7.46366721068e-19	1.86242946091e-20	5.82845935266e-20	0.998296260928	221846116.339	11199721.0301	211323.642215	11145546.3729	-60.058825889	-2538551.68483	210227.631961	-2537662.63282	-171.984340722	222526034.99856237	11179706.026534906	210872.11516537407	11179705.478657672	-59.95149485717569	-2533127.659668594	210871.94204442503	-2533127.5799819524	-171.61686843572818	223410449.29	0.003493889254255838	0.0	0.0	0.0	-0.0013549420295094047	0.0	0.0	0.0	-0.0017051920860187068	0.00335540316184
150	37.5	nan	nan	1	1	5.0	5.0	5.0	1.00375	4.12928561786e-20	1.12737769174e-18	-1.25168970292e-20	0.998539613373	2.5322910226e-18	6.07202268402e-23	6.73171990205e-20	0.998158864678	224331227.551	11329762.7947	204030.963458	11270950.4106	-49.0735448679	-2568882.80459	202894.351145	-2567903.07966	-146.789868987	225073708.16735747	11308254.941376101	203565.99086197483	11308254.455601469	-48.98038611213849	-2563028.4965659115	203565.8810275677	-2563028.301274246	-146.4553449260621	225968315.544	0.003742986278834297	0.0	0.0	0.0	-0.001461454030891408	0.0	0.0	0.0	-0.0018428322948611073	0.00360348650479
160	40.0	nan	nan	1	1	5.0	5.0	5.0	1.004	7.56870260486e-21	4.4785378161e-19	-1.30297490089e-20	0.998433173849	-5.87089785398e-19	2.74822615962e-20	-5.9044152124e-21	0.998021509952	226750539.184	11452522.2257	194709.957031	11389021.593	-44.3270855719	-2595483.79473	193550.396602	-2594413.49431	-131.251451525	227556593.84830865	11429507.81457623	194238.55820292325	11429507.379759256	-44.23800809611072	-2589200.0481883013	194238.43112893548	-2589199.89178591	-130.93368770143545	228460432.575	0.003992021269537457	0.0	0.0	0.0	-0.0015680549067594587	0.0	0.0	0.0	-0.001980449844820657	0.00385154883371
170	42.5	nan	nan	1	1	5.0	5.0	5.0	1.00425	1.80871312741e-20	1.82600285657e-18	-1.33506950866e-21	0.998326681725	-1.00855154238e-18	-2.21309587949e-20	-7.44979539181e-20	0.997884189113	229112553.516	11569423.8486	184194.246868	11501184.0702	-41.9774823916	-2619120.42112	183026.499033	-2617959.41757	-111.28579166	229983175.2338593	11544888.686758906	183722.15989512327	11544888.269201538	-41.88846116308699	-2612407.656458614	183721.9949478092	-2612407.537126855	-111.00056791711818	230895484.331	0.004240994257254614	0.0	0.0	0.0	-0.001674719835747027	0.0	0.0	0.0	-0.0021180523771254234	0.00409958510287
180	45.0	nan	nan	1	1	5.0	5.0	5.0	1.0045	1.14101293696e-20	-3.63248425069e-18	6.39410613503e-21	0.998220161301	-2.38970493733e-18	-1.94726329507e-20	-4.02175213823e-20	0.997746891055	231423939.731	11681738.9592	173866.023952	11608707.7662	-43.8073060511	-2640202.65019	172696.968422	-2638950.79328	-85.246895159	232360104.06160167	11655668.119467769	173395.74832174124	11655667.722666593	-43.70953865026846	-2633061.3874113006	173395.56832496444	-2633061.2880074424	-85.0163179798751	233280305.402	0.004489905272852001	0.0	0.0	0.0	-0.0017814244938156802	0.0	0.0	0.0	-0.002255651014048907	0.00434759186101
190	47.5	nan	nan	1	1	5.0	5.0	5.0	1.00475	1.88282851029e-20	1.85965918134e-18	2.5222391238e-20	0.998113632891	-1.6317444528e-18	-3.23324221932e-21	-2.90352802715e-20	0.997609604809	233689532.385	11790276.1672	163801.163631	11712401.1121	-41.3234062781	-2659411.97919	162636.899102	-2658068.91368	-74.7899119348	234692196.859293	11762654.508670395	163334.89597113265	11762654.148185609	-41.22659590645461	-2651841.8388279118	163334.70631345053	-2651841.725203612	-74.57701895866649	235619845.057	0.00473875434717347	0.0	0.0	0.0	-0.001888148540076171	0.0	0.0	0.0	-0.002393256746659863	0.00459556690784
200	50.0	nan	nan	1	1	5.0	5.0	5.0	1.005	3.23030572814e-20	4.80123751667e-19	-2.42860227846e-21	0.998007105106	2.616342499e-18	3.4795352467e-21	-5.5442607737e-20	0.997472329992	235913480.083	11895770.2227	153949.174927	11812997.8967	-31.2692043252	-2677108.2566	152795.891175	-2675673.62353	-66.0376470628	236983585.98763478	11866582.089914806	153489.1463699159	11866581.773281572	-31.192480441772425	-2669108.5628762394	153488.97486522733	-2669108.439809117	-65.84031438137475	237918333.51	0.004987541511038968	0.0	0.0	0.0	-0.001994883351326121	0.0	0.0	0.0	-0.0025308699592525965	0.00484350767383
210	100.0	nan	nan	1	1	5.0	5.0	5.0	1.01	-6.85037896092e-20	-9.80771508692e-20	2.46168950296e-21	0.99588039154	1.78334846111e-18	5.90006217443e-20	1.21354013306e-19	0.994730110619	273950446.383	13604356.5007	-7783.60031124	13414165.0571	-4046.11356527	-2884067.20138	-7665.24582632	-2880736.39997	-2973.8633288	276541024.05865675	13541019.576959703	-7738.4141982217225	13541014.408847047	-4027.2763357167432	-2867324.334158822	-7737.731251980973	-2867324.741603696	-2956.5991683725997	277581720.547	0.009950330853168092	0.0	0.0	0.0	-0.004128117424038113	0.0	0.0	0.0	-0.005283824226333113	0.00979362428764
220	150.0	nan	nan	1	1	5.0	5.0	5.0	1.015	9.90399891022e-20	1.06501092053e-17	-2.15728703754e-20	0.993766137558	4.57556610195e-19	2.54599161509e-19	1.40422180787e-20	0.991996960948	304060803.044	14893149.4392	-150371.754951	14581588.8755	9170.39072258	-3067192.33762	-146961.137054	-3061726.90302	7004.46884734	308436596.6335513	14791430.026819365	-149078.8493065839	14791435.138116268	9107.757445487749	-3040820.4283002564	-149076.0811539832	-3040815.4723842847	6944.243991203865	309535699.094	0.014888612493750559	0.0	0.0	0.0	-0.006253374093371651	0.0	0.0	0.0	-0.00803523526244079	0.0147245933505
230	200.0	nan	nan	1	1	5.0	5.0	5.0	1.02	2.41768349437e-19	1.48117607462e-18	3.69385774342e-20	0.991666784082	-7.52087171312e-18	1.33532593465e-19	-1.55437163266e-19	0.989274382122	328508975.965	15906368.3844	-282968.212921	15464535.4486	7369.48122271	-3270911.91647	-274442.518112	-3263013.82509	6504.26146502	334861108.66573113	15763552.650362821	-279751.0424290626	15763561.619912695	7303.314147683223	-3233723.7065620148	-279749.20810014807	-3233716.772278075	6430.312105687016	336012556.474	0.01980262729617973	0.0	0.0	0.0	-0.008368131268506994	0.0	0.0	0.0	-0.010783551942248353	0.0196352305566
240	250.0	nan	nan	1	1	5.0	5.0	5.0	1.025	7.43999330155e-20	2.46724815667e-19	-1.28974001109e-19	0.989582628604	-1.89936815208e-17	7.92699588719e-20	3.20681379875e-20	0.986564167391	348626831.789	16682415.0519	-414153.471451	16105990.6668	-11079.2549128	-3488320.64993	-398625.668572	-3477673.95581	-10285.3602654	357094703.46169245	16497180.232020369	-408305.63875122083	16497192.5184423	-10956.235327099166	-3439065.6829427453	-408307.97268378426	-3439059.2644238644	-10140.131334013071	358296823.63	0.024692612590371414	0.0	0.0	0.0	-0.010472012015085562	0.0	0.0	0.0	-0.013526910129512376	0.024524885969
250	300.0	nan	nan	1	1	5.0	5.0	5.0	1.03	9.60045671264e-19	3.70336039429e-18	7.8747594315e-21	0.987514202479	1.22006625723e-17	9.29949531857e-20	5.48678826474e-19	0.983867327325	365362257.602	17263610.3031	-544647.282253	16551507.7644	-5389.52514329	-3707710.39653	-520243.009132	-3694012.01519	-3502.25619366	376048441.5502418	17035616.730569873	-535469.5333497392	17035609.372902222	-5318.34784780632	-3645232.4660708606	-535459.1743972898	-3645226.681095593	-3443.2403333267994	377262620.457	0.02955880224154443	0.0	0.0	0.0	-0.012564400053068359	0.0	0.0	0.0	-0.016264220974527052	0.0293931295943
260	350.0	nan	nan	1	1	5.0	5.0	5.0	1.035	9.62355159534e-19	2.11160019795e-17	4.64147585316e-20	0.985461590349	-6.4659054122e-18	-2.56378840597e-19	6.21113378354e-20	0.981184516121	379385863.484	17689202.765	-676861.222689	16842530.8882	-4345.89367411	-3921608.36478	-641657.886199	-3904581.85989	-2387.80054715	392365448.40013105	17418759.553828448	-663620.1778327852	17418749.142244592	-4279.451027923456	-3844892.207130623	-663610.3462736655	-3844886.255147417	-2341.0893852564272	393585000.308	0.03440142671733232	0.0	0.0	0.0	-0.01464512793428737	0.0	0.0	0.0	-0.01899474727572151	0.0342397920188
270	400.0	nan	nan	1	1	5.0	5.0	5.0	1.04	-2.91511682753e-19	3.35647393261e-18	-7.05949021977e-20	0.983424843084	1.34074727639e-18	1.4207323329e-19	-5.32452851578e-19	0.978516233101	391217855.592	17993147.2314	-814530.510473	17014346.9432	-15495.0766778	-4134576.255	-766390.648713	-4113930.7661	-14081.7492524	406545780.8375481	17680956.658518318	-796402.917237925	17680969.476705145	-15226.22894356671	-4042560.160346263	-796417.853260154	-4042551.9024611227	-13768.35617601592	407774494.919	0.03922071315328133	0.0	0.0	0.0	-0.016714061882875372	0.0	0.0	0.0	-0.0217179025023169	0.0390647677505
280	450.0	nan	nan	1	1	5.0	5.0	5.0	1.045	1.20437497188e-20	2.99696403304e-17	2.91961669007e-20	0.981404176899	1.47125652471e-17	2.51444708243e-19	-4.99365627076e-19	0.97586273845	401265816.911	18194210.3327	-956942.536385	17086969.2634	-10723.2933436	-4351711.54648	-893638.701095	-4327127.67522	-9002.83973774	418982155.75867873	17841369.39048887	-933085.9865223388	17841378.247650478	-10515.336149647988	-4243223.50299862	-933093.8586707823	-4243211.540467594	-8778.399202449036	420197217.012	0.04401688541677426	0.0	0.0	0.0	-0.018770899273642117	0.0	0.0	0.0	-0.024433339293347303	0.0438679898386
290	500.0	nan	nan	1	1	5.0	5.0	5.0	1.05	3.79047243896e-20	-4.72416744463e-17	-2.37698620823e-20	0.979399822081	-1.5131131872e-17	1.0053553165e-20	1.58884852059e-19	0.973223984005	409846840.678	18311305.2398	-1100633.3748	17080125.7042	9693.87698895	-4559079.7258	-1020150.58676	-4530319.87559	9201.33686421	429980507.3261121	17919141.544223852	-1070270.0144329758	17919184.4039507	9486.268269928534	-4433307.616916227	-1070265.3364814422	-4433296.372279493	8947.498016994266	431162380.93	0.04879016416943205	0.0	0.0	0.0	-0.02081532137515707	0.0	0.0	0.0	-0.027141023899456048	0.0486495025711
300	550.0	nan	nan	1	1	5.0	5.0	5.0	1.055	5.98005260762e-19	-1.00988826625e-18	1.18505203277e-19	0.977411429028	3.62095997039e-18	-1.13940820657e-19	-7.68761808972e-19	0.970600131346	417173232.172	18359368.8571	-1244746.82677	17009154.9147	-15985.856916	-4754888.59785	-1145186.68073	-4721738.90691	-15019.1413696	439742737.3219935	17929366.378765237	-1207121.9724508317	17929367.86183867	-15611.4454563421	-4611162.992810929	-1207142.4695850802	-4611149.079567663	-14565.159086715566	440930257.069	0.05354076692802976	0.0	0.0	0.0	-0.02284760091794815	0.0	0.0	0.0	-0.02984070668648889	0.0534094382267
310	600.0	nan	nan	1	1	5.0	5.0	5.0	1.06	3.11205198777e-19	2.27242660834e-17	-5.18092996144e-19	0.975438957353	-1.0502361513e-17	2.40879130279e-19	3.53318618123e-19	0.967991531421	423483936.62	18357900.2339	-1394608.80925	16893415.1524	-15943.9613109	-4941414.06817	-1273576.54546	-4903679.19545	-15415.9246425	448502932.62576765	17891451.77762277	-1348796.5372451008	17891460.768002477	-15538.84765162209	-4779090.8389760135	-1348818.1396470657	-4779083.595645364	-14909.518453004439	449669685.967	0.058268908123975824	0.0	0.0	0.0	-0.02486769662986268	0.0	0.0	0.0	-0.032531940275853426	0.0581477614947
320	650.0	nan	nan	1	1	5.0	5.0	5.0	1.065	-4.24416446134e-19	2.09643301423e-17	-2.72215213424e-19	0.973482272281	-2.23149771163e-17	6.48910782839e-20	1.07258193924e-18	0.965398075279	428907620.868	18312072.9459	-1545668.05611	16738526.6007	-19174.2876076	-5121263.60717	-1401102.80032	-5078706.53693	-17870.2432605	456382819.54163486	17810719.87948259	-1490865.8836527572	17810772.281314038	-18649.328586475414	-4939687.511131979	-1490855.4088725664	-4939660.285681089	-17236.64787166892	457529445.171	0.06297479916138839	0.0	0.0	0.0	-0.026875664627422424	0.0	0.0	0.0	-0.035214749460859486	0.0628646405428
330	700.0	nan	nan	1	1	5.0	5.0	5.0	1.07	9.50397436599e-20	1.07037303613e-17	-1.9275293506e-19	0.971541076398	-3.49330681129e-17	1.93972325944e-18	4.30120683638e-19	0.962820032047	433592583.019	18225656.865	-1685858.15957	16548552.0945	-12097.4877854	-5295983.44802	-1516991.08447	-5248438.33339	-9200.01972153	463527558.80879116	17691077.881588686	-1621720.8018330461	17691054.35516078	-11742.654883076884	-5094501.263385157	-1621723.252789744	-5094495.743032746	-8850.01106112331	464641815.067	0.06765864847381486	0.0	0.0	0.0	-0.02887172964005111	0.0	0.0	0.0	-0.037888767258295375	0.0675601424805
340	750.0	nan	nan	1	1	5.0	5.0	5.0	1.075	-4.09328671761e-19	-2.37500097476e-17	-4.53427324577e-20	0.969615114786	-4.5183569673e-17	-4.91497485089e-19	-1.26644660504e-18	0.960257362174	437632319.334	18112222.4629	-1826645.23688	16336643.7771	-14303.7250462	-5463942.93105	-1631686.79737	-5411192.75569	-14009.5631158	470026522.6208703	17545899.358804215	-1752452.9533466524	17545906.750058513	-13856.48396438943	-5242015.654222615	-1752466.7111911399	-5241998.528723095	-13440.541032102388	471118868.103	0.07232066157962608	0.0	0.0	0.0	-0.03085607510665855	0.0	0.0	0.0	-0.04055394485086119	0.0722344399971
350	800.0	nan	nan	1	1	5.0	5.0	5.0	1.08	-1.02895974246e-18	1.17769872799e-17	-4.83338175527e-20	0.967704463126	-3.68715559522e-17	1.22847901493e-19	-1.31470101326e-18	0.957709845191	441114211.584	17985998.4313	-1967083.18211	16115858.9687	-15616.5034256	-5624847.94001	-1744364.44395	-5566751.95292	-14710.8723937	475964271.99492437	17389089.539830703	-1882158.6405470222	17389086.273293838	-15098.231961048821	-5382007.35400366	-1882177.292989777	-5382005.81552907	-14075.762447466628	477033060.695	0.0769610411361284	0.0	0.0	0.0	-0.032828545009152166	0.0	0.0	0.0	-0.043210422470856984	0.0768876774855
360	850.0	nan	nan	1	1	5.0	5.0	5.0	1.085	2.26184266696e-20	-2.36698724899e-17	-3.07367080735e-19	0.965808915083	2.45218685208e-18	-9.27117265439e-19	-1.66550500232e-18	0.9551774865	444119789.512	17846525.9988	-2106421.58552	15886027.9089	-16021.3582512	-5774093.62048	-1854395.1774	-5710512.73019	-15750.0199601	481420786.20984113	17220266.69522203	-2010130.94065393	17220273.057540644	-15459.146610601492	-5510143.0409497265	-2010143.2211084215	-5510122.932997965	-15030.04083102307	482466031.436	0.08157998699242285	0.0	0.0	0.0	-0.03478927480977549	0.0	0.0	0.0	-0.04585810603110981	0.0815199930085
370	900.0	nan	nan	1	1	5.0	5.0	5.0	1.09	8.59897260141e-19	-1.25755672956e-17	-4.34316143705e-19	0.963928254767	-2.9663914376e-17	-9.85046378098e-19	8.70207239296e-19	0.952660270516	446708375.282	17700122.1311	-2262871.01473	15652902.167	-13190.0039369	-5914927.70049	-1977753.67202	-5845765.36323	-13283.7046204	486453497.96595144	17045577.169054143	-2153716.776755911	17045592.68146498	-12702.241730384121	-5629608.996235063	-2153720.962276082	-5629590.794520029	-12642.937804318064	487473059.452	0.08617769624105241	0.0	0.0	0.0	-0.036738411656793105	0.0	0.0	0.0	-0.048496923126989215	0.0861315341333
380	950.0	nan	nan	1	1	5.0	5.0	5.0	1.095	-9.71705609178e-20	-5.15539588855e-17	8.1473981614e-20	0.962062215475	-4.52262918972e-17	-5.74407452247e-19	8.63682438624e-19	0.950158341731	448941256.77	17543694.0897	-2435031.69178	15413720.5347	22759.4003097	-6050352.3976	-2112923.91598	-5975480.36733	21666.9563225	491123114.17399764	16862072.072002172	-2311465.0993796047	16861970.950216796	21875.133388413822	-5743325.006081129	-2311451.12635627	-5743316.094294453	20567.458533827506	492086413.353	0.09075436326846412	0.0	0.0	0.0	-0.03867615735670657	0.0	0.0	0.0	-0.051126632770053686	0.0907223983665
390	1000.0	nan	nan	1	1	5.0	5.0	5.0	1.1	-3.98264303887e-19	3.90672109353e-17	3.15360954175e-19	0.960210461936	8.84389747206e-18	2.20961448309e-19	5.22195811982e-19	0.947671295147	450813607.405	17387824.923	-2614824.0628	15178152.5743	-15143.7462671	-6182404.6794	-2252734.53316	-6101661.78949	-15125.5651368	495419226.3345947	16679953.953772213	-2475616.418061977	16679950.387550667	-14527.233368258288	-5853266.667217635	-2475630.684662811	-5853258.710671719	-14320.312375063224	496397353.196	0.09531017980432493	0.0	0.0	0.0	-0.04060278736456575	0.0	0.0	0.0	-0.0537475719306251	0.0952929207563
400	1050.0	nan	nan	1	1	5.0	5.0	5.0	1.105	-1.84121139931e-18	2.37092992266e-17	2.2594603868e-19	0.958372945412	-1.01532065912e-16	3.66649460875e-19	8.373714777e-20	0.945199412164	452414673.614	17231250.2678	-2798023.92105	14944761.8222	-14847.247826	-6308626.55415	-2393397.28618	-6221892.17711	-15075.0848098	499434678.25711626	16497991.264474256	-2642132.540326533	16497989.00790719	-14215.43771507738	-5957142.602709687	-2642145.9631626173	-5957125.640400043	-14235.179272237197	500393008.893	0.09984533496971612	0.0	0.0	0.0	-0.04251828093007957	0.0	0.0	0.0	-0.05635935558663197	0.0998430766882
410	1100.0	nan	nan	1	1	5.0	5.0	5.0	1.11	-1.88570709882e-18	-6.87746019243e-17	-4.53744961932e-19	0.956549177393	-9.33483247433e-18	1.15691465705e-18	-6.63359146598e-19	0.942742759069	453761772.181	17079403.9207	-2985212.37486	14718287.6702	-9102.42046164	-6426297.75774	-2535381.52072	-6333508.46456	-9614.44021102	503184665.2660174	16321366.810819317	-2811544.4364518584	16321376.344731765	-8698.426708011479	-6052440.978710701	-2811530.5872797333	-6052407.6442871615	-9055.109818161607	504119541.384	0.10436001532424286	0.0	0.0	0.0	-0.04442307752593474	0.0	0.0	0.0	-0.05896182352127065	0.104373056226
420	1150.0	nan	nan	1	1	5.0	5.0	5.0	1.115	3.61921296494e-19	5.21494362823e-17	-5.11343202346e-19	0.954738929624	-1.75118238493e-17	-1.22453832649e-18	-1.37838730298e-18	0.940301214226	454873320.261	16927382.0632	-3169647.37688	14494394.1402	-12810.4519188	-6541646.6218	-2673000.32749	-6442687.74133	-13453.7711816	506685920.55980444	16145367.406929811	-2977497.8114221413	16145386.222410068	-12218.632042782257	-6145080.566873402	-2977469.9268222847	-6145047.136262928	-12638.180051441353	507607247.862	0.10885440491208208	0.0	0.0	0.0	-0.04631734799584181	0.0	0.0	0.0	-0.06155501438227431	0.108883045881
430	1200.0	nan	nan	1	1	5.0	5.0	5.0	1.12	1.23748866616e-18	6.06962634179e-18	-1.55324666703e-19	0.952941847464	5.83345238027e-17	3.4488799332e-19	8.28861443558e-19	0.937874912078	455781524.346	16775950.0385	-3357749.70587	14273685.1464	-13107.1200303	-6649572.41101	-2811718.85431	-6544393.889	-13743.361297	509970904.4424378	15970708.489154648	-3146037.5224268413	15970731.008197527	-12477.98143508328	-6230304.860591571	-3146013.452888022	-6230264.56323242	-12876.817545108834	510876293.429	0.11332868530700327	0.0	0.0	0.0	-0.04820139768923738	0.0	0.0	0.0	-0.06413869486221714	0.113373165724
440	1250.0	nan	nan	1	1	5.0	5.0	5.0	1.125	-3.3558386579e-19	6.35785577187e-18	1.06937909591e-19	0.951157929944	-7.24927324556e-17	-7.12037071286e-21	1.41004515938e-19	0.935463565397	456504608.957	16621029.7498	-3547923.58396	14052670.9981	-13034.2167895	-6747576.49451	-2950155.06046	-6636194.81146	-13649.1181483	513057046.09344	15793505.180737711	-3315653.219223611	15793535.772794927	-12385.271760571608	-6305835.849206351	-3315624.445272125	-6305793.245839018	-12755.557287810101	513946502.59	0.11778303565638346	0.0	0.0	0.0	-0.05007516298568791	0.0	0.0	0.0	-0.06671308068918062	0.117843598896
450	1300.0	nan	nan	1	1	5.0	5.0	5.0	1.13	-5.72567802564e-19	1.00603400165e-16	-1.28007854154e-19	0.94938733663	-7.6990424466e-17	2.60197933485e-20	-1.77082825535e-19	0.933066673353	457051786.092	16457679.8707	-3733521.92152	13827194.6902	-26315.7691147	-6840236.51263	-3082854.90966	-6722593.81437	-28015.0584945	515951997.28372836	15609086.558958057	-3480140.9003286813	15609103.682188904	-24958.871554440284	-6376013.6825000215	-3480142.0678724833	-6375962.442678997	-26113.774859561287	516838505.304	0.12221763272424911	0.0	0.0	0.0	-0.05193841124121407	0.0	0.0	0.0	-0.06927861943079205	0.122294567027
460	1350.0	nan	nan	1	1	5.0	5.0	5.0	1.135	2.06551631166e-18	9.2747143109e-17	4.60256527714e-19	0.947630126433	3.3834625199e-17	1.59453952321e-19	2.35313693681e-18	0.930684211745	457473868.109	16288952.6347	-3918177.81258	13599799.342	11166.3509786	-6926199.62895	-3212864.27926	-6802323.63137	11958.5599875	518710555.37967	15420375.609219648	-3642918.2078824295	15420245.74846335	10570.926819909495	-6439620.646801698	-3642932.9210502096	-6439602.825521276	11118.447911845116	519544960.84	0.126632650933366	0.0	0.0	0.0	-0.053791014850614396	0.0	0.0	0.0	-0.07183525178415041	0.126726128211
470	1400.0	nan	nan	1	1	5.0	5.0	5.0	1.14	1.09058138937e-18	-4.65366253969e-17	-1.34360601258e-19	0.945885437043	-5.56453000743e-18	5.51352274214e-19	2.578421231e-19	0.92831626183	457734068.152	16122040.5955	-4097426.00496	13376922.5386	-4957.68009799	-7002092.17031	-3336554.4977	-6872005.34103	-3434.18356772	521289214.99150187	15234184.140399586	-3799861.163863988	15234272.330442557	-4684.655833397062	-6493583.550148045	-3799826.1346472995	-6493557.323524013	-3184.7849729958725	522123174.045	0.131028262406404	0.0	0.0	0.0	-0.055633819755301406	0.0	0.0	0.0	-0.07438280486908114	0.13113857295
480	1450.0	nan	nan	1	1	5.0	5.0	5.0	1.145	-4.25925223571e-19	9.17044720207e-17	-2.99955542446e-19	0.944153077251	9.42146806297e-17	-1.53440018395e-18	-1.29397517583e-19	0.925963063391	457879351.533	15951513.9693	-4275134.1403	13153413.4917	-8515.20681358	-7074401.65191	-3457308.83083	-6938042.40375	-9983.34658677	523739082.50899667	15045366.061663525	-3954593.484056724	15045353.521489643	-8031.488662935689	-6543977.746223469	-3954595.7880536886	-6543917.268082574	-9234.816046813	524562812.653	0.13540463700620298	0.0	0.0	0.0	-0.0574669678779681	0.0	0.0	0.0	-0.0769209334781717	0.135531923775
490	1500.0	nan	nan	1	1	5.0	5.0	5.0	1.15	9.84993438538e-19	1.22484299365e-16	5.09331499096e-19	0.942432774884	-6.47104054945e-17	2.24026979659e-19	2.98592348797e-19	0.923624538699	457909463.653	15775775.8381	-4445114.12078	12928329.571	-10158.3189047	-7135185.8593	-3570089.28861	-6992759.98017	-11621.8533131	526058176.78066856	14852426.902274512	-4101424.239241874	14852397.73968429	-9563.757150863128	-6583503.469128873	-4101410.455962011	-6583476.940626591	-10723.268196969864	526868249.162	0.13976194237515863	0.0	0.0	0.0	-0.05929068858684227	0.0	0.0	0.0	-0.07944963331965395	0.139906355875
500	1550.0	nan	nan	1	1	5.0	5.0	5.0	1.155	-1.3090629502e-18	1.1233774463e-17	-8.62914815015e-20	0.940724174307	2.02692866696e-17	-1.04124172019e-18	2.58319902622e-18	0.921300766817	457833721.951	15593590.4715	-4613941.35125	12700747.9754	-9418.96220278	-7185971.50429	-3680348.76803	-7037561.71904	-8181.09124799	528255515.94147485	14654220.008752638	-4246467.270397796	14654316.300680079	-8851.556325397614	-6613649.9092498515	-4246442.418036508	-6613613.326865007	-7529.514047965861	529048300.076	0.14410034397375687	0.0	0.0	0.0	-0.061105302123517946	0.0	0.0	0.0	-0.08196873054696314	0.144262004153
510	1600.0	nan	nan	1	1	5.0	5.0	5.0	1.16	3.39713151408e-18	-4.08592811888e-18	-5.58406470477e-19	0.939026982023	2.16898138617e-17	4.41211521291e-19	2.2396080521e-19	0.918991815477	457671109.859	15406413.7127	-4790934.64546	12471587.8219	-1990.52641493	-7233884.28729	-3795550.27337	-7079475.68462	-3863.59141646	530351478.2812725	14452132.116915822	-4398293.289479997	14452135.8140721	-1867.2321324895902	-6641030.836814415	-4398301.870076152	-6640969.132763261	-3546.950534257799	531123806.829	0.14842000511827322	0.0	0.0	0.0	-0.06291106533793653	0.0	0.0	0.0	-0.08447806256708705	0.148598988064
520	1650.0	nan	nan	1	1	5.0	5.0	5.0	1.165	-7.69291204564e-19	-6.42678837191e-17	4.62162351846e-20	0.937340843153	1.20298001449e-16	-4.6586812099e-19	8.32580447592e-19	0.916697689434	457417787.88	15218912.8895	-4966107.62991	12244865.9454	-717.263143615	-7279706.25565	-3907630.21385	-7119374.51004	-1826.95944842	532340332.3886222	14250548.126077592	-4547708.938037869	14250508.353948006	-671.6243808854852	-6666384.958255458	-4547678.778592785	-6666375.569630342	-1673.0365977112262	533096686.117	0.15272108701766393	0.0	0.0	0.0	-0.06470830285313715	0.0	0.0	0.0	-0.08697753454338225	0.152917470434
530	1700.0	nan	nan	1	1	5.0	5.0	5.0	1.17	-6.52480067182e-19	6.77595123464e-17	9.34542038618e-19	0.935665610564	-5.8037479936e-17	-1.73183827e-18	-1.12896256979e-18	0.914418319963	457080566.557	15028270.6925	-5139884.56058	12018269.1162	9467.44992831	-7323310.25624	-4017096.99294	-7157019.79242	10215.8506299	534228645.03598887	14046826.846246134	-4695121.502160804	14046765.702572769	8849.163855216637	-6689611.613998427	-4695120.380377973	-6689619.838259391	9331.855490134603	534960610.936	0.1570037488096647	0.0	0.0	0.0	-0.06649712000578002	0.0	0.0	0.0	-0.0894671317470708	0.15721758084
540	1750.0	nan	nan	1	1	5.0	5.0	5.0	1.175	2.34482542602e-18	-7.34154954423e-17	-8.01663745017e-19	0.934001126501	-4.05295206745e-17	-1.40461885456e-19	2.50991744139e-18	0.912153562403	456669066.522	14842675.2837	-5308683.37393	11798299.8078	14997.003093	-7358365.16415	-4121153.24298	-7186259.69256	15167.5568598	536026469.47605383	13848615.61901465	-4837283.676809188	13848542.534225646	13992.607619747272	-6704958.120377345	-4837304.264614425	-6704973.754291649	13820.710343225892	536740053.349	0.16126814759612232	0.0	0.0	0.0	-0.06827763465016741	0.0	0.0	0.0	-0.09194692325424661	0.161499482955
550	1800.0	nan	nan	1	1	5.0	5.0	5.0	1.18	-1.48331350932e-18	8.27080027391e-18	-7.93034596867e-20	0.932347133888	-6.96360079619e-17	-8.24268936797e-20	-1.25670572615e-18	0.9099033082	456175739.377	14661660.3321	-5474211.25149	11584579.4952	-7099.24300975	-7387322.32522	-4221140.70349	-7209488.98005	-8752.86780368	537723851.3180847	13655446.422368571	-4975788.425699377	13655493.189021472	-6612.0296312391065	-6714712.172047684	-4975731.587865793	-6714709.539695668	-7955.925759601129	538445657.447	0.16551443847757333	0.0	0.0	0.0	-0.07005007238980067	0.0	0.0	0.0	-0.09441693984194906	0.165763355047
560	1850.0	nan	nan	1	1	5.0	5.0	5.0	1.185	1.98840984368e-19	6.24413365777e-17	-3.38813178902e-19	0.930703368365	1.06517251853e-16	5.82321916348e-19	-1.86053433842e-18	0.907667714063	455620103.214	14488217.3257	-5641877.65323	11379180.3316	-17708.9255002	-7415130.01974	-4321431.36344	-7231507.80215	-20938.7889421	539342575.4324828	13470065.691814747	-5115569.955165956	13470161.617239228	-16464.440341878548	-6723402.858783103	-5115515.985074336	-6723317.503875519	-18985.494935085077	540062943.178	0.16974277458709455	0.0	0.0	0.0	-0.07181466862328077	0.0	0.0	0.0	-0.09687692103334053	0.170009265734
570	1900.0	nan	nan	1	1	5.0	5.0	5.0	1.19	1.47097859203e-18	2.14766791963e-17	7.06954873602e-19	0.929069545704	1.09704001559e-17	-2.8312076262e-19	-8.82687740378e-19	0.905446810037	455012549.762	14325394.0311	-5808217.05748	11184336.2758	-21871.8234454	-7439981.01309	-4419306.51295	-7250716.03169	-25805.431328	540894054.5170629	13295255.017939622	-5253486.881278415	13295327.784835866	-20299.020730783766	-6729404.611160814	-5253430.08493613	-6729317.078099213	-23340.810717944798	541607724.198	0.17395330712343798	0.0	0.0	0.0	-0.07357168214784013	0.0	0.0	0.0	-0.09932674437018374	0.174237341379
580	1950.0	nan	nan	1	1	5.0	5.0	5.0	1.195	2.05259905921e-18	-4.62934475317e-17	1.27383167355e-18	0.927445810008	-1.52726393137e-16	2.57895062659e-19	-4.25053044333e-18	0.903240389804	454383994.01	14161479.2098	-5964432.87783	10990726.0476	20372.251311	-7457102.67909	-4508213.03218	-7262467.87766	19410.6399758	542414301.3082654	13120106.619653486	-5381616.010425847	13120019.78187706	18874.16599091887	-6728429.004264512	-5381613.908576444	-6728418.08861106	17513.921776982537	543077016.399	0.17814618538347404	0.0	0.0	0.0	-0.07532091207478955	0.0	0.0	0.0	-0.1017665485858564	0.178447676628
590	2000.0	nan	nan	1	1	5.0	5.0	5.0	1.2	-1.77368699155e-18	-9.91541003221e-17	-1.6548906207e-19	0.925831881355	-2.07190611646e-17	2.98719403739e-18	-1.23523873489e-18	0.901047989992	453667607.934	13995394.069	-6113825.15249	10797775.2472	7994.51189064	-7466354.56768	-4590710.35885	-7266473.96701	9778.47332041	543823183.1087307	12943626.222324612	-5503001.566855852	12943574.552669497	7393.716334974887	-6720401.689588816	-5503004.129938298	-6720391.188666984	8801.519942348787	544484892.249	0.1823215567939546	0.0	0.0	0.0	-0.07706261443112027	0.0	0.0	0.0	-0.1041967597600374	0.182640603886
600	2050.0	nan	nan	1	1	5.0	5.0	5.0	1.205	-5.30639671675e-19	-4.30411586516e-17	-3.05355377485e-19	0.924228028448	-2.22560289171e-16	2.24365792838e-18	5.10337350721e-19	0.898869443267	452914733.646	13830061.7366	-6252912.83689	10607523.2992	8691.40541506	-7468377.9011	-4664388.49682	-7263460.39332	10323.3210296	545180981.1401995	12768516.87739514	-5614566.020508972	12768451.830152681	8024.284984701926	-6705946.794021149	-5614601.840493352	-6705943.790182802	9269.434739222386	545830977.876	0.18647956694261839	0.0	0.0	0.0	-0.07879645375199126	0.0	0.0	0.0	-0.10661747945370796	0.186816163489
610	2100.0	nan	nan	1	1	5.0	5.0	5.0	1.21	-6.39192237822e-19	-3.23470235853e-17	-2.82061971436e-19	0.922634074621	4.54130361923e-17	-8.94175624725e-19	1.21149534259e-18	0.896704615289	452119209.011	13668001.0423	-6380934.21535	10421932.2981	8320.79765288	-7466836.65071	-4728777.3982	-7256991.58211	9861.08606168	546479738.092954	12597089.874863021	-5715699.7520335205	12597064.489134809	7668.848980877427	-6688393.1024192525	-5715707.235091938	-6688393.928127821	8833.033730693927	547119143.29	0.1906203596086497	0.0	0.0	0.0	-0.08052257528550082	0.0	0.0	0.0	-0.1090287740662642	0.190974517104
620	2150.0	nan	nan	1	1	5.0	5.0	5.0	1.215	-2.48921807374e-19	7.06392390786e-17	-1.22819777352e-19	0.921049593438	3.25692638549e-17	5.19548834022e-19	-1.1139012652e-18	0.894553645722	451278239.905	13509735.3073	-6501726.12722	10241286.8378	-2292.15715986	-7457048.92769	-4786923.92284	-7242438.10466	-3055.84450882	547715444.9057617	12429800.898902621	-5809909.648348212	12429828.165333172	-2108.9278566888006	-6663581.280639942	-5809879.436421051	-6663495.739617189	-2730.687228014093	548354659.919	0.19474407679251185	0.0	0.0	0.0	-0.08224139679544093	0.0	0.0	0.0	-0.1114304049730832	0.195115785603
630	2200.0	nan	nan	1	1	5.0	5.0	5.0	1.22	-9.81420018292e-19	4.33989506624e-17	-6.05628557287e-20	0.919474276692	1.14164794697e-16	4.78229508064e-19	9.98704784372e-19	0.892416670557	450401332.038	13353706.4083	-6618840.00151	10064309.5016	-6367.39069166	-7438251.29111	-4841544.72708	-7219265.99748	-8436.7730027	548898960.0447508	12265191.083418608	-5900413.776969232	12265259.061291285	-5848.3585866063995	-6630884.019648758	-5900335.271388909	-6630794.045770188	-7521.023570132601	549531674.611	0.19885085874516517	0.0	0.0	0.0	-0.08395321065044892	0.0	0.0	0.0	-0.113822136009939	0.199240053993
640	2250.0	nan	nan	1	1	5.0	5.0	5.0	1.225	1.0540795633e-18	3.83317613439e-17	6.43109765203e-19	0.917907920774	-4.86068797991e-17	8.84461215611e-19	2.05008443015e-19	0.890293637394	449491172.218	13201286.9446	-6726427.96961	9891924.47064	-10561.7208575	-7413385.34227	-4888514.19264	-7190254.88159	-14968.2229067	550033042.216387	12104501.6143734	-5982039.683473697	12104543.195171032	-9684.235158789577	-6592974.087688422	-5981973.617029555	-6592876.299652278	-13311.746416300512	550659883.965	0.20294084399669038	0.0	0.0	0.0	-0.08565819756020279	0.0	0.0	0.0	-0.11620394101459298	0.203347454718
650	2300.0	nan	nan	1	1	5.0	5.0	5.0	1.23	3.6349624838e-18	-2.16922490814e-17	6.18334051496e-20	0.916350308212	-9.75914304135e-17	-1.69300710332e-19	-1.86408128889e-18	0.888184539962	448551485.811	13050862.5444	-6834833.6543	9722942.51648	-12449.5156406	-7381059.28776	-4935390.37279	-7154094.5232	-16865.9782327	551121761.5859799	11946230.626379387	-6064029.52986579	11946287.944611844	-11395.782043013849	-6548654.107259448	-6063966.172018437	-6548568.173659668	-14963.903326136044	551739822.869	0.20701416938432612	0.0	0.0	0.0	-0.0873565548708422	0.0	0.0	0.0	-0.11857574230804681	0.207438104053
660	2350.0	nan	nan	1	1	5.0	5.0	5.0	1.235	2.82379608791e-18	2.0679012388e-16	-4.41515923756e-20	0.914801294574	-2.57747890685e-17	1.860825506e-20	4.34951418415e-19	0.886089314133	447587256.564	12905763.2983	-6952074.29155	9559753.15926	-6477.15324597	-7342653.68559	-4987903.72344	-7112094.11876	-10257.5838241	552170808.7601736	11793405.69982963	-6153478.341210094	11793491.78530831	-5918.882459261612	-6499191.252343593	-6153380.804745788	-6499097.293141696	-9079.278679669216	552773417.118	0.2110709700799406	0.0	0.0	0.0	-0.08904840169021852	0.0	0.0	0.0	-0.12093752743845411	0.211512119998
670	2400.0	nan	nan	1	1	5.0	5.0	5.0	1.24	-1.93668789434e-18	-1.83359339675e-17	-1.754416992e-19	0.913260775318	8.26672392785e-17	1.26864359675e-18	-3.2683825061e-18	0.884007778971	446593707.034	12768104.0369	-7075367.96245	9403791.68335	-6077.89884816	-7299568.98411	-5044009.16429	-7065654.22312	-9417.19686898	553173933.737113	11647927.019669343	-6247877.998718151	11648020.013696779	-5544.6699064880295	-6445857.897142345	-6247769.1630435875	-6445767.0848601675	-8315.82151480412	553766959.594	0.2151113796169455	0.0	0.0	0.0	-0.09073381450638142	0.0	0.0	0.0	-0.12328941664226085	0.215569658197
680	2450.0	nan	nan	1	1	5.0	5.0	5.0	1.245	-5.93399519111e-19	5.52329538476e-17	1.47807249296e-19	0.911728765021	-9.68216892227e-17	-1.4384472329e-18	-9.04207671194e-19	0.881939736063	445576723.162	12645784.3514	-7197021.0655	9260752.89111	-3018.6479044	-7258168.74549	-5098200.96419	-7020943.03575	-6299.09776812	554137993.7188712	11516950.752770057	-6340416.177955554	11517062.63062617	-2749.1864710684854	-6394285.929888274	-6340337.605213562	-6394214.303661184	-5549.365637814343	554720379.488	0.219135529916671	0.0	0.0	0.0	-0.09241273991719005	0.0	0.0	0.0	-0.125631551768888	0.219610844962
690	2500.0	nan	nan	1	1	5.0	5.0	5.0	1.25	9.7027624108e-19	5.75108901406e-18	-3.13190432247e-19	0.910205249288	4.62329640853e-17	-2.11636475827e-18	4.12286669631e-18	0.879884987919	444539415.483	12537224.3802	-7314560.1237	9129228.53493	561.382898868	-7219797.16955	-5148719.4111	-6979226.84005	-1017.40130414	555066516.7741328	11398966.503430462	-6428932.48916923	11399054.633238476	510.41479882078363	-6345643.183400773	-6428860.186135581	-6345581.01195152	-894.2170394520342	555638061.97	0.22314355131420976	0.0	0.0	0.0	-0.09408515623538628	0.0	0.0	0.0	-0.12796407559788267	0.223635814935
700	2550.0	nan	nan	1	1	5.0	5.0	5.0	1.255	-7.93828690255e-20	-1.53901651351e-17	-2.54321642413e-18	0.908690077669	5.29469707417e-17	-1.71127125125e-19	7.21473547714e-19	0.877843406646	443474454.708	12434345.9394	-7424720.72977	9003239.58753	-5140.6583208	-7182000.49558	-5193348.09858	-6938153.14163	-8244.72554926	555950046.6046672	11286574.911913974	-6510593.9645022815	11286673.708355978	-4666.142112905361	-6297757.286963172	-6510503.788410717	-6297716.467354207	-7229.640326371275	556520779.212	0.22713557258374711	0.0	0.0	0.0	-0.09575119159983331	0.0	0.0	0.0	-0.1302870535930982	0.227644714389
