inc	time	elem	node	ip	grain	1_pos	2_pos	3_pos	1_f	2_f	3_f	4_f	5_f	6_f	7_f	8_f	9_f	1_p	2_p	3_p	4_p	5_p	6_p	7_p	8_p	9_p	1_Cauchy	2_Cauchy	3_Cauchy	4_Cauchy	5_Cauchy	6_Cauchy	7_Cauchy	8_Cauchy	9_Cauchy	Mises(Cauchy)	1_ln(V)	2_ln(V)	3_ln(V)	4_ln(V)	5_ln(V)	6_ln(V)	7_ln(V)	8_ln(V)	9_ln(V)	Mises(ln(V))
0	0.0	nan	nan	1	1	5.0	5.0	5.0	1.0	0.0	0.0	0.0	1.0	0.0	0.0	0.0	1.0	8.75735821836e-08	2.64151608893e-07	7.2964824876e-07	2.64151608893e-07	3.03321580104e-06	5.15915877842e-07	7.2964824876e-07	5.15915877842e-07	-2.57149924266e-07	8.75735821836e-08	2.64151608893e-07	7.2964824876e-07	2.64151608893e-07	3.03321580104e-06	5.15915877842e-07	7.2964824876e-07	5.15915877842e-07	-2.57149924266e-07	3.52364441865e-06	0.0	0.0	0.0	0.0	0.0	0.0	0.0	0.0	0.0	0.0
10	2.5	nan	nan	1	1	5.0	5.0	5.0	1.00025	2.9486662392e-21	1.26926935888e-19	-4.43730699846e-22	0.999931005909	-1.73742929322e-20	-6.55689269465e-22	-6.7909589586e-22	0.999924803511	54814226.2618	2341468.60042	-533248.877004	2340721.87334	16.3848666661	-275062.574967	-533075.510059	-275060.869204	15.9976179449	54822130.81221522	2341059.419023957	-533152.3824684668	2341059.4199098893	16.382003342365824	-275012.80076857476	-533152.3828442557	-275012.80117078463	15.994723081394792	54981684.0408	0.0002499687552074404	0.0	0.0	0.0	-6.899647120180673e-05	0.0	0.0	0.0	-7.519931639772686e-05	0.000214740963198
20	5.0	nan	nan	1	1	5.0	5.0	5.0	1.0005	-2.27061078146e-22	-7.01725747962e-20	-2.61492471143e-22	0.999861986174	6.20541878542e-20	-6.25607037032e-22	1.75115428147e-21	0.999849577987	109671758.41	4684675.18371	-1066908.98952	4681687.78902	-156.510664006	-550135.867097	-1066215.39695	-550129.041227	-180.903097184	109703398.52431712	4683038.44877207	-1066522.9965384598	4683038.447922431	-156.4559822058983	-549936.8355154135	-1066522.9982644613	-549936.8367759258	-180.837648934395	110022656.316	0.0004998750416509929	0.0	0.0	0.0	-0.00013802335078444465	0.0	0.0	0.0	-0.00015043332752584298	0.000429462025644
30	7.5	nan	nan	1	1	5.0	5.0	5.0	1.00075	2.40554461888e-21	-1.07923402233e-18	5.81197777895e-22	0.999791123705	-1.92470856777e-20	-4.77645104961e-22	2.00728300333e-21	0.999770256387	161391909.211	6855992.57801	-1529755.24636	6849423.74785	-1648.92014123	-951669.484048	-1528257.69247	-951649.597457	-2457.67688339	161462722.22709644	6852428.738918418	-1528928.1466142603	6852429.030806742	-1648.0630098968857	-951154.9405678208	-1528928.2374626542	-951154.9169277673	-2456.3480800208345	161930440.867	0.0007497188905459742	0.0	0.0	0.0	-0.00020889811269192928	0.0	0.0	0.0	-0.00022977000810666125	0.000646147677908
40	10.0	nan	nan	1	1	5.0	5.0	5.0	1.001	-4.04842871299e-21	-7.20238567059e-20	-2.97371430213e-22	0.999697414234	1.01966295615e-19	3.23871259735e-21	4.45894294136e-21	0.999656854754	183238491.565	7859001.09197	-1279536.71227	7848774.0168	4266.24920897	-1545591.68733	-1277819.72522	-1545529.03767	4558.67197894	183356871.7452462	7853844.951585931	-1278645.3536999754	7853844.672396895	4263.450204417455	-1544514.9879410344	-1278645.2533505894	-1544515.04561266	4555.496289413163	183889193.368	0.0009995003330834232	0.0	0.0	0.0	-0.00030263155430944956	0.0	0.0	0.0	-0.00034320413380145614	0.00088192326093
50	12.5	nan	nan	1	1	5.0	5.0	5.0	1.00125	7.00373824649e-21	5.52168701478e-19	-7.42808190073e-22	0.999593114552	-2.79444358387e-20	4.55890254851e-21	1.20361241475e-21	0.999529813176	192524989.275	8468848.58049	-959098.030397	8454834.03168	-2054.4052012	-1706037.785	-957450.183159	-1705929.85658	-824.322425051	192693958.9386663	8462254.576423394	-958290.5690662853	8462254.421459358	-2052.8056028458177	-1704601.4776607433	-958290.4898435237	-1704601.5876536253	-823.628430838548	193281704.517	0.0012492194004318981	0.0	0.0	0.0	-0.0004069682483451007	0.0	0.0	0.0	-0.00047029739648592574	0.00112582869467
60	15.0	nan	nan	1	1	5.0	5.0	5.0	1.0015	4.55114773027e-21	7.93946149902e-19	3.88526733716e-21	0.999486268775	-2.64774723814e-19	5.92183770406e-21	-1.03800827118e-21	0.999399455717	198742605.026	8976921.98403	-713241.877047	8958871.28676	-2668.74952608	-1807250.27486	-711745.962069	-1807093.21966	-3029.87067997	198964244.6266347	8968862.968257282	-712539.6704998538	8968862.303300591	-2666.3536609313023	-1805470.9864920867	-712539.7077822842	-1805470.904930528	-3026.8876876683	199600919.85	0.0014988761237359487	0.0	0.0	0.0	-0.0005138632300971136	0.0	0.0	0.0	-0.000600724681945957	0.00137169709658
70	17.5	nan	nan	1	1	5.0	5.0	5.0	1.00175	-4.56231466854e-21	-4.44510317574e-20	1.62292836183e-21	0.999379202649	-1.03677742643e-18	-4.21502805823e-21	-3.70333930119e-21	0.999266704867	203593996.075	9359885.55514	-567549.550165	9337733.40635	-4920.48287927	-1869047.92289	-566142.872517	-1868837.37564	-5980.64380825	203869962.05107766	9350390.966179661	-566910.0097686313	9350390.443215113	-4915.491582939521	-1866941.7955058983	-566910.2633704907	-1866941.6427690275	-5973.90454943012	204545573.094	0.001748470534116803	0.0	0.0	0.0	-0.0006209901254619521	0.0	0.0	0.0	-0.0007335641253844176	0.00161847066178
80	20.0	nan	nan	1	1	5.0	5.0	5.0	1.002	1.26848146935e-20	-1.05451796902e-18	6.71753375454e-21	0.999272265726	-8.95958612535e-19	9.64686464693e-21	-7.15219131705e-21	0.999132460978	207707348.962	9657371.86389	-506474.715393	9631081.31399	-2622.04991113	-1908357.41368	-505025.46079	-1908090.37477	-3041.6189897	208039096.834742	9646464.356798766	-505831.8990271699	9646463.970184347	-2619.088439996619	-1905935.3315106763	-505832.08185148344	-1905935.2843803116	-3037.7585749432997	208739720.331	0.001998002662673058	0.0	0.0	0.0	-0.0007279992011251326	0.0	0.0	0.0	-0.0008679155517621464	0.00186572297327
90	22.5	nan	nan	1	1	5.0	5.0	5.0	1.00225	4.64643893683e-20	1.56504639847e-18	-1.65460937929e-20	0.99916528787	1.30814312536e-18	-1.79534899064e-20	-2.53333368376e-20	0.998997477735	211375579.452	9892949.30591	-494644.873235	9862500.38908	1604.20262202	-1936697.41699	-493039.856863	-1936372.34322	1930.62310653	211764463.19922063	9880645.707908418	-493946.72411041515	9880645.181956327	1602.2075178741964	-1933963.9334760306	-493946.93982671364	-1933964.128424223	1927.898196388079	212481233.031	0.00224747254047937	0.0	0.0	0.0	-0.0008350606961514944	0.0	0.0	0.0	-0.0010030251265605824	0.00211323650084
100	25.0	nan	nan	1	1	5.0	5.0	5.0	1.0025	1.41853203247e-20	4.09157445374e-19	1.71375279309e-20	0.999058150564	-1.12928517023e-18	8.47063966527e-21	-1.41595743281e-20	0.998862123091	214742713.255	10089617.6756	-510361.906368	10054976.3472	-357.077447195	-1959902.63835	-508509.952679	-1959517.95259	-500.459561657	215190018.98564458	10075921.692895576	-509569.12079850334	10075920.706491286	-356.59273838856296	-1956858.1663588204	-509569.1709987994	-1956858.0377299371	-499.68215818380224	215925375.906	0.002496880198587146	0.0	0.0	0.0	-0.0009422932548753659	0.0	0.0	0.0	-0.0011385247824430486	0.00236091273459
110	27.5	nan	nan	1	1	5.0	5.0	5.0	1.00275	4.40738373981e-20	1.30155215024e-19	1.15706024084e-20	0.998950847576	1.55257665073e-18	-3.62170691449e-21	2.93075260906e-20	0.998726621798	217901102.638	10262410.3066	-540307.28437	10223527.6766	-110.734740293	-1980306.55492	-538139.453688	-1979861.82298	-193.931159511	218408070.2840452	10247314.782166686	-539391.4180196339	10247313.686389469	-110.57185468155605	-1976949.7685328324	-539391.4863247208	-1976949.539059315	-193.60242986322064	219156956.918	0.0027462256680252286	0.0	0.0	0.0	-0.0010497031696486778	0.0	0.0	0.0	-0.001274189636938205	0.0026086696967
120	30.0	nan	nan	1	1	5.0	5.0	5.0	1.003	-2.20352643378e-20	9.22331198415e-20	8.71682929508e-21	0.998843420684	-2.32745463315e-19	-6.38355958222e-21	3.67259920167e-20	0.998591020671	220901668.826	10418270.6337	-576567.658938	10375094.8379	-80.9823876004	-1998774.23214	-574033.280992	-1998269.20409	-146.008429167	221469500.9127806	10401765.17790343	-575508.7510670131	10401764.223349467	-80.85408883894134	-1995103.3398623487	-575508.8448370334	-1995103.386539526	-145.74027421158658	222230319.912	0.002995508979798371	0.0	0.0	0.0	-0.001157248670014207	0.0	0.0	0.0	-0.001409972873740407	0.00285647552776
130	32.5	nan	nan	1	1	5.0	5.0	5.0	1.00325	8.97739118804e-21	-1.29338456887e-18	-1.17459646983e-20	0.998735912857	1.46716198068e-19	1.17656102378e-20	-4.05417761824e-20	0.998455345358	223778646.993	10561403.9865	-616145.267727	10513882.5841	-85.6402343448	-2015360.78108	-613200.785189	-2014794.63458	-112.952890429	224408514.38912982	10543476.64714059	-614926.6033718954	10543475.898455275	-85.49486526831392	-2011374.629639385	-614926.7549678943	-2011374.643525799	-112.72948262473378	225179909.8	0.0032447301648890294	0.0	0.0	0.0	-0.0012648867750933183	0.0	0.0	0.0	-0.00154584885090021	0.00310430639739
140	35.0	nan	nan	1	1	5.0	5.0	5.0	1.0035	-8.12225187078e-20	2.32394904172e-18	2.38228016415e-22	0.998628358193	-1.98841811549e-19	-6.2305311689e-21	3.95969291278e-20	0.998319609251	226555071.947	10695184.8229	-657628.192692	10643262.6886	-79.8169155963	-2030534.62696	-654233.400897	-2029906.74316	-97.5983282859	227248116.81494173	10675821.78724649	-656234.6407339032	10675821.035323817	-79.67241152198618	-2026231.8073168816	-656234.7381305085	-2026231.7102090083	-97.39151181574077	228029110.201	0.003493889254255838	0.0	0.0	0.0	-0.0013725833687121148	0.0	0.0	0.0	-0.0016818041891779629	0.00335214610946
150	37.5	nan	nan	1	1	5.0	5.0	5.0	1.00375	-6.22072907864e-20	-1.3237784933e-18	-5.57354296738e-21	0.99852077428	-4.48166373163e-18	-1.04754152774e-20	-6.21586939255e-20	0.998183830971	229248614.723	10821638.8409	-699169.535918	10765260.7656	-65.633192272	-2044044.17711	-695292.454721	-2043354.36181	-90.624288474	230005957.23018476	10800825.43063725	-697589.3375875422	10800824.730025994	-65.50695902971634	-2039424.4174807274	-697589.413119293	-2039424.3496122363	-90.41946783753218	230795769.764	0.003742986278834297	0.0	0.0	0.0	-0.0014803208544655532	0.0	0.0	0.0	-0.0018178202635540366	0.00359998187223
160	40.0	nan	nan	1	1	5.0	5.0	5.0	1.004	-5.14506341008e-22	5.52667491388e-19	2.03188645668e-20	0.998413166109	9.79752422177e-19	2.09777139247e-20	4.03147151043e-20	0.998048030203	231871305.89	10941956.8413	-739744.586631	10881068.7739	-48.3771269828	-2055603.4846	-735359.373013	-2054851.73705	-85.1040810235	232694043.67132875	10919678.269924853	-737968.4303586099	10919677.545896012	-48.27862784850227	-2050667.8986035585	-737968.613240935	-2050667.9185837803	-84.89974272884044	233492005.336	0.003992021269537457	0.0	0.0	0.0	-0.0015880942453904328	0.0	0.0	0.0	-0.0019538773728019422	0.00384780448571
170	42.5	nan	nan	1	1	5.0	5.0	5.0	1.00425	3.87054352226e-20	-1.20827595565e-18	1.34698090948e-20	0.99830554776	1.87459889038e-18	8.02323835146e-21	-1.20085945427e-21	0.997912209431	234431406.109	11057256.8343	-778821.376139	10991805.0394	-51.4554377364	-2064898.46652	-773906.446449	-2064084.92018	-66.1520314507	235320613.32189432	11033498.002303056	-776841.7144009162	11033497.37271825	-51.3448749522676	-2059649.7655823564	-776841.9029465305	-2059649.8014538204	-65.98388166748694	236126173.473	0.004240994257254614	0.0	0.0	0.0	-0.0016958894479464027	0.0	0.0	0.0	-0.0020899730419567278	0.00409560840554
180	45.0	nan	nan	1	1	5.0	5.0	5.0	1.0045	6.2865726554e-23	1.54122773273e-18	4.78110394056e-21	0.998197937571	6.77506416615e-19	-1.96868985788e-22	-1.88803974815e-21	0.997776362953	236935463.57	11167971.3839	-816637.648746	11097904.8403	-46.4289357448	-2073000.44929	-811171.629477	-2072124.99788	-49.4897883025	237892192.7802165	11142718.01154538	-814446.9263627097	11142717.421637286	-46.32394915752532	-2067439.3923245217	-814447.085083038	-2067439.4428818722	-49.357026376638416	238704862.772	0.004489905272852001	0.0	0.0	0.0	-0.0018036880968296872	0.0	0.0	0.0	-0.002226112998952127	0.00434338991337
190	47.5	nan	nan	1	1	5.0	5.0	5.0	1.00475	-6.34811489298e-20	-1.3168450654e-18	-1.00221203017e-20	0.998090343639	1.05978545516e-18	1.30198228416e-21	3.34904750507e-21	0.997640493135	239388751.013	11274323.9459	-853093.200121	11199595.232	-42.0477804401	-2080224.72796	-847056.880331	-2079287.22389	-39.0921340588	240414034.49917153	11247562.78311409	-850684.6797502736	11247562.231262013	-41.947974234200906	-2074351.6725514352	-850684.7593669876	-2074351.7488988438	-38.98176604601731	241233352.226	0.00473875434717347	0.0	0.0	0.0	-0.0019114820794089362	0.0	0.0	0.0	-0.0023622948877591475	0.00459114551076
200	50.0	nan	nan	1	1	5.0	5.0	5.0	1.005	-2.89430496332e-20	5.16895238617e-19	-9.52912065661e-22	0.997982770506	3.03018674973e-18	-3.33903861966e-20	4.25904957646e-20	0.997504603921	241795583.491	11376643.0443	-888054.858309	11297207.1983	-36.5893229202	-2086759.8251	-881431.707256	-2085760.01846	-30.6240370387	242890434.4181859	11348361.486906758	-885422.7758724778	11348360.977029504	-36.49836436308908	-2080574.9325412852	-885422.8319407741	-2080574.9615463824	-30.533271260808306	243715969.149	0.004987541511038968	0.0	0.0	0.0	-0.0020192668417416256	0.0	0.0	0.0	-0.0024985147691203424	0.00483887224001
210	100.0	nan	nan	1	1	5.0	5.0	5.0	1.01	-4.08230175907e-20	-5.52391213063e-18	7.06743115365e-21	0.995837291912	-3.33285958049e-18	2.50573687058e-20	-9.23565765479e-20	0.9947863695	282703562.302	12996733.7883	-1434700.41414	12814487.7275	-2323.44756625	-2243510.86089	-1413091.48078	-2241144.13935	-2380.57138132	285373123.93384945	12935494.142536674	-1426433.2849166694	12935494.567635234	-2312.4996536263684	-2230583.148582869	-1426435.2631103897	-2230584.034370247	-2366.8538894723847	286290354.234	0.009950330853168092	0.0	0.0	0.0	-0.004171396276623735	0.0	0.0	0.0	-0.005227268895852132	0.00978544926872
220	150.0	nan	nan	1	1	5.0	5.0	5.0	1.015	5.26219218482e-20	2.34531511694e-18	5.34093977913e-20	0.993704941281	-1.36565533899e-17	-3.6283450389e-20	-1.13006520155e-19	0.992074631766	314711315.615	14202208.6945	-1846427.63319	13904238.8945	-3797.01872943	-2463259.71616	-1804719.29911	-2459216.77218	-2120.09872247	319235047.4412741	14104104.05519388	-1830664.6668831732	14104101.577811062	-3770.790051841699	-2442230.849816773	-1830660.74362057	-2442229.233157023	-2101.9994240579067	320214951.111	0.014888612493750559	0.0	0.0	0.0	-0.006314956148749446	0.0	0.0	0.0	-0.007956940892091856	0.0147136123413
230	200.0	nan	nan	1	1	5.0	5.0	5.0	1.02	-6.01194869204e-20	-8.5896420041e-18	-8.88458152331e-20	0.991587426014	1.58181682364e-17	-2.04171336235e-19	3.20876594499e-19	0.989372498147	340448580.071	15130732.5329	-2202159.73832	14709268.8493	8767.28248472	-2724280.03043	-2136032.61925	-2718189.34081	7458.92943627	347024935.5199407	14993393.823484983	-2177296.80607846	14993403.917000545	8687.703570816735	-2693522.2299739644	-2177293.7981093456	-2693516.866083428	7374.716264109343	348038970.367	0.01980262729617973	0.0	0.0	0.0	-0.008448159403718984	0.0	0.0	0.0	-0.010684377070715094	0.0196217852506
240	250.0	nan	nan	1	1	5.0	5.0	5.0	1.025	-7.41153828848e-22	-6.18020384607e-18	-9.18766049975e-20	0.989485785832	-3.25649343915e-18	1.90413668287e-19	5.52220813857e-19	0.986681303035	361442898.538	15854847.4515	-2524856.46171	15305519.0329	6947.2979867	-3005956.87996	-2430462.81197	-2997429.05809	6978.82228024	370214340.823699	15676940.271942357	-2489449.1988270683	15676951.083143022	6869.342383901488	-2963802.9171199035	-2489444.9205380874	-2963794.9186711144	6880.954936556481	371262456.856	0.024692612590371414	0.0	0.0	0.0	-0.010569879043199124	0.0	0.0	0.0	-0.013408186285070876	0.0245092734339
250	300.0	nan	nan	1	1	5.0	5.0	5.0	1.03	3.38217608861e-19	-1.02922444025e-18	2.52455522951e-19	0.987401164564	6.08274377194e-18	5.71813413846e-20	-3.96762143895e-19	0.984001538968	378761248.051	16414734.2703	-2817314.65105	15735863.2948	6410.28198409	-3299837.60083	-2691491.45459	-3288467.55807	6125.89183034	389830779.35776186	16195742.163774967	-2770157.703809048	16195753.614300847	6324.761187225467	-3244604.0586383054	-2770151.953972594	-3244595.483997867	6023.355055564255	390902459.96	0.02955880224154443	0.0	0.0	0.0	-0.012678873733317782	0.0	0.0	0.0	-0.01612781793923627	0.0293756654825
260	350.0	nan	nan	1	1	5.0	5.0	5.0	1.035	4.15575539747e-20	-3.65236636389e-18	1.71894748733e-19	0.985333551503	-1.71970322022e-17	3.34310007647e-19	-1.95078966942e-19	0.981334271415	393181451.238	16839581.1321	-3079090.48691	16031511.4893	5370.68553736	-3602326.70149	-2919427.37784	-3587694.15692	4713.22806979	406623790.1084394	16579596.954482218	-3019248.303766165	16579607.05526826	5287.768198043791	-3532315.4123996207	-3019238.6278290255	-3532304.197537165	4621.626391128685	407711057.062	0.03440142671733232	0.0	0.0	0.0	-0.014775064165061188	0.0	0.0	0.0	-0.018842131876325184	0.0342206722026
270	400.0	nan	nan	1	1	5.0	5.0	5.0	1.04	3.02946627541e-19	-3.38169963257e-18	-6.01393392551e-20	0.983282589184	-4.53316126946e-18	3.67744648006e-19	-8.69896219385e-20	0.978680468416	405271324.816	17163399.8468	-3310673.78226	16227409.3653	-11384.8992818	-3907569.42097	-3115482.03175	-3889276.51449	-10214.0709524	421140109.46408623	16862775.559598297	-3237462.1601830344	16862809.031760976	-11185.48790281889	-3821158.160150375	-3237471.697461654	-3821154.17332594	-9988.198893835548	422251367.757	0.03922071315328133	0.0	0.0	0.0	-0.016858723867585104	0.0	0.0	0.0	-0.0215500754103765	0.0390441367871
280	450.0	nan	nan	1	1	5.0	5.0	5.0	1.045	1.65224364274e-19	-3.92497862401e-18	-1.23878568536e-19	0.981248287269	1.18729766269e-17	-2.68549148949e-19	-7.00555804383e-20	0.976040684947	415494766.774	17393146.3335	-3512172.76167	16332088.8096	-12891.6210013	-4216782.704	-3280420.23164	-4194397.54773	-11414.8815435	433829145.4857505	17052730.92352415	-3425158.4599098675	17052768.6480347	-12639.30860397615	-4112311.6464634403	-3425174.0809545224	-4112305.582686152	-11132.077133072877	434944085.717	0.04401688541677426	0.0	0.0	0.0	-0.018929755345386313	0.0	0.0	0.0	-0.0242510080413406	0.0438459439166
290	500.0	nan	nan	1	1	5.0	5.0	5.0	1.05	-8.31151079493e-21	-1.02957781181e-17	-2.53474609466e-19	0.979230578641	2.71854562677e-17	-1.37636236484e-19	-6.41465330145e-19	0.973415184272	424186010.716	17551346.2971	-3679062.10966	16368431.9682	-13079.8120831	-4523778.47569	-3410736.45458	-4496905.10723	-11561.578204	445013574.2198951	17172084.606941156	-3578185.5186032085	17172123.150050692	-12797.174412255685	-4399740.517720905	-3578203.8587570223	-4399732.856020201	-11244.570074837478	446126559.649	0.04879016416943205	0.0	0.0	0.0	-0.02098813952436908	0.0	0.0	0.0	-0.026944582493436356	0.0486261080567
300	550.0	nan	nan	1	1	5.0	5.0	5.0	1.055	2.70785845325e-19	3.99970678229e-17	4.52368533393e-20	0.977229411045	-4.10764558042e-17	-3.16485919808e-19	-3.05798746294e-19	0.970804144142	431613842.884	17661152.0381	-3828035.95124	16359277.514	-11749.1540604	-4824655.7783	-3522552.18254	-4792924.65151	-10005.3405991	454953713.5966214	17243878.25613162	-3713017.6956933597	17243918.79329111	-11471.560960066598	-4679692.800339114	-3713037.0659014494	-4679683.918872029	-9704.717293437028	456060993.872	0.05354076692802976	0.0	0.0	0.0	-0.023033842788877677	0.0	0.0	0.0	-0.029630536348113672	0.0533846688518
310	600.0	nan	nan	1	1	5.0	5.0	5.0	1.06	-4.49086280722e-19	7.79180314223e-18	1.83964968232e-20	0.975245013207	-1.97534866181e-17	5.137387174e-19	7.42371438709e-19	0.968207392532	437990083.136	17732980.5806	-3968652.04766	16315131.7879	3890.97993153	-5122797.39223	-3624969.94707	-5085810.88972	4929.79331169	463854895.91883475	17278557.354412343	-3839046.9215578525	17278596.13439818	3791.270148085594	-4955501.092619358	-3839036.8235459565	-4955482.511939266	4768.799987975503	464941853.272	0.058268908123975824	0.0	0.0	0.0	-0.025066543956816616	0.0	0.0	0.0	-0.03230896617001759	0.0581217143676
320	650.0	nan	nan	1	1	5.0	5.0	5.0	1.065	-5.2899854534e-19	-1.09346527186e-17	-4.43818794582e-19	0.973276974582	-1.10914034446e-17	8.36590619201e-19	1.02854946087e-18	0.965625136675	443462194.462	17774019.3716	-4090844.00855	16243197.9863	-1190.23608132	-5418243.84787	-3709134.50433	-5375628.9626	133.575017595	471858290.61527544	17283332.251164384	-3946634.086145141	17283294.340883814	-1157.3772493826607	-5227240.592004253	-3946640.5225333427	-5227224.044104008	128.86624774643624	472943516.926	0.06297479916138839	0.0	0.0	0.0	-0.027086576891065233	0.0	0.0	0.0	-0.03497957735558366	0.0628373752752
330	700.0	nan	nan	1	1	5.0	5.0	5.0	1.07	1.27864917344e-18	-2.18618012546e-17	2.90770528925e-19	0.971324989266	-8.60063316649e-18	-2.56836271475e-19	1.00992135348e-18	0.96305768429	448183671.175	17782296.5292	-4204289.10324	16142366.4908	2129.08905673	-5704440.21347	-3784094.62198	-5655879.15488	3044.18268044	479114337.00837964	17256462.400931455	-4045239.4368335498	17256405.613148846	2066.130502062307	-5488639.327586878	-4045247.7468305714	-5488631.11241738	2929.020228973194	480188479.21	0.06765864847381486	0.0	0.0	0.0	-0.029094171255260426	0.0	0.0	0.0	-0.0376419683653123	0.0675317092066
340	750.0	nan	nan	1	1	5.0	5.0	5.0	1.075	1.26499076717e-18	3.16715942192e-17	1.57389309512e-19	0.969388754936	1.83136236656e-17	5.70119347951e-19	5.7519492819e-19	0.960505095092	452254769.163	17765653.609	-4312451.32258	16020293.383	-5988.71917761	-5971903.4513	-3853145.76167	-5917173.64802	-4797.53441439	485719461.4693907	17205727.994746353	-4138259.9140224834	17205718.55764747	-5799.970858076444	-5730682.34614696	-4138260.1399320597	-5730680.251130022	-4603.749206225433	486792005.913	0.07232066157962608	0.0	0.0	0.0	-0.031089555662900094	0.0	0.0	0.0	-0.04029599216292077	0.0722048662616
350	800.0	nan	nan	1	1	5.0	5.0	5.0	1.08	5.43689273019e-19	-3.51995129143e-19	-2.10434747833e-19	0.9674681226	3.09566272742e-17	5.55018338688e-19	-3.38866118461e-19	0.957967418153	455774566.048	17724643.3541	-4417286.22416	15877774.0458	-3304.87215076	-6224347.96329	-3918160.94118	-6163219.40244	-3065.16197343	491770738.5219246	17131800.621146683	-4227611.992210548	17131769.190834988	-3194.3328638038433	-5957080.15237343	-4227609.531614194	-5957075.9127608	-2933.5467206236103	492830645.723	0.0769610411361284	0.0	0.0	0.0	-0.033072802838059294	0.0	0.0	0.0	-0.042941511868345	0.07685695292
360	850.0	nan	nan	1	1	5.0	5.0	5.0	1.085	-6.3733935325e-19	2.21779695371e-18	-1.59136314965e-19	0.96556243245	4.86993218854e-17	1.99979184891e-20	-4.5353982114e-19	0.955445048692	458810249.4	17661556.3895	-4525642.99089	15717315.1943	-552.804788555	-6468258.09044	-3985265.57075	-6400464.38292	-663.31110722	497332724.51949143	17037015.554694243	-4319865.179707255	17036967.238493472	-533.2567285477622	-6174150.933800571	-4319875.126649304	-6174133.74247713	-633.1508166156136	498378912.208	0.08157998699242285	0.0	0.0	0.0	-0.03504451586909174	0.0	0.0	0.0	-0.045578027482029035	0.0814880907177
370	900.0	nan	nan	1	1	5.0	5.0	5.0	1.09	-5.65818008766e-19	8.25190085127e-18	1.39389859383e-19	0.96367079233	4.38035044341e-17	1.71074185566e-19	-1.53815889265e-19	0.952938561432	461417783.954	17578962.654	-4642500.87146	15541669.8887	-12855.8770099	-6703396.75841	-4058744.49899	-6628734.93036	-12256.4486382	502459117.73747236	16923954.309456628	-4419740.792530608	16924041.534605756	-12376.855187984555	-6381749.173984488	-4419754.181576242	-6381742.1595912445	-11668.35020986716	503505009.438	0.08617769624105241	0.0	0.0	0.0	-0.03700554442895209	0.0	0.0	0.0	-0.048204845997938825	0.0860983969346
380	950.0	nan	nan	1	1	5.0	5.0	5.0	1.095	1.83700270436e-19	-1.66362564797e-18	1.35789969357e-19	0.961793040069	-2.46556728431e-17	5.21639946611e-19	-3.568523337e-19	0.950447983343	463653067.174	17490320.2989	-4761159.04329	15362660.8524	-8771.28212502	-6924191.81983	-4132620.00373	-6842472.92332	-9119.64153043	507204564.8351594	16805649.05188783	-4520817.129411973	16805694.308989633	-8427.923937873837	-6574660.64498259	-4520802.037171318	-6574619.368382463	-8659.28469727735	508235594.982	0.09075436326846412	0.0	0.0	0.0	-0.03895598652470767	0.0	0.0	0.0	-0.0508218441240082	0.0906879826899
390	1000.0	nan	nan	1	1	5.0	5.0	5.0	1.1	-1.15355299504e-18	2.7512688918e-18	-2.28910653995e-19	0.959928892184	2.96187759572e-17	-9.33589126552e-20	9.76734867303e-21	0.947973254152	465556575.578	17399768.8403	-4872470.27254	15184188.2421	-13441.3249019	-7139199.33746	-4199083.12883	-7050274.76776	-13456.8103154	511607988.5951241	16686094.89109459	-4614423.490789945	16686161.065056194	-12890.011633698967	-6761106.2326777885	-4614443.412848994	-6761098.6595787965	-12744.135552850916	512632564.222	0.09531017980432493	0.0	0.0	0.0	-0.04089606790528676	0.0	0.0	0.0	-0.053428990044938424	0.0952570285537
400	1050.0	nan	nan	1	1	5.0	5.0	5.0	1.105	1.06006173349e-18	-3.66280869194e-17	-9.57676625989e-20	0.958077740327	-1.19048914884e-16	-1.32137139772e-19	1.08311691152e-18	0.945514750427	467165111.6	17300106.9704	-4965286.84835	14999923.469	-10096.8554513	-7350096.60199	-4248632.76349	-7253680.0507	-9977.92198833	515705001.4035575	16558393.611529056	-4690091.494471593	16558461.583615182	-9663.969540036755	-6942725.890648866	-4690078.755570347	-6942690.56353757	-9424.907055574997	516715232.652	0.09984533496971612	0.0	0.0	0.0	-0.0428263557368382	0.0	0.0	0.0	-0.056025790342173275	0.0998056379046
410	1100.0	nan	nan	1	1	5.0	5.0	5.0	1.11	-9.05266462378e-21	5.16795976944e-18	1.35207634205e-19	0.956239031797	1.21616295735e-17	6.27016139205e-19	2.42661704499e-19	0.94307275401	468513638.77	17197657.6647	-5036508.21604	14815382.5184	-743.671676134	-7550746.41185	-4279098.79648	-7446778.9769	-2103.30602573	519529931.27189314	16428621.458561644	-4745042.4405897595	16428624.536434773	-710.4165401395786	-7113780.151942184	-4745048.424795711	-7113777.659860123	-1981.5864343976252	520520711.352	0.10436001532424286	0.0	0.0	0.0	-0.044747363923381536	0.0	0.0	0.0	-0.058611847670420075	0.104333932462
420	1150.0	nan	nan	1	1	5.0	5.0	5.0	1.115	2.14140516978e-19	-4.46431361828e-17	5.41148174177e-19	0.954412644744	-1.07901078696e-17	4.88102735855e-20	-3.0506420991e-20	0.940647005859	469618662.651	17087977.054	-5098001.85591	14626964.8125	-10269.3105114	-7738409.31091	-4300815.14842	-7626765.20743	-11357.0829124	523097308.50907785	16292551.683348095	-4790589.268792332	16292635.990835544	-9791.286103124048	-7271778.561514623	-4790577.989029972	-7271748.19618144	-10672.243961985858	524085230.889	0.10885440491208208	0.0	0.0	0.0	-0.04665915939265082	0.0	0.0	0.0	-0.06118733638539758	0.108842118474
430	1200.0	nan	nan	1	1	5.0	5.0	5.0	1.12	-1.09171958989e-18	3.34686010866e-17	4.58827159616e-19	0.952598634369	-1.24679183416e-16	-1.02292463271e-18	7.57432743303e-19	0.938237307333	470515684.219	16969595.9928	-5154402.91631	14433243.1162	-5590.23508747	-7919972.94417	-4317938.38473	-7800569.15219	-6533.01285061	526443117.586678	16148819.573845692	-4831148.4973307	16148837.876873394	-5319.849561605389	-7423277.925567873	-4831186.336705444	-7423275.360560753	-6123.299968730739	527414514.312	0.11332868530700327	0.0	0.0	0.0	-0.04856162419923098	0.0	0.0	0.0	-0.06375236908089389	0.113330324338
440	1250.0	nan	nan	1	1	5.0	5.0	5.0	1.125	3.10861091642e-19	-4.32781425883e-17	-3.33783920777e-19	0.95079671201	-1.88556581638e-17	-6.2802199083e-19	4.6057416507e-19	0.935843523199	471204882.909	16860336.2482	-5209299.97895	14249552.9966	-8692.05256304	-8097549.57935	-4333438.63453	-7970159.78235	-8183.01273106	529564509.8082272	16014392.55862509	-4870114.517317637	16014387.416881127	-8255.941034366035	-7570305.78397226	-4870143.306053338	-7570268.209991679	-7650.204299611685	530527527.754	0.11778303565638346	0.0	0.0	0.0	-0.05045500163207328	0.0	0.0	0.0	-0.06630699254946615	0.117798756164
450	1300.0	nan	nan	1	1	5.0	5.0	5.0	1.13	1.40205128594e-18	5.01546736915e-17	-1.57124611716e-19	0.949006482706	-2.53225462665e-18	8.99972506458e-20	-2.12989081565e-18	0.933465868297	471728846.196	16755378.5392	-5256610.28378	14071696.2801	-11609.2666327	-8262710.77817	-4342391.31961	-8127411.6433	-13210.1263903	532506376.0084239	15884639.302144604	-4901829.010172368	15884693.189387597	-11005.959226252538	-7705040.550575599	-4901864.881621408	-7705048.388601483	-12318.54318130123	533462853.796	0.12221763272424911	0.0	0.0	0.0	-0.052339649303865345	0.0	0.0	0.0	-0.06885087982145922	0.122247510248
460	1350.0	nan	nan	1	1	5.0	5.0	5.0	1.135	-1.70391265252e-18	-5.3627773473e-18	-3.01437850104e-19	0.947227615527	9.36540738588e-17	7.615884987e-19	1.75124061845e-18	0.931104404177	472097913.267	16648709.0274	-5292923.71105	13894439.0632	26.2814343937	-8416164.49585	-4342072.56069	-8272872.73927	-904.746376619	535277944.18113685	15753836.0227192	-4923176.681055252	15753907.332128968	24.868799567919563	-7828237.672005707	-4923164.471724709	-7828203.397440043	-841.5436357680597	536212666.794	0.126632650933366	0.0	0.0	0.0	-0.054215860371353015	0.0	0.0	0.0	-0.07138386601936382	0.126676723675
470	1400.0	nan	nan	1	1	5.0	5.0	5.0	1.14	3.66553507924e-19	-4.59939419755e-17	-1.15355299504e-19	0.945460221935	4.63186401444e-18	-2.95296861237e-19	4.3526905577e-19	0.928758625912	472318311.147	16541685.5624	-5331146.78382	13718966.2071	-6225.92861726	-8557910.98788	-4343287.24911	-8406728.20049	-4017.42934716	537884043.4693742	15623274.000911605	-4946209.728040816	15623389.653843028	-5880.258594605866	-7939984.452956427	-4946208.631689424	-7939977.920145513	-3727.349653727035	538812771.17	0.131028262406404	0.0	0.0	0.0	-0.056083462699354825	0.0	0.0	0.0	-0.07390639533569303	0.131086628307
480	1450.0	nan	nan	1	1	5.0	5.0	5.0	1.145	2.06591335835e-18	-2.14227337855e-17	8.61114870002e-19	0.943704165148	-7.60432397989e-17	-2.05087852354e-19	1.23261822671e-18	0.926428451123	472405322.831	16434617.9988	-5376280.37382	13545405.9872	-16880.886617	-8701217.68401	-4349996.70353	-8541885.46765	-19708.9078848	540339885.6187693	15493239.81521932	-4975543.764585275	15493312.136962965	-15913.946078320352	-8052647.254557889	-4975550.883173032	-8052604.571283702	-18239.84742509365	541271257.606	0.13540463700620298	0.0	0.0	0.0	-0.05794254632890066	0.0	0.0	0.0	-0.076418461146437	0.135477359849
490	1500.0	nan	nan	1	1	5.0	5.0	5.0	1.15	-1.53339433233e-18	-5.95516042688e-17	-5.1838416372e-19	0.941959404026	5.1890654482e-17	-1.48813100921e-19	-7.21460312824e-19	0.92411380703	472389211.882	16328675.1733	-5433720.26744	13374818.0548	-2279.1781576	-8845636.9009	-4366426.43013	-8678073.26186	-5062.86442793	542678137.3128067	15364826.138044775	-5016112.292531007	15364917.670240153	-2144.6428297148545	-8165806.447517925	-5016126.749330295	-8165823.954886524	-4673.758537872326	543587182.314	0.13976194237515863	0.0	0.0	0.0	-0.05979310084821183	0.0	0.0	0.0	-0.0789200471435953	0.13984902009
500	1550.0	nan	nan	1	1	5.0	5.0	5.0	1.155	-2.31271758336e-18	-7.94881128692e-17	8.17492673219e-19	0.940225324277	-8.18115242435e-17	4.01281858762e-19	-1.37208749543e-18	0.921814777214	472250570.669	16225992.61	-5499739.75355	13208812.2506	-14370.5680215	-8990691.95769	-4389401.62192	-8814630.89345	-14761.7547731	544874998.9058964	15240023.047444688	-5064402.454767523	15240111.939723505	-13497.343004923228	-8279024.910441142	-5064419.934004744	-8279011.410870842	-13593.273583774155	545786474.544	0.14410034397375687	0.0	0.0	0.0	-0.06163572576548325	0.0	0.0	0.0	-0.08141096799974787	0.144201820319
510	1600.0	nan	nan	1	1	5.0	5.0	5.0	1.16	2.72458735396e-18	-1.66631497757e-17	1.2850548601e-18	0.938501490982	4.4390905653e-17	1.64324391767e-19	-1.86664885751e-19	0.919531688579	472019172.677	16128983.8729	-5564296.59063	13049267.1558	-14566.0947899	-9137052.60508	-4410843.65166	-8952349.51013	-15011.1137284	546963029.1813014	15121062.83541158	-5111134.560581661	15121137.244602054	-13655.840710134176	-8392921.65524008	-5111166.123347226	-8392905.624680396	-13788.593206775888	547867871.061	0.14842000511827322	0.0	0.0	0.0	-0.06347083427063391	0.0	0.0	0.0	-0.08389077269417954	0.148535816249
520	1650.0	nan	nan	1	1	5.0	5.0	5.0	1.165	8.63550089726e-19	1.35155753437e-17	-9.65088164278e-19	0.936787619833	2.03282216338e-17	-7.70482344646e-19	2.20387384964e-19	0.917264573938	471705200.73	16040381.7674	-5624337.80842	12898263.0165	2102.21373268	-9286627.34681	-4428334.41282	-9093090.59696	726.967195568	548952669.1988033	15010465.281108025	-5153524.313577552	15010510.590042701	1967.2353629381996	-8509243.479520682	-5153528.076986174	-8509243.899733067	666.1127487620523	549836730.189	0.15272108701766393	0.0	0.0	0.0	-0.06529868216490277	0.0	0.0	0.0	-0.08635932714252544	0.152851136699
530	1700.0	nan	nan	1	1	5.0	5.0	5.0	1.17	-3.86225848124e-18	1.51387022289e-17	-6.71008912903e-19	0.935083868103	7.96502137995e-19	5.89111414815e-19	1.13317126475e-18	0.915012887019	471300559.897	15954718.3501	-5680265.18197	12751321.9483	6293.04857232	-9432972.75707	-4442367.76671	-9230543.09827	4618.23180816	550833291.3035458	14903081.261257386	-5191970.123285767	14903128.1413887	5878.249442976639	-8622082.096436651	-5192024.509057299	-8622122.362830313	4221.232777385725	551708212.503	0.1570037488096647	0.0	0.0	0.0	-0.0671190552102388	0.0	0.0	0.0	-0.08881712963202656	0.157148013735
540	1750.0	nan	nan	1	1	5.0	5.0	5.0	1.175	2.85153641693e-18	-2.14417920268e-17	4.84608724948e-19	0.933390176978	-4.54379641073e-17	4.20181281397e-19	-1.87331924197e-18	0.912776378598	470805891.981	15871732.9949	-5738628.07851	12608190.3209	-10694.8385359	-9574142.12142	-4457966.53958	-9362701.50766	-13557.4912911	552604313.5086575	14798649.685422082	-5232472.882919991	14798753.532057798	-9971.763574008302	-8729689.107254265	-5232499.38288493	-8729691.947662862	-12361.701188957959	553490409.075	0.16126814759612232	0.0	0.0	0.0	-0.06893196943651923	0.0	0.0	0.0	-0.09126435872923408	0.161426623334
550	1800.0	nan	nan	1	1	5.0	5.0	5.0	1.18	4.6322114303e-19	3.66779030447e-17	8.39621408966e-20	0.931706726588	1.30534394617e-18	2.35739857133e-19	1.19309884577e-18	0.910554881151	470260474.822	15800086.7304	-5797842.94262	12475447.1692	6520.14688857	-9713764.94046	-4473953.68022	-9493259.38186	6655.81878804	554310519.1426108	14705213.585685093	-5273575.989466947	14705194.178849477	6068.330778335824	-8835402.76346067	-5273587.12858324	-8835420.287026865	6053.969812260776	555175455.772	0.16551443847757333	0.0	0.0	0.0	-0.07073718485878516	0.0	0.0	0.0	-0.09370110579243925	0.165687034016
560	1850.0	nan	nan	1	1	5.0	5.0	5.0	1.185	5.01655263011e-19	-2.95501207935e-17	5.24736910824e-19	0.930033120314	-7.53206181245e-18	1.01379255874e-18	7.50682949504e-19	0.908348320993	469644328.097	15739112.1478	-5855518.82426	12352638.2976	15649.163768	-9851879.57374	-4488470.19623	-9622186.46748	16193.2602117	555927616.8403774	14622090.306787074	-5313107.66089021	14622071.128382932	14538.525660952375	-8939275.648903895	-5313094.1654507425	-8939289.46912698	14693.238544313766	556781016.029	0.16974277458709455	0.0	0.0	0.0	-0.07253508022811164	0.0	0.0	0.0	-0.09612736051324888	0.169929451611
570	1900.0	nan	nan	1	1	5.0	5.0	5.0	1.19	1.91429446079e-18	-1.00122841316e-16	2.68297686043e-19	0.928369049705	-1.95801327227e-17	-1.09293719975e-18	4.49668615874e-19	0.906156746876	468961897.088	15689344.63	-5909960.65891	12239948.7824	14531.8394721	-9989566.11567	-4500247.0718	-9750540.36775	15286.6850757	557459827.6711087	14549715.889597146	-5349546.601602531	14549752.935811594	13476.288567720214	-9042302.064227672	-5349489.95366309	-9042289.239382371	13837.119892361774	558312152.124	0.17395330712343798	0.0	0.0	0.0	-0.07432594237904327	0.0	0.0	0.0	-0.09854297810671654	0.174154003378
580	1950.0	nan	nan	1	1	5.0	5.0	5.0	1.195	2.65089548755e-18	-2.99039688072e-18	4.68673917628e-19	0.926714517827	1.52743770547e-16	1.17134068693e-18	-2.51409966657e-18	0.903979902705	468218320.758	15655113.865	-5961511.16477	12140436.1517	2556.43727068	-10128005.6457	-4509742.53765	-9879573.14053	231.215974961	558912291.9815887	14492040.86878447	-5383224.472917295	14492040.773239752	2366.510631901705	-9145554.935126966	-5383280.46173909	-9145585.203235192	208.78724547144677	559776233.049	0.17814618538347404	0.0	0.0	0.0	-0.07610972435595093	0.0	0.0	0.0	-0.10094815035810224	0.178360847277
590	2000.0	nan	nan	1	1	5.0	5.0	5.0	1.2	-6.86414324631e-19	2.95366212059e-17	4.75344302087e-19	0.925069527018	2.8562956833e-17	-1.40819227481e-19	1.13121250106e-18	0.901817587251	467422658.553	15626864.5948	-6018145.27165	12046599.5143	-5834.06300036	-10257373.1629	-4522771.03963	-9999547.14711	-7842.29319997	560294920.8877589	14440156.575377205	-5421345.005142245	14440139.771413982	-5391.02279185622	-9240182.191102497	-5421400.942966062	-9240179.027031677	-7064.598003108994	561165971.474	0.1823215567939546	0.0	0.0	0.0	-0.07788637995062529	0.0	0.0	0.0	-0.10334301080009223	0.18255011828
600	2050.0	nan	nan	1	1	5.0	5.0	5.0	1.205	-1.6054450724e-18	-6.05620086957e-17	-1.77982798042e-19	0.923434064036	-9.06503825313e-17	-7.33424653204e-19	-3.10543454287e-19	0.899669650187	466590478.407	15600317.4517	-6082257.29005	11955137.1236	3725.89145158	-10378469.8001	-4541156.51803	-10111424.2994	519.115036767	561625619.9458082	14390083.66458683	-5466027.970873328	14390159.270936089	3436.8460692815624	-9326965.8807453	-5466099.2084901575	-9327005.177105954	466.5204340683311	562488207.056	0.18647956694261839	0.0	0.0	0.0	-0.07965587979542127	0.0	0.0	0.0	-0.10572763838690724	0.18672193435
610	2100.0	nan	nan	1	1	5.0	5.0	5.0	1.21	-2.28518901257e-18	-3.84048444054e-17	-1.60671562182e-19	0.921808119087	5.36734073731e-17	6.07004985826e-19	-7.55976905424e-20	0.897535764357	465713619.42	15571466.4061	-6150416.37498	11862757.4066	6346.89499539	-10498860.9009	-4562223.96533	-10222465.7472	4360.32491232	562894035.296551	14338125.57890493	-5514150.542183673	14338157.846148567	5844.188023574113	-9412744.763836734	-5514222.798486084	-9412793.489506535	3909.245571921865	563753466.69	0.1906203596086497	0.0	0.0	0.0	-0.08141819087272624	0.0	0.0	0.0	-0.10810231054791015	0.190876486449
620	2150.0	nan	nan	1	1	5.0	5.0	5.0	1.215	-1.1257067869e-18	2.5197165538e-17	2.42357302033e-19	0.920191605792	-3.39824407201e-17	-1.11056607297e-18	3.28219973105e-18	0.895415807852	464796877.376	15542563.8069	-6213316.71991	11771481.2943	11608.6256943	-10616666.9107	-4578980.10401	-10330811.7514	11199.6214854	564105296.2664479	14286361.12267554	-5557365.324295903	14286573.912682073	10670.377221364208	-9495845.650369246	-5557324.185896321	-9495840.532136614	10017.25662700528	564958927.881	0.19474407679251185	0.0	0.0	0.0	-0.08317336345842948	0.0	0.0	0.0	-0.11046707881692786	0.19501390264
630	2200.0	nan	nan	1	1	5.0	5.0	5.0	1.22	-1.25911447609e-18	-3.42843996939e-17	9.75781955237e-19	0.918584142107	1.10255592061e-16	1.33640623253e-18	-1.09124313386e-18	0.893309881289	463839168.967	15513267.2938	-6275223.727	11680670.2081	11752.8122604	-10731825.1966	-4594811.10924	-10436519.2084	11931.1100306	565257506.2897325	14234470.176712094	-5599515.351897459	14234646.307097707	10783.998782771097	-9576235.454950128	-5599465.597667418	-9576211.033250567	10646.382772628516	566110393.676	0.19885085874516517	0.0	0.0	0.0	-0.08492177034962106	0.0	0.0	0.0	-0.11282174677837505	0.199134307967
640	2250.0	nan	nan	1	1	5.0	5.0	5.0	1.225	-7.43059652979e-19	-5.38147559961e-17	1.35186458382e-18	0.916985608661	4.76684326408e-17	-1.16742315955e-18	2.89044699295e-18	0.89121787757	462845266.148	15481015.8219	-6339248.59516	11588448.4113	8605.46150026	-10849585.4484	-4611975.30025	-10544765.6831	9797.25170791	566355883.7745489	14180105.95871635	-5643378.438547137	14180086.567978261	7882.322277890212	-9658607.904006634	-5643396.482927961	-9658661.706466917	8721.790637403257	567210913.024	0.20294084399669038	0.0	0.0	0.0	-0.08666350078448308	0.0	0.0	0.0	-0.11516634990035465	0.203237833165
650	2300.0	nan	nan	1	1	5.0	5.0	5.0	1.23	-2.03097324928e-18	-5.31217771662e-17	1.97517495388e-19	0.915395845416	3.28389545131e-18	8.28609980652e-19	-4.46179898922e-18	0.889139696668	461817687.278	15452040.1383	-6404441.11732	11499885.1936	-4500.61618634	-10970426.4856	-4629578.47621	-10655668.3113	-6949.80158805	567402996.201104	14128976.926638458	-5688099.550683323	14129102.22922983	-4115.256088083777	-9743376.013683774	-5688038.312331725	-9743288.935362153	-6172.461041669685	568271719.035	0.20701416938432612	0.0	0.0	0.0	-0.08839868931779292	0.0	0.0	0.0	-0.11750091670417771	0.207324618158
660	2350.0	nan	nan	1	1	5.0	5.0	5.0	1.235	-1.9660693497e-18	4.11335081054e-17	-3.95087930335e-19	0.9138148414	-7.20144599342e-18	5.25478064653e-19	-5.36754190763e-19	0.887075334369	460781882.243	15430981.8183	-6468949.94665	11417915.1835	13896.1758062	-11088906.5226	-4646539.49168	-10764498.4335	14051.3025222	568429598.2374939	14085299.901804611	-5732032.260615025	14085364.87778819	12684.338950254369	-9825701.303409167	-5732062.561994181	-9825764.20046986	12450.63264133328	569281402.111	0.2110709700799406	0.0	0.0	0.0	-0.09012730857535677	0.0	0.0	0.0	-0.11982536863417455	0.211394714961
670	2400.0	nan	nan	1	1	5.0	5.0	5.0	1.24	9.74193768461e-19	6.18402872923e-17	1.40596881332e-18	0.912242507282	1.34312270749e-16	4.91808505e-19	2.42177307532e-18	0.885024398011	459707778.106	15410263.4423	-6534295.68461	11337121.4009	13234.998041	-11204801.5576	-4663821.55919	-10870573.9004	12583.5849347	569398480.2241886	14042134.698474139	-5776526.802879338	14042267.725783626	12059.990143685856	-9905403.67967503	-5776654.2884712005	-9905480.43066755	11124.29237366865	570252083.651	0.2151113796169455	0.0	0.0	0.0	-0.09184941714737835	0.0	0.0	0.0	-0.12214006598019667	0.215448365412
680	2450.0	nan	nan	1	1	5.0	5.0	5.0	1.245	1.00521635015e-18	9.70329180639e-17	8.51056353754e-19	0.910678824882	6.28941253188e-17	-3.50036365453e-19	2.35941027458e-18	0.882986798119	458610431.051	15386884.9279	-6600316.4224	11255138.7576	18379.6914253	-11320004.8251	-4681090.53967	-10975651.8317	17147.02179	570327719.0994438	13996748.01878877	-5821436.52511322	13996885.332631942	16719.167703434316	-9984171.263312405	-5821402.021470994	-9984050.296737276	15123.562653216186	571177724.915	0.219135529916671	0.0	0.0	0.0	-0.09356499615337317	0.0	0.0	0.0	-0.12444502965755697	0.219485659562
690	2500.0	nan	nan	1	1	5.0	5.0	5.0	1.25	-2.51452318304e-18	7.35626938867e-18	-3.0440246542e-19	0.909123734921	-4.44192978004e-17	-1.52360051387e-19	-2.2249437942e-18	0.880962278472	457479240.152	15361331.6929	-6670033.82726	11172495.7108	-406.406213986	-11432134.3871	-4700841.91093	-11077912.7198	-1747.02320935	571203792.0190696	13949593.137670977	-5869417.832625044	13949861.231310451	-369.056631746225	-10059915.013080956	-5869422.018610577	-10059829.339357661	-1537.3249138649157	572071323.326	0.22314355131420976	0.0	0.0	0.0	-0.09527407204311795	0.0	0.0	0.0	-0.12674047067998595	0.223506771438
700	2550.0	nan	nan	1	1	5.0	5.0	5.0	1.255	-1.5208476568e-18	-1.82159729263e-17	3.30872245021e-20	0.907577450678	1.34975097192e-17	-1.06810854649e-18	-5.54700701333e-19	0.878950687789	456352695.705	15335792.9648	-6741544.50911	11090488.0131	21307.0324733	-11541235.6492	-4721561.88365	-11177224.8895	20885.5723711	572074267.1662234	13902663.164388707	-5918777.079381737	13902805.576306479	19315.890361124388	-10132693.025451291	-5918851.975435922	-10132713.261584306	18336.606229149522	572922680.358	0.22713557258374711	0.0	0.0	0.0	-0.09697637138509203	0.0	0.0	0.0	-0.12902648322445467	0.22751174421
