inc	time	elem	node	ip	grain	1_pos	2_pos	3_pos	1_f	2_f	3_f	4_f	5_f	6_f	7_f	8_f	9_f	1_p	2_p	3_p	4_p	5_p	6_p	7_p	8_p	9_p	1_Cauchy	2_Cauchy	3_Cauchy	4_Cauchy	5_Cauchy	6_Cauchy	7_Cauchy	8_Cauchy	9_Cauchy	Mises(Cauchy)	1_ln(V)	2_ln(V)	3_ln(V)	4_ln(V)	5_ln(V)	6_ln(V)	7_ln(V)	8_ln(V)	9_ln(V)	Mises(ln(V))
0	0.0	nan	nan	1	1	5.0	5.0	5.0	1.0	0.0	0.0	0.0	1.0	0.0	0.0	0.0	1.0	1.13932993768e-05	3.1947752713e-08	-1.98772981549e-08	3.1947752713e-08	1.13623785962e-05	-1.93772309456e-07	-1.98772981549e-08	-1.93772309456e-07	8.70132426064e-06	1.13932993768e-05	3.1947752713e-08	-1.98772981549e-08	3.1947752713e-08	1.13623785962e-05	-1.93772309456e-07	-1.98772981549e-08	-1.93772309456e-07	8.70132426064e-06	2.6983955548e-06	0.0	0.0	0.0	0.0	0.0	0.0	0.0	0.0	0.0	0.0
10	2.5	nan	nan	1	1	5.0	5.0	5.0	1.00025	-1.39630672338e-21	-1.47230846581e-20	-1.95775556415e-21	0.999928541175	-7.18122535655e-20	1.61041725506e-22	1.73377056391e-21	0.999926649567	56830572.3354	1232720.76291	-332427.768191	1232324.59303	10.1984666206	286858.657486	-332320.304717	286858.114742	6.1948844573	56838802.8223397	1232503.0643785098	-332368.43267816113	1232503.0644240335	10.19666557102447	286807.4556695969	-332368.4330010445	286807.4555885206	6.193778723419068	56883951.5852	0.0002499687552074404	0.0	0.0	0.0	-7.146137830351028e-05	0.0	0.0	0.0	-7.335312327461893e-05	0.000214920112565
20	5.0	nan	nan	1	1	5.0	5.0	5.0	1.0005	5.6506775595e-22	-4.45077711775e-20	-1.61749998906e-21	0.999857054679	9.42563131469e-20	-3.77514891812e-21	1.92185075569e-21	0.999853270576	113706543.932	2466307.48983	-664984.67808	2464722.57988	-348.642109107	573671.604084	-664554.822955	573669.432873	-333.150463566	113739489.0038692	2465436.7044613766	-664747.3744308699	2465436.70291746	-348.51901316346977	573466.8860362932	-664747.3695371595	573466.8859681101	-333.031576885871	113830120.235	0.0004998750416509929	0.0	0.0	0.0	-0.00014295553865679625	0.0	0.0	0.0	-0.00014674018981567904	0.000429820824719
30	7.5	nan	nan	1	1	5.0	5.0	5.0	1.00075	3.50517784569e-22	-2.02201819197e-19	7.04044438617e-21	0.999782896513	1.2953844848e-19	4.23764627811e-21	-4.695283952e-21	0.999775818107	166705244.915	3703278.55686	-955001.666025	3699699.86351	771.573882265	741236.826841	-954072.035171	741231.632299	-862.882326071	166778833.85883763	3701332.951303039	-954493.1753580169	3701333.0275151925	771.168517556434	740842.1552693349	-954493.1926063829	740842.2086138375	-862.4228843494602	166915169.938	0.0007497188905459742	0.0	0.0	0.0	-0.000217127057373117	0.0	0.0	0.0	-0.00022420702551658998	0.000646936868453
40	10.0	nan	nan	1	1	5.0	5.0	5.0	1.001	8.2304470949e-22	-1.42987888252e-19	1.78112665398e-21	0.99968625316	4.02487371107e-19	6.60669155246e-21	4.82039501965e-22	0.999665376133	189261216.066	4561880.06307	-1186448.00122	4555892.89487	1338.0722009	546790.098291	-1184866.016	546778.838683	1140.34781518	189383987.21279272	4558848.239756725	-1185634.727630707	4558848.239905789	1337.1829187537257	546415.2905072878	-1185634.6222818561	546415.4497276996	1139.566141849403	189560775.867	0.0009995003330834232	0.0	0.0	0.0	-0.00031379606883696437	0.0	0.0	0.0	-0.00033467986605895155	0.000882574564186
50	12.5	nan	nan	1	1	5.0	5.0	5.0	1.00125	1.40382889708e-21	3.41618872142e-19	2.40089172794e-21	0.999578153839	2.88463315401e-19	1.01765962811e-20	-3.55439509214e-21	0.999543010617	199310825.132	4918681.36996	-1526549.08673	4910467.9903	-16.2996019182	758047.49561	-1523946.50331	758020.813068	-553.162013223	199486102.1523309	4914786.699433735	-1525286.71897354	4914786.331750847	-16.286695699153267	757420.6341977848	-1525286.6854203646	757420.6031546313	-552.704580248416	199689720.302	0.0012492194004318981	0.0	0.0	0.0	-0.0004219351631226192	0.0	0.0	0.0	-0.0004570938344716478	0.0011260055815
60	15.0	nan	nan	1	1	5.0	5.0	5.0	1.0015	-6.65611559406e-21	-8.77506384418e-19	-2.96006582202e-21	0.99946649403	-1.40483392152e-18	-1.19275308427e-20	-5.60663019188e-21	0.999418857403	206477549.967	5071557.39483	-1796091.74855	5061259.61727	-1363.40687867	975950.19454	-1792359.8697	975903.70874	-1619.16517795	206707892.53485718	5066906.047590275	-1794358.9472915814	5066905.865673374	-1362.156438553088	975008.634774683	-1794359.3934979956	975008.6647390167	-1617.603068742492	206925833.299	0.0014988761237359487	0.0	0.0	0.0	-0.0005336483349475341	0.0	0.0	0.0	-0.0005813115258102744	0.00137118019824
70	17.5	nan	nan	1	1	5.0	5.0	5.0	1.00175	2.22134183622e-20	9.20149509549e-20	-1.2950132875e-20	0.999352499546	3.91343283702e-19	1.14870571665e-20	5.29395592034e-22	0.999294586332	212306969.274	5145622.97694	-1994953.42322	5133307.86082	-6493.39880882	1180959.6253	-1990064.02784	1180891.66128	-5045.20084183	212594494.2638082	5140259.877246057	-1992758.6657419782	5140259.843109663	-6486.630970344405	1179660.3869625528	-1992759.1496312395	1179660.8599298866	-5039.650340175754	212824397.864	0.001748470534116803	0.0	0.0	0.0	-0.0006477101729523458	0.0	0.0	0.0	-0.0007056625892902926	0.00161711745268
80	20.0	nan	nan	1	1	5.0	5.0	5.0	1.002	-6.10293855942e-21	-4.70378116485e-19	1.32979623226e-20	0.999236912192	-2.34231906876e-18	-6.75599765303e-21	-7.95747749276e-21	0.999170566354	217374384.417	5190109.53568	-2140843.39025	5175797.47815	-3027.66317584	1367008.01789	-2134798.31214	1366917.55661	-2582.29629747	217720971.93350205	5184049.860986025	-2138201.885540398	5184049.907702271	-3024.128249688177	1365321.3190246061	-2138202.091509965	1365321.621944345	-2579.1101009166127	217953143.407	0.001998002662673058	0.0	0.0	0.0	-0.0007633791077021167	0.0	0.0	0.0	-0.0008297778164104749	0.00186344844654
90	22.5	nan	nan	1	1	5.0	5.0	5.0	1.00225	9.82194259345e-21	7.37945815637e-19	-1.92687587791e-20	0.999120311115	8.03546408091e-19	3.0933246187e-20	1.00403182752e-20	0.999046736998	221958564.88	5223109.87645	-2248934.62646	5206799.33952	4457.29989203	1538806.89734	-2241747.11978	1538693.95206	3696.13146412	222365964.52376926	5216356.821824289	-2245861.5426590745	5216356.295329501	4451.536967189041	1536704.1761255504	-2245861.7930682907	1536704.5464077538	3691.0808407738	222595280.153	0.00224747254047937	0.0	0.0	0.0	-0.0008800760383332898	0.0	0.0	0.0	-0.0009537176461287884	0.0021100079942
100	25.0	nan	nan	1	1	5.0	5.0	5.0	1.0025	-5.37125594858e-20	-3.21023625853e-19	-2.21374211435e-20	0.999003033836	6.86357249169e-19	-7.83091885904e-21	-4.63055706907e-21	0.998922977942	226204745.648	5258890.65895	-2333468.34859	5240546.18701	-12.902415837	1700144.40534	-2325142.38542	1700008.96631	-234.106460375	226674622.75290835	5251432.126640473	-2329972.128901763	5251431.956287019	-12.884116714307083	1697597.0905900965	-2329972.2185405702	1697597.8928300578	-233.7557002644542	226912108.415	0.002496880198587146	0.0	0.0	0.0	-0.0009974634653217513	0.0	0.0	0.0	-0.0010776024630334597	0.00235672966435
110	27.5	nan	nan	1	1	5.0	5.0	5.0	1.00275	-3.7760794963e-22	1.10938403187e-18	7.96409493766e-21	0.998885303816	-7.31735550393e-19	7.31641251803e-21	1.61763440591e-20	0.998799307017	230209550.534	5299011.43699	-2403335.46464	5278588.22296	-375.397663363	1849721.02734	-2393866.66419	1849561.74339	-247.929166117	230743502.71161035	5290831.784008911	-2399419.040740427	5290831.475552345	-374.81819252155594	1846706.7616473406	-2399419.0416447497	1846706.7253535374	-247.52514606825198	230985257.01	0.0027462256680252286	0.0	0.0	0.0	-0.0011153179198652731	0.0	0.0	0.0	-0.0012014143923378005	0.00260353578086
120	30.0	nan	nan	1	1	5.0	5.0	5.0	1.003	3.83542970526e-20	-1.26113114243e-18	4.07969614014e-20	0.998767267425	-3.0079761231e-18	1.96207241298e-20	-1.64410418551e-20	0.998675676974	234030089.425	5344537.45646	-2461284.98984	5321982.64316	196.579205412	1989084.48595	-2450673.37266	1988902.92878	3.93550293573	234629667.48900327	5335617.882676797	-2456951.9849264915	5335617.402936766	196.2511316093125	1985582.7732728487	-2456951.924276564	1985583.6206891867	3.9285746224187688	234875238.809	0.002995508979798371	0.0	0.0	0.0	-0.0012334930148109316	0.0	0.0	0.0	-0.0013252007167215817	0.00285039570175
130	32.5	nan	nan	1	1	5.0	5.0	5.0	1.00325	-4.78342004627e-20	-3.33590360514e-19	-3.71871452082e-20	0.998648983119	3.93867011751e-18	2.12965920508e-20	-3.05130384359e-20	0.998552091695	237700302.975	5393119.8435	-2510536.42261	5368386.01402	164.049243337	2117722.00122	-2498780.20978	2117517.44084	-16.3360448244	238367008.11624783	5383443.7171686115	-2505788.974078862	5383443.338352172	163.7549125509028	2113717.368539308	-2505788.8235337823	2113718.273222543	-16.305153206454346	238616806.086	0.0032447301648890294	0.0	0.0	0.0	-0.0013519303271200738	0.0	0.0	0.0	-0.0014489575371467347	0.0030972893598
140	35.0	nan	nan	1	1	5.0	5.0	5.0	1.0035	2.37069963558e-20	-4.56926298568e-20	2.16357361019e-20	0.998530491421	4.56542321328e-18	1.39073876389e-20	3.04071593174e-21	0.998428566782	241247170.254	5441831.23935	-2553723.0947	5414881.97202	134.730340477	2237509.93192	-2540816.99206	2237282.32294	-4.06305639425	241982466.05488536	5431386.320824543	-2548561.370665765	5431385.9582517315	134.4717423383886	2232987.3551314664	-2548561.1329057263	2232988.137664173	-4.054843923647331	242236302.774	0.003493889254255838	0.0	0.0	0.0	-0.0014705893656789168	0.0	0.0	0.0	-0.0015726692142060393	0.00334419839183
150	37.5	nan	nan	1	1	5.0	5.0	5.0	1.00375	2.42694791723e-20	1.04365987932e-18	2.35949133828e-20	0.998411824904	4.24793640493e-19	1.93518904307e-20	8.00710832951e-22	0.998305105023	244688138.089	5489214.64298	-2591980.43833	5460021.34178	129.532782531	2349035.89804	-2577920.05902	2348785.51595	-17.4849108428	245493449.46925947	5477991.612228512	-2586404.4884320777	5477991.225229748	129.26794493651383	2343982.578083492	-2586404.4439891353	2343983.28215361	-17.44729675228172	245751058.356	0.003742986278834297	0.0	0.0	0.0	-0.0015894375829454536	0.0	0.0	0.0	-0.0016963329365150591	0.00359111138429
160	40.0	nan	nan	1	1	5.0	5.0	5.0	1.004	-8.14772903365e-21	7.16459902623e-20	-8.29165846023e-21	0.998293002868	-4.14091577728e-18	-2.93516768558e-20	7.02110903935e-20	0.998181712699	248036575.168	5535418.95342	-2626238.81061	5503953.84882	117.03030911	2452738.11249	-2611019.49306	2452465.40257	-2.81584915479	248913292.74421006	5523408.635233862	-2620248.4643927296	5523408.290466927	116.77638591796749	2447143.514460777	-2620248.481485768	2447144.2353605763	-2.8094263149228462	249174408.208	0.003992021269537457	0.0	0.0	0.0	-0.0017084557117010791	0.0	0.0	0.0	-0.0018199423919457716	0.00383801999578
170	42.5	nan	nan	1	1	5.0	5.0	5.0	1.00425	-5.28179636533e-20	-1.20713186146e-18	7.07487577917e-21	0.998174051864	-1.90213490579e-19	1.58405087304e-20	-1.5580774018e-20	0.998058382305	251302639.899	5581304.38956	-2657229.38859	5547535.86261	108.08676124	2549668.93077	-2640846.47508	2549374.27033	3.38542554195	252252122.06716168	5568496.122181169	-2650824.2243249817	5568495.795147528	107.83871812293478	2543523.0374598023	-2650824.2319310573	2543523.833761054	3.3772650847472807	252516570.974	0.004240994257254614	0.0	0.0	0.0	-0.0018276172113700804	0.0	0.0	0.0	-0.0019435050780831817	0.00408491825523
180	45.0	nan	nan	1	1	5.0	5.0	5.0	1.0045	2.70463244886e-20	8.14196978863e-19	4.05665916008e-20	0.998054997621	6.73781622316e-19	1.95595127644e-20	1.81317990272e-20	0.997935104408	254494882.117	5626414.71619	-2686411.04215	5590314.61013	82.2616531227	2640680.22929	-2668853.95103	2640363.68498	15.0748146062	255518458.84658977	5612799.118613761	-2679588.1539154896	5612798.81845048	82.0625846890062	2633973.487177629	-2679588.0639371984	2633974.157864951	15.0365279205066	255786087.521	0.004489905272852001	0.0	0.0	0.0	-0.0019468963523805282	0.0	0.0	0.0	-0.002067030428218185	0.00433180109184
190	47.5	nan	nan	1	1	5.0	5.0	5.0	1.00475	-1.53872137547e-20	-1.49445159967e-18	4.49382411382e-20	0.997935872042	-3.8479416392e-18	3.1168165481e-20	5.11693926925e-20	0.997811860659	257619810.675	5670239.19654	-2713458.92758	5631783.87307	74.484068577	2726670.06462	-2694721.4436	2726331.79455	20.4140108772	258718783.56885517	5655808.587586686	-2706216.9086409057	5655808.336888749	74.2945085902537	2719392.7861442016	-2706216.7778107007	2719393.352159749	20.359527408925334	258989391.898	0.00473875434717347	0.0	0.0	0.0	-0.0020662612061506922	0.0	0.0	0.0	-0.0021905368158657047	0.00457866446152
200	50.0	nan	nan	1	1	5.0	5.0	5.0	1.005	-1.81640590711e-20	-8.7246875109e-20	1.89581524591e-20	0.997816691119	-9.24554659902e-19	3.15321249505e-20	1.24077091883e-21	0.997688645266	260682335.175	5712119.15537	-2738650.79774	5671291.12324	78.390320162	2808090.93736	-2718727.02637	2807731.11074	13.8866644357	261857977.25723407	5696868.13524282	-2730988.260315689	5696867.879335135	78.18102264595343	2800234.1116865166	-2730988.1176332883	2800234.634823291	13.847810600802381	262131337.114	0.004987541511038968	0.0	0.0	0.0	-0.002185695774685271	0.0	0.0	0.0	-0.002314030037531645	0.00482550515304
210	100.0	nan	nan	1	1	5.0	5.0	5.0	1.01	-6.16431536087e-20	6.36019172992e-21	-2.36606742415e-20	0.995428569528	1.44672830344e-17	-5.71714152172e-20	5.84849780299e-20	0.995229700882	311988579.813	6378479.80779	-3113327.4671	6286454.78645	1420.1942243	3975168.83593	-3067799.7882	3974375.90008	775.647787465	314923643.76608175	6345596.937842108	-3096658.6021686015	6345595.242320041	1412.8727208406642	3953885.6419499777	-3096660.423352141	3953886.866676342	771.4949418873281	315234326.834	0.009950330853168092	0.0	0.0	0.0	-0.004581911414411328	0.0	0.0	0.0	-0.004781713308706667	0.00975544419295
220	150.0	nan	nan	1	1	5.0	5.0	5.0	1.015	2.59933235689e-20	9.57778782795e-18	-1.3626642539e-19	0.993046692128	-2.4295221033e-18	5.33696931219e-20	-5.61026978658e-20	0.992778046275	350883849.065	6839203.09133	-3411123.86452	6691280.46015	2561.27056732	4809645.27102	-3336444.85861	4808345.33991	-183.790300664	355911109.5494092	6787147.590284838	-3384244.8634646833	6787149.249599981	2541.7758658301177	4771746.189822714	-3384247.507380514	4771747.38799591	-182.3420683858097	356248147.194	0.014888612493750559	0.0	0.0	0.0	-0.006977594765491247	0.0	0.0	0.0	-0.007248158274388718	0.0146684911332
230	200.0	nan	nan	1	1	5.0	5.0	5.0	1.02	-7.49293286075e-20	1.22070966932e-18	2.03134051747e-19	0.990679864716	1.18111862352e-17	-1.52975473763e-19	3.69399009231e-19	0.990331872998	381227008.872	7162257.79745	-3662574.28753	6956385.06813	5187.96206192	5457176.02055	-3556035.42419	5455254.51078	5443.41564689	388570269.68163115	7090371.986909887	-3624540.3114667498	7090380.164643883	5135.891769504	5400506.015836315	-3624532.395706733	5400501.470146689	5386.888536676558	388922221.12	0.01980262729617973	0.0	0.0	0.0	-0.009363839509684002	0.0	0.0	0.0	-0.009715166778427233	0.0195624719173
240	250.0	nan	nan	1	1	5.0	5.0	5.0	1.025	-1.46371263752e-19	-1.93781381123e-17	1.8340910286e-19	0.988329497084	-7.57551857311e-19	-7.84498092945e-20	1.56714330132e-19	0.987893460549	405320364.363	7396582.24836	-3893306.32639	7131967.19594	5943.55154575	5978513.88743	-3752354.29623	5975869.59962	6452.50823662	415132329.5512422	7304611.368990962	-3843199.7089120685	7304617.326560076	5869.647998965394	5901570.774473944	-3843191.0095207887	5901564.202395004	6369.4648449931965	415498060.58	0.024692612590371414	0.0	0.0	0.0	-0.011739137759849336	0.0	0.0	0.0	-0.012180420501142935	0.0244362560026
250	300.0	nan	nan	1	1	5.0	5.0	5.0	1.03	2.85959646482e-19	4.40013267456e-18	1.48209672664e-19	0.985995587268	4.62728805129e-18	3.44504181516e-20	-2.55327494038e-19	0.985465164408	424727625.989	7549801.76347	-4103030.55511	7227257.04079	5810.82296231	6439290.17941	-3925612.03666	6435822.63229	7101.4411907	437113542.6644628	7438014.949144813	-4040104.09602742	7438018.47475826	5724.784492968059	6340533.486143152	-4040090.824031189	6340530.049495751	6992.529365035578	437490841.94	0.02955880224154443	0.0	0.0	0.0	-0.014103399776939734	0.0	0.0	0.0	-0.014641501154152347	0.0292891495209
260	350.0	nan	nan	1	1	5.0	5.0	5.0	1.035	2.18243332816e-19	3.11764621025e-18	-3.14219444929e-19	0.983678618074	4.09929535758e-18	4.71744412061e-19	-4.91596746763e-19	0.983048102033	440562261.47	7637627.09911	-4289720.97227	7258908.11114	5793.55681512	6836000.32595	-4074385.96884	6831609.49226	6751.73899335	455595360.0056705	7506600.98824426	-4213426.893772768	7506600.413544743	5694.166362075606	6714419.843478865	-4213414.322148232	6714410.889721705	6631.657126002133	455981438.803	0.03440142671733232	0.0	0.0	0.0	-0.016456042926151996	0.0	0.0	0.0	-0.017097226122734385	0.0341207156978
270	400.0	nan	nan	1	1	5.0	5.0	5.0	1.04	-1.64132485865e-19	3.65403313283e-18	-6.26341159825e-20	0.981378422515	-6.06150011945e-18	-6.24554449702e-20	-2.90849938263e-19	0.980643500686	453616162.51	7661219.66117	-4445332.41043	7229389.50656	6843.16522495	7184417.7786	-4191605.65843	7179031.84906	5459.87581784	471347123.37240356	7511962.66671467	-4355463.691567552	7511972.079655729	6709.845685867418	7039174.552239584	-4355447.254084372	7039168.907612092	5349.496660648944	471738566.759	0.03922071315328133	0.0	0.0	0.0	-0.018797142000686464	0.0	0.0	0.0	-0.019546289453811858	0.0389306886487
280	450.0	nan	nan	1	1	5.0	5.0	5.0	1.045	-3.37033086224e-19	8.52481751385e-18	-3.04763116167e-19	0.979094276215	6.17528046707e-17	3.08637630156e-19	-7.15213444838e-19	0.97825279854	464474717.057	7649330.65756	-4577041.99906	7166906.48618	9412.62555621	7486765.23742	-4284671.99056	7480318.68532	9607.22625473	484938280.4636796	7482660.57048114	-4473465.531470782	7482661.983570593	9207.535308275661	7317342.99984364	-4473443.636756813	7317331.174062694	9389.818907583147	485329531.03	0.04401688541677426	0.0	0.0	0.0	-0.021127342604882332	0.0	0.0	0.0	-0.021987157134143818	0.0437189085932
290	500.0	nan	nan	1	1	5.0	5.0	5.0	1.05	1.8308484806e-19	-6.73076864434e-18	1.0302038221e-19	0.976825913051	9.50332850337e-17	-2.06437811114e-19	-6.19657540476e-20	0.975876600214	473562344.729	7626003.60648	-4692877.03729	7094559.98636	5804.63768763	7755520.50595	-4361559.59191	7747971.44513	4771.79663399	496781123.9399507	7442396.483333371	-4575438.307345155	7442406.523897533	5664.882596795396	7561439.461200117	-4575407.019407461	7561427.76895684	4652.382949847428	497178898.427	0.04879016416943205	0.0	0.0	0.0	-0.023446828025027157	0.0	0.0	0.0	-0.024419134769489873	0.0484853468651
300	550.0	nan	nan	1	1	5.0	5.0	5.0	1.055	-3.90164551329e-19	-2.30439515378e-17	-1.27776243582e-19	0.974573723958	-4.52788873493e-17	-1.16917016501e-19	-2.4987471944e-20	0.973514727649	481211531.945	7586123.3784	-4791951.42274	7007847.48685	-6334.02811242	7994078.02509	-4421821.25819	7985408.32062	-7695.63277435	507199483.252546	7386265.527518047	-4660636.684871538	7386308.074697637	-6167.156947422104	7775014.815186987	-4660622.841111434	7775031.2326440625	-7484.747915271462	507610509.303	0.05354076692802976	0.0	0.0	0.0	-0.02575510978370883	0.0	0.0	0.0	-0.026842325728591545	0.0532300242909
310	600.0	nan	nan	1	1	5.0	5.0	5.0	1.06	3.73806227535e-19	-2.14017250523e-17	-3.47918783085e-19	0.972337642819	2.87591508394e-17	7.94278676508e-19	5.91228997184e-19	0.971167422569	487682869.689	7534465.71442	-4883012.46396	6911412.89632	-4210.13534824	8206438.99356	-4473783.66584	8196573.40548	-6061.87082242	516447638.46804464	7319012.518186814	-4737670.670326248	7319065.504716789	-4089.7436507081716	7962176.139128805	-4737658.7385843415	7962186.787329925	-5881.440568635202	516857372.298	0.058268908123975824	0.0	0.0	0.0	-0.028052165685045025	0.0	0.0	0.0	-0.029256402722817813	0.057952965621
320	650.0	nan	nan	1	1	5.0	5.0	5.0	1.065	9.67536618891e-19	3.04727853457e-17	-4.1468880213e-19	0.970117401658	-6.27773174902e-17	2.09825942903e-19	-7.36124570723e-19	0.968834867174	493165412.59	7475987.13393	-4964729.63996	6810002.94991	-5814.2620894	8400550.58473	-4516411.73047	8389455.16397	-7191.28185378	524709050.6641455	7245513.6235115845	-4805313.21655113	7245581.48573569	-5635.017078644032	8130810.674201107	-4805288.552288424	8130820.799370494	-6960.3713075888245	525120266.154	0.06297479916138839	0.0	0.0	0.0	-0.030338182171453388	0.0	0.0	0.0	-0.03166109732688419	0.0626542815667
330	700.0	nan	nan	1	1	5.0	5.0	5.0	1.07	-2.3061795478e-20	2.06442575674e-17	1.20516906527e-19	0.967913132663	-4.95608506559e-17	7.28580683537e-19	-4.3463378106e-19	0.966516871898	497816473.205	7417421.8125	-5036583.12737	6709800.12338	-3427.71379606	8585118.35088	-4549468.75808	8572750.68132	-5124.67363421	532136981.3326712	7172321.683956982	-4863129.630212495	7172387.767752071	-3314.448956435533	8289457.827899852	-4863118.642912102	8289474.04597781	-4948.186412384137	532546324.236	0.06765864847381486	0.0	0.0	0.0	-0.03261293471684723	0.0	0.0	0.0	-0.03405652378875604	0.0673340769157
340	750.0	nan	nan	1	1	5.0	5.0	5.0	1.075	-7.36991456005e-19	1.91432879396e-17	-3.49387855853e-19	0.965724748526	5.99778735995e-17	-1.80841534239e-19	-3.82964771277e-19	0.964213387352	501765316.097	7369106.36179	-5096849.87777	6620047.52466	4528.84473068	8755735.97968	-4571536.59053	8742003.82642	3440.73873866	538857733.09324	7109404.154775256	-4909531.113795946	7109426.8329582745	4369.2390859739635	8433946.309446588	-4909482.112250213	8433917.93703393	3314.285155929515	539259539.525	0.07232066157962608	0.0	0.0	0.0	-0.034876424786645696	0.0	0.0	0.0	-0.0364426526929805	0.0719924794326
350	800.0	nan	nan	1	1	5.0	5.0	5.0	1.08	1.64996724169e-18	-1.98910219385e-18	-1.31223932375e-19	0.963552538209	-1.0559049193e-16	1.37902257769e-18	-6.80432154441e-19	0.961923900407	505106599.245	7316512.62293	-5139724.55041	6527706.23665	3.73627141947	8916192.56954	-4577778.20591	8901131.73392	-2036.41410323	544962887.3722875	7042707.559370137	-4939018.916590033	7042785.906896042	3.596449335767678	8568016.307684168	-4938995.516137753	8568025.640106596	-1956.8923741373333	545369441.995	0.0769610411361284	0.0	0.0	0.0	-0.03712826411511873	0.0	0.0	0.0	-0.038819937051473095	0.0766296522824
360	850.0	nan	nan	1	1	5.0	5.0	5.0	1.085	6.61453322467e-19	-2.79324442014e-17	-2.06437811114e-19	0.961396073475	1.25088872738e-16	4.67403368207e-19	-1.06662623883e-18	0.959648693505	507927932.806	7248477.71475	-5171635.97468	6422763.59297	2520.36717155	9080070.82999	-4574086.7302	9063543.20998	1141.46183349	550538222.6858249	6961531.513672188	-4957878.340465544	6961571.957011216	2420.5931481412476	8704767.063711582	-4957808.807528093	8704743.832406407	1094.2821436843815	550941782.875	0.08157998699242285	0.0	0.0	0.0	-0.039368807704738065	0.0	0.0	0.0	-0.04118800575982228	0.0812457184714
370	900.0	nan	nan	1	1	5.0	5.0	5.0	1.09	5.34259414036e-19	3.55162238273e-17	2.16443387803e-19	0.959255245927	6.75011672974e-17	1.03761536039e-19	3.10225816932e-20	0.957387618476	510295816.863	7187128.17745	-5188660.56996	6325084.83096	1944.33918284	9248691.82653	-4557343.85083	9230667.21457	841.45228035	555648336.7426049	6887174.482304519	-4962432.131824309	6887226.486950321	1863.19248445018	8845443.8054843	-4962377.599418324	8845426.73028927	804.764500800226	556052599.881	0.08617769624105241	0.0	0.0	0.0	-0.04159808109025296	0.0	0.0	0.0	-0.0435469345535615	0.085840843862
380	950.0	nan	nan	1	1	5.0	5.0	5.0	1.095	2.16440079081e-20	-1.06962964892e-17	-2.48471821121e-19	0.957129443986	-6.00572299987e-17	-1.19680461491e-18	4.85455757895e-19	0.955141051062	512265668.565	7128273.14676	-5201566.53152	6230820.73955	-6135.40850963	9408984.14143	-4537157.31253	9389431.02876	-6216.21168188	560347015.7781839	6815578.162988217	-4963058.131508868	6815646.687852637	-5866.267383182005	8977552.237271156	-4963015.708849428	8977546.141254125	-5931.178568607004	560758799.202	0.09075436326846412	0.0	0.0	0.0	-0.0438166365025561	0.0	0.0	0.0	-0.04589625196048002	0.0904151774652
390	1000.0	nan	nan	1	1	5.0	5.0	5.0	1.1	1.45070274085e-18	3.32916406838e-17	3.75817930785e-19	0.95501851808	-2.25176826885e-17	1.03062733857e-18	-1.46536699875e-19	0.95290893531	513891314.827	7068981.35704	-5212390.99125	6137308.98454	2176.83970596	9560593.37949	-4515333.74358	9539428.59187	345.494134963	564687384.9695932	6743925.311317985	-4961722.914335979	6743957.061031449	2076.7411385353116	9100816.75094914	-4961656.152498939	9100772.895963738	328.8790440111391	565092253.566	0.09531017980432493	0.0	0.0	0.0	-0.04602454802971754	0.0	0.0	0.0	-0.048235935706904175	0.0949688636762
400	1050.0	nan	nan	1	1	5.0	5.0	5.0	1.105	-2.08359248279e-19	-3.2371716581e-17	-4.71903230739e-19	0.95292222888	1.3278829635e-17	-7.3501283998e-19	8.01081409866e-19	0.950691167315	515203245.422	7013487.40115	-5220629.51196	6048321.25359	-5952.42365898	9704985.7969	-4491553.83575	9682270.2554	-6243.71599918	568697963.7555504	6676245.2835035	-4957961.364892132	6676332.130320025	-5666.202575934313	9216693.986352686	-4957922.030163483	9216700.256083908	-5929.572789330398	569110071.142	0.09984533496971612	0.0	0.0	0.0	-0.04822198528962691	0.0	0.0	0.0	-0.05056601437767787	0.0995020935722
410	1100.0	nan	nan	1	1	5.0	5.0	5.0	1.11	4.15132170938e-19	-5.31732675049e-17	-4.28201624617e-19	0.950840203525	-6.96287552423e-17	1.2467795588e-18	7.00178610024e-19	0.948487928861	516249081.035	6956925.42025	-5221149.03372	5959455.72124	-892.427421372	9851643.71897	-4461392.26877	9827247.82754	-2034.70427577	572426785.0864822	6607886.287103291	-4946927.8336972855	6607957.679140889	-847.6530311448789	9334223.215290684	-4946876.47346835	9334200.417119553	-1927.8390925336075	572834884.592	0.10436001532424286	0.0	0.0	0.0	-0.05040926049752499	0.0	0.0	0.0	-0.05288621624471968	0.104015000404
420	1150.0	nan	nan	1	1	5.0	5.0	5.0	1.115	-1.87201560533e-18	-1.91141587226e-18	-2.59430309876e-19	0.948772281196	5.08949275478e-17	-1.42968573585e-18	3.40824882151e-19	0.946299063632	517054117.388	6894845.88418	-5217390.1369	5867018.43988	-1006.43919129	9989026.29184	-4427941.57035	9962942.25576	-2248.61346723	575898042.5456206	6534634.260380638	-4931924.9287959635	6534721.069768566	-953.8591769657937	9442484.937957065	-4931868.439135513	9442442.208615957	-2125.582431688196	576306243.296	0.10885440491208208	0.0	0.0	0.0	-0.05258646575649363	0.0	0.0	0.0	-0.055196624972825105	0.108507765272
430	1200.0	nan	nan	1	1	5.0	5.0	5.0	1.12	1.70601369128e-18	2.5955471784e-18	1.1751523352e-18	0.946718304779	3.04870980518e-17	9.4232415382e-19	-1.27764332181e-18	0.944124460485	517645753.792	6842079.6985	-5222517.24406	5783606.84923	-3675.82856966	10118659.3748	-4402384.38336	10090905.3853	-4420.05719025	579138760.2085005	6470544.919115174	-4925395.232684429	6470662.370278713	-3476.225785584475	9542983.645000473	-4925359.505150793	9542954.693211084	-4168.589129659914	579549583.679	0.11332868530700327	0.0	0.0	0.0	-0.054753690680884204	0.0	0.0	0.0	-0.0574972777931477	0.112980550988
440	1250.0	nan	nan	1	1	5.0	5.0	5.0	1.125	1.66580278734e-18	3.56801511723e-17	5.44086319713e-19	0.94467805115	-5.2423663199e-17	-5.76511799725e-20	-2.40896170199e-18	0.94196409378	518046964.653	6790016.80876	-5235259.31653	5701754.04275	-1941.0807807	10248321.3757	-4383465.77598	10218929.8861	-1666.37295442	582171525.5732274	6407431.595885428	-4926084.427652954	6407524.946574093	-1831.7100936158179	9643093.739219055	-4926057.157403963	9643141.69942276	-1567.9631829338623	582580980.977	0.11778303565638346	0.0	0.0	0.0	-0.05691109614901928	0.0	0.0	0.0	-0.05978812213861472	0.117433511256
450	1300.0	nan	nan	1	1	5.0	5.0	5.0	1.13	-1.12774495993e-18	-9.90927963125e-18	-7.00734475396e-19	0.942651374652	3.97179572319e-17	-7.95152179235e-19	-1.54170584312e-18	0.939817780727	518271393.605	6729860.68191	-5239759.36317	5614188.67063	-4708.74453203	10379120.9437	-4357859.05701	10347942.0016	-5196.80964622	585008903.3878857	6337003.87902562	-4919056.305792638	6337124.522294418	-4433.870740447981	9743859.743933715	-4919018.065665028	9743879.064292982	-4878.735355658962	585421864.918	0.12221763272424911	0.0	0.0	0.0	-0.059058762845985095	0.0	0.0	0.0	-0.06206927279990912	0.121866829238
460	1350.0	nan	nan	1	1	5.0	5.0	5.0	1.135	2.61174006607e-18	3.41916826734e-17	-1.30337194759e-19	0.940638286939	9.41974223334e-17	1.16271153878e-18	4.83761692001e-19	0.937685347478	518345539.55	6664104.835	-5225709.40915	5522966.49608	7251.92647274	10506883.2683	-4317260.14492	10473942.6226	7581.44474401	587678204.5021069	6261650.584812024	-4894707.4801151175	6261705.341883243	6813.972883584267	9841366.233643971	-4894726.580531045	9841407.146484496	7101.2280617075585	588079547.092	0.126632650933366	0.0	0.0	0.0	-0.061196605495226646	0.0	0.0	0.0	-0.06434083670189324	0.126280629939
470	1400.0	nan	nan	1	1	5.0	5.0	5.0	1.14	4.98955345492e-20	-1.25793392392e-16	9.85469894571e-20	0.93863879686	4.48321833487e-17	-3.29178179127e-19	2.46910104125e-19	0.935566281383	518256784.562	6593377.84704	-5206308.82289	5428915.55586	-16763.5357582	10636694.3283	-4272658.35019	10601862.2274	-16729.4090831	590162940.2380334	6181993.615199093	-4865489.876634372	6182156.9194856165	-15717.599298798723	9940387.774859304	-4865473.428798028	9940374.436212651	-15634.257072502116	590586916.049	0.131028262406404	0.0	0.0	0.0	-0.06332454165826633	0.0	0.0	0.0	-0.06660328448653907	0.130675162079
480	1450.0	nan	nan	1	1	5.0	5.0	5.0	1.145	3.32182499111e-19	3.52589110998e-17	-9.28453989309e-19	0.936653360097	-4.6594382456e-17	1.53207084335e-19	-2.60568510399e-19	0.933460187124	518061247.224	6518195.34732	-5184102.83761	5332298.93654	-2016.45480468	10775157.0224	-4226338.94965	10738485.8221	-1988.63175871	592524635.3687905	6098542.933862538	-4833806.106314762	6098735.429412724	-1886.6320423480183	10047065.315430738	-4833810.59383411	10047123.987727264	-1854.2572629395515	592935215.461	0.13540463700620298	0.0	0.0	0.0	-0.0654420117255008	0.0	0.0	0.0	-0.0688569659468132	0.135050476703
490	1500.0	nan	nan	1	1	5.0	5.0	5.0	1.15	-1.17355091353e-18	1.13077508795e-17	-7.05313747267e-19	0.934681644664	1.21289506454e-16	6.23522128298e-19	3.81164826264e-20	0.931366873267	517744556.385	6444965.58217	-5147537.8931	5238406.2777	-3503.97846492	10920090.6972	-4168920.78864	10881397.1174	-3338.75102106	594745329.6753925	6017304.306605405	-4788924.584747309	6017480.300242119	-3271.468937791926	10159321.19267947	-4788937.205138963	10159352.583287012	-3106.1503925084	595157849.0	0.13976194237515863	0.0	0.0	0.0	-0.0675492946626807	0.0	0.0	0.0	-0.07110201566825647	0.13940682243
500	1550.0	nan	nan	1	1	5.0	5.0	5.0	1.155	-6.84998191423e-19	-2.15586163991e-17	-7.03037346221e-19	0.932723261414	1.36311688713e-16	-6.75297017198e-19	7.47824213307e-19	0.929286444455	517310713.762	6366880.55787	-5100556.99836	5141660.31831	-20181.3253061	11073356.9283	-4103728.2716	11032507.6104	-20918.8540489	596827825.7826872	5931917.690553896	-4734594.759170085	5931997.669976524	-18802.60820255086	10278849.485655438	-4734522.515744356	10278805.526578957	-19417.937448716133	597257097.46	0.14410034397375687	0.0	0.0	0.0	-0.06964673369325994	0.0	0.0	0.0	-0.07333825135940886	0.143744358926
510	1600.0	nan	nan	1	1	5.0	5.0	5.0	1.16	1.89940520977e-19	-6.41350120429e-17	-2.43336683878e-19	0.930778488106	-3.40005377775e-17	1.33926496873e-18	-6.35274710441e-22	0.927218619303	516804778.494	6286541.2557	-5049463.50144	5044468.07442	-715.96922944	11225372.3967	-4036193.68604	11182468.7608	-637.644578713	598822402.212141	5844826.672113856	-4676715.0645704605	5845032.042871691	-665.6627036133494	10396721.984046234	-4676743.132892702	10396749.025378998	-590.5740295495498	599234013.524	0.14842000511827322	0.0	0.0	0.0	-0.07173395900929277	0.0	0.0	0.0	-0.0755659059427323	0.148063154763
520	1650.0	nan	nan	1	1	5.0	5.0	5.0	1.165	1.40148880313e-18	-5.12954153132e-17	-1.5881867761e-19	0.92884706969	1.13488968284e-16	-2.41700851499e-18	-1.71164182816e-18	0.925163157033	516205399.468	6206808.86522	-4992223.91464	4948886.85054	3866.59903425	11377892.5259	-3964529.4801	11332862.4862	3533.58304781	600703272.8439858	5758695.524155288	-4613429.790557903	5758972.167121297	3587.441958623516	10514574.11171398	-4613484.935331768	10514663.15337134	3265.4659684575786	601111737.979	0.15272108701766393	0.0	0.0	0.0	-0.07381117192173088	0.0	0.0	0.0	-0.0777851710422692	0.152363448529
530	1700.0	nan	nan	1	1	5.0	5.0	5.0	1.17	5.32227858451e-19	1.14834506591e-17	5.09225619977e-19	0.926928748113	-3.79103359829e-17	-1.11893052332e-18	-7.20189763403e-19	0.923120007457	515510390.873	6130368.43029	-4936361.26068	4856859.01417	-7741.63046425	11534530.5475	-3894679.17506	11487138.5764	-8001.11546699	602466506.7731502	5676002.139130397	-4551711.441903669	5676112.326662204	-7167.8417985987235	10635739.950444961	-4551632.322341665	10635743.001999203	-7377.654692572884	602887069.051	0.1570037488096647	0.0	0.0	0.0	-0.07587857924740642	0.0	0.0	0.0	-0.07999603401768468	0.156645409349
540	1750.0	nan	nan	1	1	5.0	5.0	5.0	1.175	8.86261160624e-19	-7.73719201645e-17	4.46942228575e-19	0.925023391707	5.2577029102e-17	-3.72482738555e-19	2.2996944518e-19	0.921089283858	514762576.621	6062011.78348	-4883766.30323	4772297.94933	5399.02576186	11693656.8061	-3828386.05974	11643975.4875	5539.60701885	604160769.1924732	5601149.698598809	-4493288.376354162	5601097.148143485	4988.566931061435	10758699.114896892	-4493257.22510944	10758746.786015337	5096.691832061322	604570987.188	0.16126814759612232	0.0	0.0	0.0	-0.07793625345756446	0.0	0.0	0.0	-0.08219830512575672	0.16090910075
550	1800.0	nan	nan	1	1	5.0	5.0	5.0	1.18	1.29494132278e-18	-1.18780078703e-16	3.59909593244e-19	0.923130394306	-1.32348898008e-19	1.76288732147e-19	-6.37498171927e-19	0.919071150713	513941988.186	6013072.07247	-4834019.86379	4703996.71951	6958.0164166	11860294.9722	-3765082.35879	11808162.7189	7075.65658677	605761846.0790243	5544536.770929606	-4437755.520217344	5544403.4584868215	6415.851566323135	10888058.172566304	-4437744.517334079	10888077.10983707	6495.636129323283	606173693.996	0.16551443847757333	0.0	0.0	0.0	-0.07998478218641655	0.0	0.0	0.0	-0.08439173773762385	0.165154732508
560	1850.0	nan	nan	1	1	5.0	5.0	5.0	1.185	1.86903113768e-19	-1.35618941493e-16	-3.87888150283e-19	0.921249712531	2.98759478985e-16	-2.12287632406e-19	1.86474303338e-18	0.917065451735	513060276.078	5973284.60781	-4794350.89372	4643889.9379	4222.11325002	12024266.6366	-3710350.794	11969693.9215	4290.26458366	607282396.7227063	5496604.953271766	-4391714.5135184	5496727.66163566	3885.180453818065	11014451.689704658	-4391746.599613492	11014489.216207897	3929.9620859152947	607700272.32	0.16974277458709455	0.0	0.0	0.0	-0.08202414752097248	0.0	0.0	0.0	-0.086576433334972	0.169382435613
570	1900.0	nan	nan	1	1	5.0	5.0	5.0	1.19	1.69610406754e-18	2.56162086189e-17	-7.75352784093e-19	0.919381414022	-1.12541244295e-16	1.78353374956e-18	-1.02999206386e-18	0.915071884342	512122705.442	5936881.57972	-4763968.77951	4586642.86075	9228.38874069	12192235.8038	-3663328.52078	12135132.8515	9455.89936778	608727748.6545677	5452004.59415184	-4354378.985451337	5451851.1927667335	8474.687786045706	11143988.935879357	-4354366.052002805	11144032.295173595	8642.913377748619	609145033.016	0.17395330712343798	0.0	0.0	0.0	-0.0840542111482552	0.0	0.0	0.0	-0.08875265467005349	0.173592355962
580	1950.0	nan	nan	1	1	5.0	5.0	5.0	1.195	1.91958841672e-18	1.02252758601e-19	5.12428463309e-19	0.917525044557	8.10757702497e-17	-1.58670446844e-18	-1.28431370627e-19	0.913090628843	511136942.714	5908208.06378	-4739129.10982	4536456.87059	7094.97387396	12361149.4724	-3621154.4398	12301450.8485	6969.21534117	610106227.4018233	5414694.894643588	-4322278.113045059	5414831.830371901	6502.330046309841	11273870.067376642	-4322303.26059981	11273909.514870167	6356.207276948629	610530155.711	0.17814618538347404	0.0	0.0	0.0	-0.08607540290606391	0.0	0.0	0.0	-0.09092013842532125	0.177784642374
590	2000.0	nan	nan	1	1	5.0	5.0	5.0	1.2	-1.16467030247e-21	9.86067449846e-17	-8.88325803433e-20	0.915680332557	1.16631672277e-16	1.32677123276e-18	-6.15263557062e-19	0.911121738787	510107215.553	5882346.65576	-4707985.28871	4488912.96131	9626.46896645	12528516.8059	-3574653.97322	12466191.007	9804.06531391	611422155.3940934	5380132.355301682	-4284596.855945661	5380478.367092374	8804.594524023727	11401829.110415485	-4284633.838642783	11401870.972438658	8922.387145133693	611848132.229	0.1823215567939546	0.0	0.0	0.0	-0.0880879571410417	0.0	0.0	0.0	-0.09307875861172431	0.181959425912
600	2050.0	nan	nan	1	1	5.0	5.0	5.0	1.205	1.16811137382e-18	1.3735355909e-16	-7.59894432806e-19	0.913847244008	1.70416305664e-16	-3.92388012816e-19	-1.56118760091e-18	0.909164946888	509027454.066	5854164.30447	-4682839.33453	4439736.98338	3453.89837546	12694101.7192	-3533118.18793	12628994.4417	2212.77223927	612667604.1963522	5343615.209972233	-4252541.928733594	5343686.276922664	3152.6795171646613	11527664.297695832	-4252476.046726091	11527603.817643885	2009.4447095050189	613104399.692	0.18647956694261839	0.0	0.0	0.0	-0.09009185058970277	0.0	0.0	0.0	-0.09522874154371029	0.186116873505
610	2100.0	nan	nan	1	1	5.0	5.0	5.0	1.21	-7.39697990969e-20	-1.95591289526e-17	1.93970544921e-19	0.912026082238	-8.76815155075e-17	-3.81376584501e-19	2.02864390867e-19	0.907219804854	507913872.233	5825853.30621	-4659648.2726	4391487.39355	-607.712968904	12853545.426	-3493705.4595	12785785.0658	-792.685011225	613861354.8569926	5307153.539593975	-4222411.025976449	5307522.689605441	-553.6057748904677	11647435.33299955	-4222469.367515339	11647413.846846748	-718.3035576320652	614305723.381	0.1906203596086497	0.0	0.0	0.0	-0.09208669037157205	0.0	0.0	0.0	-0.09737051549958223	0.190257100356
620	2150.0	nan	nan	1	1	5.0	5.0	5.0	1.215	-1.95025365638e-18	2.1569250633e-17	4.02023012591e-19	0.91021696178	9.90636266154e-17	1.79253347463e-18	-3.63641832168e-18	0.905285942949	506768286.475	5798802.9375	-4633731.89801	4344386.36591	2765.12510325	13006312.0562	-3452624.54573	12935818.6099	2012.13498382	615005115.0645986	5272010.8513644375	-4189958.295234495	5272271.190125784	2513.927392746769	11760694.466092741	-4190044.66674788	11760664.540201893	1819.4323392358028	615450747.03	0.19474407679251185	0.0	0.0	0.0	-0.09407228835020119	0.0	0.0	0.0	-0.09950442612709452	0.194380258694
630	2200.0	nan	nan	1	1	5.0	5.0	5.0	1.22	-8.02404898846e-19	-5.0346347983e-17	-1.46936393547e-18	0.908419766358	-7.12577584185e-17	1.85531979184e-18	-2.36428071402e-18	0.903363199427	505585728.072	5768918.12492	-4597562.12819	4295826.16894	-2.19742959573	13153718.4483	-3404363.42469	13080472.0003	-734.659284264	616092377.8989499	5234463.189189242	-4148405.491885335	5234771.498703928	-1.993851201568312	11868672.206746988	-4148460.3719881605	11868646.3735764	-662.887096363247	616544122.588	0.19885085874516517	0.0	0.0	0.0	-0.09604870945642517	0.0	0.0	0.0	-0.10163059222672895	0.198486503946
640	2250.0	nan	nan	1	1	5.0	5.0	5.0	1.225	7.47956562205e-19	-1.34655673126e-17	-9.82558218815e-20	0.906634320569	-6.56172072041e-17	1.28230200302e-18	7.31836466428e-19	0.901451606688	504379775.512	5742475.2992	-4556166.10239	4250365.05286	8609.27243405	13291054.8089	-3352874.63907	13215104.8185	8340.57827427	617139141.0109171	5200206.980988735	-4102336.7226192285	5200578.542313964	7796.289279470252	11967162.961046098	-4102444.775016001	11967187.79813216	7509.792174712321	617586054.237	0.20294084399669038	0.0	0.0	0.0	-0.09801608483961603	0.0	0.0	0.0	-0.10374891865817035	0.202575938527
650	2300.0	nan	nan	1	1	5.0	5.0	5.0	1.23	-1.35485566891e-18	-4.45096358494e-17	1.22737721035e-18	0.904860206885	-2.20467747215e-16	1.36287601213e-18	8.30092288309e-19	0.899551214792	503134446.732	5726843.93619	-4514598.66894	4213284.54713	-1607.23143118	13425118.9795	-3301744.76882	13346309.9978	-1989.45252265	618125511.0246205	5175881.709976739	-4056323.1690095924	5176228.1050378885	-1452.6045865841459	12062339.347661737	-4056356.4783844613	12062302.130630447	-1787.5038188421076	618584986.265	0.20701416938432612	0.0	0.0	0.0	-0.09997481474393555	0.0	0.0	0.0	-0.10585929025631005	0.206648743941
660	2350.0	nan	nan	1	1	5.0	5.0	5.0	1.235	4.72750263686e-18	-4.09388493463e-17	-4.58350703583e-19	0.9030973707	-2.03103148279e-17	-1.99751544786e-18	-2.74226916674e-19	0.897662037782	501876687.637	5713750.33864	-4473860.60583	4178522.21798	7975.37632463	13554318.181	-3251905.30567	13472702.4019	7570.8559012	619084008.485837	5153964.741850289	-4011260.9254926364	5154366.297494223	7194.015479141996	12152794.126014773	-4011349.0453787814	12152759.403443249	6788.02518108068	619538046.833	0.2110709700799406	0.0	0.0	0.0	-0.10192490114585492	0.0	0.0	0.0	-0.10796163142602366	0.210704985091
670	2400.0	nan	nan	1	1	5.0	5.0	5.0	1.24	-3.14865969296e-18	-1.48357754537e-17	-2.24572257119e-18	0.901345727721	-4.03601670246e-17	2.01244440356e-18	-1.16848195074e-18	0.895783778212	500588584.13	5695593.41724	-4431587.88025	4140374.22414	3559.97563765	13671561.4079	-3201442.5016	13587181.411	3383.95129127	619992367.7385308	5127599.549684123	-3965028.161598213	5127964.360213028	3204.9565583884464	12232212.800501829	-3965072.27625928	12232197.802890392	3027.687260171216	620452737.704	0.2151113796169455	0.0	0.0	0.0	-0.10386637941218978	0.0	0.0	0.0	-0.11005621408913349	0.214744855742
680	2450.0	nan	nan	1	1	5.0	5.0	5.0	1.245	-3.72959194588e-20	-2.09507577628e-17	2.07787769873e-20	0.899605135475	4.23902932409e-17	1.87141341784e-18	1.90751819722e-18	0.893916474989	499287684.975	5679829.62842	-4387153.84732	4104319.6321	6788.94039696	13783133.4575	-3150014.40987	13695933.7301	6707.45512631	620871874.575581	5103510.5392788565	-3917072.2935017864	5103784.25209282	6100.082420264916	12306276.930997431	-3917091.108894477	12306239.220114423	5988.754338128666	621331540.53	0.219135529916671	0.0	0.0	0.0	-0.10579935029277257	0.0	0.0	0.0	-0.11214293659726739	0.218768441681
690	2500.0	nan	nan	1	1	5.0	5.0	5.0	1.25	7.29136548908e-19	-2.00951419896e-17	9.90234454899e-20	0.897875101144	1.02718467904e-16	-8.21621958837e-20	4.52950868544e-19	0.892060314255	497959564.634	5665499.27518	-4338383.87504	4069779.69489	-2998.75284295	13887309.1939	-3096102.61464	13797304.2042	-3417.85749045	621704385.9149966	5080821.719918357	-3865467.5863156295	5081135.228079422	-2689.2825922451707	12373488.629949452	-3865495.7379508265	12373427.20775355	-3045.285462171952	622174807.377	0.22314355131420976	0.0	0.0	0.0	-0.10772430593898029	0.0	0.0	0.0	-0.11422153181024279	0.222775897469
700	2550.0	nan	nan	1	1	5.0	5.0	5.0	1.255	2.31552338e-18	-9.25636380532e-17	8.04363662536e-19	0.896155848706	-1.4153391153e-18	1.6243974346e-18	-2.45427796467e-19	0.89021499427	496624390.22	5657631.04104	-4287775.79541	4039871.4053	9577.33412525	13989257.5614	-3041480.11149	13896505.3938	10130.8729978	622514678.4895569	5064026.748232987	-3812455.638811825	5063946.31140733	8572.470674601487	12438482.424814057	-3812470.855283276	12438470.184904665	9007.817975906044	622975332.264	0.22713557258374711	0.0	0.0	0.0	-0.10964094284476968	0.0	0.0	0.0	-0.11629227883295777	0.226767306454
