inc	time	elem	node	ip	grain	1_pos	2_pos	3_pos	1_f	2_f	3_f	4_f	5_f	6_f	7_f	8_f	9_f	1_p	2_p	3_p	4_p	5_p	6_p	7_p	8_p	9_p	1_Cauchy	2_Cauchy	3_Cauchy	4_Cauchy	5_Cauchy	6_Cauchy	7_Cauchy	8_Cauchy	9_Cauchy	Mises(Cauchy)	1_ln(V)	2_ln(V)	3_ln(V)	4_ln(V)	5_ln(V)	6_ln(V)	7_ln(V)	8_ln(V)	9_ln(V)	Mises(ln(V))
0	0.0	nan	nan	1	1	5.0	5.0	5.0	1.0	0.0	0.0	0.0	1.0	0.0	0.0	0.0	1.0	3.43757194512e-06	-9.10236689474e-07	6.98592759497e-07	-9.10236689474e-07	6.13909659589e-06	-7.39695891519e-07	6.98592759497e-07	-7.39695891519e-07	5.15991728995e-06	3.43757194512e-06	-9.10236689474e-07	6.98592759497e-07	-9.10236689474e-07	6.13909659589e-06	-7.39695891519e-07	6.98592759497e-07	-7.39695891519e-07	5.15991728995e-06	3.34707164229e-06	0.0	0.0	0.0	0.0	0.0	0.0	0.0	0.0	0.0	0.0
10	2.5	nan	nan	1	1	5.0	5.0	5.0	1.00025	-3.19621296221e-21	-5.21664155376e-20	-1.25092973073e-21	0.999924218669	-5.34762249375e-20	-1.63887743801e-21	-1.41474865052e-21	0.999928991874	52313391.3471	296746.739526	-1459585.15864	296650.089579	11.0240812069	902682.449216	-1459116.73605	902686.758518	11.824139367	52321071.24719362	296693.63904245873	-1459330.943592887	296693.6394806995	11.022108534702712	902525.2295704059	-1459330.942593855	902525.2298574318	11.82207996393711	52407919.0423	0.0002499687552074404	0.0	0.0	0.0	-7.57842025500849e-05	0.0	0.0	0.0	-7.101064719635727e-05	0.000215595069561
20	5.0	nan	nan	1	1	5.0	5.0	5.0	1.0005	4.15658257808e-22	3.02387828264e-22	6.22742924161e-21	0.999848408564	-3.17609954863e-20	3.46397391143e-21	-4.4411197841e-22	0.99985795864	104668456.046	593704.573477	-2920207.84229	593317.914336	0.679124528269	1805500.20612	-2918333.88467	1805517.45138	-1.82200882499	104699196.90951781	593492.1699772017	-2919190.9924104693	593492.1703221517	0.6788815649618618	1804871.510230448	-2919190.9920262853	1804871.5102120317	-1.821374380609935	104872858.088	0.0004998750416509929	0.0	0.0	0.0	-0.00015160292714346384	0.0	0.0	0.0	-0.0001420514488292966	0.000431170085992
30	7.5	nan	nan	1	1	5.0	5.0	5.0	1.00075	-1.64567582867e-21	-3.463224279e-21	6.07801974346e-21	0.999768808634	1.12702195238e-20	2.01552896006e-21	-3.88698632187e-21	0.999785530527	154426286.538	859176.326845	-4230387.83003	858333.967169	-3541.66486238	2717186.69297	-4226310.82992	2717232.11126	-2911.83875502	154495131.307432	858716.5960201614	-4228194.939130966	858716.620960593	-3539.769776985291	2715778.194692917	-4228194.961185193	2715778.165986188	-2910.329355654767	154750488.047	0.0007497188905459742	0.0	0.0	0.0	-0.00023121809484294903	0.0	0.0	0.0	-0.00021449247486624942	0.000648454688361
40	10.0	nan	nan	1	1	5.0	5.0	5.0	1.001	-1.44156901253e-20	7.01210407978e-20	5.64013100669e-21	0.999654470567	4.08738258674e-19	-7.67613268692e-21	-2.37652350408e-20	0.99969029195	174773399.383	912229.422139	-3877700.30215	911003.191022	5829.06303494	3598863.54134	-3872626.55501	3598992.3746	6445.54187895	174887973.8234451	911600.434027767	-3875165.4593982934	911600.408225668	5825.04385811932	3596510.973464373	-3875165.2938693436	3596510.8459832915	6441.328444739105	175128543.143	0.0009995003330834232	0.0	0.0	0.0	-0.00034558914204890035	0.0	0.0	0.0	-0.00030975601944246755	0.000885023779394
50	12.5	nan	nan	1	1	5.0	5.0	5.0	1.00125	-2.35705115547e-21	-4.65657293331e-19	1.30363664538e-21	0.999527876978	2.61573483145e-19	-7.55515752233e-21	8.41953541305e-22	0.999582682817	182591242.441	752432.16072	-2800976.45023	751137.842155	-2849.8391731	4585153.08128	-2796312.21552	4585404.33065	-3376.40745348	182753754.9712185	751806.5365125702	-2798800.9791053208	751806.3808518157	-2847.469619448455	4581591.870285262	-2798801.0302481866	4581591.707931478	-3373.7850548091383	182997924.506	0.0012492194004318981	0.0	0.0	0.0	-0.00047223450716486705	0.0	0.0	0.0	-0.00041740428404872054	0.00112980277679
60	15.0	nan	nan	1	1	5.0	5.0	5.0	1.0015	3.00142485265e-20	-6.65261662007e-19	-7.76846672279e-21	0.999398503975	3.15693997769e-19	-1.53413052307e-20	4.64538169661e-21	0.999473264606	188011034.079	717240.469481	-2034288.40863	715735.212198	-1827.80346562	5528379.25689	-2030171.14537	5528793.18681	-1156.23882976	188223333.9234645	716543.6490520755	-2032464.0653668076	716543.4119665495	-1826.027700239909	5523421.424258749	-2032463.5907071033	5523421.799940745	-1155.2019185183267	188504753.689	0.0014988761237359487	0.0	0.0	0.0	-0.0006016769963067352	0.0	0.0	0.0	-0.00052687416782123	0.00137611232722
70	17.5	nan	nan	1	1	5.0	5.0	5.0	1.00175	-6.0690241543e-21	-3.33231570923e-19	-2.43612962203e-20	0.999267910731	-6.44518246991e-19	7.56332593088e-21	2.18672101563e-20	0.999362843227	192263665.551	747064.570031	-1621489.18999	745213.31927	-3348.54135797	6361320.50898	-1617624.30627	6361925.28581	-3583.43438134	192527192.8423826	746234.959580633	-1619842.4102892186	746234.7501626579	-3344.8228241035904	6354859.970390521	-1619841.5122651334	6354860.408270241	-3579.795055814611	192869770.001	0.001748470534116803	0.0	0.0	0.0	-0.0007323573772103431	0.0	0.0	0.0	-0.0006373598436400744	0.00162314634436
80	20.0	nan	nan	1	1	5.0	5.0	5.0	1.002	-5.1401003264e-21	1.41180291818e-19	3.98204746883e-21	0.999136682407	-1.22255495418e-18	2.67276531577e-20	-6.18744669122e-21	0.999251849394	195846164.483	807917.92449	-1403321.13366	805609.032462	217.500090585	7062415.94079	-1399471.73122	7063230.15921	-36.189794562	196162146.84500927	806909.0033220977	-1401730.2318428438	806908.8191880017	217.22847828532568	7054409.49801349	-1401729.6686392159	7054409.656278479	-36.14876730989776	196562189.304	0.001998002662673058	0.0	0.0	0.0	-0.0008636904662541775	0.0	0.0	0.0	-0.0007484306103304768	0.00187055951948
90	22.5	nan	nan	1	1	5.0	5.0	5.0	1.00225	1.11537033797e-20	-6.08912464319e-20	-6.45697186159e-21	0.999005039616	-2.15740325641e-18	4.93309837811e-21	-3.46660344105e-20	0.999140503221	199001349.638	876039.159357	-1295635.6855	873202.872636	-861.190622999	7634203.73322	-1291615.10129	7635239.27545	-1000.40689886	199370903.9438445	874824.4049987459	-1294014.542844764	874824.4489823184	-859.9964582731571	7624651.562459971	-1294013.6876465436	7624651.917468225	-999.155156325826	199827058.514	0.00224747254047937	0.0	0.0	0.0	-0.0009954556856476185	0.0	0.0	0.0	-0.000859866358139997	0.00211820274848
100	25.0	nan	nan	1	1	5.0	5.0	5.0	1.0025	7.67127300082e-21	2.75673241975e-19	-2.76402401685e-20	0.998873099184	5.45249749244e-19	-3.14742223076e-22	-9.98843854113e-21	0.999028997786	201874081.785	928271.215391	-1256061.89706	924912.715862	-204.742049955	8097341.92841	-1251712.58431	8098605.79193	-266.721085876	202298262.56354618	926856.3041028951	-1254343.0933826594	926856.1560125758	-204.42997323342126	8086261.47041998	-1254342.701132496	8086261.545374765	-266.3561029207006	202800745.725	0.002496880198587146	0.0	0.0	0.0	-0.0011275362461469955	0.0	0.0	0.0	-0.0009714739420403159	0.00236597315907
110	27.5	nan	nan	1	1	5.0	5.0	5.0	1.00275	-6.29236291969e-21	-7.19944917942e-20	-9.86991906898e-21	0.998740970335	3.53185442045e-19	-3.78286237733e-20	1.11285906933e-20	0.998917385506	204549674.761	962418.555695	-1255506.50389	958570.534791	-103.534261347	8479287.60439	-1250706.67793	8480786.23604	-156.114412778	205029501.43126595	960819.3599619695	-1253641.7018251128	960819.121636524	-103.3622244011289	8466693.330298668	-1253640.5492326638	8466694.19980362	-155.8825362577229	205571614.502	0.0027462256680252286	0.0	0.0	0.0	-0.0012598229087304148	0.0	0.0	0.0	-0.0010832009443762362	0.00261381495126
120	30.0	nan	nan	1	1	5.0	5.0	5.0	1.003	1.12480019695e-20	2.38696407437e-18	-1.66594175368e-21	0.998608766584	-7.78403219397e-19	5.33378466683e-20	-4.35045303415e-21	0.998805664494	207084446.032	986610.55205	-1277110.766	982290.766026	-148.888529381	8803558.24409	-1271769.20361	8805294.82746	-90.6442709834	207620919.24554983	984835.797690772	-1275064.8060858322	984835.489659222	-148.62070276389952	8789454.747550022	-1275063.850429824	8789455.512396064	-90.49905684080709	208197133.482	0.002995508979798371	0.0	0.0	0.0	-0.001392202079737824	0.0	0.0	0.0	-0.0011950492930409735	0.0028616877771
130	32.5	nan	nan	1	1	5.0	5.0	5.0	1.00325	-4.04325883416e-21	6.49495599532e-19	-2.38525801436e-20	0.998476561543	1.13764672545e-18	3.71863180276e-20	-2.56735148645e-20	0.99869382454	209510439.164	1006543.4429	-1310634.72232	1001754.05928	-128.004397511	9083742.52776	-1304681.83371	9085719.7411	-92.8508579029	210104535.8001467	1004594.951157316	-1308382.1979626617	1004594.6753334975	-127.75660342585927	9068130.739859747	-1308381.4445348436	9068131.379646996	-92.69127963485637	210710271.474	0.0032447301648890294	0.0	0.0	0.0	-0.001524600069279001	0.0	0.0	0.0	-0.0013070292507136787	0.00310956809152
140	35.0	nan	nan	1	1	5.0	5.0	5.0	1.0035	-3.5203152509e-20	-1.23837126787e-18	-2.25075844676e-20	0.998344367048	-1.08163419027e-18	1.443554246e-20	-6.13509520573e-22	0.998581898636	211850394.556	1024013.08032	-1350611.72192	1018751.75094	-129.036826967	9331044.41587	-1343991.75103	9333265.17028	-70.5019702281	212503073.61916092	1021890.6795141608	-1348133.0817351672	1021890.3711903451	-128.7693812958551	9313920.10006534	-1348132.3865893374	9313920.759647744	-70.37258514008316	213134772.207	0.003493889254255838	0.0	0.0	0.0	-0.0016570050268803686	0.0	0.0	0.0	-0.0014191078213579662	0.00335744106396
150	37.5	nan	nan	1	1	5.0	5.0	5.0	1.00375	1.88315938254e-20	-1.26638746163e-18	-1.09237471694e-20	0.998212209324	8.65732192182e-19	-1.08753571035e-20	-5.6735594432e-20	0.998469891906	214120015.097	1039295.88829	-1395450.02038	1033561.56797	-116.105362209	9552655.20071	-1388108.89189	9555121.84255	-65.9388612349	214832218.97577173	1036999.8110097819	-1392726.5365224392	1036999.390246092	-115.84885500321592	9534011.3927226	-1392726.0059720895	9534012.07157949	-65.81016911297824	215487026.615	0.003742986278834297	0.0	0.0	0.0	-0.001789390681017443	0.0	0.0	0.0	-0.0015312799048735194	0.00360529548104
160	40.0	nan	nan	1	1	5.0	5.0	5.0	1.004	1.18022129799e-20	-2.17945051487e-18	4.43021392471e-20	0.998080088564	6.32093373805e-19	1.31501037881e-20	1.11006604229e-20	0.998357825272	216329955.234	1053202.03437	-1443011.05181	1046991.57323	-95.0650469491	9754383.561	-1434901.26873	9757098.50445	-67.6287956326	217102608.94586706	1050731.4950357464	-1440026.7275772418	1050731.0550066899	-94.84204895807595	9734210.296768798	-1440026.2260677284	9734210.877141297	-67.48893097017375	217778272.007	0.003992021269537457	0.0	0.0	0.0	-0.0019217568283330148	0.0	0.0	0.0	-0.001643524574911141	0.0038531246063
170	42.5	nan	nan	1	1	5.0	5.0	5.0	1.00425	2.10881425364e-20	-1.34347366368e-19	1.41298992236e-20	0.997947998549	-1.07536374764e-18	-1.10824004109e-19	5.83555242641e-21	0.998245720785	218488320.645	1066926.87745	-1491625.36979	1060231.11795	-81.2568422492	9940091.40424	-1482706.71631	9943057.35761	-58.3693371436	219322333.48966765	1064278.6699805837	-1488366.9215132352	1064278.2284228907	-81.05515553465361	9918377.323504305	-1488366.4991424505	9918377.80428748	-58.241829613972385	220017006.004	0.004240994257254614	0.0	0.0	0.0	-0.0020541096905447253	0.0	0.0	0.0	-0.0017558197647484846	0.0041009237173
180	45.0	nan	nan	1	1	5.0	5.0	5.0	1.0045	2.84037278738e-20	4.1332990982e-18	-3.20532487364e-20	0.99781594086	2.70320390795e-18	9.67511803473e-21	9.25296640911e-20	0.998133588985	220601246.727	1080347.41061	-1540648.92882	1073158.22531	-70.0396076265	10113472.6924	-1530884.07952	10116692.7028	-49.7539519588	221497512.8905321	1077518.7190978802	-1537104.1934813226	1077518.2886357154	-69.85622176220392	10090203.546925722	-1537103.806838503	10090203.998797854	-49.639477734043474	222209771.445	0.004489905272852001	0.0	0.0	0.0	-0.002186447675598978	0.0	0.0	0.0	-0.0018681549302847105	0.00434868890869
190	47.5	nan	nan	1	1	5.0	5.0	5.0	1.00475	-3.13253297974e-20	2.3075278522e-19	4.38074852408e-21	0.997683920338	-3.66174700563e-18	2.83925609356e-20	6.87935096187e-20	0.998021433709	222673242.995	1093024.81455	-1589481.92579	1085337.5164	-67.1082112453	10276744.5372	-1578837.18254	10280221.5376	-40.9125252597	223632641.21212745	1090014.1567327627	-1585640.0484534919	1090013.7445098998	-66.92336652992311	10251905.002198098	-1585639.6773422041	10251905.410716962	-40.81363712449992	224361302.685	0.00473875434717347	0.0	0.0	0.0	-0.002318765923031348	0.0	0.0	0.0	-0.00198052623896821	0.00459641720482
200	50.0	nan	nan	1	1	5.0	5.0	5.0	1.005	-5.49099034225e-20	1.07865675366e-18	4.00851724843e-21	0.997551939232	-1.85542029429e-18	9.52725950023e-21	2.70478340933e-19	0.9979092597	224707883.376	1105162.70304	-1637548.82282	1096971.91107	-57.6767657343	10431313.63	-1625994.7719	10435050.4581	-35.8155566603	225731277.38767737	1101968.3106908125	-1633400.477378346	1101967.8839210675	-57.51005524121211	10404888.346219484	-1633400.0898068792	10404888.704310222	-35.724826357089384	226475302.723	0.004987541511038968	0.0	0.0	0.0	-0.0024510621681693794	0.0	0.0	0.0	-0.0020929289486303834	0.00484410629367
210	100.0	nan	nan	1	1	5.0	5.0	5.0	1.01	1.2462633981e-19	-5.23546432486e-18	-3.89602068512e-20	0.99491895119	-3.46122643103e-18	-4.5068935675e-21	-3.00913417596e-19	0.995667651332	259692568.493	1287968.69697	-2389985.11676	1268733.90546	4654.14736741	12679806.0451	-2356067.1071	12689346.1441	3887.10708631	262154562.81784213	1280765.253292588	-2378406.6983063035	1280762.0343090608	4628.117318305204	12618378.005539274	-2378403.6101439204	12618376.259142976	3868.275775560815	263101404.938	0.009950330853168092	0.0	0.0	0.0	-0.0050940012317236445	0.0	0.0	0.0	-0.004341760483838799	0.00978844748567
220	150.0	nan	nan	1	1	5.0	5.0	5.0	1.015	-1.47023082075e-19	-2.89222046818e-19	-9.57808974887e-20	0.992298462267	7.57309658827e-18	1.0898931751e-19	-1.97239562702e-19	0.993436615742	287668041.769	1422288.74617	-2966146.60949	1390475.81509	8703.03434274	14288797.5457	-2903132.66598	14305186.6218	8807.93335939	291816023.8239849	1410527.5348779922	-2944992.904509517	1410525.5526048655	8631.067081477444	14186893.949013133	-2944993.910377094	14186893.959438961	8745.117710569344	292894712.791	0.014888612493750559	0.0	0.0	0.0	-0.0077313477285659215	0.0	0.0	0.0	-0.006585017976687811	0.0147127569585
230	200.0	nan	nan	1	1	5.0	5.0	5.0	1.02	-1.74369673126e-19	-2.22219490759e-17	-2.52256999604e-20	0.989692584181	-7.59599956507e-19	-1.58405087304e-19	6.92499065217e-19	0.991217532225	310632699.891	1530735.58445	-3486940.38222	1485253.25526	6810.01657027	15573072.407	-3388547.10415	15597066.6644	6630.25839218	316648824.6013243	1514017.9753043714	-3454172.5954281427	1514018.6389855212	6735.6423958838	15426727.743658824	-3454174.199985462	15426726.556701101	6567.951937364297	317834686.631	0.01980262729617973	0.0	0.0	0.0	-0.010360905104431517	0.0	0.0	0.0	-0.00882126094530354	0.0196159581808
240	250.0	nan	nan	1	1	5.0	5.0	5.0	1.025	-3.31864861756e-19	-1.2125693539e-17	2.18852137747e-19	0.987102739497	1.79578462531e-17	-1.73866747314e-19	-2.04432725309e-19	0.989010647147	329714030.194	1601985.11038	-3985709.9044	1542769.43786	-14926.6575435	16631273.4594	-3845757.95038	16663406.5492	-14892.1903479	337733471.21333784	1580278.541306194	-3939303.6936446824	1580293.3142509307	-14724.404400877062	16437633.079192145	-3939296.065939036	16437620.814412912	-14718.79836994144	339025772.84	0.024692612590371414	0.0	0.0	0.0	-0.01298115226379697	0.0	0.0	0.0	-0.011050181849122225	0.0244975670419
250	300.0	nan	nan	1	1	5.0	5.0	5.0	1.03	8.22713837245e-20	-4.44465980693e-18	5.57718256208e-20	0.9845298036	1.8404629663e-17	-5.44483366407e-20	9.12380215646e-19	0.986816511477	345748241.318	1641182.00545	-4463913.0246	1568724.92115	10738.284172	17511802.4543	-4276771.27955	17552474.8935	10773.5299668	355872725.61648065	1614667.5387815207	-4401995.881222858	1614661.6141965762	10564.799526903273	17268903.281000756	-4402007.212791298	17268902.133764908	10624.094662851176	357209260.351	0.02955880224154443	0.0	0.0	0.0	-0.015591108532322552	0.0	0.0	0.0	-0.013271162122979739	0.029357196512
260	350.0	nan	nan	1	1	5.0	5.0	5.0	1.035	3.52107625707e-19	2.17806581453e-19	1.23878568536e-19	0.981974053832	9.82783873686e-18	6.10624728187e-20	3.38952145245e-19	0.984635084374	359277939.922	1649252.51214	-4918863.5146	1564780.24858	-15447.7819501	18249680.2257	-4679488.25115	18299126.5377	-15003.0398445	371582483.1226712	1618346.4446334003	-4839766.50537073	1618370.8090591368	-15158.299176380997	17956219.120109472	-4839751.264670421	17956211.16487324	-14761.785827687936	373001426.011	0.03440142671733232	0.0	0.0	0.0	-0.018190392736406158	0.0	0.0	0.0	-0.015484179168770387	0.0341948558183
270	400.0	nan	nan	1	1	5.0	5.0	5.0	1.04	2.85158935649e-19	4.25014266106e-17	2.30803243237e-19	0.979436073239	-3.19603067228e-17	-3.67691708447e-19	7.65929542555e-19	0.982466624467	370811287.224	1628731.99477	-5360811.1232	1533908.44207	-16743.9716188	18866474.8511	-5064231.74627	18924845.3984	-16428.8322064	385353266.0234482	1594037.3113022926	-5262850.961731098	1594063.2022227088	-16387.29734877217	18521720.506973896	-5262833.982035451	18521714.912303355	-16128.621842949651	386819787.003	0.03922071315328133	0.0	0.0	0.0	-0.020778308414459948	0.0	0.0	0.0	-0.017688905823857768	0.0390103454358
280	450.0	nan	nan	1	1	5.0	5.0	5.0	1.045	-2.49285766844e-19	1.65881079506e-17	-5.1440046189e-19	0.976915595237	3.05421816632e-17	2.05802536403e-20	1.33353426144e-18	0.98031154709	380687726.348	1573013.03797	-5795629.53881	1470555.43366	-17093.0341525	19383449.6434	-5436845.38604	19450824.71	-16849.3734086	397509684.87515247	1535507.3995500498	-5677109.672501773	1535536.8365389935	-16685.481803632138	18987060.63251789	-5677090.556221558	18987055.128353983	-16504.805925396988	399014323.412	0.04401688541677426	0.0	0.0	0.0	-0.023355022445135657	0.0	0.0	0.0	-0.0198848526447908	0.0438037242828
290	500.0	nan	nan	1	1	5.0	5.0	5.0	1.05	5.61318146234e-19	2.67283496437e-17	-2.07112790493e-19	0.974412427111	-7.22656746862e-18	1.57918705104e-19	1.95826076471e-18	0.978170169956	389183157.086	1489593.77168	-6219209.97118	1382391.16848	-17316.3483458	19811431.1672	-5793734.05268	19887825.3004	-17012.048142	408316385.4069399	1450320.9957804657	-6078593.571482439	1450353.0146539705	-16859.80705184999	19363494.510213457	-6078568.672170573	19363487.64472438	-16627.405563232718	409851115.025	0.04879016416943205	0.0	0.0	0.0	-0.025920628504588004	0.0	0.0	0.0	-0.02207162617317986	0.0485750523337
300	550.0	nan	nan	1	1	5.0	5.0	5.0	1.055	1.18002277464e-19	2.99807046983e-17	8.35545062907e-19	0.971926490856	-3.17007903861e-17	6.25136784853e-19	1.81634304138e-18	0.976042592732	396519496.863	1378970.43777	-6635241.17413	1270417.84026	-17286.0675731	20164079.823	-6138620.76074	20249466.9887	-16965.3955281	417986597.9883825	1339163.8780943477	-6470991.568095107	1339196.7741185147	-16787.072916247278	19664935.620088916	-6470958.498691657	19664928.267631132	-16545.431964065396	419544822.786	0.05354076692802976	0.0	0.0	0.0	-0.028475104072898386	0.0	0.0	0.0	-0.02424905342698348	0.0533244133186
310	600.0	nan	nan	1	1	5.0	5.0	5.0	1.06	-4.46048873513e-19	-4.59226059194e-17	-7.02799118205e-19	0.969457634595	-3.67718839971e-17	-3.69074754431e-19	-8.87452300706e-19	0.973928917691	402877027.057	1234918.75883	-7047557.49036	1129469.93871	-17107.9499257	20450006.0617	-6475271.2665	20544316.0564	-16721.3297851	426693873.76195997	1196204.0307535676	-6858101.792789105	1196240.7163456043	-16571.615349371044	19900259.54752854	-6858069.323400482	19900251.332342066	-16271.819269849539	428269926.126	0.058268908123975824	0.0	0.0	0.0	-0.031018503454328085	0.0	0.0	0.0	-0.026416957786123258	0.0580519154126
320	650.0	nan	nan	1	1	5.0	5.0	5.0	1.065	-1.19509731413e-18	2.58292109353e-17	-1.72847660799e-20	0.967005766657	2.33028689957e-17	4.00553939823e-20	4.64174055095e-19	0.971829129815	408401402.731	1070950.92319	-7451583.79807	972454.250466	-17159.7228687	20678913.0054	-6799656.32317	20782050.2247	-16826.8352664	434578511.9964029	1034737.1677329642	-7235522.827175716	1034785.1851783406	-16579.47405036281	20079321.543764368	-7235490.640458201	20079313.928912148	-16338.935987098024	436168082.121	0.06297479916138839	0.0	0.0	0.0	-0.033550820095745254	0.0	0.0	0.0	-0.028575282346386892	0.0627576796061
330	700.0	nan	nan	1	1	5.0	5.0	5.0	1.07	3.10947118426e-19	-9.74619931912e-18	1.46245532299e-19	0.96457061347	3.44304996425e-17	1.45332655775e-18	-9.67258686205e-19	0.969743351305	413210870.187	890766.718973	-7835448.45481	803044.645501	-16929.9137963	20857627.8742	-7101250.54022	20969472.2645	-16576.8666952	441754416.9057247	858466.582526326	-7591822.642038916	858516.9092042905	-16316.017347314984	20209106.40505431	-7591786.707539142	20209097.184323	-16061.445957624146	443352691.331	0.06765864847381486	0.0	0.0	0.0	-0.03607223680200256	0.0	0.0	0.0	-0.030723828777339608	0.0674418496164
340	750.0	nan	nan	1	1	5.0	5.0	5.0	1.075	1.21492317905e-18	5.0038471359e-19	-2.04743745219e-19	0.962152034913	-3.02577109418e-17	-4.99713042933e-19	-3.0205327248e-18	0.96767154163	417405363.809	697560.59547	-8193030.94431	624384.90136	-16761.4991713	20988887.7473	-7375000.81861	21109284.5142	-16259.1879562	448318183.4443653	670572.140716635	-7921226.435831431	670626.5156570774	-16113.000725544249	20292579.585345753	-7921189.463710125	20292571.279984783	-15719.787992897735	449920455.912	0.07232066157962608	0.0	0.0	0.0	-0.038582800353403786	0.0	0.0	0.0	-0.03286256578436258	0.0721045695438
350	800.0	nan	nan	1	1	5.0	5.0	5.0	1.08	2.4255582538e-19	9.45307297982e-18	2.96540940878e-19	0.959749959051	-4.06199414416e-17	-6.55113810252e-19	-3.46863962368e-18	0.965613558743	421066610.091	501034.802047	-8527632.35891	445299.147035	-16677.9729631	21081837.543	-7624405.86579	21210630.24	-16216.8736332	454348759.19635105	480441.7966234828	-8227096.873947402	480496.69595701405	-15992.492460989586	20338859.890677985	-8227057.813922613	20338853.226139843	-15645.3497005532	455951668.561	0.0769610411361284	0.0	0.0	0.0	-0.041082487767550434	0.0	0.0	0.0	-0.03499156751716034	0.0767459888345
360	850.0	nan	nan	1	1	5.0	5.0	5.0	1.085	7.70058828173e-19	3.05048328042e-18	-9.02407726181e-19	0.957364161992	6.59302785223e-17	-3.13395573039e-19	9.01110706981e-19	0.963569396056	424262616.904	305706.798051	-8838269.52156	269796.115216	-16509.2766467	21139577.6257	-7849073.68275	21276592.3289	-16003.2542988	459911852.9517786	292410.09387781494	-8508643.680409126	292466.0960554507	-15791.20636143199	20351170.908814136	-8508602.637986884	20351167.850888804	-15406.408259365982	461511882.546	0.08157998699242285	0.0	0.0	0.0	-0.043571435362742716	0.0	0.0	0.0	-0.03711076875408246	0.081366269602
370	900.0	nan	nan	1	1	5.0	5.0	5.0	1.09	1.51595074757e-18	-1.99400290811e-17	4.44189371496e-19	0.954994425697	4.64007295484e-17	-2.37916996505e-19	-8.9184628412e-19	0.961539030385	427051398.255	115232.452581	-9122124.6398	101015.209956	-16248.3091601	21166378.543	-8047006.70531	21311421.1882	-15756.3645043	465063648.0015859	109946.49521637986	-8763319.934335608	110006.66954316257	-15502.964705965502	20333831.683715317	-8763278.399641383	20333821.03080426	-15136.612204436802	466657542.835	0.08617769624105241	0.0	0.0	0.0	-0.04604977548493388	0.0	0.0	0.0	-0.03922012155305607	0.0859655760037
380	950.0	nan	nan	1	1	5.0	5.0	5.0	1.095	-6.84905547194e-20	2.30670364943e-17	-8.32368689355e-19	0.952640595214	-8.60719146797e-18	1.26816714072e-19	1.59591595175e-18	0.959522354892	429479426.831	-64042.6293062	-9386362.91729	-55657.8580001	-16252.3009554	21167410.951	-8225006.16249	21320310.9131	-15637.8005642	469848866.1811545	-60953.68092210853	-8998168.849928504	-60889.48583259798	-15468.40873676675	20291985.24830904	-8998125.587281317	20291974.9335062	-14991.064287423087	471434484.414	0.09075436326846412	0.0	0.0	0.0	-0.04851757635016732	0.0	0.0	0.0	-0.04131966532532926	0.0905440741263
390	1000.0	nan	nan	1	1	5.0	5.0	5.0	1.1	-8.7722173089e-19	4.23464592859e-17	-1.37507858053e-18	0.950302811965	8.41461058648e-18	-1.72031068098e-18	8.29298194921e-20	0.957518958153	431585745.176	-235869.978478	-9633107.25474	-203716.101773	-15868.5608835	21147605.775	-8385306.86342	21308176.6728	-15219.8328558	474304992.6608724	-223940.47797804116	-9215347.067608546	-223880.3418239427	-15065.983097997509	20230494.86651311	-9215301.836930905	20230481.63966503	-14559.792429195175	475880250.612	0.09531017980432493	0.0	0.0	0.0	-0.050974595740517416	0.0	0.0	0.0	-0.04340975848574806	0.0951019144545
400	1050.0	nan	nan	1	1	5.0	5.0	5.0	1.105	-7.72652866574e-19	8.03648978487e-18	-1.13523590756e-18	0.947980881579	8.64330418828e-17	2.35261415866e-18	6.2998075452e-21	0.955528759679	433406033.872	-398882.929324	-9860081.92079	-342142.132541	-15611.1382803	21110545.6931	-8526286.94426	21278618.7275	-14844.2578408	478466583.2044733	-377780.38900558616	-9412796.431796866	-377714.11640183046	-14785.24514033681	20152902.457566563	-9412751.698897261	20152892.664521456	-14170.873868901908	480029970.788	0.09984533496971612	0.0	0.0	0.0	-0.05342094404123323	0.0	0.0	0.0	-0.045490416666342216	0.0996392674155
410	1100.0	nan	nan	1	1	5.0	5.0	5.0	1.11	1.54758213419e-18	9.32243402957e-17	3.76929661528e-19	0.945674775663	6.85596673139e-17	4.66457073586e-19	3.15837410207e-19	0.953551518736	434972703.164	-557592.650854	-10081937.7185	-474981.622406	-15172.5299183	21057858.2308	-8660901.5611	21233238.4	-14345.4871258	482365275.4705711	-526805.0143278805	-9604598.755481845	-526733.3776780559	-14334.774371142654	20060853.836215332	-9604552.50859352	20060839.113297727	-13666.286347158564	483915958.278	0.10436001532424286	0.0	0.0	0.0	-0.05585655797897016	0.0	0.0	0.0	-0.04756182421513879	0.104156291001
420	1150.0	nan	nan	1	1	5.0	5.0	5.0	1.115	7.83836348455e-19	-1.77843037606e-17	1.00712217429e-18	0.94338454403	-3.99119807164e-17	-3.72654792122e-19	3.60756626192e-19	0.951586904992	436310602.464	-701312.366641	-10299928.1491	-593294.395633	-15029.9781608	20992630.7495	-8790336.25483	21175148.8013	-14052.1903537	486024937.3047866	-660979.7778045351	-9791981.201752823	-660895.861371149	-14165.601660092572	19957366.95429316	-9791929.425997052	19957362.532615878	-13359.198413331254	487562780.077	0.10885440491208208	0.0	0.0	0.0	-0.0582812915288493	0.0	0.0	0.0	-0.04962426169047298	0.108653141243
430	1200.0	nan	nan	1	1	5.0	5.0	5.0	1.12	-9.69058631218e-19	4.77863166314e-17	4.06575814682e-20	0.941110187009	-9.40107309779e-17	-1.30171758636e-18	4.97806557057e-18	0.949634635984	437441876.813	-831750.441653	-10511375.5242	-698824.183545	-14532.5065962	20919759.6452	-8912429.09275	21109237.9357	-13546.6482259	489466908.307438	-782021.1002886962	-9972431.334383123	-781935.4540591051	-13663.625805510528	19847151.889232285	-9972385.692288082	19847142.424024083	-12852.078106505585	490991590.64	0.11332868530700327	0.0	0.0	0.0	-0.06069505059942043	0.0	0.0	0.0	-0.0516779620637279	0.113129976596
440	1250.0	nan	nan	1	1	5.0	5.0	5.0	1.125	2.14892258718e-18	-3.28212032171e-17	-5.42101086243e-20	0.938851412785	5.63829598922e-17	7.09677952179e-19	-3.92488597978e-18	0.947694723401	438388016.55	-956596.437788	-10711580.5754	-798229.552113	-13983.8194925	20841820.0828	-9023336.16198	21038116.2638	-12960.6615594	492712235.6938849	-897238.2389646928	-10141546.176797993	-897144.65809005	-13116.103175611372	19732688.307798017	-10141491.02152652	19732670.582921077	-12270.938612773152	494223590.939	0.11778303565638346	0.0	0.0	0.0	-0.06309805214069941	0.0	0.0	0.0	-0.053722850316148575	0.117586971364
450	1300.0	nan	nan	1	1	5.0	5.0	5.0	1.13	2.19897694041e-19	-1.80295197988e-17	-1.17811695051e-18	0.93660791938	-2.07713919188e-17	-7.19534636358e-19	-2.92909287116e-18	0.945767187726	439165683.428	-1074310.68322	-10897774.8792	-890363.706588	-13704.1011241	20754679.637	-9120976.67232	20957616.9464	-12739.0014643	495776946.8625445	-1005234.0905002886	-10296783.06803953	-1005137.2789508656	-12822.947630306731	19610098.046412803	-10296728.860301914	19610073.08148831	-12036.469466046154	497274444.38	0.12221763272424911	0.0	0.0	0.0	-0.06549052681253804	0.0	0.0	0.0	-0.05575884198782422	0.12202430031
460	1350.0	nan	nan	1	1	5.0	5.0	5.0	1.135	3.37158817677e-19	-3.09387254314e-17	1.22713898233e-18	0.934379503752	-1.08559977685e-17	-1.97324265997e-18	-6.7266062715e-18	0.943851954825	439789887.444	-1179775.21185	-11071548.6894	-971163.637322	-13364.5145498	20655745.7209	-9206909.83685	20865121.2054	-12371.386704	498675527.77953416	-1101284.4975796605	-10439728.621658238	-1101197.5337052464	-12475.370344739988	19476984.282301027	-10439668.471673032	19476959.926624745	-11665.38878043371	500157953.049	0.126632650933366	0.0	0.0	0.0	-0.067872602345672	0.0	0.0	0.0	-0.05778595265124699	0.126442130288
470	1400.0	nan	nan	1	1	5.0	5.0	5.0	1.14	-3.22605732852e-18	-3.3509152789e-17	-7.190250931e-19	0.932166070904	-3.56072798691e-17	-1.56370222997e-20	-1.68980425999e-18	0.941948841649	440274336.417	-1277365.56747	-11237106.6033	-1044417.80535	-12753.7834944	20549772.0205	-9284833.70321	20765404.5972	-11754.9653583	501421282.55930656	-1189550.9206786857	-10574415.185447639	-1189470.4555079138	-11877.00317298352	19337880.20194159	-10574346.126329588	19337851.892931044	-11061.734001234367	502888020.619	0.131028262406404	0.0	0.0	0.0	-0.07024429250484616	0.0	0.0	0.0	-0.05980431410875706	0.130840621257
480	1450.0	nan	nan	1	1	5.0	5.0	5.0	1.145	-9.21955658417e-19	-5.77456241461e-17	2.40292659224e-19	0.929967522468	9.26182352824e-17	-4.37691040604e-19	6.23310370061e-18	0.940057665608	440630063.123	-1368568.79303	-11392315.4761	-1111479.70198	-12320.685887	20435658.4847	-9353168.03809	20657351.5626	-11248.084055	504024732.3580574	-1271471.561296267	-10698890.297522696	-1271391.3693072326	-11446.557747600758	19191784.91362251	-10698834.264021363	19191753.58762482	-10563.43792569859	505475264.607	0.13540463700620298	0.0	0.0	0.0	-0.07260561552204453	0.0	0.0	0.0	-0.06181405920821083	0.135219933591
490	1500.0	nan	nan	1	1	5.0	5.0	5.0	1.15	9.12201544634e-19	3.62455986042e-17	-4.17587242996e-19	0.927783716845	9.87396629828e-17	4.07793424544e-19	-1.88782468119e-18	0.93817829334	440867193.318	-1442755.84309	-11535722.1986	-1163896.02688	-11727.5695091	20313318.8248	-9410875.14934	20540861.9137	-10582.0752162	506495575.4479835	-1337240.807259298	-10811854.745093724	-1337155.9436290178	-10869.881132449667	19038656.509184115	-10811797.059247134	19038618.972735256	-9918.049184046444	507928889.973	0.13976194237515863	0.0	0.0	0.0	-0.07495663710412319	0.0	0.0	0.0	-0.06381526985084873	0.139580227648
500	1550.0	nan	nan	1	1	5.0	5.0	5.0	1.155	-6.83926165349e-19	1.489141096e-16	1.79819800746e-18	0.925614436801	1.46563169655e-19	-1.35631812424e-18	1.03795682054e-17	0.936310671739	440995630.786	-1494661.34836	-11672116.9624	-1197732.15699	-11108.4408459	20184637.3357	-9462048.54653	20417840.5653	-10021.787085	508843456.0066316	-1382104.3896527393	-10917860.147796664	-1382005.0077294682	-10271.908664904004	18880298.087747652	-10917798.606615357	18880254.783797365	-9374.17523980364	510259131.554	0.14410034397375687	0.0	0.0	0.0	-0.07729750598899904	0.0	0.0	0.0	-0.0658079433248263	0.143921666267
510	1600.0	nan	nan	1	1	5.0	5.0	5.0	1.16	-5.47540625951e-19	-8.34727676113e-17	6.77891055599e-19	0.92345947454	-4.32569138251e-17	1.09831056501e-18	4.56095478361e-18	0.934454740502	441024832.589	-1532082.79462	-11806238.8332	-1219580.16874	-10386.6288666	20050691.5658	-9510631.13346	20289383.4313	-9179.43340108	511077698.95821	-1413402.888978121	-11021373.842805654	-1413299.615524307	-9582.048240701313	18717744.971585944	-11021310.176107042	18717704.590173263	-8569.195372699169	512475514.965	0.14842000511827322	0.0	0.0	0.0	-0.07962836277457527	0.0	0.0	0.0	-0.06779208503893806	0.148244410424
520	1650.0	nan	nan	1	1	5.0	5.0	5.0	1.165	-8.11060516776e-19	9.85270841829e-17	-4.6057416507e-19	0.921318970961	-6.14146532363e-17	2.90697737031e-19	7.54589888973e-18	0.932610097085	440963671.238	-1555802.28986	-11936928.202	-1230281.19537	-7895.39219955	19911868.4109	-9555730.70908	20155851.2212	-6618.02935001	513207133.8311054	-1431951.6950288517	-11121327.819244105	-1431839.2358933475	-7266.874664442399	18551373.71557344	-11121254.399712136	18551332.33127192	-6165.847081706224	514585381.106	0.15272108701766393	0.0	0.0	0.0	-0.08194897156617337	0.0	0.0	0.0	-0.06976806785438776	0.152548596881
530	1700.0	nan	nan	1	1	5.0	5.0	5.0	1.17	-2.15834582872e-19	-3.9419854574e-18	8.36074458499e-19	0.919193023003	-1.66921077146e-17	-3.06436006237e-18	9.58936587498e-18	0.930776366805	440817585.925	-1575510.97075	-12063848.4234	-1237672.31295	-6250.43465181	19771896.6674	-9597137.56844	20021006.2088	-4907.43543113	515236765.24642944	-1446739.1108273722	-11217428.00524704	-1446617.1480461778	-5739.565409779436	18384666.286385212	-11217334.04989271	18384621.40736485	-4563.12129488626	516596540.391	0.1570037488096647	0.0	0.0	0.0	-0.08425914276904334	0.0	0.0	0.0	-0.07173623807294198	0.156834369528
540	1750.0	nan	nan	1	1	5.0	5.0	5.0	1.175	-1.03938883562e-18	6.22825443698e-17	-1.09796645788e-19	0.917081625731	-8.18254208778e-17	-8.05343044382e-21	-1.45112625732e-18	0.928953298713	440593693.861	-1592858.17379	-12184057.3697	-1243107.14414	-4119.1685191	19633893.4073	-9632617.8949	19888008.0534	-2822.78979362	517173666.6457015	-1459302.614643533	-11306965.744885424	-1459172.677063269	-3773.790717211096	18220511.727657683	-11306871.581494052	18220468.48233996	-2619.5861142977997	518514989.273	0.16126814759612232	0.0	0.0	0.0	-0.08655879680385738	0.0	0.0	0.0	-0.0736968119238286	0.16110187062
550	1800.0	nan	nan	1	1	5.0	5.0	5.0	1.18	-3.58506694925e-19	-1.11254283611e-16	-9.77846598046e-19	0.914984584462	-7.95328732665e-17	1.91184600618e-19	-7.44594900196e-18	0.927140754327	440286090.829	-1603817.2083	-12296156.1389	-1243597.28832	-15172.8971298	19499207.6966	-9661288.07619	19758252.7415	-14786.1567074	519009750.39746886	-1465977.1122504137	-11388685.100393966	-1465953.9141712552	-13868.862239230086	18060142.832865972	-11388737.499066008	18060129.388311166	-13694.920647024486	520345546.746	0.16551443847757333	0.0	0.0	0.0	-0.08884806143105087	0.0	0.0	0.0	-0.07564988640213273	0.165351279119
560	1850.0	nan	nan	1	1	5.0	5.0	5.0	1.185	-1.56727565022e-19	1.06322751913e-17	3.86278787683e-18	0.912901718618	9.04494868303e-17	2.29559163596e-19	-6.14760631249e-19	0.925338904588	439936539.739	-1612477.70861	-12401369.9642	-1242060.67805	6966.7640518	19366981.2693	-9683859.3701	19630775.4054	7691.22864322	520793059.7637064	-1470532.229461558	-11463765.371011086	-1470340.6571265985	6353.483845714834	17902742.185495622	-11463668.725193491	17902689.61165778	7109.733911269666	522092576.349	0.16974277458709455	0.0	0.0	0.0	-0.09112705082113348	0.0	0.0	0.0	-0.07759522523331897	0.169582665694
570	1900.0	nan	nan	1	1	5.0	5.0	5.0	1.19	-1.07088787335e-18	8.40489617737e-17	-3.79682518607e-19	0.910832642114	-5.42041793936e-17	7.42748633069e-19	8.35656235981e-18	0.923547567636	439506628.827	-1614858.62823	-12501913.0549	-1235895.02903	-511.63555661	19238738.5837	-9702511.38937	19507262.3864	147.375585056	522477478.11553305	-1469360.220188443	-11534291.59658622	-1469209.5081853487	-465.5373052329596	17749701.16976749	-11534168.883037906	17749662.32602748	135.96902848313252	523768682.466	0.17395330712343798	0.0	0.0	0.0	-0.09339610648657465	0.0	0.0	0.0	-0.07953297267149946	0.173796298056
580	1950.0	nan	nan	1	1	5.0	5.0	5.0	1.195	-1.81834150974e-18	3.81045182861e-17	-3.68882848529e-19	0.908777323866	-9.39326980676e-17	8.37258981136e-19	1.73022361344e-18	0.921766727539	439023063.68	-1609544.62355	-12594095.0251	-1224052.15648	8129.09625715	19113677.7642	-9714532.87229	19386949.1543	7576.99976829	524093564.2208851	-1461214.889113091	-11596891.093155546	-1461239.535127157	7379.948534623032	17600251.46541533	-11596940.067573396	17600318.962428324	6977.050828233412	525362466.041	0.17814618538347404	0.0	0.0	0.0	-0.09565518305850454	0.0	0.0	0.0	-0.08146309444480815	0.177992248841
590	2000.0	nan	nan	1	1	5.0	5.0	5.0	1.2	3.83600045988e-19	-3.14991436051e-17	-3.50057541277e-18	0.906735730072	-1.74201325328e-17	1.02917811814e-18	-8.50511076294e-18	0.919996128817	438493406.124	-1598960.0412	-12681827.3106	-1208086.89429	15097.3974278	18990586.2906	-9722588.14132	19268332.8927	16288.7644618	525649599.17890376	-1448339.464985996	-11655203.467785288	-1448209.6717715466	13675.236372292318	17453253.523210526	-11655077.335464403	17453273.523984525	14970.15054624055	526896681.05	0.1823215567939546	0.0	0.0	0.0	-0.09790423838768054	0.0	0.0	0.0	-0.08338581675551285	0.182170670411
600	2050.0	nan	nan	1	1	5.0	5.0	5.0	1.205	1.00942504511e-18	-5.56484764478e-17	1.95294033901e-18	0.904707695815	1.04006116802e-17	-1.47982611586e-18	-1.83504394067e-18	0.918235596669	437900292.761	-1581389.17027	-12763116.565	-1187359.49172	9402.8254491	18868755.5409	-9725841.92087	19150961.9473	8229.75040584	527124043.710569	-1429215.0758053048	-11707425.534510966	-1429288.235153505	8498.009307048284	17308041.44105049	-11707517.000032837	17308101.03282907	7549.033149802855	528362876.877	0.18647956694261839	0.0	0.0	0.0	-0.10014337550380882	0.0	0.0	0.0	-0.08530128003674492	0.186331739838
610	2100.0	nan	nan	1	1	5.0	5.0	5.0	1.21	1.62325923407e-18	4.89161527039e-19	2.25723692531e-18	0.902693181599	-4.20434861886e-17	-1.30562187885e-20	1.26805067369e-17	0.916485041453	437269667.543	-1552648.27639	-12833159.9607	-1158380.02783	6274.00504282	18745880.2992	-9720231.10997	19032355.5329	5317.18642685	528547239.932331	-1400110.5699187212	-11749194.010866018	-1400185.3134303566	5657.62440196594	17162490.393189035	-11749274.431832854	17162549.018520262	4868.0648501477535	529773812.631	0.1906203596086497	0.0	0.0	0.0	-0.10237256004764202	0.0	0.0	0.0	-0.0872095332180057	0.190475555562
620	2150.0	nan	nan	1	1	5.0	5.0	5.0	1.215	-1.64340273635e-18	7.55428451591e-17	-8.37292068361e-19	0.900692063691	-2.48718307709e-16	-1.50627604312e-18	9.26783746216e-18	0.914744363604	436606681.296	-1512167.86484	-12895791.801	-1120905.64675	10208.0622849	18620052.0091	-9708882.85281	18910559.6217	10186.8256121	529924866.5618637	-1360579.6923449216	-11784072.315293495	-1360482.5595413414	9184.74897262126	17014855.913907163	-11784012.179951131	17014859.256307047	9308.640487431265	531132021.634	0.19474407679251185	0.0	0.0	0.0	-0.10459185149916238	0.0	0.0	0.0	-0.08911063678095162	0.194602252124
630	2200.0	nan	nan	1	1	5.0	5.0	5.0	1.22	2.86654478197e-18	-4.89263170993e-17	-1.66336095017e-18	0.898704106392	3.92186577793e-17	2.99545260863e-18	5.75161840965e-18	0.913013494875	435897413.312	-1465157.44627	-12954139.9404	-1079366.2394	10902.0571696	18493065.904	-9694585.19006	18787603.4452	10081.7884302	531239511.9632136	-1315367.9909356013	-11814953.794702798	-1315451.7020223853	9787.492172087184	16866787.00271992	-11815043.053185038	16866864.555151317	9195.196672169437	532431007.469	0.19885085874516517	0.0	0.0	0.0	-0.10680143507043119	0.0	0.0	0.0	-0.09100461769136498	0.198711997834
640	2250.0	nan	nan	1	1	5.0	5.0	5.0	1.225	9.4433585707e-19	8.14038896376e-17	-1.19008129089e-18	0.896729081073	1.13121197166e-16	1.88103518273e-18	2.58053881337e-19	0.91129245751	435153361.001	-1415149.58191	-13012171.634	-1035899.19141	7976.67700696	18365388.779	-9679951.88397	18663707.593	6843.11811868	532504536.8507116	-1267676.6267269189	-11845473.900549864	-1267647.3826994994	7145.4262714958995	16718710.725169018	-11845521.043094443	16718759.759501152	6229.55025135074	533683685.56	0.20294084399669038	0.0	0.0	0.0	-0.10900149033221719	0.0	0.0	0.0	-0.09289140414110403	0.202804927544
650	2300.0	nan	nan	1	1	5.0	5.0	5.0	1.23	2.2663425295e-19	5.97738445383e-17	-9.15536736863e-19	0.89476693272	3.74599262132e-17	-8.8583764415e-19	3.34630953725e-19	0.90958109233	434377706.458	-1357675.18443	-13067838.1945	-987632.71971	6233.40871954	18233719.952	-9663658.47522	18535655.3786	5176.40147325	533723319.0372819	-1213526.7237401593	-11873772.159213334	-1213512.1239340254	5571.588954344367	16567624.507018479	-11873813.500914274	16567669.058054322	4703.410830710752	534888714.426	0.20701416938432612	0.0	0.0	0.0	-0.11119200498866423	0.0	0.0	0.0	-0.09477112355825304	0.206881167068
660	2350.0	nan	nan	1	1	5.0	5.0	5.0	1.235	-1.47145504806e-18	-8.26862975198e-18	5.80323447988e-19	0.892817541611	1.72567610531e-17	4.01487661298e-18	-9.6032360395e-20	0.907879291861	433571356.039	-1292030.31709	-13121466.3953	-934052.920323	5716.24947514	18101883.489	-9645945.36809	18407329.3597	4740.96069918	534896502.2970209	-1152332.0377319856	-11900157.255894354	-1152340.0544849404	5098.191055383752	16417011.152361564	-11900192.129563522	16417072.470900366	4299.685428792078	536047222.915	0.2110709700799406	0.0	0.0	0.0	-0.11337303968632434	0.0	0.0	0.0	-0.09664384769702143	0.210940850276
670	2400.0	nan	nan	1	1	5.0	5.0	5.0	1.24	2.60764386768e-18	-4.57241090422e-17	-2.56227466544e-20	0.890880673457	1.28601809538e-16	2.22968188475e-19	4.13299138701e-18	0.906187114477	432743871.412	-1220799.69778	-13170231.4115	-877008.246129	14800.8613266	17972193.53	-9624701.32538	18280989.5671	14383.9292263	536035442.477554	-1086437.7451169787	-11922084.158474624	-1086341.2155007734	13171.869582458728	16268962.7146536	-11922019.87016125	16268972.805206476	13020.759423843809	537162861.915	0.2151113796169455	0.0	0.0	0.0	-0.1155447847706705	0.0	0.0	0.0	-0.09850946614284452	0.214984100716
680	2450.0	nan	nan	1	1	5.0	5.0	5.0	1.245	-2.5915237719e-18	1.38482898854e-16	-2.96630938128e-18	0.888956128531	1.58847264972e-16	3.16035933554e-18	-1.13642704764e-18	0.904504445507	431881789.636	-1148299.92029	-13216917.4297	-819865.906168	15109.9719229	17844850.6867	-9602192.44696	18156988.3737	14304.4321331	537123134.4623722	-1019706.7110355567	-11942094.322522914	-1019651.5711647426	13417.870628652472	16123645.411677988	-11942063.380743567	16123664.706151458	12924.71400174924	538235996.82	0.219135529916671	0.0	0.0	0.0	-0.11770739391991644	0.0	0.0	0.0	-0.1003680592810321	0.21901108616
690	2500.0	nan	nan	1	1	5.0	5.0	5.0	1.25	1.16019690972e-18	8.10362773385e-17	1.51608309647e-18	0.887043639216	-9.05825768821e-17	2.61710681389e-18	2.90683178652e-18	0.902831326394	430988392.814	-1076046.41019	-13261960.2944	-763476.617883	1881.51410315	17719251.6202	-9578585.84606	18034575.773	1805.11429637	538163164.338767	-953486.1086292488	-11960593.331008045	-953331.9212981545	1667.2120677629985	15980500.473109432	-11960512.521344932	15980460.7977279	1627.9824049833244	539273434.197	0.22314355131420976	0.0	0.0	0.0	-0.11986109921760892	0.0	0.0	0.0	-0.10221953548922974	0.223021948751
700	2550.0	nan	nan	1	1	5.0	5.0	5.0	1.255	1.24032093258e-18	-5.76818849168e-17	1.86347248396e-18	0.885143042178	1.48548217836e-16	5.8683501377e-19	-3.6325007943e-18	0.901167831984	430078414.164	-1006510.20564	-13299069.8837	-709730.742965	5216.07458451	17593912.8227	-9549525.89845	17912315.8161	5725.64596561	539173458.0742053	-889956.4935544815	-11971927.618786037	-889763.2766105143	4612.054027211851	15838179.112266961	-11971888.68835691	15838072.665145459	5154.27166489973	540266273.4	0.22713557258374711	0.0	0.0	0.0	-0.12200601745520061	0.0	0.0	0.0	-0.1040637657082548	0.227016776657
