inc	time	elem	node	ip	grain	1_pos	2_pos	3_pos	1_f	2_f	3_f	4_f	5_f	6_f	7_f	8_f	9_f	1_p	2_p	3_p	4_p	5_p	6_p	7_p	8_p	9_p	1_Cauchy	2_Cauchy	3_Cauchy	4_Cauchy	5_Cauchy	6_Cauchy	7_Cauchy	8_Cauchy	9_Cauchy	Mises(Cauchy)	1_ln(V)	2_ln(V)	3_ln(V)	4_ln(V)	5_ln(V)	6_ln(V)	7_ln(V)	8_ln(V)	9_ln(V)	Mises(ln(V))
0	0.0	nan	nan	1	1	5.0	5.0	5.0	1.0	0.0	0.0	0.0	1.0	0.0	0.0	0.0	1.0	0.0	0.0	0.0	0.0	0.0	0.0	0.0	0.0	0.0	0.0	0.0	0.0	0.0	0.0	0.0	0.0	0.0	0.0	0.0	0.0	0.0	0.0	0.0	0.0	0.0	0.0	0.0	0.0	0.0
10	2.5	nan	nan	1	1	5.0	5.0	5.0	1.00025	-1.97101630335e-23	-4.37410522979e-22	4.20052654812e-23	0.999909686633	-1.46241331773e-22	-5.51884564938e-24	-3.67376436312e-23	0.999909610461	36455101.6626	-1432.67836678	871.621045886	-1432.19092655	4.37129964337	1001.00495924	871.32443045	1001.00487915	2.32619029044	36461690.09830768	-1432.4497651822383	871.4819015520369	-1432.4497626911807	4.370602148310439	1000.8451602436304	871.4819026480939	1000.8451564096787	2.3258189407575176	36461686.907	0.0002499687552074404	0.0	0.0	0.0	-9.031744549796526e-05	0.0	0.0	0.0	-9.039362438098989e-05	0.000226882864361
20	5.0	nan	nan	1	1	5.0	5.0	5.0	1.0005	1.11669382695e-23	-2.99672026291e-22	-1.73190940753e-23	0.999819340966	2.78456136049e-22	9.48672765022e-23	1.83449919054e-23	0.999819188679	72938571.8006	-2865.33972397	1746.01820677	-2863.39038692	12.1433028527	2003.93237013	1744.83007102	2003.93206486	11.9678020937	72964944.0814253	-2864.425690677995	1745.460967245251	-2864.425698327011	12.139429181808758	2003.2928176229123	1745.4609463921026	2003.2928175809166	11.963982584644981	72964932.3435	0.0004998750416509929	0.0	0.0	0.0	-0.00018067535480897716	0.0	0.0	0.0	-0.00018082766933780298	0.000453751044338
30	7.5	nan	nan	1	1	5.0	5.0	5.0	1.00075	3.77452853266e-22	-1.19707251803e-21	-1.10428611776e-22	0.999728963809	8.29894798938e-23	-2.25006051311e-22	-7.5583628472e-23	0.999728732407	109448764.528	-4144.6625321	2721.45732299	-4140.43735598	72.6623796749	2989.8433471	2718.6709363	2989.84538781	121.957527052	109508143.15700895	-4142.680139696445	2720.1550201258315	-4142.683644412362	72.62762525318867	2988.4126130879504	2720.1458817104863	2988.415344534173	121.89916654219337	109508046.352	0.0007497188905459742	0.0	0.0	0.0	-0.00027107292794703396	0.0	0.0	0.0	-0.0002713043927091482	0.000680605047036
40	10.0	nan	nan	1	1	5.0	5.0	5.0	1.001	-1.40103716251e-22	-4.90156211726e-22	2.7545114398e-22	0.999638272519	-8.76746825821e-23	1.99996762479e-22	1.71892008698e-22	0.999637887464	145490458.208	-5955.4959	5721.53474087	-5947.38658444	-1036.34724959	9858.79699569	5713.75209529	9858.79841466	-969.250919372	145595827.22302917	-5951.701539384297	5717.887238895621	-5951.693879049686	-1035.686972888603	9852.511971979506	5717.89018405415	9852.517185178714	-968.6330179168494	145596831.085	0.0009995003330834232	0.0	0.0	0.0	-0.0003617929201663237	0.0	0.0	0.0	-0.000362178114576106	0.000907657260881
50	12.5	nan	nan	1	1	5.0	5.0	5.0	1.00125	-2.18685874444e-22	-2.33420029105e-22	2.09069899823e-22	0.999541666824	1.88914222481e-20	-2.05399285855e-22	1.98911087925e-22	0.99954207223	175242192.452	-15343.2960443	39722.9547816	-15317.0991773	5115.23326307	34104.6118764	39655.2783674	34104.623645	5205.5444468	175402870.437832	-15331.161432781155	39691.55503423202	-15331.143287397925	5111.187758877393	34077.653252529	39691.637934502694	34077.65119020713	5201.429627511229	175397739.544	0.0012492194004318981	0.0	0.0	0.0	-0.00045843824275480495	0.0	0.0	0.0	-0.00045803265094106503	0.00113830325561
60	15.0	nan	nan	1	1	5.0	5.0	5.0	1.0015	1.38656150179e-21	1.28522670688e-20	-5.54211010411e-22	0.999425856494	2.06501504021e-20	-3.95495730377e-23	-1.18095542078e-21	0.999426849365	184769634.056	53982.4095225	31061.7800554	53870.5605609	-4466.93521518	63961.7660627	30997.5765684	63961.8326804	-4110.31398153	184981801.72121263	53932.46861535392	31033.074607902872	53932.419161834594	-4462.802706113026	63902.65640722431	31033.170531019277	63902.659479814116	-4106.515474104377	184986150.888	0.0014988761237359487	0.0	0.0	0.0	-0.0005743083894967786	0.0	0.0	0.0	-0.0005733149486124647	0.0013817919809
70	17.5	nan	nan	1	1	5.0	5.0	5.0	1.00175	-2.51421547185e-21	1.67979702894e-21	1.50546871485e-22	0.999304514366	-4.23224892461e-20	-1.67607471619e-22	2.42146784567e-21	0.999305356607	188149533.802	29101.0967594	31270.6459548	29029.9651164	-6284.16803472	65693.3222645	31194.3353608	65693.3888465	-7677.41090605	188411358.8767315	29070.452404182728	31237.743325155214	29070.362626999482	-6277.550611359873	65624.20047354857	31237.74476512856	65624.21167562282	-7669.33281875888	188418381.103	0.001748470534116803	0.0	0.0	0.0	-0.0006957275963278402	0.0	0.0	0.0	-0.0006948847695083287	0.00162918455069
80	20.0	nan	nan	1	1	5.0	5.0	5.0	1.002	1.42026911175e-21	1.14728916985e-20	-6.19971869108e-22	0.999182857756	-8.49850531216e-20	9.68163208205e-22	-3.61477927686e-22	0.999182834565	190825035.511	-3073.05348293	41663.4514695	-3064.57950296	-969.775421251	61713.0678798	41546.4675144	61713.1438161	-831.39682414	191137285.01355425	-3069.4278740065783	41614.29568668445	-3069.594114500748	-968.6312737636448	61640.25696148706	41614.45054282977	61640.3342388652	-830.4159173672886	191138228.019	0.001998002662673058	0.0	0.0	0.0	-0.000817476286709892	0.0	0.0	0.0	-0.0008174994966757919	0.00187699370296
90	22.5	nan	nan	1	1	5.0	5.0	5.0	1.00225	-2.01914787524e-21	-5.86912561952e-20	1.1795595535e-21	0.999061290312	-6.80070676514e-20	3.92910790963e-23	-1.70192411033e-22	0.999059824789	193273415.799	-23542.765424	46294.7256085	-23468.0696467	-403.153045496	57987.8453739	46147.4988212	57987.8028442	-273.138261514	193637066.6647441	-23512.018536469728	46234.19680524521	-23512.22566168574	-402.626527004051	57912.028208171694	46234.3269958296	57912.07068529394	-272.78114238487177	193637451.19	0.00224747254047937	0.0	0.0	0.0	-0.0009391505518562419	0.0	0.0	0.0	-0.0009406174529251085	0.00212490453069
100	25.0	nan	nan	1	1	5.0	5.0	5.0	1.0025	-8.60267837055e-23	9.48552823833e-20	4.94654006307e-22	0.998939886491	1.23509439188e-20	7.13546675904e-22	4.57224083589e-22	0.998936535352	195620391.5	-36386.421912	47183.5747715	-36257.3292041	-194.888908794	55259.6145932	47015.9401677	55259.445102	-80.3321786814	196036469.25389278	-36334.32297322795	47115.85815422616	-36334.44727947914	-194.60986224880335	55180.30745739629	47115.941433580985	55180.32332262006	-80.21688806544124	196036657.053	0.002496880198587146	0.0	0.0	0.0	-0.001060675826774706	0.0	0.0	0.0	-0.0010640305277597618	0.00237282304105
110	27.5	nan	nan	1	1	5.0	5.0	5.0	1.00275	-5.10370437945e-22	2.66649942263e-20	-1.29040175558e-22	0.998818654462	-4.01941018312e-19	5.27431038079e-22	-2.78677148369e-21	0.998813037324	197902268.179	-45223.6837126	46814.5193952	-45046.4541139	-111.568081238	53311.1433	46630.7815898	53310.853744	-11.2284713296	198371795.57235724	-45153.25487680512	46741.35021625853	-45153.32779642371	-111.39433134793366	53227.82016362937	46741.41412338099	53227.830401888335	-11.21092168819454	198371910.235	0.0027462256680252286	0.0	0.0	0.0	-0.0011820438766799771	0.0	0.0	0.0	-0.0011876676741231222	0.00262072297363
120	30.0	nan	nan	1	1	5.0	5.0	5.0	1.003	-3.58169205235e-21	-7.47144684434e-20	1.52283950771e-21	0.99869758696	1.31126221666e-19	-9.65319774849e-22	1.34334131479e-21	0.998689375542	200136423.194	-51843.2640831	46129.4713855	-51620.9439822	-60.9546107087	52109.346489	45931.2776338	52108.9209335	27.6166471838	200660413.8575876	-51756.03220630469	46051.47493628381	-51756.09625613682	-60.8520480096592	52021.23917116076	46051.533408649295	52021.24206043519	27.569952514320875	200660486.606	0.002995508979798371	0.0	0.0	0.0	-0.0013032619170019787	0.0	0.0	0.0	-0.0013114840774087573	0.00286859191249
130	32.5	nan	nan	1	1	5.0	5.0	5.0	1.00325	-2.66021284997e-21	1.40413908981e-20	-3.42287337474e-21	0.99857667366	8.01359652744e-20	2.27846899728e-21	8.98855812631e-21	0.998565577761	202331203.719	-57162.9760829	45350.7520748	-56896.7635507	-26.8255421142	51503.1527646	45139.0585862	51502.5728482	52.1511972925	202910657.08822092	-57059.64586360069	45268.271118762226	-57059.709358025924	-26.77705112686121	51409.48222806784	45268.33167458412	51409.47461379097	52.056348135332655	202910703.203	0.0032447301648890294	0.0	0.0	0.0	-0.001424340231114528	0.0	0.0	0.0	-0.0014354520074459883	0.00311642412606
140	35.0	nan	nan	1	1	5.0	5.0	5.0	1.0035	1.61879245877e-21	-5.70506468478e-20	-1.35823056581e-21	0.998455903897	2.52592188698e-19	-3.54550290056e-21	1.03215596834e-20	0.998441663787	204491058.424	-61627.2590585	44536.4050479	-61317.5540933	-4.37698243246	51363.3813034	44311.9674668	51362.6365064	67.9830332524	205126957.34458208	-61508.16635569298	44449.70591604021	-61508.23121513198	-4.36852405420361	51263.392079671714	44449.762891686405	51263.37985766546	67.85069051037044	205126986.934	0.003493889254255838	0.0	0.0	0.0	-0.0015452894479718313	0.0	0.0	0.0	-0.0015595516817795566	0.0033642166233
150	37.5	nan	nan	1	1	5.0	5.0	5.0	1.00375	7.3536356456e-21	-1.34094249101e-19	-2.76443760715e-21	0.998335268536	-1.57001846481e-19	2.91312332226e-21	3.39888513698e-21	0.998317648154	206618627.929	-65528.209963	43633.8049339	-65174.7803577	11.7122362331	51597.8175955	43397.7150084	51596.8897306	76.6953586478	207311937.64436197	-65393.41195072375	43543.27733720378	-65393.47462003004	11.688143004177315	51490.766962882306	43543.33623210774	51490.74982262374	76.5362378352406	207311957.375	0.003742986278834297	0.0	0.0	0.0	-0.0016661186691861662	0.0	0.0	0.0	-0.0016837685890628946	0.00361196764642
160	40.0	nan	nan	1	1	5.0	5.0	5.0	1.004	6.10624728187e-21	1.54734473336e-19	2.74623963368e-21	0.998214758919	-1.66869574813e-19	-2.37959182716e-21	1.50654404964e-20	0.998193542986	208715688.022	-69053.9199952	42725.5501716	-68656.0821183	22.1039822846	52111.317792	42478.5111928	52110.1981745	83.169418152	209467356.00140402	-68903.27558155751	42631.43624750638	-68903.33990236373	22.055761395030522	51996.529320291695	42631.49316065771	51996.51729658116	82.98621629092554	209467369.854	0.003992021269537457	0.0	0.0	0.0	-0.0017868365229741954	0.0	0.0	0.0	-0.0018080906251340873	0.00385967606913
170	42.5	nan	nan	1	1	5.0	5.0	5.0	1.00425	3.71569531159e-21	-2.47198790158e-20	-6.08474058594e-21	0.998094368557	5.28207347084e-19	2.68730301503e-21	-5.45897845254e-21	0.998069357258	210783550.57	-72219.0504517	41862.5697883	-71776.4285772	30.1807770892	52864.8164394	41604.9858715	52863.4802285	85.8041861953	211594506.6375243	-72052.52610997752	41764.99549799796	-72052.57692987032	30.11118556167347	52741.59784646345	41765.0544140429	52741.58640420918	85.6041917225457	211594517.668	0.004240994257254614	0.0	0.0	0.0	-0.0019074494686235563	0.0	0.0	0.0	-0.0019325088349246703	0.00410734108778
180	45.0	nan	nan	1	1	5.0	5.0	5.0	1.0045	-2.58245787239e-21	9.69190980116e-20	-1.58487805365e-21	0.997974090034	-6.71726905675e-19	-8.50755260011e-22	-8.03771401218e-21	0.997945100332	212823292.823	-75024.4876357	41052.066178	-74537.1161806	36.6982604043	53825.0205648	40784.2354184	53823.449286	86.5135898759	213694449.5726402	-74842.18305835345	40951.12274812239	-74842.22146770524	36.609086041859186	53692.66956045626	40951.17890232214	53692.66183935907	86.30086054687591	213694459.443	0.004489905272852001	0.0	0.0	0.0	-0.00202796489746838	0.0	0.0	0.0	-0.0020570138711363795	0.00435496206586
190	47.5	nan	nan	1	1	5.0	5.0	5.0	1.00475	-1.83634095987e-22	-1.55605908111e-19	4.90683539366e-21	0.997853914672	-4.33839687672e-20	1.07285325448e-21	1.71793005518e-20	0.997820782444	214835726.878	-77569.0123724	40285.0134779	-77036.6522709	41.9922676798	54957.0416475	40007.2455918	54955.2110771	86.41533515	215767979.64177534	-77370.9094848304	40180.795713635336	-77370.94318719777	41.88502395929178	54814.86718815063	40180.852029686255	54814.861397912326	86.19177774614174	215767989.331	0.00473875434717347	0.0	0.0	0.0	-0.0021483914691591754	0.0	0.0	0.0	-0.002181595505920033	0.00460253848056
200	50.0	nan	nan	1	1	5.0	5.0	5.0	1.005	-5.92261318588e-21	1.10950562742e-19	-4.82080860996e-21	0.99773383428	-1.236411677e-19	9.29337418203e-22	-1.58880716156e-20	0.997696412952	216821505.123	-79925.7872316	39521.3684095	-79347.9508	44.6909358479	56217.7462112	39234.2077043	56215.6375964	85.5931810569	217815732.10204256	-79711.7694988953	39414.06348562669	-79711.79788874865	44.57126667611063	56065.10875910024	39414.114710197995	56065.10866552983	85.36078602233998	217815743.238	0.004987541511038968	0.0	0.0	0.0	-0.0022687373594435464	0.0	0.0	0.0	-0.0023062443863679847	0.00485006993169
210	100.0	nan	nan	1	1	5.0	5.0	5.0	1.01	3.80370732876e-20	-4.27182538102e-19	-3.54430348867e-20	0.995347853306	3.887748879e-19	-9.14530885239e-21	-2.32392257194e-20	0.995203372387	251357385.93	-109657.81511	34285.8118932	-108068.144598	4421.27263814	96414.2602124	33784.1522985	96399.9759705	2290.86849404	253749343.89199522	-109095.38410014243	34105.00991824893	-109096.5387227751	4398.596088983605	95905.83157392564	34105.64781286758	95905.54394318898	2278.7878832799042	253746136.813	0.009950330853168092	0.0	0.0	0.0	-0.004663001607281685	0.0	0.0	0.0	-0.0048081683504316314	0.00979096928269
220	150.0	nan	nan	1	1	5.0	5.0	5.0	1.015	-3.63893295074e-20	-8.28907765672e-19	9.02619484418e-21	0.992982002611	3.64939843985e-18	-2.41288584682e-20	3.52149398328e-20	0.99271354443	278780781.817	-120044.562077	43287.5465567	-117439.096136	2393.60176092	146558.232574	42339.2053155	146518.879022	-832.520653716	282811787.77566457	-119138.60264419843	42949.24682195749	-119137.19631786672	2375.5375849493726	145412.85439602513	42951.40529499477	145413.12164126712	-826.0143594414822	282811210.245	0.014888612493750559	0.0	0.0	0.0	-0.0070427393600225015	0.0	0.0	0.0	-0.007313131448110359	0.0147118602198
230	200.0	nan	nan	1	1	5.0	5.0	5.0	1.02	7.10051837816e-21	1.21374196513e-18	8.52326903175e-21	0.990631469516	1.47677216504e-18	4.47041490248e-20	-6.0190624453e-20	0.99023533518	301134074.588	-116383.682829	48396.3526356	-113030.279989	4676.75399654	197254.949125	46986.4200502	197177.240069	4423.31500144	306979490.4779293	-115226.80092163355	47896.120812604124	-115224.34917759917	4630.265932644047	195216.09294220622	47898.48942244924	195217.25069561476	4377.594966636638	306975248.852	0.01980262729617973	0.0	0.0	0.0	-0.00941269119611379	0.0	0.0	0.0	-0.009812651799564233	0.0196115587176
240	250.0	nan	nan	1	1	5.0	5.0	5.0	1.025	-1.54054117282e-20	8.00621497445e-19	5.15763655539e-20	0.988295177021	1.42046432638e-18	-1.33407689193e-20	-8.84471141778e-20	0.98777163094	319668835.697	-100921.243551	55750.4010373	-97303.6618038	4100.70889277	243940.562416	53728.8237247	243811.800529	4405.0538797	327459107.895949	-99678.65721366763	55034.80784181316	-99674.93459225714	4050.2191775797746	240809.4242838935	55038.18552355078	240809.88337501007	4348.512105588687	327455233.554	0.024692612590371414	0.0	0.0	0.0	-0.011773863687794114	0.0	0.0	0.0	-0.012303750725156116	0.0244895241594
250	300.0	nan	nan	1	1	5.0	5.0	5.0	1.03	-2.81638454962e-20	-2.06420605757e-18	-5.95040645446e-20	0.98597230306	-3.23473941623e-19	3.96682734556e-20	-9.046212615e-20	0.985324301096	335210975.227	-77266.9987417	64976.4844658	-73961.9979549	-48.6820544131	283288.378633	62164.203414	283102.833266	-378.872756806	345043873.21283096	-76133.82066115265	63981.478287973594	-76131.55931913122	-47.96809582954808	278950.29095153074	63987.69463509256	278950.91937750636	-373.0709542503305	345044465.004	0.02955880224154443	0.0	0.0	0.0	-0.014127014976878021	0.0	0.0	0.0	-0.014784452306170892	0.0293454788256
260	350.0	nan	nan	1	1	5.0	5.0	5.0	1.035	-1.19193417546e-19	-3.38316539662e-18	1.01167497638e-19	0.983662641009	2.15213204796e-18	-1.61068608876e-20	-1.99018001019e-19	0.982894286435	348365248.997	-45299.1026319	75463.93414	-43047.0980709	7102.30963191	311067.352589	71658.3981536	310828.691589	2980.33558402	360314581.3856738	-44528.94835563224	74122.98751840941	-44523.66349956437	6981.559466529439	305539.8814825043	74116.36438428072	305544.126727766	2927.3768961627834	360310046.708	0.03440142671733232	0.0	0.0	0.0	-0.016472285217545162	0.0	0.0	0.0	-0.01725370639317986	0.0341792593436
270	400.0	nan	nan	1	1	5.0	5.0	5.0	1.04	3.39342574494e-20	3.11341518142e-18	6.51156578202e-21	0.981366565534	1.33365933115e-17	3.58069943562e-20	2.14774137327e-19	0.98048141295	359550231.087	-11025.3894555	89397.9116029	-10395.0276912	-15019.7318699	333185.725956	84274.2215786	332887.337977	-15004.6513727	373670617.1390397	-10812.378363203568	87591.6639167648	-10803.264959126744	-14729.54987637315	326453.84670098405	87583.8691327884	326455.9374572879	-14701.488621610346	373685791.712	0.03922071315328133	0.0	0.0	0.0	-0.01880922403994479	0.0	0.0	0.0	-0.019711590231178595	0.0389908942578
280	450.0	nan	nan	1	1	5.0	5.0	5.0	1.045	-4.98161252104e-20	-1.50127987222e-18	5.06631581576e-20	0.979084193263	-5.73454540181e-18	2.22346148654e-20	1.42010367563e-20	0.978085975145	369130952.455	20581.1716078	108861.959271	19291.3673439	-16701.9428059	350357.552906	101882.189191	350002.029232	-16838.6382067	385463617.2051742	20136.165491153242	106399.55625994176	20144.938233322475	-16340.813378958468	342432.6404848016	106390.09520376734	342434.2849453727	-16457.756641643104	385480518.408	0.04401688541677426	0.0	0.0	0.0	-0.02113764090215846	0.0	0.0	0.0	-0.02215770366488555	0.0437803331494
290	500.0	nan	nan	1	1	5.0	5.0	5.0	1.05	2.27904802371e-20	-1.26798185226e-18	6.07746139655e-20	0.976815215979	-8.83323015088e-19	5.63673956618e-20	-1.21921459207e-19	0.97570829937	377369679.408	51967.021338	126985.341006	48353.9807835	-17350.9045264	362044.481809	117991.461047	361633.173941	-17519.8051408	395944748.9811903	50724.58777509859	123808.9026740901	50734.08338899613	-16936.077092091502	352988.2241278852	123799.29277695942	352987.20614845457	-17081.56100824142	395962297.629	0.04879016416943205	0.0	0.0	0.0	-0.023457778932889528	0.0	0.0	0.0	-0.024591610836970066	0.0485476530166
300	550.0	nan	nan	1	1	5.0	5.0	5.0	1.055	7.62329652529e-20	-6.65061153427e-18	-1.26631425615e-19	0.974559489382	-4.57223090972e-18	9.62507360767e-20	-3.47116417891e-19	0.973348522224	384481002.294	82464.6673584	145271.607841	76184.1820268	-17748.7005099	370664.7328	134017.079429	370200.578185	-17953.5517072	405320114.9540385	80305.83053494158	141292.76661364117	80313.41271101304	-17284.05850676454	360512.60367916874	141280.88960408556	360509.1228520397	-17461.8222304511	405338066.596	0.05354076692802976	0.0	0.0	0.0	-0.02576971584131681	0.0	0.0	0.0	-0.027013067485018874	0.0532929406187
310	600.0	nan	nan	1	1	5.0	5.0	5.0	1.06	1.54530573315e-19	1.38542826435e-18	1.74038800881e-19	0.972317059343	6.91834012005e-18	1.22356556209e-20	-1.45336047216e-19	0.97100651044	390634678.239	107008.898244	156414.765994	98161.8980661	-17868.1650291	376157.392132	143271.333279	375644.524788	-18087.7024111	413752611.01373476	103966.13175176487	151762.32750050427	103971.162545031	-17360.089021212283	364968.87601175724	151750.19405557474	364963.18340636743	-17549.697431701028	413770671.459	0.058268908123975824	0.0	0.0	0.0	-0.028073334971271267	0.0	0.0	0.0	-0.029422105831724166	0.0580163119861
320	650.0	nan	nan	1	1	5.0	5.0	5.0	1.065	1.53048265657e-19	-4.37743980163e-18	-1.2229038176e-19	0.970087964023	-8.05440982566e-18	-6.69619249474e-20	-3.46308262432e-19	0.968682095463	395971516.444	128048.375707	160721.378507	116641.950541	-17870.6278037	380408.633042	146175.97384	379850.790607	-18099.8676546	421377709.3468834	124120.4077059185	155565.36942175444	124125.89262508253	-17322.43456200836	368204.964891002	155554.86811627832	368198.6181959741	-17519.216325350764	421395753.737	0.06297479916138839	0.0	0.0	0.0	-0.03036852703651084	0.0	0.0	0.0	-0.031818795777285525	0.0627178965536
330	700.0	nan	nan	1	1	5.0	5.0	5.0	1.07	4.76720730627e-20	-8.82608331039e-19	4.3728075902e-20	0.967871888234	-1.95049717836e-17	-2.79024564226e-19	-1.68723338265e-19	0.966375416253	400608582.721	153910.607393	163165.60765	139221.072737	-17873.4583582	379299.398827	147352.479413	378707.318275	-18186.5523961	428308309.520917	148846.59391488315	157553.10589818077	148847.39090875027	-17285.380411139668	366252.4180873646	157541.03652105652	366246.97524543107	-17560.97903751814	428326366.968	0.06765864847381486	0.0	0.0	0.0	-0.03265554732988099	0.0	0.0	0.0	-0.03420289060507492	0.06739783263
340	750.0	nan	nan	1	1	5.0	5.0	5.0	1.075	-2.4653952721e-19	4.09397493188e-18	-2.02758511749e-20	0.965668602097	5.17335960447e-18	1.16890546721e-19	-2.38719361699e-19	0.964086509242	404643317.092	188810.851625	162030.251583	169608.91356	-18344.3035395	371390.454821	145301.609815	370775.167787	-18714.7561424	434638562.4057217	182180.74812572674	156084.41146241844	182181.61834649552	-17700.142305957495	357761.9610977486	156072.47207018628	357755.3772599669	-18028.00199105325	434657066.782	0.07232066157962608	0.0	0.0	0.0	-0.03493456564024024	0.0	0.0	0.0	-0.03657424852038	0.0720562647005
350	800.0	nan	nan	1	1	5.0	5.0	5.0	1.08	3.27748811028e-19	1.26451431113e-18	-1.58501040255e-19	0.963478146144	-1.05176610456e-17	-2.0170633801e-19	6.87618699603e-20	0.961815116137	408155605.041	215088.904394	154357.283391	191888.992943	-18114.5390222	360290.366567	137451.015933	359660.849315	-18507.7339289	440445622.79571915	207063.07232651114	148341.10261786988	207069.72037278072	-17438.612718229273	346247.8029220198	148325.04458791684	346240.4565430653	-17786.38233102816	440463864.508	0.0769610411361284	0.0	0.0	0.0	-0.037205473124441994	0.0	0.0	0.0	-0.03893303375448764	0.0766933490364
360	850.0	nan	nan	1	1	5.0	5.0	5.0	1.085	-4.74444329581e-19	-3.13230136917e-18	4.15046144155e-20	0.961300588153	1.18073745869e-18	2.78045182381e-19	7.20705924105e-19	0.959560917853	411211288.893	236234.842836	145593.011647	209304.09387	-18306.3298793	347353.02775	128744.831605	346715.055825	-18730.118747	445793025.42938864	226903.7449280738	139589.12452823628	226905.99154573065	-17583.243672422675	333029.06847901386	139571.91725960694	333020.0729290977	-17957.73607968708	445811407.862	0.08157998699242285	0.0	0.0	0.0	-0.03946813207969967	0.0	0.0	0.0	-0.04127947638558635	0.0813092530482
370	900.0	nan	nan	1	1	5.0	5.0	5.0	1.09	9.71440911382e-20	-4.43331750637e-18	-1.16043513774e-19	0.959135910822	3.92430364463e-18	-2.25237972076e-19	3.07757509984e-19	0.957323684779	413867246.203	249895.586404	147080.125178	219900.27175	-18032.3816151	334922.449422	129156.50645	334277.570598	-18460.1698302	450735850.1973582	239482.22479020237	140684.8530393076	239489.68384236415	-17280.956937224917	320359.501458644	140662.17676647668	320347.93993861275	-17657.492992335403	450753917.651	0.08617769624105241	0.0	0.0	0.0	-0.041722492740852817	0.0	0.0	0.0	-0.04361371610638909	0.0859041400976
380	950.0	nan	nan	1	1	5.0	5.0	5.0	1.095	-6.90331852012e-20	4.13177377715e-18	3.70576914424e-21	0.956984153154	-2.25646930171e-18	2.22127772973e-19	3.19933608601e-19	0.955103109598	416170411.527	253708.42191	159856.636701	221738.722206	-17897.5781873	325422.179403	139411.65236	324768.761458	-18279.6416844	455319441.6529468	242588.66569539777	152549.8573752036	242597.61960786025	-17113.147364009645	310547.67621258844	152526.06613613552	310534.51008256734	-17444.10985601326	455337308.489	0.09075436326846412	0.0	0.0	0.0	-0.043968446544025944	0.0	0.0	0.0	-0.045935976164104844	0.0904781809803
390	1000.0	nan	nan	1	1	5.0	5.0	5.0	1.1	-2.81585515403e-19	-2.36046906576e-18	-9.04737066786e-20	0.954845454668	1.04423545226e-17	-2.17942239073e-19	-2.74663668037e-19	0.952898779257	418161853.524	248289.427678	183544.868151	215530.575725	-17854.0556503	320401.352881	158974.868779	319737.889923	-18252.2257111	459583635.71488816	236874.75148352323	174749.71497285963	236880.34851733167	-17033.24637979556	305048.27324734087	174722.41325943125	305038.4944847476	-17377.610568828368	459601427.614	0.09531017980432493	0.0	0.0	0.0	-0.04620577916967665	0.0	0.0	0.0	-0.04824659371077548	0.0950315489022
400	1050.0	nan	nan	1	1	5.0	5.0	5.0	1.105	4.92337900592e-20	2.41658499852e-18	-7.28977730231e-20	0.952719798163	5.23961346282e-18	1.14667085235e-19	6.63723106068e-19	0.950710436446	419877119.674	233420.110801	205687.596683	201247.927112	-17765.963501	319263.386614	176942.737599	318581.339309	-18156.7593207	463562992.38600796	222191.6486649628	195380.23854599512	222186.65159928886	-16911.34798481054	303264.550909117	195352.64266376218	303256.27372915886	-17246.89297997803	463580652.322	0.09984533496971612	0.0	0.0	0.0	-0.048434439375849056	0.0	0.0	0.0	-0.0505457460335644	0.0995644139251
410	1100.0	nan	nan	1	1	5.0	5.0	5.0	1.11	1.54107056841e-19	-8.81141905249e-18	-3.27325294555e-19	0.95060722478	-3.18156162901e-18	-2.11447216903e-19	1.07497745429e-18	0.948537763642	421346108.992	210105.299943	224504.560852	179930.569288	-17244.5051773	319768.372841	191820.583654	319062.325251	-17637.7045468	467286518.01946366	199553.5246545468	212765.4365079502	199548.8445567816	-16378.462561331728	303047.99675674946	212735.25661498582	303038.57925328735	-16715.446192525447	467303632.866	0.10436001532424286	0.0	0.0	0.0	-0.05065431459967726	0.0	0.0	0.0	-0.05283367633320682	0.104076946744
420	1150.0	nan	nan	1	1	5.0	5.0	5.0	1.115	-1.88253072527e-19	-3.33318052656e-18	2.67238894859e-19	0.948507597721	-7.26346634138e-18	6.98934530383e-20	5.40175409777e-19	0.946380614133	422594611.207	179090.210435	245031.547984	152341.552981	-17057.8826808	318961.463923	207954.771238	318230.547868	-17508.1625467	470779241.90152276	169719.26560309553	231689.48397262185	169711.67856980913	-16165.32424802685	301593.88695653755	231665.96770746648	301579.0463668604	-16554.83622059387	470796154.554	0.10885440491208208	0.0	0.0	0.0	-0.05286547939033609	0.0	0.0	0.0	-0.055110450326361596	0.108569316953
430	1200.0	nan	nan	1	1	5.0	5.0	5.0	1.12	-1.90317715336e-19	7.54388718648e-19	-2.54639279768e-20	0.94642063685	9.20936571902e-19	-2.62504113032e-19	5.58957372765e-19	0.94423900031	423651080.474	145826.100511	264802.828126	123221.116551	-10707.208165	311054.369794	223234.724091	310318.206281	-10584.6987894	474069682.57609534	137890.8045669622	249816.0831826237	137885.62876942704	-10124.563047109848	293449.97887183377	249801.8290697537	293431.8821248045	-9985.648612399169	474080267.736	0.11332868530700327	0.0	0.0	0.0	-0.055068160923831475	0.0	0.0	0.0	-0.05737596658636079	0.113041685493
440	1250.0	nan	nan	1	1	5.0	5.0	5.0	1.125	4.67085730852e-19	-5.69629657029e-19	-2.94979223881e-19	0.944346346911	-2.35423543266e-17	-1.23117562372e-19	2.85099378645e-19	0.94211259077	424526058.427	115096.634372	285596.690423	96621.6154058	-15661.9020628	297262.569601	239143.284131	296540.260417	-15797.0454695	477166824.0415394	108594.36594320429	268824.8073928006	108602.58973920361	-14777.098681072215	279805.59893645847	268796.7890651285	279787.5170922538	-14869.35195020613	477182157.572	0.11778303565638346	0.0	0.0	0.0	-0.057262287211189214	0.0	0.0	0.0	-0.05963048843768871	0.117494238125
450	1300.0	nan	nan	1	1	5.0	5.0	5.0	1.13	-2.9974378421e-19	3.42754529084e-18	2.99849663328e-19	0.942284963079	-2.76463877748e-17	3.87722714161e-19	5.12670000048e-20	0.940000918138	425244200.475	89263.9923076	304687.529958	74437.5968902	-15557.0397073	280461.980674	253418.054572	279764.123357	-15746.0281464	480095749.3473909	84036.81521346784	286150.1486584915	84039.17988464268	-14646.040775835218	263398.4970569119	286106.03195058735	263381.5195817575	-14788.029872749454	480110960.975	0.12221763272424911	0.0	0.0	0.0	-0.059447541575834706	0.0	0.0	0.0	-0.06187442697601104	0.121927129212
460	1350.0	nan	nan	1	1	5.0	5.0	5.0	1.135	4.78997131672e-19	9.08511657357e-18	-2.78356202291e-19	0.940236416622	6.23860941476e-18	2.71586556158e-19	2.94793935424e-19	0.93790376025	425816593.218	62598.5440774	324221.331557	51859.1317799	-15292.0313868	262144.378289	267868.880279	261476.626134	-15534.1678509	482866677.61182	58804.43666857225	303814.6106587295	58807.118053227	-14365.1790065123	245644.8249218465	303757.4352808275	245628.48750598947	-14556.43629265281	482881623.264	0.126632650933366	0.0	0.0	0.0	-0.061623928296001794	0.0	0.0	0.0	-0.06410793625254976	0.126340528835
470	1400.0	nan	nan	1	1	5.0	5.0	5.0	1.14	-4.62374110082e-19	-5.72970143214e-18	3.1499037726e-19	0.93820051763	1.38494651436e-17	-2.09786238233e-19	2.62537200257e-19	0.935821031813	426255349.617	31984.7386401	346029.510604	26321.0522567	-14939.8106671	241946.260511	284004.843073	241314.054124	-15149.8695816	485491211.8908786	29980.933668945407	323528.5556986517	29978.836793087343	-14003.84970084988	226213.43504252186	323472.4340006044	226196.02215556178	-14164.732413147329	485505780.378	0.131028262406404	0.0	0.0	0.0	-0.06379158136122064	0.0	0.0	0.0	-0.06633102611460562	0.130734598898
480	1450.0	nan	nan	1	1	5.0	5.0	5.0	1.145	-5.08219768353e-21	-8.34570975018e-18	1.40819227481e-19	0.936177045592	-6.21023381103e-18	1.13025958899e-19	3.78385499406e-19	0.933752678769	426573289.068	996.75873475	376447.290779	811.420686166	-13978.1027608	220569.353107	306949.520148	219982.733931	-14097.4201745	487982006.5623483	932.2935996473673	351188.8354799789	928.231337378374	-13074.072275247981	205769.8279616381	351137.4166967441	205755.40271360372	-13151.526642971916	487995628.551	0.13540463700620298	0.0	0.0	0.0	-0.06595066911788713	0.0	0.0	0.0	-0.06854367371030938	0.135109499971
490	1500.0	nan	nan	1	1	5.0	5.0	5.0	1.15	2.14511093892e-19	7.26325458315e-18	1.13820052287e-19	0.934165829926	-2.05793536678e-17	-3.22137217753e-20	3.80350880542e-19	0.931698592876	426781168.285	-34625.5694481	411464.330508	-28130.2783011	-13140.2513379	198997.256359	333314.582897	198459.761938	-13382.0612402	490349606.1448733	-32316.449820421687	383010.2306731764	-32320.242575648957	-12263.95059366385	185235.94734758648	382961.30802271643	185224.8220106643	-12456.648079709847	490362523.276	0.13976194237515863	0.0	0.0	0.0	-0.06810130841245025	0.0	0.0	0.0	-0.07074591480273766	0.139465394278
500	1550.0	nan	nan	1	1	5.0	5.0	5.0	1.155	-2.4786301619e-19	1.71947688293e-18	-1.47277853704e-19	0.932166537096	-6.63327382863e-18	7.69145620776e-20	5.72911909699e-19	0.929658824183	426886520.877	-72724.969142	452115.441224	-58706.753534	-14464.9349464	176027.353213	363864.235061	175536.087402	-15014.3053411	492601054.8547042	-67729.51496891337	419927.0461618885	-67744.01932047897	-13471.343330014008	163495.07169742428	419877.1740244137	163478.5713839806	-13945.360669371668	492615395.447	0.14410034397375687	0.0	0.0	0.0	-0.07024379238807693	0.0	0.0	0.0	-0.07293761586005988	0.143802442791
510	1600.0	nan	nan	1	1	5.0	5.0	5.0	1.16	3.77353178002e-19	4.06544050947e-18	-3.1763735522e-22	0.930179217551	-4.36404609315e-17	2.99419529409e-19	-6.63355837876e-19	0.927633176633	426916034.782	-112233.433806	489646.2557	-89999.381951	5695.78495871	150728.463219	391514.096871	150303.043631	4592.21035081	494765674.9441179	-104300.88381354288	453793.02521080716	-104302.95732105266	5293.212415047545	139691.71521947344	453737.31742690766	139679.77062589632	4255.956219902636	494761616.748	0.14842000511827322	0.0	0.0	0.0	-0.07237800435636675	0.0	0.0	0.0	-0.07511890814181846	0.148120761005
520	1650.0	nan	nan	1	1	5.0	5.0	5.0	1.165	-3.89741034855e-19	-1.83477924287e-18	4.10810979418e-19	0.928203913001	-2.83586630741e-17	-6.71852637128e-19	7.33123559461e-19	0.925621162818	426853761.344	-156017.105204	523881.674645	-124283.45265	19018.0555624	123658.931374	416227.153586	123304.445067	19198.770643	496823857.22228837	-144681.50400750322	484466.6506986714	-144656.06239490287	17636.276986863053	114355.26610533721	484455.3302614516	114345.61960227138	17754.322323354747	496806973.227	0.15272108701766393	0.0	0.0	0.0	-0.07450383649659571	0.0	0.0	0.0	-0.0772902394725152	0.152420573284
530	1700.0	nan	nan	1	1	5.0	5.0	5.0	1.17	-4.43315868769e-19	8.3564564807e-18	-4.45751088493e-20	0.926240632377	6.92295909659e-18	3.67473332765e-19	2.38839302888e-19	0.923622437892	426693631.398	-201296.713287	556611.889637	-159364.971096	-6422.64605678	97022.3490967	439336.795701	96727.1157067	-6715.19614445	498767167.4683695	-186275.76143293045	513621.0193980853	-186283.57532969513	-5943.382110442866	89528.6622065203	513545.9098334333	89509.24650114657	-6196.536497665981	498774159.133	0.1570037488096647	0.0	0.0	0.0	-0.07662121591609948	0.0	0.0	0.0	-0.0794519078471286	0.15670206304
540	1750.0	nan	nan	1	1	5.0	5.0	5.0	1.175	-5.00702350946e-19	-8.2471892305e-18	1.08102579893e-19	0.924289311177	5.56415943051e-18	-9.63301454155e-20	-7.49423153431e-19	0.921637154228	426491913.113	-245651.787763	589319.899378	-193196.656507	17890.3380048	70420.6008934	462230.00975	70212.273705	17938.1365967	500660000.8337616	-226841.27948680735	542631.8842698617	-226794.07330813058	16520.40557252376	64841.63082653928	542613.048340519	64835.848124525844	16517.013717050908	500644531.041	0.16126814759612232	0.0	0.0	0.0	-0.07873014901390922	0.0	0.0	0.0	-0.08160367493560002	0.160965256228
550	1800.0	nan	nan	1	1	5.0	5.0	5.0	1.18	3.63165376135e-19	-8.64799463323e-18	-1.21760986168e-19	0.92234960384	2.44676054726e-18	-2.1182110254e-19	6.39363464209e-19	0.919665013205	426199618.946	-293204.937518	625353.443336	-229167.171253	-887.205150002	41631.5389401	487446.578286	41510.9326845	-374.141041478	502444187.61619353	-270183.9876919259	574576.6496712586	-270163.81073560636	-817.5463461069367	38251.18486156445	574647.8625177597	38251.70687932491	-343.761929206234	502445976.272	0.16551443847757333	0.0	0.0	0.0	-0.08083094742621486	0.0	0.0	0.0	-0.08374579132692887	0.16521044333
560	1850.0	nan	nan	1	1	5.0	5.0	5.0	1.185	-6.43427402558e-19	-5.94373607e-18	1.93335270211e-19	0.920421703076	-2.24950774967e-18	-9.60290516725e-20	6.34100113971e-19	0.91770592713	425877290.779	-343066.326749	657778.083489	-266463.250153	20121.4410432	9749.28285804	509406.78754	9709.61507986	19920.4547229	504189846.3998788	-315468.6486974409	603078.9891535641	-315461.9137360171	18502.788880203134	8938.558152944688	603079.1862488127	8928.533376161955	18263.922133195818	504172841.45	0.16974277458709455	0.0	0.0	0.0	-0.0829233410511254	0.0	0.0	0.0	-0.08587828049871958	0.169437645995
570	1900.0	nan	nan	1	1	5.0	5.0	5.0	1.19	1.15196480827e-19	8.20774925889e-18	2.62791971886e-19	0.918505444617	-1.03955294825e-17	3.30796144405e-19	-7.10797954728e-19	0.915759402893	425467566.527	-395268.508753	688245.974498	-305127.876481	-11662.2126596	-21835.4289372	529619.620841	-21795.0323656	-11492.5671475	505828549.4314302	-362713.6228877106	629672.8725480663	-362759.4752082761	-10701.69596357538	-19977.127032576416	629652.5179280062	-19999.961988425643	-10514.493417845468	505840724.581	0.17395330712343798	0.0	0.0	0.0	-0.08500744661779676	0.0	0.0	0.0	-0.08800160940650438	0.173647161594
580	1950.0	nan	nan	1	1	5.0	5.0	5.0	1.195	-1.94182303158e-19	9.09210459539e-18	-3.19331421115e-19	0.916601159707	-1.03808652246e-17	-3.55111945691e-19	8.96523163303e-19	0.913825368118	425047827.299	-445683.824476	721935.967441	-341862.496415	20872.0984917	-53033.0941297	552086.644495	-52870.7878612	21298.1523051	507451088.13194805	-408127.4041032804	659098.5733425703	-408138.76617057127	19113.270232817777	-48417.08718950082	659118.6932359667	-48415.52737090361	19444.35854731314	507433592.828	0.17814618538347404	0.0	0.0	0.0	-0.08708284168098773	0.0	0.0	0.0	-0.09011578911113736	0.177838954942
590	2000.0	nan	nan	1	1	5.0	5.0	5.0	1.2	-1.11702469919e-19	1.00566633641e-17	-1.66230215899e-19	0.91470868959	2.00493757406e-17	-3.33905516327e-19	-1.96169190989e-19	0.911903194395	424544920.415	-494897.238257	752231.511401	-377240.660739	-4959.20289494	-87293.7271761	571691.143986	-87035.1835461	-4660.40544049	508969909.14497864	-452256.7392559493	685310.634924813	-452258.7259657545	-4531.916440821856	-79527.80319530626	685377.6258331194	-79536.20523269405	-4245.801143694297	508976303.678	0.1823215567939546	0.0	0.0	0.0	-0.08914963643053829	0.0	0.0	0.0	-0.09222144103845449	0.182013370933
600	2050.0	nan	nan	1	1	5.0	5.0	5.0	1.205	4.58774220057e-19	9.10263956767e-18	1.03867415157e-19	0.912828164549	6.56032311604e-18	-1.30491877533e-20	2.16141466879e-19	0.909992890737	424020154.414	-548672.238765	777913.084243	-415668.66309	-8739.04817585	-124841.87197	587431.058606	-124479.930184	-8895.99953354	510457358.7800988	-500366.1713855492	707220.755603007	-500403.4022434913	-7969.6470285182395	-113496.95076980798	707179.843976576	-113520.49854154524	-8087.5815555621575	510467630.641	0.18647956694261839	0.0	0.0	0.0	-0.09120762579524981	0.0	0.0	0.0	-0.09431849187868098	0.186170414368
610	2100.0	nan	nan	1	1	5.0	5.0	5.0	1.21	1.05984997525e-19	1.12182631721e-17	2.74544554029e-19	0.910959207422	-9.84606979756e-18	1.92603628959e-19	1.23313852332e-18	0.908094502913	423459121.522	-601848.625561	800549.158005	-453141.726439	-6642.12045483	-163499.97287	600747.248578	-163015.980784	-6876.17068222	511895740.42803377	-547735.4578398201	726279.3646453675	-547777.3598089287	-6044.9168342992325	-148331.49873204506	726209.3127564446	-148358.95452399217	-6238.243865899678	511904371.173	0.1906203596086497	0.0	0.0	0.0	-0.09325716052714965	0.0	0.0	0.0	-0.09640682769857563	0.190310257267
620	2150.0	nan	nan	1	1	5.0	5.0	5.0	1.215	8.34221573927e-19	3.29167591215e-18	8.47032947254e-21	0.909101441461	1.4106433764e-17	1.42562924212e-19	9.39918712599e-19	0.906208197373	422869443.619	-651614.812858	821738.177035	-487599.902965	563.594882526	-204404.071529	612792.058357	-203767.222311	-34.252553236	513293744.4977952	-591815.9750746812	743951.8703626364	-591865.84366963	511.8736535259048	-185055.04012534244	743828.4675777487	-185067.45853631073	-31.010182752568763	513296244.877	0.19474407679251185	0.0	0.0	0.0	-0.09529859426433722	0.0	0.0	0.0	-0.09848620091382669	0.194433026249
630	2200.0	nan	nan	1	1	5.0	5.0	5.0	1.22	1.25996150904e-19	-1.55168495003e-17	-1.6750076532e-19	0.907254678984	2.04095235619e-17	-3.98236179746e-19	-7.99302971549e-19	0.90433386689	422246993.847	-695723.068534	840708.848218	-517401.297885	11796.5340146	-245885.550541	623159.335611	-245104.054306	12035.6609536	514645944.0027653	-630591.0141736796	759550.3547748529	-630622.5580252848	10692.168600468629	-222148.7944884793	759523.2866379296	-222157.95504464838	10873.788906389907	514638145.401	0.19885085874516517	0.0	0.0	0.0	-0.09733207557627115	0.0	0.0	0.0	-0.10055666499148935	0.198538881627
640	2250.0	nan	nan	1	1	5.0	5.0	5.0	1.225	6.5592113853e-19	1.43274034841e-17	8.78796682776e-20	0.905418858754	-1.18577201077e-17	1.9934391018e-19	4.87894286341e-19	0.902471331961	421590258.536	-732263.635238	857057.307406	-541262.603153	10406.8937847	-285346.821357	631334.203274	-284431.108451	10236.5373567	515949999.4222712	-662365.8964860936	772723.7085092594	-662407.2405132214	9413.510653301742	-257268.97385387903	772638.539954939	-257280.92598295846	9229.272115424263	515943881.827	0.20294084399669038	0.0	0.0	0.0	-0.09935761500126807	0.0	0.0	0.0	-0.10261835441979046	0.202627964765
650	2300.0	nan	nan	1	1	5.0	5.0	5.0	1.23	-3.53318618123e-19	-1.10648972691e-17	-1.73218237714e-19	0.90359388678	-4.30176270175e-17	-2.96944605017e-19	1.03637789819e-18	0.900620514143	420907623.721	-764148.813717	864422.791579	-561401.562965	18333.5087121	-320405.656718	632846.299912	-319377.628591	18292.2062557	517215668.55361986	-689812.3997709198	777763.9575293063	-689856.0832636746	16550.02456837999	-288284.823134483	777648.1195732238	-288308.5656311632	16458.403073093144	517202539.662	0.20701416938432612	0.0	0.0	0.0	-0.10137525981622131	0.0	0.0	0.0	-0.104671293067403	0.206700390464
660	2350.0	nan	nan	1	1	5.0	5.0	5.0	1.235	2.20016808049e-19	6.93010593708e-18	6.04040370511e-19	0.901779604945	9.65125221969e-18	8.78862857225e-20	-1.36385539398e-19	0.898781309983	420196177.827	-793603.776167	867036.337197	-579525.795128	20731.6947471	-353766.869348	630942.898831	-352627.472282	20450.4803804	518438990.1958719	-714961.6303822163	778520.2842022284	-715020.2307226091	18677.287989433582	-317650.6818116901	778458.7690273402	-317683.8619871252	18362.683447952946	518423994.858	0.2110709700799406	0.0	0.0	0.0	-0.1033851291912393	0.0	0.0	0.0	-0.10671553329860721	0.21075630566
670	2400.0	nan	nan	1	1	5.0	5.0	5.0	1.24	5.1436075722e-19	1.01687893505e-17	-6.10181359378e-19	0.89997585732	1.78278200782e-17	5.07061715495e-20	-1.13942475018e-19	0.896953643404	419456999.574	-819250.247648	863466.696678	-594660.156484	20227.2346805	-385404.418649	624545.958156	-384139.348629	19763.9374409	519620873.23566836	-736588.4384835652	773736.433661462	-736661.5174010522	18186.320054127937	-345353.7253377709	773683.8733944534	-345379.9419396729	17710.096439692636	519606563.915	0.2151113796169455	0.0	0.0	0.0	-0.10538734121762908	0.0	0.0	0.0	-0.10875109785298073	0.214795845826
680	2450.0	nan	nan	1	1	5.0	5.0	5.0	1.245	-4.76667791067e-19	-7.70275880365e-18	6.35062952204e-19	0.898182467849	4.24347624707e-18	8.52790124318e-20	-4.31076904426e-19	0.895137394324	418681699.783	-847652.039459	853554.240803	-611572.041072	-1333.99260393	-414526.370726	613616.86367	-413156.186249	-2326.43901211	520750511.2218564	-760603.9206169267	763303.4045149027	-760664.851609952	-1197.000605662107	-370696.28959806164	763208.1736940517	-370727.8464034493	-2080.4522237148594	520755890.347	0.219135529916671	0.0	0.0	0.0	-0.10738203772519231	0.0	0.0	0.0	-0.11077805927805638	0.21881917003
690	2500.0	nan	nan	1	1	5.0	5.0	5.0	1.25	1.05455601933e-19	-8.20430818755e-18	-7.26330752271e-19	0.896399309152	5.0388931241e-18	1.60473038835e-19	1.6984863477e-18	0.893332693447	417903725.354	-876926.817652	839900.122251	-628894.704716	1396.26962997	-441621.032995	600223.679318	-440126.805963	954.780337876	521869001.8408803	-785308.1604062236	749576.7689027352	-785349.9069316507	1250.3916090498142	-394128.84725471435	749546.1595648756	-394143.69064652355	852.102698543334	521871784.675	0.22314355131420976	0.0	0.0	0.0	-0.10936930774731768	0.0	0.0	0.0	-0.11279621043627262	0.222826324312
700	2550.0	nan	nan	1	1	5.0	5.0	5.0	1.255	-6.92025917907e-19	1.62379921758e-17	-3.26742959403e-19	0.894626145383	-1.53375961528e-17	-3.05659779951e-19	-7.08443798705e-19	0.891539398679	417098725.765	-907120.85909	821561.635224	-646668.295208	-7398.60905152	-466177.229256	583596.639961	-464593.69469	-7536.42595602	522945869.02608895	-810738.6689599411	731736.7018809725	-810773.3078995276	-6612.501955474452	-415208.0301738882	731695.958757398	-415230.3079195107	-6712.435484556974	522956447.154	0.22713557258374711	0.0	0.0	0.0	-0.111349362630218	0.0	0.0	0.0	-0.11480564896055877	0.226817497009
