inc	time	elem	node	ip	grain	1_pos	2_pos	3_pos	1_f	2_f	3_f	4_f	5_f	6_f	7_f	8_f	9_f	1_p	2_p	3_p	4_p	5_p	6_p	7_p	8_p	9_p	1_Cauchy	2_Cauchy	3_Cauchy	4_Cauchy	5_Cauchy	6_Cauchy	7_Cauchy	8_Cauchy	9_Cauchy	Mises(Cauchy)	1_ln(V)	2_ln(V)	3_ln(V)	4_ln(V)	5_ln(V)	6_ln(V)	7_ln(V)	8_ln(V)	9_ln(V)	Mises(ln(V))
0	0.0	nan	nan	1	1	5.0	5.0	5.0	1.0	0.0	0.0	0.0	1.0	0.0	0.0	0.0	1.0	3.43151871498e-06	-8.52218384668e-07	5.72946619199e-07	-8.52218384668e-07	6.01556351293e-06	-7.02549274035e-07	5.72946619199e-07	-7.02549274035e-07	5.06039114345e-06	3.43151871498e-06	-8.52218384668e-07	5.72946619199e-07	-8.52218384668e-07	6.01556351293e-06	-7.02549274035e-07	5.72946619199e-07	-7.02549274035e-07	5.06039114345e-06	3.12502672611e-06	0.0	0.0	0.0	0.0	0.0	0.0	0.0	0.0	0.0	0.0
10	2.5	nan	nan	1	1	5.0	5.0	5.0	1.00025	3.8881883187e-21	3.26727940905e-20	2.37271588832e-22	0.999924605445	2.059477065e-20	6.884081401e-21	1.4654053851e-21	0.999929239987	56062150.099	340451.900102	-1279832.8045	340341.146436	7.74502421723	849321.760142	-1279422.38751	849325.696712	8.53836697858	56070344.736881845	340390.89446401736	-1279609.4018498592	340390.8943041501	7.743636384930003	849173.505829897	-1279609.4014426633	849173.5058857262	8.53687655435881	56136491.9774	0.0002499687552074404	0.0	0.0	0.0	-7.539739731193418e-05	0.0	0.0	0.0	-7.076251660759508e-05	0.00021538243199
20	5.0	nan	nan	1	1	5.0	5.0	5.0	1.0005	-5.46947330657e-21	1.75229475674e-19	4.65289094561e-23	0.999849179162	-5.57399302957e-20	1.85117851211e-21	-6.20338930505e-21	0.999858453882	112168308.533	681159.096134	-2560450.02415	680716.007489	-334.708453454	1698838.64147	-2558808.20256	1698854.39728	-319.050555886	112201110.0347197	680915.067675122	-2559556.473382759	680915.0700190702	-334.5885425718972	1698245.777497969	-2559556.477654404	1698245.7746795244	-318.93921301021186	112333696.903	0.0004998750416509929	0.0	0.0	0.0	-0.00015083221260606358	0.0	0.0	0.0	-0.00014155613659715835	0.000430746105356
30	7.5	nan	nan	1	1	5.0	5.0	5.0	1.00075	2.22000800749e-20	3.47101011652e-20	-7.80879177765e-21	0.999768266042	7.62916853829e-20	-6.89661835716e-22	-7.46684952959e-21	0.999784822157	163526689.611	1000968.22203	-3592444.28025	999986.306522	-1508.90086114	2572080.26305	-3588979.64961	2572122.82344	327.987176059	163599796.1327905	1000433.3295720578	-3590584.0265232907	1000433.3621120194	-1508.0945421454073	2570748.3782602935	-3590584.144995947	2570748.34514101	327.8173364403507	163788253.898	0.0007497188905459742	0.0	0.0	0.0	-0.00023176081246225485	0.0	0.0	0.0	-0.00021520099707335072	0.000648870304525
40	10.0	nan	nan	1	1	5.0	5.0	5.0	1.001	-1.61995051162e-20	-7.36869291768e-20	4.59498830273e-22	0.999654823008	5.0536082536e-21	3.07793905931e-21	2.33638456485e-21	0.999687612452	184168484.759	1013450.49087	-3068712.02275	1012088.54629	2287.63209295	3595361.57666	-3064688.53443	3595479.34081	2191.16592756	184289647.22433653	1012754.4246886376	-3066704.9323575296	1012754.3884592933	2286.0608831576646	3593010.0312479595	-3066704.7600551723	3593009.8648982793	2189.732795989194	184477287.08	0.0009995003330834232	0.0	0.0	0.0	-0.00034523657929061224	0.0	0.0	0.0	-0.00031243635115400624	0.00088576032398
50	12.5	nan	nan	1	1	5.0	5.0	5.0	1.00125	1.14630689288e-20	-7.69236869138e-20	1.02222980099e-20	0.999530721788	6.66228894637e-19	-5.88828519046e-21	-2.46274448136e-20	0.999581227476	194272309.443	811228.619629	-2240075.14416	809835.719793	-664.000290627	4709391.26368	-2236341.81137	4709629.20798	-1199.41462733	194444948.20988834	810555.2881005685	-2238328.9449826973	810555.3747991512	-663.449160748503	4705720.165783274	-2238329.1213153168	4705720.147382009	-1198.4796511793343	194660300.742	0.0012492194004318981	0.0	0.0	0.0	-0.00046938835748077247	0.0	0.0	0.0	-0.00041886023370146927	0.00112927266491
60	15.0	nan	nan	1	1	5.0	5.0	5.0	1.0015	6.74317635353e-21	-5.86994827649e-20	2.8529459327e-20	0.999402944762	-6.38742148171e-19	1.53355149664e-20	-5.18186002264e-21	0.999473550219	201676721.072	670103.665182	-1756738.03728	668700.348462	2128.96328663	5748361.19508	-1753183.10659	5748767.77735	1092.85494045	201903497.202234	669452.4482540344	-1755154.8013321892	669452.2710265097	2126.8943277460085	5743180.563766783	-1755154.4797776977	5743181.037437845	1091.8700199947327	202172972.689	0.0014988761237359487	0.0	0.0	0.0	-0.0005972335464554971	0.0	0.0	0.0	-0.0005265884043400486	0.00137446337327
70	17.5	nan	nan	1	1	5.0	5.0	5.0	1.00175	-1.50704035801e-20	5.28142826996e-19	7.53561538036e-22	0.999273377815	-1.39362769217e-19	-1.33159535009e-20	-4.66072331204e-20	0.999365130659	207694492.368	578895.042157	-1541560.65406	577463.781032	-2529.6712532	6611317.58882	-1537890.36016	6611924.95817	-3106.46564574	207977556.1060795	578250.8593442008	-1539986.6241432354	578250.7978402012	-2526.856285676231	6604567.0197479185	-1539986.3280845224	6604567.340454532	-3103.293749876598	208314218.23	0.001748470534116803	0.0	0.0	0.0	-0.0007268863028504022	0.0	0.0	0.0	-0.0006350709558773116	0.00162050003002
80	20.0	nan	nan	1	1	5.0	5.0	5.0	1.002	2.23504201512e-21	-3.60898901257e-19	2.74458527245e-21	0.999142985656	5.65415171808e-20	-7.79493650239e-21	3.2779138498e-20	0.999256055227	212868444.352	525963.79071	-1476045.43477	524463.839116	492.153930281	7289052.15821	-1472002.74345	7289877.28636	549.395154732	213209648.34599033	525304.7605152484	-1474362.78635357	525304.4952177281	491.5372636848398	7280742.852966155	-1474362.1970400272	7280743.103869491	548.7688604016714	213598944.447	0.001998002662673058	0.0	0.0	0.0	-0.0008573817907457612	0.0	0.0	0.0	-0.000744221637235392	0.00186701304573
90	22.5	nan	nan	1	1	5.0	5.0	5.0	1.00225	-1.48909053872e-20	-5.68858311107e-20	-2.56574882402e-20	0.999012173571	3.07028763864e-20	-2.53394372946e-20	1.26824365492e-20	0.999146443223	217492700.625	500027.163112	-1480808.00968	498411.505878	1417.69811367	7817158.38709	-1476221.88152	7818209.20667	1582.28007921	217893742.78307012	499330.8349177848	-1478944.6119940612	499330.54373697133	1415.7238545891732	7807321.544802614	-1478943.937053146	7807321.719148332	1580.2889925743032	218328200.123	0.00224747254047937	0.0	0.0	0.0	-0.0009883146510720345	0.0	0.0	0.0	-0.0008539212640072751	0.00211381823364
100	25.0	nan	nan	1	1	5.0	5.0	5.0	1.0025	-1.14878843471e-20	1.82534152567e-19	-4.23847345872e-21	0.998881124408	1.7041182069e-19	1.10064652306e-20	9.26959273942e-23	0.999036430269	221739685.118	486700.494738	-1520583.65053	484943.408523	-275.188129	8242047.22379	-1515329.69202	8243328.89097	-306.78603085	222202169.42706898	485955.0293504254	-1518490.6735028827	485954.8590313245	-274.76663112305204	8230702.622333977	-1518490.2277863093	8230702.81716681	-306.3637613388253	222676430.106	0.002496880198587146	0.0	0.0	0.0	-0.0011195020005873777	0.0	0.0	0.0	-0.000964034262742799	0.00236080585755
110	27.5	nan	nan	1	1	5.0	5.0	5.0	1.00275	2.68138867365e-20	-1.14678458968e-19	-3.35190127819e-20	0.9987499574	1.66635120809e-18	-1.32853478182e-20	-1.97883316014e-20	0.998926120916	225716751.091	480890.740429	-1577750.50309	478972.422986	38.6053999169	8592708.36529	-1571733.6312	8594224.92112	153.857280693	226242216.57761055	480087.4735517851	-1575392.896454694	480087.46418742114	38.54091450177152	8579868.422461534	-1575392.6054380604	8579869.360419638	153.62737428819025	226747605.445	0.0027462256680252286	0.0	0.0	0.0	-0.00125082455497013	0.0	0.0	0.0	-0.0010744561052812682	0.00260789934741
120	30.0	nan	nan	1	1	5.0	5.0	5.0	1.003	-3.21839432732e-20	8.1017501993e-19	-7.43800806808e-21	0.998618760967	1.22334201653e-18	-2.79049379645e-20	6.95997005232e-20	0.998815538784	229488810.644	481419.409474	-1639875.32212	479316.419597	44.1849542033	8888217.62357	-1633033.38428	8889970.14863	171.139369938	230078747.3289441	480548.6623137289	-1637231.8193823386	480548.5770116592	44.105036521052746	8873889.688205708	-1637231.3506140525	8873890.788077686	170.8634907983793	230610391.482	0.002995508979798371	0.0	0.0	0.0	-0.0013821938229298528	0.0	0.0	0.0	-0.0011851632445908583	0.00285505879004
130	32.5	nan	nan	1	1	5.0	5.0	5.0	1.00325	3.20052722609e-20	3.70973961118e-20	-2.58129981953e-20	0.998487572651	4.25495110332e-18	-5.11032182435e-21	2.68589680799e-20	0.998704729595	233099000.785	486936.969669	-1705402.57271	484625.257901	60.3407111102	9145107.33873	-1697675.76268	9147097.28812	137.908732379	233754855.8424153	485989.038346359	-1702452.8054931532	485988.8155536504	60.22324446947288	9129289.409137303	-1702452.3993496355	9129290.424869202	137.67019711219692	234309030.481	0.0032447301648890294	0.0	0.0	0.0	-0.001513572221745878	0.0	0.0	0.0	-0.001296109992784588	0.00310225583733
140	35.0	nan	nan	1	1	5.0	5.0	5.0	1.0035	-1.05713682284e-20	8.40961441558e-19	-2.12585417426e-20	0.998356399262	1.69368601181e-18	4.08709940662e-21	-5.56270690136e-20	0.998593741044	236575759.872	495855.226481	-1771516.52018	493313.594449	41.470918712	9372029.16094	-1762854.88583	9374257.99558	124.87798379	237298939.86838827	494821.63358304655	-1768244.1250968557	494821.58716830873	41.38447403065891	9354716.88538627	-1768243.6940099138	9354717.68225795	124.64730567015567	237872642.973	0.003493889254255838	0.0	0.0	0.0	-0.0016449529315404757	0.0	0.0	0.0	-0.0014072486660935979	0.00334947276921
150	37.5	nan	nan	1	1	5.0	5.0	5.0	1.00375	-1.50182912015e-20	8.92065900573e-19	-1.94222007827e-21	0.998225259671	-1.40535194338e-18	-2.29368912055e-20	1.01587498594e-19	0.998482595816	239940525.141	507617.326433	-1835360.41656	504823.346332	44.925339815	9575361.88252	-1825728.62078	9577831.00483	98.0867207513	240732402.70769998	506489.4223272462	-1831754.4167650242	506489.4187175289	44.8255176210008	9556548.81851707	-1831754.087035974	9556549.471769506	97.8940061805128	241323172.979	0.003742986278834297	0.0	0.0	0.0	-0.0017763170464032054	0.0	0.0	0.0	-0.001518556607671383	0.00359669549529
160	40.0	nan	nan	1	1	5.0	5.0	5.0	1.004	-6.42719335954e-21	-1.31823224729e-19	-9.95925457514e-21	0.998094146314	1.43871255108e-18	-4.2173803531e-21	-7.29945531547e-21	0.998371331262	243209280.625	521780.898904	-1897398.12771	518711.545351	61.2804517337	9759877.85463	-1886760.60923	9762588.77608	57.5373229855	244071198.14986038	520549.8938805652	-1893447.4063381385	520549.8245899193	61.13587659866981	9739556.047907455	-1893447.1634195957	9739556.511291606	57.41752001516979	244677064.811	0.003992021269537457	0.0	0.0	0.0	-0.001907672135969977	0.0	0.0	0.0	-0.0016299964607384041	0.00384391494354
170	42.5	nan	nan	1	1	5.0	5.0	5.0	1.00425	-7.73413872737e-21	-1.55622410364e-18	-1.40686878583e-20	0.997963026717	-2.86872109416e-18	1.6101897804e-20	-4.16932115951e-20	0.998260002299	246393432.476	536994.388233	-1958235.1864	533632.418663	49.4854165974	9929254.46733	-1946554.82225	9932209.78721	47.1238638277	247326701.64452085	535653.8569755616	-1953928.006938924	535653.6684936337	49.36188318773113	9907414.863383295	-1953927.8255893583	9907415.416976446	47.02021389851084	247946079.643	0.004240994257254614	0.0	0.0	0.0	-0.0020390507346994247	0.0	0.0	0.0	-0.001741513255295306	0.00409112562045
180	45.0	nan	nan	1	1	5.0	5.0	5.0	1.0045	-3.015404205e-20	8.07860154986e-19	-3.1631386624e-21	0.9978319042	-2.37299547537e-18	-1.51564303638e-20	-1.27520231183e-19	0.998148623658	249502060.97	552304.011129	-2017799.99039	548637.498893	39.9367475214	10086515.176	-2005041.52872	10089717.1938	52.4927866528	250507965.22831374	550849.6070624219	-2013125.216160776	550849.4116694377	39.83158049953553	10063147.061503021	-2013125.148566643	10063147.54117827	52.37117305014567	251139576.074	0.004489905272852001	0.0	0.0	0.0	-0.002170449522377871	0.0	0.0	0.0	-0.001853092257376629	0.00433832172621
190	47.5	nan	nan	1	1	5.0	5.0	5.0	1.00475	3.33304156022e-20	9.45427321888e-19	1.57826060875e-20	0.997700791635	3.01458715735e-18	5.07491849414e-20	-1.75914639715e-19	0.998037196533	252541684.997	567750.43601	-2075420.53097	563767.081985	35.2367141534	10233395.2872	-2061554.42209	10236846.2576	53.228390414	253621478.17092863	566177.6662351668	-2070369.0986988107	566177.5824408764	35.13910218262484	10208487.899792863	-2070369.015976477	10208488.371172443	53.098836135687534	254264217.805	0.00473875434717347	0.0	0.0	0.0	-0.0023018556030331145	0.0	0.0	0.0	-0.001964732290071992	0.00458549824495
200	50.0	nan	nan	1	1	5.0	5.0	5.0	1.005	-1.89060400805e-20	-3.17075865021e-18	2.16853669387e-20	0.997569701142	1.31930820247e-18	7.03897614058e-20	1.40078487242e-19	0.997925720047	255518168.619	583558.298955	-2131007.28453	579243.831974	26.2843697555	10371588.6642	-2116006.95422	10375290.5834	54.2243579605	256673078.81132495	581861.9684523949	-2125571.0310882577	581861.9417115727	26.207964401947734	10345130.479386931	-2125571.041234506	10345130.919967007	54.08603025288202	257326026.3	0.004987541511038968	0.0	0.0	0.0	-0.0024332568277417284	0.0	0.0	0.0	-0.0020764342512557135	0.00483265107613
210	100.0	nan	nan	1	1	5.0	5.0	5.0	1.01	-3.30210500531e-21	2.34558477782e-18	6.6055334996e-20	0.994951428991	-3.90785846687e-18	7.65208241061e-20	-2.02396206641e-19	0.995693844621	305265653.876	912088.132684	-2993056.03471	898504.988018	1928.46268033	12365881.8507	-2950665.62643	12375110.4007	-82.7981250552	308141534.6456231	906963.0810629447	-2978458.777178519	906969.724170404	1917.6265884745674	12305572.935703019	-2978463.5867471634	12305574.269982884	-82.39431518978816	308923943.307	0.009950330853168092	0.0	0.0	0.0	-0.005061358099462319	0.0	0.0	0.0	-0.004315453568641703	0.00976865490512
220	150.0	nan	nan	1	1	5.0	5.0	5.0	1.015	-9.48478377578e-20	-1.19038238464e-18	6.7987628907e-20	0.992344633068	6.66858943892e-18	-2.35051642863e-19	1.56920298104e-19	0.993465165035	343104728.004	1196590.97314	-3645707.378	1169873.62388	-2825.45065261	13801195.6151	-3568355.6925	13816777.4898	-1649.68282433	348025874.8970319	1186662.0030486668	-3619538.826908646	1186653.1068760196	-2802.005870178794	13702131.906708341	-3619536.574301122	13702129.816924084	-1637.8415532687163	348898735.429	0.014888612493750559	0.0	0.0	0.0	-0.007684819664032391	0.0	0.0	0.0	-0.0065562804786617555	0.0146872346287
230	200.0	nan	nan	1	1	5.0	5.0	5.0	1.02	-1.12106134058e-19	1.81524454553e-18	1.50321878358e-19	0.989750954676	1.09697232895e-18	-5.57321209514e-20	-8.57653946319e-20	0.991244627957	372778395.474	1473833.05594	-4237914.15939	1430119.58243	5950.73233258	14945204.9725	-4118452.44855	14967757.4976	5996.57693437	379965319.097313	1457697.048554707	-4197841.672891975	1457691.3525108804	5885.581764488591	14803887.45120388	-4197853.517800108	14803885.582426738	5939.87504301515	380901373.123	0.01980262729617973	0.0	0.0	0.0	-0.010301928433594041	0.0	0.0	0.0	-0.00879392551106882	0.0195863965318
240	250.0	nan	nan	1	1	5.0	5.0	5.0	1.025	4.44030552818e-20	-1.29625157687e-18	3.0969642134e-20	0.987170423605	1.48707800829e-18	2.08873030837e-19	4.38761412317e-19	0.989035633518	396459346.207	1730617.15979	-4780367.38513	1666742.19249	6749.72762743	15854340.2587	-4612651.26574	15884290.8595	6856.69735636	406064091.7139523	1707124.5240733258	-4724384.915860838	1707121.1991592178	6658.10199466603	15668671.450257283	-4724398.767580005	15668666.12894133	6776.399166259723	407056280.312	0.024692612590371414	0.0	0.0	0.0	-0.012912586161303597	0.0	0.0	0.0	-0.011024918162175585	0.024465196444
250	300.0	nan	nan	1	1	5.0	5.0	5.0	1.03	3.61961001163e-19	-4.94519672175e-18	-1.5484821067e-19	0.984603853064	3.62190130193e-19	-2.07430427849e-19	1.02031074197e-19	0.986839628742	415617000.509	1947125.98533	-5274241.1346	1861305.11924	6578.88303768	16590078.5844	-5053245.48864	16627749.5566	6555.72309986	427745246.09332776	1915623.8997010547	-5200693.095849438	1915620.4277232015	6472.444862463169	16358733.882581988	-5200705.775897415	16358733.173327863	6464.305099756935	428783671.681	0.02955880224154443	0.0	0.0	0.0	-0.015515898336423571	0.0	0.0	0.0	-0.01324773629460995	0.0293230017134
260	350.0	nan	nan	1	1	5.0	5.0	5.0	1.035	-1.04595334096e-19	1.64221159627e-18	1.33804735887e-19	0.982052544706	2.06060633298e-17	3.89767504635e-20	-6.2152696866e-19	0.984656818312	431315253.241	2124191.55648	-5715695.07046	2015525.49879	7016.0502696	17200132.7094	-5437698.05114	17245739.2322	5920.22242432	446041429.649811	2084339.389724108	-5623335.254174083	2084340.5565200683	6884.421460296945	16922196.066953164	-5623354.598542909	16922190.221935995	5824.557654114193	447117735.703	0.03440142671733232	0.0	0.0	0.0	-0.018110464211914666	0.0	0.0	0.0	-0.015462106323225025	0.0341593794367
270	400.0	nan	nan	1	1	5.0	5.0	5.0	1.04	-2.78726779206e-20	-4.08684132627e-18	2.99134979279e-19	0.979517451975	-6.8664990567e-18	4.70632681318e-20	-2.75116963013e-19	0.982487251168	444310125.556	2244730.19152	-6086384.34634	2114180.03058	10043.1564057	17709324.0989	-5749810.95436	17763020.3997	9779.68849591	461686428.9150381	2196867.6055156295	-5974669.087224089	2196862.4441779507	9829.014216567712	17384270.402337782	-5974677.446599073	17384273.72680818	9600.182836683845	462788932.557	0.03922071315328133	0.0	0.0	0.0	-0.02069522452808894	0.0	0.0	0.0	-0.01766791123334145	0.0389740648769
280	450.0	nan	nan	1	1	5.0	5.0	5.0	1.045	1.60962729758e-19	6.11848955493e-19	-7.14684049246e-22	0.976999634895	1.69111054362e-17	-5.00675881166e-19	5.83835656869e-19	0.980330405186	455153399.843	2324838.40837	-6414046.787	2173609.42884	-9331.35315275	18134888.7591	-6017144.97483	18196707.214	-10021.1758032	475215849.7166334	2269363.2043517632	-6282339.927353863	2269418.7323099985	-9108.688765387835	17762504.626615327	-6282371.3127669515	17762498.091541238	-9815.399693540727	476360651.906	0.04401688541677426	0.0	0.0	0.0	-0.023269000639526298	0.0	0.0	0.0	-0.019865615990205386	0.0437669268219
290	500.0	nan	nan	1	1	5.0	5.0	5.0	1.05	-3.06731806024e-19	-9.26945211872e-18	3.76400265936e-19	0.974499624406	1.13914747924e-17	2.37010406554e-19	-1.17292556499e-19	0.978186335814	464283585.996	2372130.02455	-6709498.25224	2201613.0778	-4605.36021115	18481201.8347	-6250657.07336	18551110.2103	-6408.92797492	487057305.8863423	2309551.226834922	-6557209.644243474	2309605.0918471296	-4483.866911003523	18061725.385686886	-6557260.015210531	18061716.222101267	-6263.461550552919	488214835.424	0.04879016416943205	0.0	0.0	0.0	-0.025831145456863408	0.0	0.0	0.0	-0.022055099678184774	0.0485378426973
300	550.0	nan	nan	1	1	5.0	5.0	5.0	1.055	-1.55364371372e-19	7.10369475171e-18	3.29231118686e-19	0.97201800195	1.45877602363e-18	-1.93282330652e-19	2.63720482123e-19	0.976054523199	472004384.366	2390202.41011	-6974828.19744	2202245.38587	-8610.10891664	18752621.4885	-6452946.75672	18830478.0639	-9445.08080588	497505224.88152176	2321176.376603044	-6801532.017196714	2321225.442456864	-8361.459821456781	18286694.933535106	-6801578.192250631	18286677.587298967	-9210.40887140153	498676595.619	0.05354076692802976	0.0	0.0	0.0	-0.028380954168509203	0.0	0.0	0.0	-0.024236830195973898	0.0532868480027
310	600.0	nan	nan	1	1	5.0	5.0	5.0	1.06	1.43254447204e-19	1.36843466585e-18	-4.28969248225e-19	0.969554817294	3.29593754666e-18	-2.59059732962e-19	1.39447762025e-18	0.973935011035	478566552.146	2381730.3301	-7202742.50078	2178568.28275	-8366.16095152	18963361.7133	-6617969.09931	19049010.3895	-9223.02415462	506803954.65017396	2307048.602110444	-7008412.493932254	2307112.806405032	-8103.830935143976	18451730.17695078	-7008456.600744055	18451708.08604437	-8974.186944775227	507979944.363	0.058268908123975824	0.0	0.0	0.0	-0.030918264078364677	0.0	0.0	0.0	-0.026410701349099917	0.05801399461
320	650.0	nan	nan	1	1	5.0	5.0	5.0	1.065	-4.16250519126e-19	-5.07322442824e-18	-1.73006479477e-19	0.967109468377	7.11948397524e-18	1.97729253625e-20	-6.0926567044e-19	0.971828376686	484164048.957	2347394.22733	-7391472.29209	2131707.78502	-5592.9109463	19117051.6542	-6744828.8041	19210307.3599	-5460.90431116	515142435.67186946	2268019.8355267844	-7176384.67720188	2268101.3653977783	-5403.793200501769	18560756.388317022	-7176384.834476714	18560733.27247487	-5301.995119999731	516314518.101	0.06297479916138839	0.0	0.0	0.0	-0.03344358582322528	0.0	0.0	0.0	-0.0285760573069941	0.0627194053206
330	700.0	nan	nan	1	1	5.0	5.0	5.0	1.07	-1.00652660424e-18	-4.47270453842e-18	6.37127595013e-19	0.964681739896	-2.46177155927e-17	-1.26295259414e-18	-2.78295321798e-18	0.969734705782	488943862.99	2292863.77357	-7557736.45748	2067244.15551	-7779.37161241	19218840.0286	-6849484.81649	19319489.2406	-7129.39631833	522663295.6731288	2209741.8263039575	-7321901.937534422	2209809.192966532	-7497.350271071521	18619127.94052237	-7321851.400194254	18619110.271567885	-6906.927889099349	523831979.77	0.06765864847381486	0.0	0.0	0.0	-0.035957035256772546	0.0	0.0	0.0	-0.03073274408624802	0.0674032133476
340	750.0	nan	nan	1	1	5.0	5.0	5.0	1.075	-4.1205505906e-19	-1.08136196513e-17	4.43633506124e-20	0.962271449303	7.17225148088e-18	7.98513841244e-19	2.02397199257e-18	0.967654056102	493032042.412	2228297.92501	-7704666.72945	1994683.04088	-8508.9097565	19276906.9911	-6935252.28121	19384714.754	-7389.92691675	529489586.72633106	2142124.3118941397	-7448139.344194605	2142181.0513544553	-8179.84985424684	18635081.105583552	-7448083.589569453	18635061.446502976	-7143.8788142491485	530649906.678	0.07232066157962608	0.0	0.0	0.0	-0.03845869628677444	0.0	0.0	0.0	-0.032880635640950284	0.0720655470569
350	800.0	nan	nan	1	1	5.0	5.0	5.0	1.08	2.27851862811e-19	-2.05856270056e-17	5.28019163495e-19	0.959878603512	-2.85298563736e-17	8.27710008145e-20	1.56924268571e-18	0.965586240452	496523873.893	2156371.37084	-7837051.38205	1916585.31255	-8127.61286505	19302983.4603	-7006752.38588	19417748.3112	-6090.38680364	535713703.40784764	2067800.963330359	-7559840.412009959	2067858.3038375883	-7793.780764850822	18620201.31318373	-7559784.064502897	18620187.230534807	-5874.958583069279	536862095.463	0.0769610411361284	0.0	0.0	0.0	-0.04094845719132136	0.0	0.0	0.0	-0.035019859039366136	0.0767065404657
360	850.0	nan	nan	1	1	5.0	5.0	5.0	1.085	5.90395199126e-19	1.63312452093e-17	5.64441580227e-19	0.95750339844	-3.68801851004e-17	-6.38874600467e-19	6.22668477905e-20	0.963530898809	499505847.78	2065213.39839	-7948950.74717	1822510.21484	7055.29457274	19302937.0779	-7058992.72573	19424442.3561	8272.35975808	541420388.9980246	1975465.9548003825	-7651379.513356065	1975440.7157734479	6748.6944644072655	18580326.1339904	-7651327.015459194	18580319.39719759	7962.681615887339	542541329.936	0.08157998699242285	0.0	0.0	0.0	-0.043426008649038714	0.0	0.0	0.0	-0.037150722302019205	0.0813263104818
370	900.0	nan	nan	1	1	5.0	5.0	5.0	1.09	1.44735431373e-18	-2.13755646382e-17	-5.15948943996e-19	0.955145405623	1.13676056686e-17	3.10940500981e-19	-1.57777753527e-18	0.961488054122	502027782.637	1966303.19981	-8051191.54244	1723109.06074	-6137.69074098	19285688.467	-7101887.50716	19413726.6995	-4499.78311582	546656313.4685712	1876204.1629120933	-7733287.744080627	1876287.4873192282	-5856.452311121696	18524187.06868936	-7733220.705316512	18524159.882748067	-4322.107782079429	547775588.014	0.08617769624105241	0.0	0.0	0.0	-0.04589169289449922	0.0	0.0	0.0	-0.03927313824057217	0.0859250845336
380	950.0	nan	nan	1	1	5.0	5.0	5.0	1.095	-2.56756862136e-21	-7.87094778324e-18	1.1233774463e-19	0.95280508787	8.98469022976e-18	2.49265914509e-19	-9.25969138749e-19	0.959457156132	504156122.44	1866795.08896	-8139066.17844	1624441.74333	-7011.59620871	19254577.8916	-7131623.01729	19388967.6844	-6250.40994132	551487142.48676	1776875.2745076383	-7801109.84280808	1776947.0513013343	-6673.861535080848	18455075.043764483	-7801151.714796714	18455039.591855373	-5990.875789163672	552592856.807	0.09075436326846412	0.0	0.0	0.0	-0.0483449210413664	0.0	0.0	0.0	-0.041387616816891064	0.0905029378019
390	1000.0	nan	nan	1	1	5.0	5.0	5.0	1.1	8.27260021892e-19	5.39877624756e-19	8.04681299892e-20	0.950482123188	5.38828892088e-17	7.07272510957e-20	-3.85060516077e-18	0.957438224586	505933683.616	1776741.70605	-8217592.53738	1535348.02864	-9228.02308862	19207440.6959	-7152619.24969	19347965.3236	-8539.82467988	555954025.616563	1687022.4013368108	-7859736.115066126	1687143.878510222	-8762.0398719426	18371002.77591618	-7859780.035096123	18370960.06136217	-8167.935821527902	557046349.933	0.09531017980432493	0.0	0.0	0.0	-0.050785925028523145	0.0	0.0	0.0	-0.043494077412328296	0.0950600567015
400	1050.0	nan	nan	1	1	5.0	5.0	5.0	1.105	5.24498682808e-19	1.6877978507e-17	1.25466755312e-19	0.948176141982	2.44627879727e-17	1.58024584222e-19	-1.20046075322e-18	0.955431376881	507402587.197	1694869.42449	-8289498.48291	1454429.56977	-9364.15846758	19145520.5298	-7167479.46048	19291975.3756	-7545.41007817	560098170.7290891	1605367.5029058584	-7911830.14385677	1605477.3113842919	-8869.66009221412	18273253.413314473	-7911847.979983857	18273213.19703884	-7201.642298059689	561173965.299	0.09984533496971612	0.0	0.0	0.0	-0.05321499020801799	0.0	0.0	0.0	-0.04559233694842551	0.0995966135069
410	1100.0	nan	nan	1	1	5.0	5.0	5.0	1.11	3.29231118686e-19	3.79543287566e-17	-4.38445429323e-19	0.945886850997	-5.1231067279e-17	-4.15654949085e-19	2.01032682119e-18	0.953436677175	508603304.389	1610369.88723	-8357903.94351	1372197.47674	8574.69641883	19070825.2957	-7178968.00768	19223059.4176	8735.15930013	563959782.8690407	1521636.115874849	-7960405.8185340315	1521547.7059579901	8102.217917149475	18163825.48474005	-7960328.224172202	18163840.307360772	8319.719081310075	565002830.064	0.10436001532424286	0.0	0.0	0.0	-0.055632324909426815	0.0	0.0	0.0	-0.04768226708037066	0.104112767913
420	1150.0	nan	nan	1	1	5.0	5.0	5.0	1.115	9.11857437499e-19	3.66278222216e-18	-2.08475984143e-19	0.943613811217	6.05655027066e-19	-1.47563727324e-18	-2.66583767814e-18	0.951454124607	509547682.751	1518296.86078	-8411385.51223	1285000.94391	-3947.98384493	18978951.3515	-7177688.20912	19136643.8423	-4292.81877839	567548119.3812293	1431179.0607801995	-7994630.23861106	1431269.1310493331	-3721.45392453724	18038609.471794862	-7994705.073718413	18038609.357749704	-4080.1243463035316	568585401.878	0.10885440491208208	0.0	0.0	0.0	-0.05803829482724601	0.0	0.0	0.0	-0.049763807168631734	0.108608755096
430	1200.0	nan	nan	1	1	5.0	5.0	5.0	1.12	9.24854099283e-19	3.05424198912e-17	7.06848994484e-19	0.941357109956	2.58386606467e-17	4.2198122641e-19	-4.59846907875e-18	0.949483515977	510277957.79	1415445.16253	-8456441.37567	1189748.89963	-7262.44117037	18867247.4826	-7169020.40657	19030119.4749	-6852.72738312	570906479.7979776	1331029.2410785928	-8020754.297773941	1331108.5571342935	-6829.315479871115	17895181.863214742	-8020805.408959313	17895179.65997092	-6499.665777589441	571927307.24	0.11332868530700327	0.0	0.0	0.0	-0.060432710904261805	0.0	0.0	0.0	-0.05183710962088534	0.113084675245
440	1250.0	nan	nan	1	1	5.0	5.0	5.0	1.125	-2.39392686718e-19	-4.62067060639e-18	-4.51045044413e-19	0.939116503493	4.48704586501e-17	-6.2336330962e-19	-4.40179861631e-18	0.947524836603	510817217.091	1324678.22348	-8486697.98165	1105814.91722	5498.15825271	18745987.8317	-7147808.20127	18913803.6463	5715.89794925	574057574.277056	1242702.7859511366	-8032796.262429513	1242717.370792162	5157.914168993074	17743379.26430514	-8032723.448097335	17743355.380631916	5410.1894261396155	575046712.748	0.11778303565638346	0.0	0.0	0.0	-0.06281573559262364	0.0	0.0	0.0	-0.05390212959548959	0.11754069226
450	1300.0	nan	nan	1	1	5.0	5.0	5.0	1.13	-1.56928735347e-18	1.96338002009e-17	-5.87099711566e-19	0.936891538061	-8.68820222844e-18	4.82967598613e-19	1.12443623748e-18	0.945578085847	511166031.222	1247742.7578	-8514195.30938	1034600.09226	-9728.44972539	18622246.9555	-7124656.70198	18794865.759	-9116.38165112	576999279.1140251	1167748.2244180576	-8042218.131342541	1167846.5917976114	-9104.745206612264	17589938.528526228	-8042243.674036293	17589900.627390366	-8611.02278521896	577983329.916	0.12221763272424911	0.0	0.0	0.0	-0.06518775791443095	0.0	0.0	0.0	-0.055958807464537935	0.121977045022
460	1350.0	nan	nan	1	1	5.0	5.0	5.0	1.135	-7.8617892395e-19	-2.2800697572e-17	1.73535875069e-19	0.934682137672	-2.58912560987e-17	2.77879746259e-19	1.3764153044e-18	0.943643231691	511360241.445	1194537.78895	-8540113.81739	983780.283226	-9654.6916346	18492308.1768	-7100261.97079	18669567.1632	-8717.84277763	579769261.4518231	1115311.556712032	-8050147.800266493	1115388.960676853	-9014.356227295248	17431361.826605313	-8050124.56049957	17431331.35556249	-8217.680040341105	580734094.773	0.126632650933366	0.0	0.0	0.0	-0.06754876720194332	0.0	0.0	0.0	-0.05800711680185449	0.126393837816
470	1400.0	nan	nan	1	1	5.0	5.0	5.0	1.14	-1.05429132154e-19	6.14400642247e-18	-1.04407398661e-18	0.932488041263	-3.12213167984e-17	2.88520597658e-21	-2.9004327173e-18	0.941720207414	511407812.147	1158473.26687	-8562732.79135	947658.405676	-5061.31421718	18356385.4937	-7073390.28728	18538058.7948	-4550.95033665	582374294.621476	1079093.9942256738	-8054976.345912022	1079162.0355401149	-4714.509976915599	17267881.008451328	-8054942.809424689	17267820.054337025	-4281.0862146916415	583316153.145	0.131028262406404	0.0	0.0	0.0	-0.0698989519292409	0.0	0.0	0.0	-0.06004706825523097	0.13079125613
480	1450.0	nan	nan	1	1	5.0	5.0	5.0	1.145	-6.76646975958e-19	-1.22505845766e-17	-4.13457957379e-19	0.930308903956	-8.0146522167e-17	-1.05752063465e-18	1.44065745949e-18	0.939809107403	511328752.02	1132143.7215	-8577093.68698	919763.69125	10401.818638	18211872.0816	-7039974.48983	18397797.3816	9814.58089289	584835042.2695105	1052098.5606349423	-8052069.033370655	1051984.7263138352	9666.386174472867	17097079.334759146	-8052009.127339204	17097030.859641314	9213.806653775386	585743748.76	0.13540463700620298	0.0	0.0	0.0	-0.07223859319462819	0.0	0.0	0.0	-0.06207850157191141	0.135169464445
490	1500.0	nan	nan	1	1	5.0	5.0	5.0	1.15	-1.00847213305e-18	2.69224128329e-17	-2.43056104215e-18	0.928144610213	3.54149769203e-17	-2.22102626682e-18	-7.64797959477e-19	0.937909631325	511110486.765	1118168.41296	-8580587.02495	902429.052388	-4190.0404112	18068420.3948	-6997987.72579	18258423.8148	-2677.45163713	587135241.9563513	1036688.7455052979	-8039027.474375292	1036660.2011550674	-3884.716905930085	16928040.884616103	-8038898.2871298995	16927953.124129448	-2508.465587449081	588037682.571	0.13976194237515863	0.0	0.0	0.0	-0.07456772836526052	0.0	0.0	0.0	-0.06410167648809108	0.139528667781
500	1550.0	nan	nan	1	1	5.0	5.0	5.0	1.155	7.0645194779e-19	-1.26003562442e-17	9.24536461928e-19	0.925995178679	-6.22741799195e-17	3.08478811478e-18	3.28486656135e-18	0.936021679284	510791747.177	1119596.34555	-8581000.15618	897490.650187	7845.98244242	17922029.3651	-6954033.20058	18116145.5814	6600.28371115	589317365.5279357	1035603.668994257	-8023192.27542485	1035464.704504867	7257.372924204985	16757007.918062951	-8023098.548887707	16757063.29937647	6171.232294964272	590191297.763	0.14410034397375687	0.0	0.0	0.0	-0.07688625095966324	0.0	0.0	0.0	-0.06611664114456596	0.143868953077
510	1600.0	nan	nan	1	1	5.0	5.0	5.0	1.16	9.27448137684e-19	2.88272840521e-17	-1.88517770323e-18	0.923860502886	3.44357009541e-17	-1.30083084875e-18	1.70092156743e-18	0.934145003683	510371428.15	1129894.69972	-8574080.15949	899799.832488	7207.00883953	17768483.707	-6904546.98035	17966268.2552	7056.87082535	591378672.1131623	1042715.1578081702	-8000610.904204353	1042617.985166691	6650.936022001309	16580055.45236906	-8000451.435111019	16580040.815827547	6584.87868373456	592233811.464	0.14842000511827322	0.0	0.0	0.0	-0.0791941896403044	0.0	0.0	0.0	-0.06812360260742767	0.148190503219
520	1650.0	nan	nan	1	1	5.0	5.0	5.0	1.165	-1.55112908466e-20	1.76309907971e-18	-5.76511799725e-19	0.921740721957	-3.6764088647e-17	9.76734867303e-19	4.50416387147e-19	0.932279182973	509854624.351	1143296.99802	-8567565.62063	904577.549143	1513.84502628	17612791.8522	-6856083.06326	17814133.1029	1909.79342329	593323569.7470831	1052657.6498485373	-7978527.371912065	1052667.0837864284	1393.8290316145706	16401875.1779615	-7978501.092843841	16401847.917613188	1778.4910880316636	594165241.121	0.15272108701766393	0.0	0.0	0.0	-0.08149130760121112	0.0	0.0	0.0	-0.07012295660731441	0.152493462866
530	1700.0	nan	nan	1	1	5.0	5.0	5.0	1.17	-7.01872675919e-19	2.41666440786e-17	-1.4564731528e-18	0.919635963635	-6.55618853647e-17	1.63371479702e-19	-3.45441211714e-18	0.930423910619	509260223.1	1166338.42369	-8569940.02891	916680.54577	9940.07470241	17456759.3441	-6814964.36152	17661556.3846	9087.00325585	595172623.7910889	1071415.3368383283	-7964820.164809914	1071324.9157436078	9131.096317469914	16224144.902657608	-7964651.539832036	16224161.014114741	8445.37377458082	595989442.126	0.1570037488096647	0.0	0.0	0.0	-0.08377737894675719	0.0	0.0	0.0	-0.07211497881835108	0.156777942333
540	1750.0	nan	nan	1	1	5.0	5.0	5.0	1.175	-4.6331114028e-18	-1.87204869255e-18	-1.29754859608e-18	0.917545564688	-3.26488849519e-18	-8.60426655733e-19	1.21646504371e-18	0.928579512145	508586378.114	1195275.24062	-8571102.8253	933357.644073	5540.98723557	17300010.2204	-6773462.45156	17507979.1906	6224.93533675	596922551.103861	1095496.4121296133	-7950074.499548612	1095472.1753626298	5078.438362928209	16046519.67179246	-7949942.547389883	16046453.348262649	5773.901059261097	597725464.902	0.16126814759612232	0.0	0.0	0.0	-0.08605303850123104	0.0	0.0	0.0	-0.07409926680469021	0.16104414958
550	1800.0	nan	nan	1	1	5.0	5.0	5.0	1.18	1.1602233795e-18	-9.41524766476e-18	6.49144874952e-19	0.915469121585	-7.89453235687e-17	-1.00151058101e-18	2.22801428863e-18	0.926746163087	507842571.619	1223091.41465	-8569294.11994	948789.548258	10799.4312387	17144913.8062	-6729973.97429	17356200.9552	9632.1453565	598583315.3302047	1118448.8151057716	-7932669.152611964	1118318.2054556073	9875.47694968902	15871193.936284918	-7932478.2102725655	15871276.799564516	8916.559669154814	599365460.081	0.16551443847757333	0.0	0.0	0.0	-0.08831864390717026	0.0	0.0	0.0	-0.07607557714114467	0.16529224089
560	1850.0	nan	nan	1	1	5.0	5.0	5.0	1.185	-7.77205668665e-19	2.44936517358e-17	-7.91552289209e-19	0.91340601606	-7.36392974288e-17	1.48082535004e-18	-8.21079328355e-19	0.924924189691	507032227.67	1261895.97376	-8564697.74016	972739.634877	-6282.52125751	16994578.0693	-6685047.20261	17208789.7662	-5598.53325271	600157944.0878309	1151327.9995983313	-7912793.328039693	1151401.0107075288	-5732.0435140878335	15701030.910764469	-7912878.050544299	15700946.757117955	-5172.399296840179	600938833.2	0.16974277458709455	0.0	0.0	0.0	-0.09057479180668439	0.0	0.0	0.0	-0.07804350191918905	0.169522405877
570	1900.0	nan	nan	1	1	5.0	5.0	5.0	1.19	-4.55068450912e-19	-2.13083843376e-17	3.57977299333e-19	0.911356455526	-1.15989303665e-16	1.81153877638e-18	-1.77875595434e-18	0.923113294497	506180426.648	1301855.66244	-8568723.81999	997142.336055	13092.0217829	16845900.3024	-6647116.36283	17063256.0401	16291.6608314	601675139.981375	1185116.0215255173	-7900979.0389168	1185260.6759219058	11918.037626378095	15533130.484429585	-7901144.448754893	15533164.463573191	15022.081869150863	602421858.348	0.17395330712343798	0.0	0.0	0.0	-0.09282117886012034	0.0	0.0	0.0	-0.08000330607803928	0.173734718352
580	1950.0	nan	nan	1	1	5.0	5.0	5.0	1.195	-3.14386866285e-18	1.31204344739e-17	-8.28504101533e-19	0.909320494299	1.01073847557e-16	1.24550900938e-18	-5.05473528719e-19	0.921312991933	505264694.637	1340259.47026	-8586754.58476	1019847.52618	9097.65040401	16691220.4829	-6620061.44165	16911275.2395	10365.5401795	603107568.0375533	1217345.3016281119	-7902129.9258355815	1217337.700045376	8263.3118593301	15360424.194577167	-7902014.921507908	15360355.150746651	9539.092382499635	603844020.14	0.17814618538347404	0.0	0.0	0.0	-0.09505766795922448	0.0	0.0	0.0	-0.08195546122674659	0.177929374173
590	2000.0	nan	nan	1	1	5.0	5.0	5.0	1.2	1.65494356026e-18	-4.12081528839e-19	-3.70047518832e-19	0.907298003858	-9.95550116039e-17	1.94923456987e-18	-4.18091492298e-18	0.919523186697	504295586.306	1383961.45185	-8621848.56145	1046501.25433	-1324.7118349	16534938.8329	-6606727.45881	16757660.982	-451.515165667	604466903.5569553	1254238.3123776899	-7918978.958023618	1254374.200272073	-1200.5423517923862	15186978.958943995	-7919062.149491746	15186911.746252285	-414.7067848225938	605199137.723	0.1823215567939546	0.0	0.0	0.0	-0.09728432289935161	0.0	0.0	0.0	-0.08390001861948002	0.182106510211
600	2050.0	nan	nan	1	1	5.0	5.0	5.0	1.205	2.10874146175e-18	1.1550353027e-17	1.98099830539e-18	0.90528886988	-6.75267371045e-17	8.21198442363e-19	-3.1265441921e-19	0.917743874333	503290128.694	1424096.1287	-8664681.3608	1069999.20592	1746.07566924	16380001.3918	-6599235.03767	16605225.3574	2309.80397995	605772755.4196388	1287747.6456085448	-7942886.715680469	1287878.1647256878	1578.8996169585619	15015496.824426029	-7943006.5572808795	15015376.720608825	2117.3901940782653	606489100.244	0.18647956694261839	0.0	0.0	0.0	-0.09950119297596564	0.0	0.0	0.0	-0.08583693128505528	0.186266226615
610	2100.0	nan	nan	1	1	5.0	5.0	5.0	1.21	-9.82081762782e-19	1.43640905987e-17	-2.23828456312e-18	0.90329282809	3.41653915649e-17	-2.19434472898e-19	-1.90391830719e-18	0.915974994217	502242582.229	1458375.22378	-8712172.88347	1088821.09456	874.662502275	16225077.3193	-6595262.42215	16452740.4097	1237.3881755	607017695.2489604	1315831.5320755737	-7970995.2907801	1315965.0231666453	789.1717314254039	14844748.449616624	-7971130.160425506	14844625.900887558	1132.1188699653958	607722155.749	0.1906203596086497	0.0	0.0	0.0	-0.10170849453460007	0.0	0.0	0.0	-0.08776621357036672	0.190408700951
620	2150.0	nan	nan	1	1	5.0	5.0	5.0	1.215	-1.918953142e-18	1.28498074472e-17	3.85505870119e-19	0.901309652288	-1.86275250595e-17	-9.94946075669e-19	-3.12794709042e-18	0.914216576699	501161754.817	1485559.83599	-8754898.30443	1102065.39241	2725.5310091	16069532.4723	-6587519.99046	16299576.9751	2116.85678197	608211752.1216232	1337410.657110545	-7994674.858438496	1337470.6206682662	2453.7242657923407	14674149.57614657	-7994638.531419689	14674082.742931087	1933.041493487916	608902263.295	0.19474407679251185	0.0	0.0	0.0	-0.10390640418165498	0.0	0.0	0.0	-0.08968778078443462	0.194534064793
630	2200.0	nan	nan	1	1	5.0	5.0	5.0	1.22	2.46804225006e-19	3.92582830393e-17	-1.01654541582e-18	0.89933908285	8.79626775065e-17	-2.68398271205e-18	3.15896967212e-19	0.912468704386	500057576.936	1508569.62328	-8795181.64245	1112030.6896	16207.714886	15911808.2833	-6577990.31734	16144008.3719	16837.4089126	609366488.5561233	1355150.5625942776	-8016070.265567601	1355112.4265334825	14559.416819210363	14502278.456143718	-8015890.662020049	14502189.153285382	15345.885783877744	610031569.379	0.19885085874516517	0.0	0.0	0.0	-0.10609513781550908	0.0	0.0	0.0	-0.09160149067691846	0.198642444782
640	2250.0	nan	nan	1	1	5.0	5.0	5.0	1.225	-2.49610021644e-18	-3.15926348667e-17	-3.33265113097e-18	0.897380768943	-6.11261326386e-18	1.4311680435e-18	-4.7279790929e-18	0.910731315604	498905537.753	1536291.93981	-8837361.53131	1125292.27257	7434.11587838	15753555.5505	-6569983.98504	15987918.2421	5722.90425226	610451684.071751	1377042.6554410483	-8039143.391848904	1376887.0274664604	6663.508676148351	14330645.131268447	-8038912.147689394	14330639.132168205	5205.993637211693	611113476.186	0.20294084399669038	0.0	0.0	0.0	-0.10827501541915012	0.0	0.0	0.0	-0.0935073586989111	0.202734052239
650	2300.0	nan	nan	1	1	5.0	5.0	5.0	1.23	1.53884710692e-18	-8.56469953078e-17	1.58670446844e-18	0.895434495025	-9.20238828512e-17	3.01437850104e-19	1.63687131823e-18	0.909004643164	497742420.09	1567668.41492	-8877274.14206	1141279.66516	15860.3735342	15593005.682	-6560493.14651	15829158.8478	15601.5965269	611511646.3655254	1402112.933290794	-8060104.999923844	1402142.5115409968	14185.419982616288	14157641.304086657	-8060028.245667054	14157501.760183997	14165.441346174373	612152970.558	0.20701416938432612	0.0	0.0	0.0	-0.11044620920770266	0.0	0.0	0.0	-0.09540507682650486	0.206808944637
660	2350.0	nan	nan	1	1	5.0	5.0	5.0	1.235	2.0825893195e-18	-4.97208340038e-18	-3.25684168219e-19	0.89350019304	-6.20111761894e-17	5.34371910599e-19	9.06918176625e-18	0.907288319599	496540230.442	1601181.33155	-8915224.80052	1158493.31631	4714.94559982	15431562.4006	-6549634.49794	15669566.7929	4298.71951539	612511815.7838833	1428986.8771182455	-8079243.365279	1429070.1966180701	4207.890296813187	13984543.399698064	-8079362.502979697	13984428.16936047	3895.628197943537	613151213.237	0.2110709700799406	0.0	0.0	0.0	-0.11260872833343318	0.0	0.0	0.0	-0.0972949966919128	0.210867323745
670	2400.0	nan	nan	1	1	5.0	5.0	5.0	1.24	-1.55552306807e-18	4.98271366387e-17	2.40515005373e-18	0.891578007247	-3.37889912989e-17	-2.56227466544e-20	8.25044501339e-18	0.905582149387	495322825.483	1642064.76978	-8955378.15751	1180561.95419	8859.83747116	15274471.4671	-6540086.0972	15514315.4582	7769.7714862	613481034.5667251	1462314.3609633264	-8100333.454368706	1462182.5035427394	7889.985710864021	13816090.18028921	-8100209.759470119	13816024.015959308	7027.926548214756	614105639.109	0.2151113796169455	0.0	0.0	0.0	-0.11476234438860165	0.0	0.0	0.0	-0.09917728309343508	0.214909247737
680	2450.0	nan	nan	1	1	5.0	5.0	5.0	1.245	3.19971989781e-18	-7.11521439979e-17	2.27301291396e-18	0.889667747796	5.51858905795e-17	1.45107331777e-19	-6.85472000477e-18	0.903886014822	494081184.451	1695678.64569	-8999588.3718	1211671.17904	9843.18587056	15123165.3237	-6533899.71882	15364731.7038	9231.11953198	614407914.8892664	1506817.0739874793	-8125038.876027535	1506757.160713567	8746.869915412655	13653547.37430926	-8125141.836349149	13653436.119732281	8334.070622786976	615020899.888	0.219135529916671	0.0	0.0	0.0	-0.11690720303926727	0.0	0.0	0.0	-0.10105201633861978	0.218934881285
690	2500.0	nan	nan	1	1	5.0	5.0	5.0	1.25	-1.15778815978e-18	4.0110186426e-18	2.77953861641e-18	0.887769277692	2.36338074152e-18	5.18701801075e-19	-7.67173622196e-18	0.902199866318	492823261.817	1759003.08258	-9049055.705	1249262.17692	6462.35722558	14975381.8885	-6531318.56754	15218696.7493	7570.88930808	615302002.8484617	1559745.8153113958	-8154421.13836199	1559734.6535706685	5730.310958217097	13494841.296993397	-8154512.392600868	13494745.293110775	6822.393609080479	615907414.907	0.22314355131420976	0.0	0.0	0.0	-0.11904339216857818	0.0	0.0	0.0	-0.10291920218120627	0.22294434433
700	2550.0	nan	nan	1	1	5.0	5.0	5.0	1.255	-1.32105376036e-18	4.5867892885e-18	-3.24530085829e-18	0.885882527468	-1.64823770629e-16	-7.16695752496e-19	4.53948117491e-18	0.900523542114	491547742.001	1825880.32976	-9096483.96631	1288862.74362	6374.16296334	14824823.0345	-6527186.25022	15069716.5027	7329.67499995	616161414.7717775	1615598.767682398	-8181891.131979637	1615606.0209384877	5640.068333464132	13334282.627043039	-8181911.889255036	13334179.143211111	6592.72341978431	616757179.048	0.22713557258374711	0.0	0.0	0.0	-0.12117092467545718	0.0	0.0	0.0	-0.10477897132751425	0.226937767596
