inc	time	elem	node	ip	grain	1_pos	2_pos	3_pos	1_f	2_f	3_f	4_f	5_f	6_f	7_f	8_f	9_f	1_p	2_p	3_p	4_p	5_p	6_p	7_p	8_p	9_p	1_Cauchy	2_Cauchy	3_Cauchy	4_Cauchy	5_Cauchy	6_Cauchy	7_Cauchy	8_Cauchy	9_Cauchy	Mises(Cauchy)	1_ln(V)	2_ln(V)	3_ln(V)	4_ln(V)	5_ln(V)	6_ln(V)	7_ln(V)	8_ln(V)	9_ln(V)	Mises(ln(V))
0	0.0	nan	nan	1	1	5.0	5.0	5.0	1.0	0.0	0.0	0.0	1.0	0.0	0.0	0.0	1.0	1.19344081027e-05	-2.5167540171e-07	-6.43586417429e-07	-2.5167540171e-07	1.63075348483e-05	-7.29023926496e-08	-6.43586417429e-07	-7.29023926496e-08	1.70296565269e-05	1.19344081027e-05	-2.5167540171e-07	-6.43586417429e-07	-2.5167540171e-07	1.63075348483e-05	-7.29023926496e-08	-6.43586417429e-07	-7.29023926496e-08	1.70296565269e-05	4.92465258756e-06	0.0	0.0	0.0	0.0	0.0	0.0	0.0	0.0	0.0	0.0
10	2.5	nan	nan	1	1	5.0	5.0	5.0	1.00025	-1.51887162571e-21	3.34303416051e-19	-6.45394748247e-22	0.999931103574	-9.32063236816e-20	-2.18840970809e-22	-1.36798224975e-21	0.999926912243	56877740.031	-2264842.25776	51111.8630402	-2264120.18813	29.7961534277	328216.143043	51095.3531728	328214.767224	21.1775383897	56885816.630750924	-2264441.6916769235	51102.60905525615	-2264441.691630975	29.79088359999855	328156.7183406827	51102.60867761583	328156.7182789733	21.17370412090702	57023742.5818	0.0002499687552074404	0.0	0.0	0.0	-6.889879946760551e-05	0.0	0.0	0.0	-7.309042803980513e-05	0.000213989264038
20	5.0	nan	nan	1	1	5.0	5.0	5.0	1.0005	5.64550768067e-23	4.31493855153e-19	-2.40929278103e-21	0.999862181136	4.92127796716e-19	-1.64294871759e-21	-1.75098626041e-21	0.999853795376	113799960.888	-4531283.032	102273.478718	-4528394.33514	-265.249136146	656486.492004	102207.414224	656480.982877	-304.655932023	113832289.63825731	-4529680.783014351	102236.45764668513	-4529680.77960259	-265.1553447945584	656248.8562694736	102236.4497170099	656248.8530405974	-304.5456523187472	114108423.805	0.0004998750416509929	0.0	0.0	0.0	-0.00013782836189274488	0.0	0.0	0.0	-0.00014621531293806828	0.000427958647569
30	7.5	nan	nan	1	1	5.0	5.0	5.0	1.00075	-7.92108154581e-21	-9.85281969476e-20	5.34823964804e-22	0.999790576787	3.79700251291e-19	-9.83163611626e-21	1.07861766938e-21	0.999775787135	166563588.936	-6582317.36403	223573.343369	-6576006.91326	174.572368854	978434.447914	223355.606905	978419.907752	-2260.50896196	166635840.42384666	-6578859.390698081	223452.5851855723	-6578859.4351503365	174.4806585090562	977905.9682448555	223452.49347559363	977905.9018538776	-2259.287998173553	167035066.946	0.0007497188905459742	0.0	0.0	0.0	-0.00020944514510317895	0.0	0.0	0.0	-0.00022423800446217515	0.000644430240911
40	10.0	nan	nan	1	1	5.0	5.0	5.0	1.001	5.14092750702e-22	-1.15538620823e-18	-9.72144014903e-22	0.999697649836	-4.71123096024e-19	-7.25463246603e-21	-1.44168791974e-20	0.999659969929	187744498.541	-7547555.84299	903762.461906	-7537735.94694	2854.96991453	1539340.40197	902552.521441	1539282.43445	2647.49420214	187865160.0926195	-7542580.531356438	903132.664612956	-7542580.376055761	2853.0879324254984	1538267.6948604467	903132.5831125882	1538267.747051487	2645.6492652764564	188341452.344	0.0009995003330834232	0.0	0.0	0.0	-0.00030239588102592166	0.0	0.0	0.0	-0.00034008789433255315	0.00088076369125
50	12.5	nan	nan	1	1	5.0	5.0	5.0	1.00125	-1.88884624925e-20	-6.01874850441e-19	2.03879341479e-21	0.999593248677	7.66651671229e-21	-8.3028253985e-21	2.84493779039e-20	0.999532284643	196751957.064	-8079794.93889	1807739.02903	-8066425.21867	3372.7873792	1950439.81093	1804637.37614	1950320.95594	1523.66055902	196924123.1846117	-8073483.896537734	1806216.857405988	-8073483.675204952	3370.1529306581356	1948797.4808774511	1806216.5086721347	1948797.5808733623	1522.3775901675704	197471190.193	0.0012492194004318981	0.0	0.0	0.0	-0.0004068340687583825	0.0	0.0	0.0	-0.0004678247699454024	0.00112491714672
60	15.0	nan	nan	1	1	5.0	5.0	5.0	1.0015	-2.58866172698e-21	-7.5253867751e-19	-4.06331796401e-21	0.999483841067	3.56328521577e-19	2.29749415137e-21	2.05010510967e-20	0.999404628388	203138883.043	-8492187.0847	2458891.62489	-8475091.39842	-621.954392329	2234962.07943	2453747.48378	2234784.77313	-811.588733208	203364866.8089178	-8484519.324823152	2456476.7440876593	-8484519.59376115	-621.3928176854869	2232767.1201382023	2456477.1783056827	2232766.9427588736	-810.7916708115196	203976910.711	0.0014988761237359487	0.0	0.0	0.0	-0.0005162921888777826	0.0	0.0	0.0	-0.0005955489160559546	0.00137062850176
70	17.5	nan	nan	1	1	5.0	5.0	5.0	1.00175	-4.63758810428e-21	-1.90324203534e-18	-1.30694536783e-22	0.999371805939	-4.90043094777e-19	-1.60944531784e-20	1.40499728969e-20	0.999277311117	208303278.872	-8844776.09392	2886708.61827	-8823778.5164	-5453.97847699	2425057.13196	2879583.65419	2424827.59845	-4085.23779371	208584958.0389416	-8835710.24513033	2883477.086469994	-8835710.515719626	-5448.388177851904	2422342.3968498604	2883477.5858133673	2422342.162966373	-4080.664566000973	209252068.678	0.001748470534116803	0.0	0.0	0.0	-0.0006283914575621527	0.0	0.0	0.0	-0.0007229501484937017	0.0016170160766
80	20.0	nan	nan	1	1	5.0	5.0	5.0	1.002	-9.39387662646e-21	6.2626671357e-20	4.5201284573e-21	0.999258255321	7.16327657123e-19	4.40639112307e-21	-7.93012883376e-21	0.99915026453	212773787.94	-9146634.30807	3171159.34609	-9121606.85783	-3180.67089393	2563610.06898	3162140.78908	2563333.0137	-2371.06217641	213112818.4378527	-9136140.855908254	3167178.924831502	-9136141.086619021	-3177.0218776095076	2560392.2401346443	3167179.2958264444	2560392.2366395076	-2368.0860325893373	213818666.715	0.001998002662673058	0.0	0.0	0.0	-0.0007420199076917854	0.0	0.0	0.0	-0.0008500966998317428	0.00186375214481
90	22.5	nan	nan	1	1	5.0	5.0	5.0	1.00225	3.18836767109e-20	-5.63206599572e-20	1.55716750313e-21	0.99914368691	3.58806547897e-19	3.04050913659e-21	-1.41881960698e-20	0.999023454301	216801428.021	-9403451.95806	3371330.87988	-9374307.85634	-1942.28874425	2676598.04633	3360477.89596	2676276.115	-1824.70146597	217199342.11580262	-9391512.93081886	3366645.316901743	-9391513.320617178	-1939.8227308826545	2672878.0410382007	3366645.6667735097	2672878.199682912	-1822.1654486107	217936707.818	0.00224747254047937	0.0	0.0	0.0	-0.0008566799354916288	0.0	0.0	0.0	-0.0009770228304034536	0.00211069316699
100	25.0	nan	nan	1	1	5.0	5.0	5.0	1.0025	1.38966342909e-22	5.73015048782e-19	6.068610564e-21	0.999028446801	-4.84381250279e-19	-2.89140983118e-21	-1.92520729952e-20	0.998896815777	220529151.401	-9628911.56891	3522042.01609	-9595567.99727	-818.209044675	2773218.13549	3509383.39629	2772852.96366	-734.993534002	220987405.3859663	-9615506.99622286	3516675.506255653	-9615507.344267117	-817.0700018523386	2768992.6031627567	3516675.8060050323	2768992.82756506	-733.8736296935383	221750429.533	0.002496880198587146	0.0	0.0	0.0	-0.0009720254627204599	0.0	0.0	0.0	-0.001103793178616774	0.00235775401541
110	27.5	nan	nan	1	1	5.0	5.0	5.0	1.00275	-3.58086487174e-21	-9.30219606327e-19	-1.14130245017e-20	0.998912761237	9.29532219238e-19	-9.37402429176e-21	3.40253248649e-20	0.998770277433	224035956.366	-9830589.72774	3640519.47009	-9792971.16878	-82.8772490975	2856203.74788	3626071.10227	2855796.64831	-215.908508726	224555943.57192257	-9815700.334150482	3634487.0526792468	-9815700.643987166	-82.75172336449396	2851470.958134216	3634487.2092714394	2851471.2638228084	-215.5507437812251	225340861.496	0.0027462256680252286	0.0	0.0	0.0	-0.0010878302358177424	0.0	0.0	0.0	-0.0012304792962373487	0.0026048892406
120	30.0	nan	nan	1	1	5.0	5.0	5.0	1.003	-1.88919780101e-20	-6.5708038046e-19	6.98884899546e-21	0.99879674467	-1.06256850434e-18	1.74981786779e-20	2.40258227831e-20	0.99864382678	227372634.92	-10011251.4429	3736036.72803	-9969297.80684	58.0912107223	2931873.72346	3719810.57906	2931425.46913	-126.912146629	227955699.26155072	-9994862.284907365	3729349.501270021	-9994862.633774929	57.99611112002017	2926625.88842848	3729349.496998547	2926626.5091367136	-126.68498336351682	228759541.607	0.002995508979798371	0.0	0.0	0.0	-0.0012039798229195292	0.0	0.0	0.0	-0.0013570936551749412	0.00285206746639
130	32.5	nan	nan	1	1	5.0	5.0	5.0	1.00325	-2.25522522206e-20	2.29480276415e-18	5.73318882561e-21	0.998680476761	-1.4883915711e-18	-2.87652058015e-21	-7.49099932607e-21	0.998517454725	230575304.636	-10174928.2752	3816279.68456	-10128584.4939	58.8522019492	3001865.84353	3798277.43599	3001376.36133	-102.176637682	231222754.30536577	-10157025.13244897	3808942.943187572	-10157025.304992372	58.74864943813973	2996094.8007477303	3808942.903716361	2996095.3344772183	-101.98020460399215	232042930.261	0.0032447301648890294	0.0	0.0	0.0	-0.0013203945763736145	0.0	0.0	0.0	-0.001483645332637504	0.00309926692258
140	35.0	nan	nan	1	1	5.0	5.0	5.0	1.0035	1.24391420516e-20	2.56588525712e-18	-1.92236774357e-21	0.998564018174	2.42332817487e-18	-3.67392269065e-21	-2.15914819392e-21	0.998391145556	233666175.611	-10326415.39	3886030.33016	-10275622.4678	57.0076166418	3066649.81183	3866246.32076	3066119.52872	-93.4412155473	234379280.66258758	-10306981.426394751	3878045.4646511883	-10306981.727525266	56.900330240360574	3060348.577863801	3878045.374580291	3060349.1957360883	-93.2492161351147	235213886.167	0.003493889254255838	0.0	0.0	0.0	-0.0014370138359856939	0.0	0.0	0.0	-0.0016101500401145533	0.00334647404987
150	37.5	nan	nan	1	1	5.0	5.0	5.0	1.00375	3.94647870249e-21	-1.23510330992e-18	-1.82294063394e-20	0.998447412656	1.75596381975e-19	-3.84721702898e-21	7.11984338522e-20	0.998264889614	236662488.837	-10468147.0528	3947887.8781	-10412846.4503	46.8456649009	3126930.98988	3926314.08466	3126359.85094	-76.0876751282	237442488.31805405	-10447165.14444751	3939254.6452257754	-10447165.428636797	46.7517694442641	3120093.0237951437	3939254.5509060016	3120093.50833529	-75.92128676092017	238290012.587	0.003742986278834297	0.0	0.0	0.0	-0.0015537938567027514	0.0	0.0	0.0	-0.0017366174335402633	0.00359367843455
160	40.0	nan	nan	1	1	5.0	5.0	5.0	1.004	-3.01606594949e-20	-2.46216913847e-19	-5.47428129388e-21	0.998330702231	-6.30510977293e-19	-3.13402190484e-20	3.45518770236e-20	0.998138669749	239576692.581	-10600997.1165	4004344.02666	-10541136.5376	36.5281009793	3184906.46391	3980966.70139	3184294.33944	-72.868538574	240424796.07537198	-10578452.06105709	3995059.4085585265	-10578452.249057066	36.4504169602617	3177521.8236269862	3995059.3567900485	3177522.326237819	-72.69958292289519	241284010.393	0.003992021269537457	0.0	0.0	0.0	-0.0016706925989949173	0.0	0.0	0.0	-0.0018630646787147628	0.00384087278378
170	42.5	nan	nan	1	1	5.0	5.0	5.0	1.00425	-1.05225645723e-19	4.09516519308e-19	6.56036943816e-21	0.998213910485	-1.88980991466e-18	-3.79204408213e-20	-1.47465365209e-20	0.998012482574	242418625.905	-10726851.351	4057700.34686	-10662377.335	37.385623464	3241023.80563	4032497.47325	3240370.29408	-59.3690547244	243336016.57148898	-10702727.023006141	4047757.7601193036	-10702727.227312095	37.30154445392937	3233082.3221389693	4047757.7509237533	3233082.8102473225	-59.2235826772178	244206017.322	0.004240994257254614	0.0	0.0	0.0	-0.0017876864747031144	0.0	0.0	0.0	-0.001989495159713969	0.00408805078486
180	45.0	nan	nan	1	1	5.0	5.0	5.0	1.0045	-4.33012507059e-20	-9.13629894266e-18	1.09882672572e-20	0.998097053995	3.26569416911e-18	-1.82806915374e-22	-7.82741238872e-20	0.99788632572	245195654.887	-10846992.0556	4108016.81498	-10777850.7198	30.9403293683	3294734.17827	4080969.45409	3294039.00991	-55.1904614439	246183490.2867069	-10821271.90303312	4097410.70531959	-10821272.135561554	30.86696432962129	3286227.8080260404	4097410.716451401	3286228.255973622	-55.047970282679074	247063515.79	0.004489905272852001	0.0	0.0	0.0	-0.0019047589070173437	0.0	0.0	0.0	-0.0021159112421766215	0.00433520798199
190	47.5	nan	nan	1	1	5.0	5.0	5.0	1.00475	6.20220023292e-21	-3.91469459765e-18	-3.16396584302e-21	0.997980144539	-2.54177795705e-18	-5.22993214093e-20	-6.76137561948e-20	0.997760199406	247913544.249	-10962082.0314	4155143.97623	-10888221.3196	28.0944418651	3346702.83346	4126237.67118	3345965.62269	-43.5306072098	248972957.04104364	-10934749.96391827	4143870.368763569	-10934750.124565173	28.02439320291961	3337622.663370333	4143870.386589328	3337623.0324841477	-43.41250131954343	249862317.304	0.00473875434717347	0.0	0.0	0.0	-0.0020218981200890327	0.0	0.0	0.0	-0.0022423126991273183	0.00458234053429
200	50.0	nan	nan	1	1	5.0	5.0	5.0	1.005	1.03478640269e-19	8.33654955207e-19	-2.54920521177e-20	0.997863194407	-5.20293627446e-18	-1.87439126805e-21	-1.13560175403e-19	0.997634099882	250576667.561	-11072862.2847	4198955.69456	-10994230.7328	23.5738024111	3397361.01215	4168180.45818	3396581.43266	-34.1342850797	251708765.55139524	-11043902.18709958	4187012.1988057606	-11043902.342849305	23.51214720386652	3387697.5696714805	4187012.174501559	3387697.9726052745	-34.03719363159305	252606871.122	0.004987541511038968	0.0	0.0	0.0	-0.002139091819465844	0.0	0.0	0.0	-0.0023687032818941484	0.00482944582753
210	100.0	nan	nan	1	1	5.0	5.0	5.0	1.01	1.94748094697e-19	6.62853077499e-18	3.16710912934e-20	0.995524084192	7.06570069181e-18	-8.04019555402e-20	-3.34950245441e-20	0.995115350443	295264643.501	-12798091.7434	4798560.76676	-12614657.5834	1993.9097554	4157081.90115	4727840.85531	4155376.5395	196.101462614	298048025.21545947	-12733577.02513724	4772411.174738099	-12733572.624616861	1983.8585283350767	4134428.0261652926	4772408.960822097	4134429.4364399067	195.0328144314494	299061893.099	0.009950330853168092	0.0	0.0	0.0	-0.004485962709759739	0.0	0.0	0.0	-0.004896618449450659	0.0097639599613
220	150.0	nan	nan	1	1	5.0	5.0	5.0	1.015	7.79932055964e-20	-2.42208574959e-18	3.03608372031e-20	0.99319413992	-1.85382888151e-17	-6.72464750781e-20	-1.7800761346e-19	0.992604436444	329599877.117	-14014016.2591	5177658.48455	-13712944.5975	-2914.67933876	4707791.55678	5063417.93904	4704996.45844	-763.0089971	334331025.70711285	-13909783.256666737	5136096.921090934	-13909783.19788494	-2893.0006298880417	4670001.660416031	5136099.345516791	4670001.786089551	-756.8842503737662	335415364.132	0.014888612493750559	0.0	0.0	0.0	-0.006829125566900577	0.0	0.0	0.0	-0.007423046320348031	0.0146804708324
230	200.0	nan	nan	1	1	5.0	5.0	5.0	1.02	-6.01261043653e-20	-1.05776217139e-18	1.75362289861e-21	0.990878166409	-5.32837986871e-18	8.85381040452e-20	-4.07535344193e-20	0.990102489614	356856985.116	-14910648.3087	5435747.74235	-14484937.8894	8523.71527245	5153343.81612	5276417.20795	5149315.01148	8535.65549738	363742284.8447077	-14764413.592462836	5378223.715027969	-14764414.383009382	8440.119773559032	5098808.340132265	5378221.895782124	5098813.611143155	8445.326566878442	364857562.793	0.01980262729617973	0.0	0.0	0.0	-0.009163692261359848	0.0	0.0	0.0	-0.009946816349203687	0.0195771428471
240	250.0	nan	nan	1	1	5.0	5.0	5.0	1.025	-2.23378470059e-19	-3.98613043233e-18	3.55422965602e-20	0.988578728138	-1.02149791159e-17	-9.86363249633e-20	2.4872659275e-19	0.987609800011	378840994.037	-15566657.4728	5625253.95387	-15013528.7942	7479.41394046	5533165.90029	5420055.84214	5527748.36925	7933.48932448	388025543.1250468	-15377513.36623384	5551457.341448937	-15377513.93404911	7388.5346319199625	5460577.373131287	5551458.646286448	5460582.953138595	7829.411421219736	389164786.262	0.024692612590371414	0.0	0.0	0.0	-0.011486995498372126	0.0	0.0	0.0	-0.012467598503439778	0.0244531611783
250	300.0	nan	nan	1	1	5.0	5.0	5.0	1.03	-1.37298746794e-19	2.3872042049e-17	1.1760523077e-19	0.986297118402	-1.55270271306e-17	-1.12192160842e-19	2.0452867826e-19	0.985127029585	396809104.523	-16032030.2076	5739620.9354	-15351796.8748	11045.3009039	5868726.96947	5489574.32981	5861771.25585	11192.1340199	408396140.0067037	-15800071.872977985	5649866.968206877	-15800077.453797169	10885.492721786259	5776954.092164733	5649872.800346354	5776960.618592244	11017.115766787241	409540318.195	0.02955880224154443	0.0	0.0	0.0	-0.013797632650709686	0.0	0.0	0.0	-0.014984682079510555	0.0293079872631
260	350.0	nan	nan	1	1	5.0	5.0	5.0	1.035	-5.04249301412e-20	4.74045297653e-18	-2.52124650706e-20	0.984033655558	6.36552803749e-17	-2.03552605137e-20	2.57742861427e-19	0.982655057704	411640425.534	-16354733.6671	5805960.41994	-15549381.8048	7066.85943002	6161238.1514	5512328.75906	6152615.11827	5684.18491562	425703256.50798416	-16080591.980666509	5700642.00798495	-16080593.79105519	6948.403159110197	6049475.1060382435	5700645.898979218	6049483.614032071	5581.075475446082	426850050.757	0.03440142671733232	0.0	0.0	0.0	-0.01609517971194103	0.0	0.0	0.0	-0.017497128144859698	0.0341413165048
270	400.0	nan	nan	1	1	5.0	5.0	5.0	1.04	-2.98354120781e-19	-1.43587370857e-17	2.1466991257e-20	0.981788285627	-2.10677211015e-17	1.85778148135e-19	3.74970897838e-19	0.980194810679	423992567.361	-16583971.0613	5851774.51502	-15655721.8607	7595.32050189	6408980.4893	5515265.54457	6398584.17833	6282.5094761	440583266.56021434	-16268323.242228324	5731079.038948729	-16268325.458338749	7450.756431999114	6276792.389894924	5731076.194797376	6276797.958758649	6152.929898111501	441722001.513	0.03922071315328133	0.0	0.0	0.0	-0.018379588956154106	0.0	0.0	0.0	-0.0200039406657768	0.0389529429542
280	450.0	nan	nan	1	1	5.0	5.0	5.0	1.045	1.14614145675e-20	-3.31759114987e-17	-7.50418251708e-20	0.979561005841	-3.81858863886e-17	1.09525330547e-19	-1.16372069913e-18	0.977746742671	434350910.411	-16739372.4029	5887841.21506	-15691139.1153	8039.42512027	6626911.61404	5508915.9369	6614639.4026	6702.46593507	453505825.1938068	-16383115.87807902	5751860.047366045	-16383119.78207087	7868.325655727715	6473861.430353516	5751859.63239523	6473863.010881398	6547.670805413888	454633038.615	0.04401688541677426	0.0	0.0	0.0	-0.020650760902006265	0.0	0.0	0.0	-0.022504596805910486	0.0437428058468
290	500.0	nan	nan	1	1	5.0	5.0	5.0	1.05	5.76088283251e-19	5.42752308995e-17	1.34850292181e-19	0.977351466967	6.08630494991e-17	6.51421275998e-20	-9.81168555386e-20	0.975311494881	443090581.376	-16842491.5786	5908002.06881	-15677184.1578	5316.68509444	6812647.53004	5487754.05561	6798433.68109	4476.38748827	464834556.34631485	-16446507.863677308	5757057.544941391	-16446517.369247684	5191.68454419846	6638590.069374	5757056.974344735	6638595.7490280885	4362.019522551868	465950459.93	0.04879016416943205	0.0	0.0	0.0	-0.022908950620401807	0.0	0.0	0.0	-0.024998377078543337	0.0485108867142
300	550.0	nan	nan	1	1	5.0	5.0	5.0	1.055	-3.7017986773e-19	1.26168866216e-17	1.22105093303e-19	0.975159025864	-1.15775110209e-17	-2.58239169794e-19	5.24981756285e-19	0.972889834326	450498770.735	-16891397.3353	5896588.53023	-15613086.0291	-8534.02342642	6956732.46417	5437672.29247	6940525.92548	-9273.74701899	474847876.19745713	-16456953.908367014	5731560.999524395	-16456961.091615098	-8314.53001747918	6762034.737771799	5731574.217892827	6762016.959766347	-9014.203121177497	475958985.68	0.05354076692802976	0.0	0.0	0.0	-0.025154717833955228	0.0	0.0	0.0	-0.027484425892840975	0.0532572138739
310	600.0	nan	nan	1	1	5.0	5.0	5.0	1.06	-1.46780221847e-18	3.30084769078e-18	-2.65015433372e-19	0.972984207957	2.67281114157e-17	-2.0135561343e-19	6.30430740774e-19	0.970481430179	456810365.89	-16898577.8083	5862098.74359	-15511372.9117	6186.52032339	7063610.66324	5367023.82155	7045463.74477	6207.05716402	483774451.3603366	-16426954.746771045	5683835.141772287	-16426960.683309495	6013.860488448628	6848809.662140515	5683822.431764671	6848831.624665335	6018.30354263883	484849533.93	0.058268908123975824	0.0	0.0	0.0	-0.027387427187864615	0.0	0.0	0.0	-0.029963010838463502	0.0579818226956
320	650.0	nan	nan	1	1	5.0	5.0	5.0	1.065	2.01154443105e-18	1.50380773618e-17	-2.15834582872e-19	0.970827512847	9.51061828067e-18	4.36460195852e-19	1.42640017445e-18	0.968085515386	462178837.266	-16877972.5166	5808804.10861	-15385551.1336	-7687.08745504	7136730.31093	5280213.08505	7116559.94582	-8228.88706857	491761197.7530222	-16370311.574815098	5618172.215087223	-16370323.440826433	-7455.872831768658	6902518.864426334	5618180.024112469	6902505.827601097	-7958.833492285426	492826788.694	0.06297479916138839	0.0	0.0	0.0	-0.029606465144992336	0.0	0.0	0.0	-0.03243485326660555	0.0626849123374
330	700.0	nan	nan	1	1	5.0	5.0	5.0	1.07	1.0963782711e-19	-6.44295743678e-17	6.74449984251e-20	0.968688953366	-2.57668216648e-17	1.1028633671e-19	2.66532482616e-19	0.965702164035	466770006.064	-16836970.8312	5744684.21382	-15242755.2845	-864.158095409	7199402.99161	5184726.47513	7177182.34327	2271.53565597	498971096.5262255	-16294347.619956806	5542402.163850345	-16294308.159434408	-836.3079408027705	6945897.325937883	5542405.512083084	6945875.550033396	2191.5502517308314	500004885.026	0.06765864847381486	0.0	0.0	0.0	-0.031811716180421876	0.0	0.0	0.0	-0.03489981111398114	0.0673665386899
340	750.0	nan	nan	1	1	5.0	5.0	5.0	1.075	-3.82885361939e-19	6.56150763868e-17	1.64642029123e-20	0.966568031475	-8.39798756489e-17	1.93097042194e-19	1.1158426581e-18	0.963331565448	470687049.947	-16779403.4657	5666951.06727	-15086926.4876	-7440.72120401	7251364.81478	5078315.29169	7227055.75113	-6619.69191956	505503342.50196666	-16202881.717775539	5453917.589342999	-16202892.704233117	-7185.06625160879	6978769.6489011	5453953.650344118	6978742.107411607	-6370.842763163711	506520905.678	0.07232066157962608	0.0	0.0	0.0	-0.03400359328692209	0.0	0.0	0.0	-0.03735762172053931	0.0720268815672
350	800.0	nan	nan	1	1	5.0	5.0	5.0	1.08	-3.70365156187e-19	-2.82080764979e-17	4.04114125179e-19	0.964464371396	2.50599462006e-17	5.93611277348e-19	-7.00787414955e-20	0.960973997717	474024690.014	-16720304.7267	5580070.78441	-14931616.6574	-7821.73782102	7295209.41891	4965123.52116	7268774.06329	-7149.61387697	511449946.43521	-16110491.722578954	5357100.128342248	-16110499.517214542	-7536.468053748973	7003704.580865549	5357130.57238956	7003671.661134984	-6863.926802671053	512445419.577	0.0769610411361284	0.0	0.0	0.0	-0.03618238729169386	0.0	0.0	0.0	-0.03980792790444114	0.0766660464786
360	850.0	nan	nan	1	1	5.0	5.0	5.0	1.085	2.86138317494e-20	-6.54053960277e-17	2.68880021194e-19	0.962378064824	-6.4080662968e-17	3.45695321598e-19	-1.05947567602e-19	0.958629143219	476861116.201	-16650667.1813	5485679.8819	-14768859.4369	-7592.34899737	7339028.43913	4846770.57751	7310421.2973	-2761.68240062	516886949.93468523	-16008523.360686474	5253575.8484456	-16008499.013653329	-7299.545115128572	7028507.566780329	5253589.306674243	7028490.140366252	-2644.8331425327915	517858162.282	0.08157998699242285	0.0	0.0	0.0	-0.03834790674267668	0.0	0.0	0.0	-0.042250990862901835	0.0812841994185
370	900.0	nan	nan	1	1	5.0	5.0	5.0	1.09	9.13948550087e-19	-6.06437473751e-17	1.74700545371e-20	0.960308748973	4.81126096046e-17	-2.62712562547e-20	-5.6296775117e-20	0.956297131207	479267394.494	-16570450.2362	5370005.03011	-14598830.8723	-6299.47904796	7385845.14946	4711307.50002	7354974.42169	-945.742635207	521884196.11083055	-15896992.08229517	5130235.587914537	-15896969.419319935	-6043.454892325465	7056068.927333851	5130240.353351736	7056052.701070266	-903.5154523957016	522831907.686	0.08617769624105241	0.0	0.0	0.0	-0.04050043271325322	0.0	0.0	0.0	-0.04468660751924994	0.0858814925264
380	950.0	nan	nan	1	1	5.0	5.0	5.0	1.095	1.05762651377e-18	-1.15437408761e-16	-5.44853943321e-19	0.958256255801	3.19078370022e-17	-7.48168320442e-20	2.26164672856e-19	0.953977841509	481291567.969	-16499194.0212	5249441.53728	-14438776.8237	-9106.52774862	7427710.66891	4573394.7339	7394514.11721	-8418.7972456	526487788.71884525	-15794661.512422716	5002848.149758735	-15794666.243154213	-8717.669672719721	7078792.727379136	5002864.460207024	7078760.779471621	-8023.322847627585	527420167.271	0.09075436326846412	0.0	0.0	0.0	-0.042640046382750416	0.0	0.0	0.0	-0.04711483473336876	0.0904581032727
390	1000.0	nan	nan	1	1	5.0	5.0	5.0	1.1	2.246225497e-19	-1.38662880121e-16	3.48077601762e-20	0.956220063191	9.56398135635e-17	-2.02520283733e-19	-3.55533807804e-19	0.951671610744	482980085.719	-16429631.7525	5132094.61644	-14282136.4031	-712.029579969	7462245.82918	4440054.86939	7426756.12253	-1189.09933513	530742979.82583296	-15694519.724332606	4879149.413400336	-15694526.248584213	-680.1711964980345	7094454.619651764	4879141.028065671	7094460.314676188	-1130.4922759781155	531648791.913	0.09531017980432493	0.0	0.0	0.0	-0.04476720079837728	0.0	0.0	0.0	-0.04953525039604765	0.0950141574286
400	1050.0	nan	nan	1	1	5.0	5.0	5.0	1.105	-2.54258114942e-18	-3.50802797921e-17	-8.02828415319e-20	0.954199390643	-3.01428850379e-17	3.09378783985e-19	1.56130340619e-19	0.949378857928	484361096.618	-16359592.3415	5015954.05591	-14127024.9488	-8849.17175261	7487043.9679	4309593.96543	7449179.68657	-8764.17558229	534675843.0564059	-15594470.867874265	4757207.960923376	-15594520.342610477	-8435.305001508565	7100827.633361459	4757268.498205505	7100789.138681278	-8312.0788959133	535570662.85	0.09984533496971612	0.0	0.0	0.0	-0.04688262450544836	0.0	0.0	0.0	-0.05194734199005984	0.0995498336776
410	1100.0	nan	nan	1	1	5.0	5.0	5.0	1.11	1.16429972556e-18	4.16715857852e-17	-1.70306561957e-19	0.952194242148	1.76759894224e-18	1.00337670047e-18	-2.54352785763e-18	0.947099362078	485470798.667	-16299544.234	4892558.52003	-13982296.8241	-8446.66059461	7504095.62877	4174515.6139	7463990.85246	-9146.15898005	538321861.2727766	-15504470.462810146	4629003.393742759	-15504487.750623576	-8034.641816875778	7099860.735510125	4628976.699231637	7099905.619769073	-8653.468483827704	539199484.658	0.10436001532424286	0.0	0.0	0.0	-0.04898622913351123	0.0	0.0	0.0	-0.05435126830325976	0.104065284942
420	1150.0	nan	nan	1	1	5.0	5.0	5.0	1.115	-1.05010909636e-18	-1.10315122596e-16	3.17584415661e-19	0.950204647346	-1.18828743393e-16	-6.6187683894e-20	2.80594553029e-19	0.944832852679	486348601.79	-16241616.3926	4776516.64348	-13841183.8474	-10458.9718285	7510244.49418	4047598.9156	7467751.64398	-10588.2082104	541720830.7562586	-15416983.077678185	4508367.161847978	-15417043.628514871	-9927.939916336078	7088625.913452754	4508430.041860661	7088592.535407909	-9993.795429088696	542583657.708	0.10885440491208208	0.0	0.0	0.0	-0.05107789932778449	0.0	0.0	0.0	-0.05674724260466305	0.10856067331
430	1200.0	nan	nan	1	1	5.0	5.0	5.0	1.12	5.67088558187e-19	1.62312556169e-17	-2.79362053916e-19	0.94823048162	-6.98908589999e-17	-1.36041432263e-19	2.12079431045e-18	0.942579169407	487015301.782	-16171939.7675	4673189.36228	-13691778.7618	-4421.60392207	7511472.99606	3932972.42887	7466637.49191	-3867.19914792	544892533.5692549	-15318853.21033769	4400291.472287667	-15318919.12079272	-4188.35973978668	7072829.28350155	4400369.56412569	7072764.637872206	-3641.3682633070357	545732815.975	0.11332868530700327	0.0	0.0	0.0	-0.05315768220525369	0.0	0.0	0.0	-0.05913536381689897	0.113036170696
440	1250.0	nan	nan	1	1	5.0	5.0	5.0	1.125	-4.31827984422e-19	4.37743450767e-17	-2.1329348403e-19	0.946271616744	-4.10632043708e-17	9.26958446762e-19	2.27148593855e-18	0.940338132802	487490880.381	-16093587.9067	4575098.80112	-13536874.8133	-3162.67415218	7507770.28656	3824204.89556	7460616.56677	-2667.70827426	547856266.8931173	-15213050.469404293	4297660.859656372	-15213129.104728688	-2989.6330000701178	7052492.614135726	4297751.40876162	7052419.697903075	-2505.9361411958816	548678809.974	0.11778303565638346	0.0	0.0	0.0	-0.0552256298478201	0.0	0.0	0.0	-0.061515752653477015	0.117491956674
450	1300.0	nan	nan	1	1	5.0	5.0	5.0	1.13	6.57191687951e-19	-8.26967795525e-17	4.69573890134e-20	0.944327454982	-1.57842789776e-16	-3.10239051822e-19	-2.89137591677e-18	0.93811002739	487789290.356	-16008856.579	4473703.69619	-13378476.1902	-13272.7173035	7506004.20075	3714050.16253	7456549.04191	-14017.5339182	550624924.8035932	-15101778.365321226	4192433.2483933046	-15101853.591002945	-12520.671544148507	7034087.125753095	4192483.5823421427	7034053.33450162	-13136.224312126813	551441106.917	0.12221763272424911	0.0	0.0	0.0	-0.05728229270814796	0.0	0.0	0.0	-0.06388803686567888	0.121928193203
460	1350.0	nan	nan	1	1	5.0	5.0	5.0	1.135	-2.75349235329e-18	-6.46237963756e-17	5.09172680418e-19	0.942397642707	-3.40782001108e-17	6.95268465908e-19	9.38039358247e-19	0.935895062039	487939201.326	-15921353.8701	4362989.21072	-13219663.5678	-4767.79280235	7503894.35718	3597639.28272	7452093.381	-5012.10927799	553228269.413791	-14988458.775060441	4079003.5790207335	-14988530.4930855	-4488.428964590823	7015468.1712998245	4079024.0852660984	7015445.755450553	-4685.872619884467	554019966.669	0.126632650933366	0.0	0.0	0.0	-0.05932796745997186	0.0	0.0	0.0	-0.06625192199589665	0.126344987337
470	1400.0	nan	nan	1	1	5.0	5.0	5.0	1.14	8.68526408291e-19	-1.40264817947e-16	-4.64650511128e-19	0.940482208091	6.98332078199e-17	-1.40694819517e-18	-1.03677949438e-18	0.933692817317	487943723.11	-15834557.3506	4250859.57881	-13063315.3787	-8451.38757483	7494824.28324	3481657.99475	7440649.18886	-8343.4583891	555667675.6339345	-14876372.968316203	3964800.3543920307	-14876432.97528156	-7939.9752629139375	6990464.263374846	3964893.313852302	6990398.91100502	-7781.990010410899	556446747.248	0.131028262406404	0.0	0.0	0.0	-0.06136254792025569	0.0	0.0	0.0	-0.06860778423149562	0.130742553189
480	1450.0	nan	nan	1	1	5.0	5.0	5.0	1.145	-9.74723164053e-19	2.6692046341e-17	2.139816983e-19	0.938581163948	-1.47501999798e-16	4.41304165519e-19	-9.84717160214e-20	0.931503095008	487825682.434	-15748480.0709	4141150.32776	-12909406.2466	-572.261634167	7475682.44599	3369092.23015	7419239.9141	-566.044925193	557967013.0950708	-14765523.743289426	3853396.2921967884	-14765567.094185904	-536.543381243327	6956223.449777643	3853512.425010421	6956161.014625686	-526.7124454125642	558723149.799	0.13540463700620298	0.0	0.0	0.0	-0.0633859440652521	0.0	0.0	0.0	-0.07095576633946471	0.135121026739
490	1500.0	nan	nan	1	1	5.0	5.0	5.0	1.15	-1.24762659175e-18	-4.78256639588e-17	3.3563680535e-19	0.936694044556	4.74896168719e-16	-1.3905634016e-18	3.2981974041e-18	0.929326005997	487585944.153	-15662916.5048	4020092.9753	-12757723.0073	660.591845165	7451044.94622	3248747.07787	7392359.16515	684.658773406	560125478.6198651	-14655704.572548276	3731990.22916496	-14655725.398272043	618.1121455165232	6917060.6518837735	3732072.332535933	6916989.6925267065	635.5922284291598	560864992.13	0.13976194237515863	0.0	0.0	0.0	-0.06539857668627035	0.0	0.0	0.0	-0.07329568030916454	0.13948058679
500	1550.0	nan	nan	1	1	5.0	5.0	5.0	1.155	-2.15702233974e-18	6.58228112171e-17	2.86932410882e-20	0.934820518202	-1.54874045175e-16	8.33017198955e-19	-1.87713750768e-19	0.927161639207	487240767.15	-15590412.3638	3893739.15958	-12618430.919	-764.64263763	7420493.29507	3125730.27406	7359607.84137	-861.826364871	562159983.2642565	-14558618.424200062	3606256.6770048537	-14558668.716779228	-714.0375849195057	6872623.561898387	3606349.46216066	6872539.341104438	-798.19601554155	562886553.936	0.14410034397375687	0.0	0.0	0.0	-0.06740072726221012	0.0	0.0	0.0	-0.07562736054003638	0.143821374366
510	1600.0	nan	nan	1	1	5.0	5.0	5.0	1.16	-5.28866196442e-19	-4.65906237472e-17	-2.96673289776e-19	0.932960452249	1.50032457788e-16	2.70547617309e-19	-6.28458742193e-19	0.925009818745	486793248.608	-15532574.8725	3768775.30374	-12492568.1799	-13589.4904515	7382877.88025	3005389.06195	7319902.79623	-14173.9835351	564072554.2559967	-14475684.993616778	3482402.9459449695	-14475785.89597057	-12664.814727398623	6821886.052538262	3482499.9926659022	6821831.404767311	-13096.96600097785	564798206.945	0.14842000511827322	0.0	0.0	0.0	-0.06939246676201032	0.0	0.0	0.0	-0.07795092666658963	0.148143563178
520	1650.0	nan	nan	1	1	5.0	5.0	5.0	1.165	9.43912340597e-20	-2.40144428458e-18	3.25472409982e-19	0.93111384174	-2.59683202151e-16	-4.37399873028e-19	3.29610298279e-18	0.922870461079	486272486.835	-15487639.7032	3646647.74403	-12378436.2492	-4461.39790892	7333021.87079	2888879.8473	7267992.50207	-5234.77690497	565895407.8415992	-14405175.909168988	3361747.615646403	-14405298.303580856	-4149.581402358045	6760117.927477122	3361908.978304844	6760017.181779322	-4825.801671558133	566600587.311	0.15272108701766393	0.0	0.0	0.0	-0.07137373019020359	0.0	0.0	0.0	-0.08026639985518404	0.152447248226
530	1700.0	nan	nan	1	1	5.0	5.0	5.0	1.17	-6.21616304166e-19	-2.02216410663e-17	-7.26860147863e-20	0.929280316159	-1.21344457716e-16	-5.52450770067e-19	7.10184186714e-20	0.920743530027	485669794.521	-15452455.4346	3530630.34724	-12273345.2071	-1215.16269761	7271308.20813	2778596.77053	7204411.49172	-2032.1252666	567617373.986021	-14344088.702738097	3247279.343967602	-14344239.759338768	-1128.0020574439636	6687748.822626197	3247432.350224286	6687656.723918741	-1869.0369009441567	568308245.262	0.1570037488096647	0.0	0.0	0.0	-0.07334484600656349	0.0	0.0	0.0	-0.08257375053258773	0.15673262867
540	1750.0	nan	nan	1	1	5.0	5.0	5.0	1.175	1.55377606262e-18	-5.14389873978e-17	2.29757686943e-20	0.927459631594	3.33089883156e-17	-6.15845892213e-19	-1.35439906521e-18	0.918629088957	485003089.464	-15428015.3482	3419959.54236	-12177702.7102	13747.866443	7207077.16338	2673847.09366	7138389.02225	14191.6410892	569258200.8509172	-14293283.313250195	3138253.964580561	-14293222.632802108	12736.709524044776	6613422.820027757	3138349.876429655	6613359.812810813	13022.661046262781	569924455.136	0.16126814759612232	0.0	0.0	0.0	-0.07530600933560934	0.0	0.0	0.0	-0.08487284097196472	0.160999822118
550	1800.0	nan	nan	1	1	5.0	5.0	5.0	1.18	1.62100930281e-18	5.86084463169e-17	-4.34739660178e-19	0.925651481989	-1.29916907598e-16	2.31367049543e-18	2.16215085954e-19	0.916526994217	484253568.609	-15405992.2783	3307288.15513	-12085401.2093	-7668.71890969	7139447.23895	2568940.12583	7069000.39121	-9361.37881601	570794879.4201684	-14244998.501904579	3027906.9678812176	-14245192.133166542	-7090.805149496669	6536346.706925298	3028037.301971293	6536281.348432625	-8570.58194400303	571471939.946	0.16551443847757333	0.0	0.0	0.0	-0.07725748452300757	0.0	0.0	0.0	-0.08716375854420005	0.165249045795
560	1850.0	nan	nan	1	1	5.0	5.0	5.0	1.185	-1.66230215899e-18	1.01098596801e-16	3.69253425444e-19	0.923856039817	-5.95495925655e-17	6.9377292336e-19	6.23290517726e-19	0.914437076281	483456699.819	-15379543.6048	3193386.25085	-11990418.4411	-5388.6085946	7068723.61845	2464398.74587	6996569.75782	-5958.5252943	572267990.1646059	-14192904.18837917	2916948.747286081	-14193065.614955522	-4972.839731601089	6456815.080938288	2917110.2971397378	6456735.438433828	-5442.721777941668	572932397.907	0.16974277458709455	0.0	0.0	0.0	-0.07919902054255219	0.0	0.0	0.0	-0.08944662020959339	0.169480364668
570	1900.0	nan	nan	1	1	5.0	5.0	5.0	1.19	3.22825432022e-18	9.89934816994e-17	4.95831911499e-19	0.92207312566	1.03034199435e-16	-4.81617639853e-20	2.1555135623e-18	0.91235920651	482612396.041	-15358800.1736	3082542.64158	-11900708.2591	8855.38620698	7004050.20943	2363385.30134	6930239.21659	9249.80676477	573676750.3876584	-14146352.30908872	2809291.254270266	-14146258.358461348	8156.328079085368	6383177.553623752	2809333.557755332	6383155.22280578	8429.859459994095	574318521.298	0.17395330712343798	0.0	0.0	0.0	-0.08113074657491215	0.0	0.0	0.0	-0.09172149966568752	0.173693946331
580	1950.0	nan	nan	1	1	5.0	5.0	5.0	1.195	1.26345551995e-18	-4.46778115941e-18	-2.58874444505e-19	0.920302245269	1.49848122243e-16	-1.57225196878e-18	3.25737107778e-19	0.910293521338	481711309.13	-15344796.7293	2973853.47565	-11817391.6522	8736.06540827	6937945.94636	2265375.01795	6862454.92683	9198.78059324	575009353.075475	-14106256.698632836	2704090.2346424935	-14106188.91477434	8030.942563729935	6308593.222781083	2704133.7806608034	6308558.691808593	8364.343763561636	575642785.39	0.17814618538347404	0.0	0.0	0.0	-0.08305313542607813	0.0	0.0	0.0	-0.09398818055872697	0.177889961949
590	2000.0	nan	nan	1	1	5.0	5.0	5.0	1.2	-1.36605238568e-18	-4.00314917713e-17	-2.73909279318e-19	0.918543172298	2.78144814632e-16	4.26944310086e-19	1.39616837743e-18	0.9082400474	480762257.503	-15336426.7238	2857283.1528	-11739253.7713	6681.44395078	6868381.05373	2162567.8262	6791314.35666	7365.72754107	576275485.0938187	-14071561.411273073	2592223.6056069853	-14071495.954844443	6130.39468466965	6231226.850000937	2592206.030407687	6231203.575256486	6682.436350671217	576902693.408	0.1823215567939546	0.0	0.0	0.0	-0.08496637238529373	0.0	0.0	0.0	-0.09624656593701122	0.182068533405
600	2050.0	nan	nan	1	1	5.0	5.0	5.0	1.205	-2.01032682119e-18	-3.68578843111e-17	2.2398727499e-19	0.91679584107	-2.43154042399e-17	-1.96690314775e-18	-2.27890243992e-18	0.906198634671	479775316.706	-15332338.3399	2730449.10984	-11665390.8439	7356.93491108	6800163.21103	2053447.69229	6721525.45894	3956.71905423	577486535.4624698	-14040996.913333073	2471578.4798848177	-14041168.665180687	6737.308953667256	6155447.831463545	2471653.6101014586	6155415.836100168	3581.5872305190414	578107421.116	0.18647956694261839	0.0	0.0	0.0	-0.08687046938666301	0.0	0.0	0.0	-0.09849675340329067	0.186229795921
610	2100.0	nan	nan	1	1	5.0	5.0	5.0	1.21	4.38974824915e-19	-1.35761408465e-16	-5.24154575673e-19	0.915060170278	2.18140100676e-16	-2.10593566511e-19	-6.08143186349e-21	0.904169156863	478751048.14	-15329718.4361	2607966.31023	-11593156.2274	10292.60129	6737568.22849	1948940.46767	6657323.08628	9973.19642867	578642591.7059932	-14011967.444367193	2355412.384943514	-14012071.600757143	9407.843646608095	6085106.079605646	2355587.455473261	6085055.948054399	9007.39794583161	579252391.47	0.1906203596086497	0.0	0.0	0.0	-0.08876545600203406	0.0	0.0	0.0	-0.10073881567113079	0.190373880285
620	2150.0	nan	nan	1	1	5.0	5.0	5.0	1.215	-3.155621245e-18	4.50903166394e-17	3.65282958503e-21	0.913336001292	8.54056438574e-17	-1.28656363754e-19	-3.87145672965e-18	0.90215146841	477687598.311	-15330818.8815	2489596.14725	-11524288.7079	12196.6050115	6679014.56681	1848578.00926	6597295.1988	12672.8378023	579740885.1112096	-13986518.194554467	2243479.205961615	-13986340.360139124	11127.131513568373	6018739.3499562135	2243508.6342513314	6018803.695098825	11420.024135797827	580342191.924	0.19474407679251185	0.0	0.0	0.0	-0.09065144714976982	0.0	0.0	0.0	-0.10297284795083049	0.194500950745
630	2200.0	nan	nan	1	1	5.0	5.0	5.0	1.22	-2.13177017e-18	2.51253768487e-16	-1.39654557179e-19	0.911623196146	-2.19657877838e-17	2.30851550585e-18	-6.15567959527e-19	0.900145520588	476597229.727	-15336109.1393	2372176.71514	-11459707.4188	12351.4761583	6623103.0007	1750401.73945	6539669.10517	12179.6687818	580795739.3551273	-13965054.509752888	2132906.6129269195	-13965144.62937157	11247.248976896859	5955062.32656678	2133092.282166008	5955019.927147862	10951.163934018974	581391354.3	0.19885085874516517	0.0	0.0	0.0	-0.09252853640340532	0.0	0.0	0.0	-0.10519883918594922	0.198611126074
640	2250.0	nan	nan	1	1	5.0	5.0	5.0	1.225	3.29591107688e-18	1.48404513403e-16	-1.00987503136e-18	0.909921466997	-2.68260945989e-16	-1.79181217313e-18	1.16866393047e-18	0.898151290306	475467961.438	-15335857.2647	2252457.54563	-11391581.6263	-984.795817444	6570938.53696	1651670.81336	6485803.4849	-1347.77993439	581792138.9550874	-13938706.418371784	2020768.7369371313	-13938967.87577929	-895.077434830815	5895048.8072840925	2021017.5517361467	5894923.844352967	-1209.1466766911776	582393934.836	0.20294084399669038	0.0	0.0	0.0	-0.09439698319859703	0.0	0.0	0.0	-0.10741675014192507	0.202704565564
650	2300.0	nan	nan	1	1	5.0	5.0	5.0	1.23	2.97075630426e-18	2.70421806446e-16	8.45868276952e-19	0.908230763947	-1.01776884904e-16	2.66367377365e-18	-1.78922475218e-19	0.896168755974	474323082.879	-15332109.4393	2132527.96454	-11321388.6596	5648.2432295	6522453.01234	1553858.81746	6435740.24422	4701.73104537	582758011.942897	-13909355.28866931	1908944.9968223309	-13909569.628481295	5124.1104263545485	5838612.31925319	1909086.2494118381	5838531.0877698995	4208.782301900237	583348164.398	0.20701416938432612	0.0	0.0	0.0	-0.09625678735421439	0.0	0.0	0.0	-0.10962654002067627	0.206781345784
660	2350.0	nan	nan	1	1	5.0	5.0	5.0	1.235	3.14778619023e-18	1.33021865685e-16	-1.156199973e-19	0.90655100081	1.00401991612e-17	1.03459118807e-18	5.18456955614e-19	0.894197706177	473154593.492	-15326248.8829	2021044.02482	-11250416.7481	12249.9983462	6478595.64288	1463498.48213	6390205.931	11334.743784	583683299.7423886	-13878271.033441022	1805163.6291051586	-13878509.18352982	11092.65538532741	5786576.184676488	1805371.087942441	5786478.514574372	10124.0086672159	584261815.03	0.2110709700799406	0.0	0.0	0.0	-0.09810798913431457	0.0	0.0	0.0	-0.11182838040921059	0.210841630142
670	2400.0	nan	nan	1	1	5.0	5.0	5.0	1.24	1.2643025529e-18	2.23606149868e-16	7.25271961086e-20	0.904882001926	-1.56238774072e-16	9.26898889758e-19	5.16526812372e-18	0.892238062575	471962448.493	-15317606.8059	1913813.25058	-11178164.2206	13625.7000898	6438246.84569	1377313.21784	6348120.07303	13221.5691546	584567611.4710971	-13844857.367757857	1705634.3030812363	-13845153.95225291	12315.623234724164	5737913.387518577	1705925.3348886743	5737764.26554102	11783.365949531519	585139090.32	0.2151113796169455	0.0	0.0	0.0	-0.0999507283951781	0.0	0.0	0.0	-0.11402229571509616	0.214885559801
680	2450.0	nan	nan	1	1	5.0	5.0	5.0	1.245	-7.02423247334e-18	-1.41612579715e-16	9.48412203129e-19	0.903223581318	1.39479327238e-16	-1.1647629467e-18	-1.0153815727e-18	0.890289786891	470747848.64	-15310206.8577	1805051.85952	-11107478.1367	8095.08709622	6402493.48485	1290979.324	6310657.68269	7589.80460986	585412086.9129001	-13812755.22515763	1605184.8966392642	-13813025.327955663	7303.327618346108	5693568.186703193	1605434.634290175	5693428.618628887	6749.412579996478	585983320.201	0.219135529916671	0.0	0.0	0.0	-0.1017851578537631	0.0	0.0	0.0	-0.11620826600487132	0.218913263062
690	2500.0	nan	nan	1	1	5.0	5.0	5.0	1.25	-5.56818283701e-19	-5.90638191703e-17	7.74929267619e-19	0.901575511247	2.79131608015e-16	-3.7412386489e-19	-1.97619610834e-18	0.888352942162	469521375.723	-15304731.8957	1697004.49153	-11038898.7354	9379.83141808	6375030.58366	1206131.96681	6281396.56501	8119.04127108	586229564.9577278	-13782568.769077398	1505812.4098182877	-13782820.416431466	8446.94127561877	5656791.254094713	1505938.291085984	5656667.540018817	7204.313932484933	586795206.541	0.22314355131420976	0.0	0.0	0.0	-0.10361147806400327	0.0	0.0	0.0	-0.11838615756559327	0.222924841558
700	2550.0	nan	nan	1	1	5.0	5.0	5.0	1.255	3.81990683388e-18	-9.35723384881e-17	-5.06843339813e-19	0.899937725261	1.46352999605e-17	-5.88357026097e-20	1.06659976905e-19	0.886427373556	468279519.544	-15296452.6707	1595496.69442	-10969038.9713	9668.20590006	6351167.2163	1127141.44011	6255659.07928	9877.55343562	587015471.0198742	-13750036.231005225	1412666.7561790054	-13750324.98675828	8690.784999406103	5623379.114967408	1412937.0082562875	5623234.408699054	8745.672378816545	587575512.583	0.22713557258374711	0.0	0.0	0.0	-0.10542971220629642	0.0	0.0	0.0	-0.12055608174663385	0.226920427656
