inc	time	elem	node	ip	grain	1_pos	2_pos	3_pos	1_f	2_f	3_f	4_f	5_f	6_f	7_f	8_f	9_f	1_p	2_p	3_p	4_p	5_p	6_p	7_p	8_p	9_p	1_Cauchy	2_Cauchy	3_Cauchy	4_Cauchy	5_Cauchy	6_Cauchy	7_Cauchy	8_Cauchy	9_Cauchy	Mises(Cauchy)	1_ln(V)	2_ln(V)	3_ln(V)	4_ln(V)	5_ln(V)	6_ln(V)	7_ln(V)	8_ln(V)	9_ln(V)	Mises(ln(V))
0	0.0	nan	nan	1	1	5.0	5.0	5.0	1.0	0.0	0.0	0.0	1.0	0.0	0.0	0.0	1.0	6.33354006769e-06	-1.16864539999e-06	-7.95958243598e-07	-1.16864539999e-06	6.90215209005e-06	1.52742807628e-06	-7.95958243598e-07	1.52742807628e-06	6.72467905485e-06	6.33354006769e-06	-1.16864539999e-06	-7.95958243598e-07	-1.16864539999e-06	6.90215209005e-06	1.52742807628e-06	-7.95958243598e-07	1.52742807628e-06	6.72467905485e-06	3.64017271332e-06	0.0	0.0	0.0	0.0	0.0	0.0	0.0	0.0	0.0	0.0
10	2.5	nan	nan	1	1	5.0	5.0	5.0	1.00025	-9.59836472117e-22	1.46191830183e-19	1.89222331104e-21	0.9999308841	-1.82004792518e-20	7.6744266269e-22	-1.18960204312e-21	0.99992954594	55579931.2054	-540628.957846	-1272561.69208	-540456.477216	498.353520567	665367.771012	-1272153.99777	665366.880782	507.939341535	55587689.30628895	-540531.9170555192	-1272331.569513732	-540531.9166018609	498.2640680527147	665247.449820556	-1272331.5708408358	665247.4500205993	507.84748877413983	55650659.8783	0.0002499687552074404	0.0	0.0	0.0	-6.911828861368322e-05	0.0	0.0	0.0	-7.045654200358906e-05	0.000213172180564
20	5.0	nan	nan	1	1	5.0	5.0	5.0	1.0005	-3.78685707807e-21	3.79628648469e-19	2.99700702963e-21	0.999861740974	-6.90232073351e-20	4.08678921389e-22	4.28202968785e-21	0.999859063707	111203254.334	-1081662.17126	-2546067.65385	-1080972.13513	7.93760462144	1330983.93973	-2544436.6027	1330980.37588	10.6931979783	111234308.26469971	-1081274.0012042196	-2545147.145787292	-1081274.0007001553	7.934756097648897	1330502.734351972	-2545147.146275395	1330502.7343940765	10.689331947898076	111361217.479	0.0004998750416509929	0.0	0.0	0.0	-0.00013826858466014662	0.0	0.0	0.0	-0.00014094622545240894	0.000426324434083
30	7.5	nan	nan	1	1	5.0	5.0	5.0	1.00075	1.18540151658e-21	3.73324084636e-19	-1.04993776657e-22	0.999789636146	-1.15954540159e-19	-3.0378207996e-22	3.91419280921e-21	0.999785750999	163957872.456	-1572793.62444	-3803170.347	-1571284.2237	3040.76249973	1980115.54174	-3799506.02446	1980107.88596	2823.67378286	164027513.25394097	-1571951.7023369044	-3801119.7251147004	-1571951.623718623	3039.1347685903224	1979047.8882049653	-3801119.8574974835	1979047.9270627883	2822.1512932716364	164215018.265	0.0007497188905459742	0.0	0.0	0.0	-0.00021038598357862715	0.0	0.0	0.0	-0.00021427195559547285	0.0006413691642
40	10.0	nan	nan	1	1	5.0	5.0	5.0	1.001	6.35652111595e-21	-7.98733871287e-20	-3.2668464317e-21	0.999679725454	-1.13883228207e-19	-3.22807234049e-22	1.10738804506e-21	0.999686119368	184278310.331	-1481946.98583	-5216755.31442	-1479992.23867	-1329.20473646	2860987.25587	-5209908.13201	2861005.29749	-1852.23523248	184395226.98211005	-1480931.354980339	-5213213.430213913	-1480931.2300027476	-1328.2937852932096	2859044.8060204987	-5213213.594331048	2859044.549049632	-1850.9776686648554	184701977.916	0.0009995003330834232	0.0	0.0	0.0	-0.00032032584484609753	0.0	0.0	0.0	-0.00031392990283639024	0.000877759905498
50	12.5	nan	nan	1	1	5.0	5.0	5.0	1.00125	1.26379626666e-21	1.03512761469e-18	9.46646172521e-21	0.999556206466	2.82420864424e-19	2.93070091028e-21	-2.64605255186e-20	0.999576410356	192557964.251	-1376464.09218	-6453523.60435	-1374135.76185	-5948.33189807	3575107.18826	-6442736.74418	3575179.20868	-5997.70357934	192725094.5262844	-1375328.234902274	-6448328.497378636	-1375328.4400601662	-5943.42333843874	3572229.215633607	-6448328.703826169	3572228.973111616	-5992.87540893458	193168223.038	0.0012492194004318981	0.0	0.0	0.0	-0.0004438920394955927	0.0	0.0	0.0	-0.00042367938343574376	0.00112206409408
60	15.0	nan	nan	1	1	5.0	5.0	5.0	1.0015	-2.61892102777e-20	9.62391555481e-20	-1.27050806185e-20	0.999428987145	-6.91599713096e-19	-1.88266307417e-21	-1.32617731708e-21	0.999465346865	198213269.688	-1419793.67174	-7324766.11763	-1416858.07193	-1994.63416335	4084599.67873	-7309885.05859	4084747.83283	-1545.32103643	198432609.2951567	-1418425.536643455	-7317974.081766505	-1418425.9442191918	-1992.7121030831036	4080812.1519939336	-7317974.059491077	4080811.706770372	-1543.8881065955875	198979534.923	0.0014988761237359487	0.0	0.0	0.0	-0.0005711759449275922	0.0	0.0	0.0	-0.000534796112952068	0.00136806934729
70	17.5	nan	nan	1	1	5.0	5.0	5.0	1.00175	1.00490036716e-20	-3.57509528697e-19	6.58477126623e-21	0.999300639535	8.35476406916e-19	-4.91924310285e-21	1.36976973536e-20	0.999353066514	202638035.168	-1533309.75959	-7886145.85659	-1529561.21623	-536.674979048	4448949.58678	-7867276.17632	4449182.60334	64.3061907834	202911121.37825453	-1531622.012636499	-7877878.687373689	-1531622.5374204975	-536.0842493828106	4444285.683811732	-7877878.552296631	4444285.292579803	64.23877760457606	203532539.063	0.001748470534116803	0.0	0.0	0.0	-0.0006996051316100545	0.0	0.0	0.0	-0.0006471428377633907	0.00161484709871
80	20.0	nan	nan	1	1	5.0	5.0	5.0	1.002	-1.77802472668e-20	-3.36186880457e-19	1.30194092513e-20	0.99917219214	-9.98394384847e-19	7.21632366391e-21	1.17657343149e-19	0.999239576318	206356277.237	-1682872.71579	-8261281.42111	-1678124.01171	-1932.16307424	4701061.131	-8238522.20715	4701377.82894	-815.429492365	206684409.83125973	-1680791.8023041573	-8251622.59547742	-1680792.4412476176	-1929.7739070972323	4695564.800898425	-8251622.500007067	4695564.459672978	-814.4761183203517	207359351.021	0.001998002662673058	0.0	0.0	0.0	-0.0008281506821333077	0.0	0.0	0.0	-0.0007607129507419262	0.00186203009951
90	22.5	nan	nan	1	1	5.0	5.0	5.0	1.00225	2.00812569358e-20	6.12571911349e-19	-5.17608268305e-21	0.999044041614	6.00727305362e-19	2.65442258568e-21	-2.52997326252e-20	0.999125009052	209627457.691	-1847343.75144	-8519915.22665	-1841435.08866	-1345.90677505	4868906.48316	-8493350.35884	4869300.70092	-535.713521948	210011802.99641958	-1844810.7518905182	-8508922.628574189	-1844811.3015824722	-1344.0613246555113	4862624.503748906	-8508922.64776465	4862624.121928078	-535.0223315694702	210721860.876	0.00224747254047937	0.0	0.0	0.0	-0.0009564156056299993	0.0	0.0	0.0	-0.000875373976026576	0.00210943053738
100	25.0	nan	nan	1	1	5.0	5.0	5.0	1.0025	7.89523215167e-21	-4.85778358334e-19	-3.29011088643e-21	0.998916318959	7.51072137982e-19	2.28136412942e-21	-1.1360705328e-20	0.999009533047	212605606.168	-2010284.63091	-8711350.36751	-2003099.29736	-335.186169204	4984981.29585	-8681020.01182	4985447.26117	210.383935856	213047269.0594054	-2007259.5765559734	-8699053.300892437	-2007260.4982022063	-334.68178471785455	4977944.425043954	-8699053.799676651	4977945.214587997	210.08695488687997	213781694.911	0.002496880198587146	0.0	0.0	0.0	-0.0010842686478563725	0.0	0.0	0.0	-0.0009909577895236977	0.00235694471759
110	27.5	nan	nan	1	1	5.0	5.0	5.0	1.00275	-1.86451679948e-20	1.2791843593e-18	-8.95588449211e-21	0.998788947001	-6.20684071616e-19	1.53028413322e-21	4.08802998481e-21	0.998893407081	215385711.388	-2166622.32852	-8864659.78871	-2158065.09253	-364.820128725	5073616.91768	-8830566.91674	5074148.50956	172.420570047	215885768.8411777	-2163074.099744578	-8851067.941804344	-2163075.436656395	-364.2226709855735	5065837.733137478	-8851068.698283648	5065838.690393369	172.15620412125412	216639690.989	0.0027462256680252286	0.0	0.0	0.0	-0.0012117869162853357	0.0	0.0	0.0	-0.0011072056450115808	0.00260451461651
120	30.0	nan	nan	1	1	5.0	5.0	5.0	1.003	-8.26413919523e-20	5.5044237554e-19	5.28651129483e-21	0.998661905596	3.16574014543e-19	-6.31965987991e-22	-8.8169181492e-21	0.998776766412	218024301.209	-2312372.05407	-8995820.5125	-2302371.98087	-290.686084445	5145613.44573	-8957943.30798	5146206.01121	105.78432187	218583808.25726867	-2308279.251720161	-8980931.104840538	-2308280.4660429363	-290.171582166964	5137096.697741863	-8980931.719780944	5137097.440632716	105.60923323966173	219353702.336	0.002995508979798371	0.0	0.0	0.0	-0.0013389904517369683	0.0	0.0	0.0	-0.0012239823488742396	0.00285210328855
130	32.5	nan	nan	1	1	5.0	5.0	5.0	1.00325	1.75204350063e-20	-1.12434359325e-18	-6.45697186159e-21	0.998535117587	3.47649535795e-20	6.51487450447e-21	-1.2947444538e-21	0.998659751439	220553659.88	-2448015.67975	-9114048.21375	-2436512.05676	-234.906502219	5206867.78704	-9072348.54678	5207518.38453	54.4634117213	221173646.69530916	-2443360.112067076	-9097850.79395908	-2443361.2078978904	-234.45976360973108	5197614.179711562	-9097851.349526294	5197614.871860618	54.366619744539854	221957406.119	0.0032447301648890294	0.0	0.0	0.0	-0.0014659564022149493	0.0	0.0	0.0	-0.001341147497390996	0.00309969242666
140	35.0	nan	nan	1	1	5.0	5.0	5.0	1.0035	2.35203637301e-21	-5.76314930739e-19	2.69164571325e-21	0.998408516038	-1.24411024696e-18	7.12037071286e-21	2.07057369392e-19	0.998542472537	222995903.201	-2573641.67828	-9222415.54855	-2560584.80273	-206.374325992	5260712.95378	-9176855.18757	5261419.44827	28.7935231775	223677379.2366938	-2568408.876029578	-9204899.12401629	-2568409.9562658896	-205.9547197793025	5250721.115853885	-9204899.679883944	5250721.778986169	28.73883473138371	224473384.944	0.003493889254255838	0.0	0.0	0.0	-0.0015927517178544164	0.0	0.0	0.0	-0.0014585906893989395	0.00334726997062
150	37.5	nan	nan	1	1	5.0	5.0	5.0	1.00375	4.32298159052e-21	5.43044072141e-19	-2.23595191379e-20	0.998282069407	2.49802030944e-18	-1.06375426774e-20	-5.84157016536e-20	0.998424991403	225366402.105	-2689626.96996	-9323420.67354	-2674976.23232	-180.807995885	5309417.29089	-9273959.33164	5310178.02027	10.4967081322	226110357.96467274	-2683805.5672370903	-9304573.07753424	-2683806.5824694983	-180.41665679918603	5298684.132360674	-9304573.550630484	5298684.722079732	10.475488697703227	226917373.229	0.003742986278834297	0.0	0.0	0.0	-0.0017194079279762248	0.0	0.0	0.0	-0.0015762502269303289	0.00359482719728
160	40.0	nan	nan	1	1	5.0	5.0	5.0	1.004	2.91775036381e-21	-4.00165164935e-19	-1.41869746859e-20	0.998155751385	3.05534255293e-19	6.02187485939e-22	1.79807558473e-19	0.998307356002	227676220.917	-2796569.89833	-9418840.11611	-2780292.16413	-157.02746659	5354879.56696	-9365436.01234	5355693.46317	-1.1667212588	228483629.73181647	-2790150.9177921643	-9398648.300794879	-2790151.9219564535	-156.6670406794753	5343399.943363266	-9398648.684091607	5343400.513822576	-1.1642200781980876	229300718.513	0.003992021269537457	0.0	0.0	0.0	-0.001845951335292485	0.0	0.0	0.0	-0.0016940781384065149	0.00384235795891
170	42.5	nan	nan	1	1	5.0	5.0	5.0	1.00425	-3.56812758278e-20	-2.09442792843e-18	4.77862239872e-21	0.998029542702	-6.80350883946e-19	1.6814927492e-20	3.96406042641e-19	0.998189601347	229933404.713	-2895677.65709	-9510238.62396	-2877742.41331	-132.807254008	5398534.27613	-9452847.06627	5399400.60261	-8.89335153016	230805222.6580825	-2888652.7218739367	-9488688.21646811	-2888653.6920795212	-132.48506263654863	5386301.080086272	-9488688.581837434	5386301.617180445	-8.873199002232937	231631730.844	0.004240994257254614	0.0	0.0	0.0	-0.0019724012029890495	0.0	0.0	0.0	-0.0018120394052177644	0.00408985779624
180	45.0	nan	nan	1	1	5.0	5.0	5.0	1.0045	1.55908294324e-20	-3.57188169029e-19	-1.03381032957e-20	0.997903426577	1.80683356626e-18	-9.54897299131e-21	-6.16290915383e-21	0.998071755946	232143971.736	-2987628.79527	-9598515.90652	-2968009.88077	-113.470359415	5441417.05456	-9537091.06866	5442335.45373	-14.3990440956	233081138.4974444	-2979990.843771819	-9575592.015871331	-2979991.756444374	-113.18026946035286	5428421.457037699	-9575592.368881486	5428421.980175912	-14.364655225955138	233916581.457	0.004489905272852001	0.0	0.0	0.0	-0.00209877430981112	0.0	0.0	0.0	-0.001930105509844956	0.0043373234516
190	47.5	nan	nan	1	1	5.0	5.0	5.0	1.00475	1.98224683113e-19	-2.10947103505e-18	8.87564797269e-22	0.997777388553	1.1721314716e-19	-1.8843174354e-21	-7.40930490082e-20	0.997953843136	234312483.485	-3073171.31459	-9683826.27664	-3051845.45393	-99.2519206204	5483856.09655	-9618324.89796	5484826.39644	-17.1642592743	235315922.4653961	-3064914.0564070903	-9659514.908637315	-3064914.92699038	-98.98524211477182	5470088.806655654	-9659515.200692398	5470089.298176448	-17.121168184911724	236159852.867	0.00473875434717347	0.0	0.0	0.0	-0.002225085113835541	0.0	0.0	0.0	-0.002048253102933508	0.00458475250093
200	50.0	nan	nan	1	1	5.0	5.0	5.0	1.005	-6.51781616552e-20	1.9380676316e-19	-7.68450789062e-21	0.997651414555	2.49978241094e-18	3.91256429738e-21	5.49086626516e-20	0.997835883816	236442446.884	-3153156.4894	-9766149.89258	-3130101.37203	-85.6815188583	5526073.73969	-9696532.37001	5527095.97926	-19.3760574695	237513065.29395944	-3144273.717320171	-9740438.333868	-3144274.5638493975	-85.44014504571757	5511525.12319653	-9740438.556081545	5511525.571000166	-19.325045694674053	238365055.338	0.004987541511038968	0.0	0.0	0.0	-0.002351347697567695	0.0	0.0	0.0	-0.0021664612673948894	0.00483214315374
210	100.0	nan	nan	1	1	5.0	5.0	5.0	1.01	2.87233918216e-19	7.10892253318e-19	-4.61814935988e-20	0.995138228577	-6.16002229349e-19	-2.45507205806e-21	8.95454445952e-19	0.995478258656	273080215.857	-4245761.74322	-11091648.7846	-4183291.87907	4935.50812561	6347476.28989	-10932173.0806	6349647.73794	4288.55838871	275660822.66852915	-4222818.993468619	-11035482.473128857	-4222823.968510693	4908.838205188155	6315333.698894091	-11035482.06703857	6315336.255602676	4266.841824211776	276631257.161	0.009950330853168092	0.0	0.0	0.0	-0.004873628279512638	0.0	0.0	0.0	-0.0045319953386741855	0.00977075283533
220	150.0	nan	nan	1	1	5.0	5.0	5.0	1.015	2.91636587026e-19	-8.85484272593e-18	-1.10073751293e-19	0.992633016125	5.2191175816e-18	3.03873069827e-20	9.26012152141e-20	0.993134723802	302313014.53	-4997245.14304	-12094559.113	-4887121.66345	-6927.66075968	7084486.67866	-11834004.7066	7088072.19707	-7666.80974776	306661997.98639846	-4957428.344412245	-12004256.95361554	-4957426.315390948	-6872.462892548357	7031591.452034848	-12004245.113788417	7031596.211751808	-7609.566695793898	307734278.999	0.014888612493750559	0.0	0.0	0.0	-0.007394254116206631	0.0	0.0	0.0	-0.006888950623167138	0.0146897071394
230	200.0	nan	nan	1	1	5.0	5.0	5.0	1.02	-8.22134810816e-20	7.37501661007e-18	6.53894546029e-20	0.990136883459	-3.49679685173e-18	2.38955935354e-20	2.82131454607e-19	0.990808041784	326242334.453	-5606590.19055	-12864922.7078	-5442431.37739	-1613.58546517	7734532.27375	-12496738.7815	7739773.17636	-1792.68639262	332548929.83473736	-5547650.824131196	-12738308.74506032	-5547639.098661425	-1596.6226229169927	7658410.57419842	-12738313.423302166	7658408.690685836	-1775.0431363584194	333683964.998	0.01980262729617973	0.0	0.0	0.0	-0.009912079291178436	0.0	0.0	0.0	-0.009234464944481048	0.0195878401882
240	250.0	nan	nan	1	1	5.0	5.0	5.0	1.025	4.00156893129e-20	-1.53961473053e-18	-1.91091129209e-19	0.987651857198	1.53394159502e-17	-1.49316026733e-19	-4.9945165386e-20	0.988497935507	346036964.251	-6109054.51403	-13448476.1423	-5886444.39738	225.654942116	8305205.53028	-12969561.087	8312317.31355	111.718836777	354440093.12591976	-6029403.7754996475	-13284503.475036591	-6029390.255760477	222.71282026220075	8203943.001458059	-13284512.680397267	8203940.115179555	110.35668723261774	355623495.966	0.024692612590371414	0.0	0.0	0.0	-0.012425014588693894	0.0	0.0	0.0	-0.011568724884521408	0.0244646505751
250	300.0	nan	nan	1	1	5.0	5.0	5.0	1.03	8.04178374079e-19	9.30975235816e-18	1.82583576609e-20	0.985179285563	1.19874021754e-17	7.89858223315e-20	7.03566741813e-19	0.986204304299	362557565.823	-6516359.63387	-13882374.9514	-6232784.59029	526.862297496	8815867.16972	-13292107.2257	8825035.78481	515.124465872	373159761.59173864	-6415063.008498079	-13680793.060621215	-6415048.618515775	518.6722380502387	8687854.550903106	-13680805.562931048	8687850.854263617	507.6444947445565	374378435.113	0.02955880224154443	0.0	0.0	0.0	-0.014931638572913622	0.0	0.0	0.0	-0.013891740672128231	0.0293198089694
260	350.0	nan	nan	1	1	5.0	5.0	5.0	1.035	-1.02240185456e-18	8.32765736049e-19	-1.23623796907e-19	0.982720231624	7.56876216186e-18	-3.29019360449e-20	-8.78121703396e-19	0.983926911503	376447219.038	-6845654.40022	-14197131.0348	-6499856.52528	664.590939482	9275444.94335	-13496572.7266	9286830.02239	661.449911392	389324161.47365147	-6722205.443785246	-13958229.794011384	-6722193.878521478	652.6062477143403	9119363.034941804	-13958243.264433004	9119358.892849172	650.3194087458078	390566696.847	0.03440142671733232	0.0	0.0	0.0	-0.017430806032865166	0.0	0.0	0.0	-0.016203661616396494	0.0341531231712
270	400.0	nan	nan	1	1	5.0	5.0	5.0	1.04	-3.98456209789e-19	3.90902396435e-17	7.52858434515e-20	0.98027510418	-7.92351014809e-18	-5.85776222586e-20	1.1015663479e-18	0.981665885656	388198909.565	-7114644.91472	-14416315.7047	-6706054.39606	840.78531945	9686377.68965	-13607709.3688	9700117.02678	856.358253604	403406265.4885697	-6968770.969483974	-14140767.183254573	-6968758.266501007	823.5464167197323	9501235.583635015	-14140779.592793468	9501232.281735316	839.9901152084822	404663242.401	0.03922071315328133	0.0	0.0	0.0	-0.01992202816057948	0.0	0.0	0.0	-0.018504267161480573	0.0389645059244
280	450.0	nan	nan	1	1	5.0	5.0	5.0	1.045	-4.68462159391e-19	1.55015632026e-17	7.41236546909e-21	0.977844355331	2.31131600853e-17	-2.64790440246e-19	-4.52388385728e-19	0.979421102014	398194651.678	-7327735.49532	-14555492.3046	-6856818.3109	997.943096984	10057245.2986	-13642075.1715	10073462.8917	1138.71385809	415772951.61305505	-7159522.15287374	-14244292.247550268	-7159512.5042078635	975.0346085402836	9842218.88484563	-14244304.478424776	9842219.4380978	1114.3678716963313	417036404.387	0.04401688541677426	0.0	0.0	0.0	-0.02240476749069186	0.0	0.0	0.0	-0.0207935940873395	0.0437539334314
290	500.0	nan	nan	1	1	5.0	5.0	5.0	1.05	-1.74009022379e-19	8.97592873272e-18	-3.83844891449e-20	0.975428425785	-2.51825806894e-17	-3.87782271165e-20	-1.55905347493e-18	0.977192297114	406735787.623	-7493257.89448	-14625740.5133	-6961073.01139	1239.52247999	10388157.0058	-13611594.8778	10406945.3321	1378.6634333	426714051.3178873	-7303000.761526071	-14280162.758352468	-7302990.679942478	1208.0504558587438	10142705.09361529	-14280176.399396326	10142708.386091214	1346.0883022374016	427976852.383	0.04879016416943205	0.0	0.0	0.0	-0.024878493435520434	0.0	0.0	0.0	-0.023071822239116305	0.0485214277172
300	550.0	nan	nan	1	1	5.0	5.0	5.0	1.055	1.99564601968e-18	2.78459434432e-18	2.22212145395e-19	0.97302734826	-3.10939045143e-17	-1.3954867806e-19	-2.4376284733e-18	0.974979498588	414059654.748	-7616544.25795	-14635742.1061	-7024737.91791	1425.80287742	10683355.7937	-13525651.6234	10704791.6598	1598.13447109	436457926.5234675	-7404743.628701792	-14257298.479435248	-7404736.276196173	1386.1541947108049	10407110.97589656	-14257312.43006706	10407113.141468005	1556.8107171762485	437713906.438	0.05354076692802976	0.0	0.0	0.0	-0.027343090037995718	0.0	0.0	0.0	-0.025338835294592944	0.0532670567394
310	600.0	nan	nan	1	1	5.0	5.0	5.0	1.06	-3.0678276035e-18	-8.71093976912e-18	-3.0972413189e-19	0.970641277687	2.27967006353e-18	1.80497427104e-19	-1.18419176493e-18	0.97278253122	420358634.595	-7708390.559	-14599044.4657	-7058563.2056	1618.20370957	10946921.0215	-13397838.872	10971076.2701	1862.57337921	445190054.104094	-7475531.613395844	-14189262.062939782	-7475526.554666396	1569.3201966370646	10639650.527903246	-14189275.82646249	10639656.470747007	1810.2925743639464	446434701.889	0.058268908123975824	0.0	0.0	0.0	-0.029798314904801983	0.0	0.0	0.0	-0.027594725147749872	0.0579909094379
320	650.0	nan	nan	1	1	5.0	5.0	5.0	1.065	-4.12332991745e-20	-3.23495646842e-17	-5.35682164689e-20	0.968270625734	-2.13675575299e-17	-1.23428582283e-19	9.01957739928e-19	0.970600895283	425787288.564	-7765747.67437	-14528971.2682	-7060414.94558	1747.16286808	11183661.2729	-13241165.7182	11210582.1771	2042.04294202	453059506.2791915	-7512646.948200543	-14089270.272522494	-7512643.508355676	1690.2194533320978	10845201.866088651	-14089279.23395941	10845207.636388239	1980.2430872162754	454289501.527	0.06297479916138839	0.0	0.0	0.0	-0.032243658739283615	0.0	0.0	0.0	-0.029839919609838967	0.062693087883
330	700.0	nan	nan	1	1	5.0	5.0	5.0	1.07	-1.62501285697e-19	-1.52806861267e-17	-2.74356163644e-20	0.965915422273	-2.87195520492e-17	7.04360835201e-20	-1.98348646467e-18	0.968434426847	430472419.559	-7794410.16404	-14434225.9367	-7036204.06058	1965.74153084	11388285.4201	-13064118.41	11417990.7755	2241.90852793	460188764.6534864	-7521929.4961744165	-13965954.441661155	-7521926.858415982	1897.0222109807387	11018829.554369073	-13965959.81350851	11018835.267037673	2169.177100368983	461401077.141	0.06765864847381486	0.0	0.0	0.0	-0.03467900318556127	0.0	0.0	0.0	-0.03207450431572121	0.0673737174718
340	750.0	nan	nan	1	1	5.0	5.0	5.0	1.075	1.34918120991e-18	-3.19859493218e-17	-3.6949165346e-19	0.963575480701	-4.48608765898e-17	-2.82167850554e-19	2.35810002049e-18	0.966283141428	434518927.529	-7796333.22858	-14320367.8516	-6988237.98021	2075.97315781	11560759.5901	-12872125.2946	11593249.5409	2299.28698708	466679319.65688646	-7505463.660074241	-13824835.404074226	-7505463.950099524	1998.5216945461946	11160718.784283739	-13824840.057447687	11160722.685944706	2219.7239953972007	467871433.483	0.07232066157962608	0.0	0.0	0.0	-0.03710445408093783	0.0	0.0	0.0	-0.03429838064878091	0.072032940229
350	800.0	nan	nan	1	1	5.0	5.0	5.0	1.08	1.15567057741e-19	-6.13741544735e-18	1.35993455787e-19	0.961250604145	4.90880739224e-18	-2.33145818732e-19	-5.04355842275e-18	0.964147083121	438017564.813	-7765425.5818	-14194895.9342	-6911615.83055	12270.2061363	11708666.4961	-12672161.9121	11743956.0091	12045.1951752	472619470.0814748	-7457585.048913816	-13673252.432425698	-7457610.09067261	11783.785043749149	11278388.61167976	-13673219.817657866	11278396.763447523	11602.55031046319	473779945.404	0.0769610411361284	0.0	0.0	0.0	-0.03952012966313129	0.0	0.0	0.0	-0.03651142015844294	0.076670891124
360	850.0	nan	nan	1	1	5.0	5.0	5.0	1.085	-1.6797391263e-19	2.31996765599e-17	-3.4787163379e-19	0.95894063199	-3.78936732566e-17	2.61124375771e-19	1.35392922663e-18	0.962026130464	441035675.018	-7704220.46284	-14055156.0318	-6809131.71681	18847.0915254	11840673.3744	-12462123.0591	11878781.97	18644.6459568	478074006.6457166	-7380947.144986521	-13508720.380238233	-7380965.001302732	18056.25722377337	11380332.26857154	-13508696.551436014	11380341.760763776	17919.78034602403	479204532.854	0.08157998699242285	0.0	0.0	0.0	-0.041926112177633375	0.0	0.0	0.0	-0.03871366604083788	0.081287745834
370	900.0	nan	nan	1	1	5.0	5.0	5.0	1.09	-2.83074109633e-18	1.40554794383e-17	-1.34560117222e-18	0.956645485989	1.36163193249e-17	-2.32166436886e-19	-1.62748778137e-18	0.959920101753	443628054.975	-7625342.73759	-13904444.8852	-6692445.35714	19153.7662096	11952573.3576	-12245069.8553	11993495.868	18985.4601672	483095386.57183695	-7287822.4650334	-13334481.415677326	-7287838.1803437555	18305.963741695257	11462619.94796239	-13334451.43742918	11462628.18984063	18207.218472783272	484200836.595	0.08617769624105241	0.0	0.0	0.0	-0.044322399222859125	0.0	0.0	0.0	-0.040905225324467165	0.0858836693145
380	950.0	nan	nan	1	1	5.0	5.0	5.0	1.095	-7.07186484174e-19	-3.95993196797e-18	1.55579438331e-19	0.954365170238	-1.75115856213e-17	-4.93581980233e-19	4.36335787888e-18	0.957828779139	445850045.239	-7526276.98793	-13750685.444	-6559675.91327	20849.9011182	12041238.3143	-12028098.5566	12084941.4472	20745.6744974	487737729.1882553	-7175930.048711595	-13158174.662529686	-7175958.527567605	19879.341696658114	11522386.83212976	-13158140.363771455	11522389.437295215	19851.752819194066	488815818.746	0.09075436326846412	0.0	0.0	0.0	-0.04670890274741626	0.0	0.0	0.0	-0.04308624439724111	0.0904588075899
390	1000.0	nan	nan	1	1	5.0	5.0	5.0	1.1	-7.30661042777e-20	-3.10600099615e-17	6.51841483749e-19	0.952099921783	-6.05305890673e-17	1.81503278729e-19	-1.835004236e-18	0.955751645888	447740709.201	-7412881.07515	-13592175.3311	-6416212.54578	21214.8332882	12110228.774	-11809731.465	12156673.1147	21071.6675313	492038401.3224577	-7050976.919144764	-12978178.808304735	-7051007.19835023	20179.10422980446	11563175.916281352	-12978139.513951411	11563172.358542515	20119.801455520843	493089777.296	0.09531017980432493	0.0	0.0	0.0	-0.04908528984257987	0.0	0.0	0.0	-0.04525718431659331	0.0950133205894
400	1050.0	nan	nan	1	1	5.0	5.0	5.0	1.105	1.42743125509e-18	1.99231678315e-17	-5.22215664317e-20	0.949849761094	-1.97007687433e-17	-2.14828731247e-19	4.27649729712e-18	0.953688418335	449336763.506	-7295860.61962	-13424599.2533	-6271491.5691	21642.1353418	12165361.9688	-11586291.0208	12214524.5097	21433.8685732	496032950.1146365	-6923213.7762177605	-12790400.227377849	-6923240.467498948	20536.731354514453	11590651.277998054	-12790367.009125005	11590649.652502405	20421.29916130306	497057316.596	0.09984533496971612	0.0	0.0	0.0	-0.05145145311082395	0.0	0.0	0.0	-0.04741826639991718	0.0995473678059
410	1100.0	nan	nan	1	1	5.0	5.0	5.0	1.11	3.39447122368e-19	4.36740775516e-18	1.25559399541e-19	0.947614624224	-2.12835556843e-17	-7.35859872927e-21	3.76399604192e-18	0.951638887426	450669942.038	-7177980.19144	-13258421.88	-6127911.27564	22000.9678361	12211882.7877	-11366851.4078	12263739.1218	21691.2706429	499752135.1131315	-6795275.925102385	-12604833.136674697	-6795298.417143387	20827.95481156213	11609884.360052383	-12604808.37677604	11609880.354014402	20621.97518308307	500750459.506	0.10436001532424286	0.0	0.0	0.0	-0.05380737390819235	0.0	0.0	0.0	-0.04956963608144649	0.104061113476
420	1150.0	nan	nan	1	1	5.0	5.0	5.0	1.115	-2.52789988262e-18	-3.07294024143e-17	-2.79057651451e-20	0.945394258694	-6.9223449977e-17	4.14410869444e-19	-2.46222551599e-18	0.949603033659	451768595.61	-7058442.65165	-13095903.5758	-5984781.54447	22237.1199606	12249559.984	-11153261.4602	12304088.7879	21917.5314729	503223581.1510334	-6666408.610398445	-12423605.170759887	-6666428.854241815	21002.04468490619	11620709.9323774	-12423581.957788065	11620705.513501532	20792.361196075668	504196810.902	0.10885440491208208	0.0	0.0	0.0	-0.056153233526992245	0.0	0.0	0.0	-0.05171124102139395	0.108554726285
430	1200.0	nan	nan	1	1	5.0	5.0	5.0	1.12	9.30851572315e-19	-1.75174354426e-18	-3.44510798961e-19	0.94318849419	1.73229884417e-17	-4.80744137126e-19	5.03129629735e-18	0.947580752285	452657477.614	-6938335.54891	-12937720.2737	-5843017.1539	22282.4892806	12275765.8421	-10946000.7419	12332927.2955	21951.5640649	506471456.10254675	-6537640.659590667	-12247324.930083087	-6537661.592528532	20995.656219110144	11620694.361388998	-12247311.065028096	11620690.058944022	20780.163130662593	507420449.456	0.11332868530700327	0.0	0.0	0.0	-0.05848912852930938	0.0	0.0	0.0	-0.053843118971127424	0.113028372743
440	1250.0	nan	nan	1	1	5.0	5.0	5.0	1.125	4.84476582845e-19	-1.3241242548e-17	-7.15584021752e-19	0.940997022996	8.39568469407e-18	-4.18434275944e-19	7.14504054745e-18	0.945572075852	453357823.223	-6809064.38712	-12776444.5349	-5695407.85844	22297.8435928	12291219.7149	-10738701.1636	12350982.0351	21973.5124886	509516469.444515	-6400888.765656962	-12068943.162454676	-6400913.264160197	20961.178869377458	11610587.885476349	-12068932.801024599	11610591.067819387	20756.719334552978	510441070.91	0.11778303565638346	0.0	0.0	0.0	-0.06081530306169807	0.0	0.0	0.0	-0.0559651633797074	0.117482222878
450	1300.0	nan	nan	1	1	5.0	5.0	5.0	1.13	-6.53338680658e-19	1.11755938874e-17	-8.57488510197e-20	0.938819663125	2.97235772592e-17	-7.07801906549e-20	-2.86561833968e-19	0.943576909017	453887930.934	-6668807.88462	-12611788.3837	-5540562.70193	22354.834276	12297056.6343	-10531135.4515	12359373.7196	21979.8439518	512376441.6994202	-6254498.008055303	-11888198.675654162	-6254525.8614515085	20966.0060491633	11591524.369634312	-11888189.444893628	11591528.748088092	20718.770709520453	513276431.216	0.12221763272424911	0.0	0.0	0.0	-0.06313187026828393	0.0	0.0	0.0	-0.058077402904251	0.121916442946
460	1350.0	nan	nan	1	1	5.0	5.0	5.0	1.135	6.07611309215e-19	1.04194052237e-17	-1.03589482471e-18	0.936656490165	5.73466451582e-17	-2.76503317719e-19	-1.02960163461e-18	0.941594900627	454264803.07	-6518449.56881	-12448854.4995	-5379356.93371	22499.7741677	12299059.9454	-10327541.1713	12363906.3201	22070.0907632	515068088.88562423	-6099361.1685625985	-11709899.903774468	-6099383.171565428	21053.204049710115	11568997.041208921	-11709881.236758288	11568998.011643851	20760.02685344819	515943889.11	0.126632650933366	0.0	0.0	0.0	-0.0654386699740019	0.0	0.0	0.0	-0.06018013869750619	0.126331189811
470	1400.0	nan	nan	1	1	5.0	5.0	5.0	1.14	-2.62140153563e-18	2.2918752789e-17	-6.04622705662e-19	0.934507604617	-7.14463026586e-17	4.41568863316e-19	9.86408910003e-18	0.939625673199	454502487.628	-6360503.65196	-12293519.7673	-5214002.10204	22847.9919741	12293450.935	-10132712.1911	12360777.7485	22373.228463	517605104.214549	-5937884.976461605	-11539541.482897881	-5937908.317039166	21329.87507105851	11539476.87217644	-11539526.608582724	11539475.567722015	21001.047937619605	518457202.262	0.131028262406404	0.0	0.0	0.0	-0.06773551448774093	0.0	0.0	0.0	-0.06227370302979174	0.130726619096
480	1450.0	nan	nan	1	1	5.0	5.0	5.0	1.145	1.42503367208e-19	-1.39013459117e-17	6.61704785373e-19	0.932373018121	-4.77421915088e-17	9.81870004545e-19	-1.79246730018e-18	0.937668937178	454612764.457	-6194641.22785	-12142635.3053	-5044317.50312	23099.4431251	12274341.5628	-9943913.85001	12344060.1252	22636.2654086	519998869.48650664	-5769805.09507449	-11374119.003775371	-5769832.270518001	21515.254836290092	11497489.475561922	-11374128.411138143	11497489.262829255	21203.59955520371	520827391.989	0.13540463700620298	0.0	0.0	0.0	-0.07002231033341573	0.0	0.0	0.0	-0.06435833771504593	0.135102888651
490	1500.0	nan	nan	1	1	5.0	5.0	5.0	1.15	-2.04938959844e-19	-7.87928576382e-18	-8.7654675151e-20	0.930252499806	-2.56802654855e-17	5.75876525015e-19	-1.30652846881e-18	0.935724650756	454606837.445	-6023999.65218	-11992230.534	-4872934.86054	23241.9288018	12239968.0071	-9757778.06714	12311970.9681	22738.7925765	522260339.75744194	-5598079.053363504	-11209888.233011002	-5598113.372391588	21598.632519514773	11441463.950030949	-11209907.262423867	11441465.929898884	21255.372185641558	523065201.31	0.13976194237515863	0.0	0.0	0.0	-0.07229922451795157	0.0	0.0	0.0	-0.06643402232568733	0.139460161543
500	1550.0	nan	nan	1	1	5.0	5.0	5.0	1.155	5.1926262953e-19	2.16645616919e-17	-6.31529236627e-19	0.928145687163	5.29648378429e-17	1.62259748958e-19	6.34088864315e-18	0.933792908533	454495775.69	-5857274.28245	-11840573.6835	-4706879.71876	23128.2240848	12188914.464	-9572873.89028	12263073.2376	22567.5707699	524400538.0299708	-5430789.95207334	-11045226.076617943	-5430832.119864761	21444.194161332318	11370168.32816523	-11045251.654835887	11370164.979270982	21051.67602655722	525181830.398	0.14410034397375687	0.0	0.0	0.0	-0.07456656804028067	0.0	0.0	0.0	-0.06850059067739155	0.143798602918
510	1600.0	nan	nan	1	1	5.0	5.0	5.0	1.16	-6.20393731221e-19	-2.39873642613e-17	8.06401835566e-19	0.926052484585	3.22956722129e-17	-1.67289007083e-20	3.47863858292e-18	0.931873542111	454289300.958	-5697532.37152	-11693164.1902	-4548500.73002	23742.4252115	12125780.9461	-9393606.09827	12201984.4066	23099.474002	526429145.95597136	-5270742.880402746	-10885251.241009677	-5270789.67000791	21963.932890060147	11287977.31262242	-10885283.948644573	11287960.865190238	21503.46766341276	527186711.232	0.14842000511827322	0.0	0.0	0.0	-0.07682436712464631	0.0	0.0	0.0	-0.07055815793276815	0.148118367454
520	1650.0	nan	nan	1	1	5.0	5.0	5.0	1.165	-4.25001014672e-18	-1.01972178938e-17	-6.74979379843e-22	0.923972668775	-2.14515329057e-17	-1.05402662374e-19	5.46735944651e-18	0.9299665212	453999366.129	-5538682.94319	-11549511.0949	-4392746.94719	26592.6895561	12053630.2526	-9219492.70469	12131861.0707	26141.1746027	528358632.347894	-5112263.912323728	-10729476.925158752	-5112222.48845215	24545.338403316706	11197802.7984904	-10729527.219223661	11197838.218438193	24285.10846836369	529090720.267	0.15272108701766393	0.0	0.0	0.0	-0.07907278702576302	0.0	0.0	0.0	-0.07260669219248218	0.152419609784
530	1700.0	nan	nan	1	1	5.0	5.0	5.0	1.17	1.75258809567e-18	8.97301705696e-18	-3.68247573819e-19	0.921905749408	-9.69577438898e-18	-4.04564111432e-19	-9.1952440916e-18	0.928071938145	453608086.297	-5378724.81785	-11408452.9067	-4238159.8086	5655.6361165	11973021.1077	-9049371.85218	12053060.1967	5677.35997559	530166916.3936704	-4953496.070795794	-10576801.865518693	-4953465.744519094	5208.515443653283	11100214.290532293	-10576702.036631394	11100174.9201373	5263.4929619400755	530895718.837	0.1570037488096647	0.0	0.0	0.0	-0.08131228472019363	0.0	0.0	0.0	-0.07464602964762027	0.156702542455
540	1750.0	nan	nan	1	1	5.0	5.0	5.0	1.175	4.10402683068e-18	-1.04311763347e-16	6.21510425048e-19	0.919851666643	-1.29300108794e-17	1.22862128999e-18	-2.60399269246e-18	0.926189959115	453173738.438	-5224049.10491	-11269123.9511	-4089637.49157	36275.1122282	11884702.0547	-8882901.79789	11966625.7027	35600.4830348	531920669.26774275	-4800310.340731345	-10426402.577680426	-4800284.14505309	33332.72579244212	10995946.861157065	-10426462.675572108	10995975.717445318	32938.22746926788	532599607.725	0.16126814759612232	0.0	0.0	0.0	-0.08354285384809508	0.0	0.0	0.0	-0.07667592594112842	0.160967190072
550	1800.0	nan	nan	1	1	5.0	5.0	5.0	1.18	-1.75299424135e-19	2.78340849819e-17	-3.69915169934e-19	0.917810224248	-1.70681188748e-16	3.74759139601e-19	2.57262393568e-18	0.924320054265	452635979.56	-5075142.47718	-11132889.4448	-3947520.11453	21477.0076803	11786293.4675	-8720680.0976	11869842.0191	20702.9307428	533548379.9427633	-4653115.748332475	-10279523.830315368	-4653171.76939038	19691.073327222155	10882842.695150215	-10279573.31760633	10882797.69043691	19115.995984976274	534219466.69	0.16551443847757333	0.0	0.0	0.0	-0.08576463713139398	0.0	0.0	0.0	-0.07869688824116045	0.165213867464
560	1850.0	nan	nan	1	1	5.0	5.0	5.0	1.185	3.76916426638e-19	4.0745884653e-17	-6.80273335764e-20	0.91578139273	-3.35747978424e-18	-8.08387069036e-19	-2.08689272664e-18	0.922462244347	452043534.407	-4935093.52996	-11001105.5537	-3813892.60353	7161.99560818	11675751.2579	-8563762.88924	11760893.1013	6869.84368253	535106032.42723656	-4514695.225504541	-10137390.268407522	-4514691.138887172	6551.897584319261	10759068.404572647	-10137344.820826318	10759035.793297062	6330.480709671723	535768877.572	0.16974277458709455	0.0	0.0	0.0	-0.08797759701534859	0.0	0.0	0.0	-0.0807088314421367	0.169442636543
570	1900.0	nan	nan	1	1	5.0	5.0	5.0	1.19	2.88219173043e-18	2.65120783095e-17	-1.00591779931e-18	0.913765112998	1.74422612685e-18	3.93605622677e-19	1.12642560685e-17	0.920616394834	451395295.154	-4803490.09441	-10872254.3589	-3688509.11669	11804.5626593	11553383.7922	-8411131.2666	11639990.376	11345.3555542	536591452.552319	-4384612.657861014	-9998574.109248467	-4384676.769840763	10775.172601420285	10624968.865296971	-9998644.630120326	10624951.470053714	10433.657506511907	537229250.711	0.17395330712343798	0.0	0.0	0.0	-0.09018172852223041	0.0	0.0	0.0	-0.08271183890030476	0.173653622984
580	1950.0	nan	nan	1	1	5.0	5.0	5.0	1.195	-6.17510510478e-18	-3.76209683523e-18	1.67049455577e-18	0.911761359191	-9.42549146947e-18	-3.96040842401e-19	-5.88127731631e-18	0.918782184697	450697535.822	-4674751.22593	-10742172.7245	-3566763.5791	7736.88010838	11425133.3235	-8259169.22859	11513034.3678	7540.09395809	538011347.0142167	-4257729.173716406	-9859231.023147104	-4257754.0926044015	7046.693729556	10486056.386873636	-9859221.337404905	10485987.36845718	6920.343786643446	538632122.342	0.17814618538347404	0.0	0.0	0.0	-0.09237699070246114	0.0	0.0	0.0	-0.08470619810593936	0.177847003764
590	2000.0	nan	nan	1	1	5.0	5.0	5.0	1.2	7.16555131791e-19	3.13509128394e-17	-4.03677373816e-19	0.909770010154	1.40159600573e-17	1.70624199313e-19	1.18106833094e-17	0.916959407999	449927819.855	-4548802.43309	-10610136.2083	-3448736.29076	-15763.9533974	11297734.2681	-8107439.96279	11386973.5091	-15376.9537727	539338123.6737939	-4133954.7434424725	-9718698.214823166	-4134074.129276244	-14326.291563803714	10348525.947955051	-9718562.09900131	10348489.265870553	-14085.019291576178	539960031.414	0.1823215567939546	0.0	0.0	0.0	-0.09456344750889623	0.0	0.0	0.0	-0.08669207379159528	0.182022951894
600	2050.0	nan	nan	1	1	5.0	5.0	5.0	1.205	-3.91353706178e-18	-7.55791616967e-18	2.04889329007e-19	0.907791256495	1.9843483207e-16	-6.57403446188e-19	-3.82330820056e-18	0.91514800852	449154521.618	-4432568.32818	-10472236.6887	-3339265.81603	16280.1480866	11171620.5014	-7953280.42416	11262208.8612	15999.1061927	540652781.4727978	-4019546.4625960016	-9573404.449000454	-4019515.0323992646	14763.18170574279	10212760.138056431	-9573460.749466348	10212808.565466851	14625.902656544917	541226261.05	0.18647956694261839	0.0	0.0	0.0	-0.09674082053843087	0.0	0.0	0.0	-0.08866946884266633	0.186181468523
610	2100.0	nan	nan	1	1	5.0	5.0	5.0	1.21	-2.31078528945e-18	-1.79888092778e-17	6.77282250669e-19	0.905824953454	6.967947134e-17	2.56756862136e-19	-8.91433355558e-18	0.913347480743	448316226.452	-4329361.0534	-10329209.2283	-3241005.34015	19557.4332988	11042078.3819	-7796882.63541	11133835.7311	19248.0618728	541881273.1770521	-3917440.4233777863	-9424046.577391572	-3917413.639013449	17696.62516875756	10074446.037662528	-9424117.263666293	10074497.742803367	17561.328036302664	542432643.304	0.1906203596086497	0.0	0.0	0.0	-0.09890919971441643	0.0	0.0	0.0	-0.09063887852349903	0.190322838572
620	2150.0	nan	nan	1	1	5.0	5.0	5.0	1.215	-5.28069456076e-18	2.43967194029e-17	-1.1312919104e-18	0.903871075444	1.9448109403e-16	3.03396613795e-19	6.51163857391e-18	0.911557747557	447437598.656	-4235610.52348	-10186514.2737	-3150915.4036	21806.365875	10910350.8116	-7642501.03119	11003093.623	21153.8720813	543052478.3707534	-3824331.7064910918	-9275617.500058634	-3824248.1727091153	19688.96241918844	9934727.248273654	-9275660.200227374	9934690.543113507	19262.25407428192	543583411.65	0.19474407679251185	0.0	0.0	0.0	-0.10106854441983269	0.0	0.0	0.0	-0.092600332446748	0.19444715192
630	2200.0	nan	nan	1	1	5.0	5.0	5.0	1.22	1.71849088364e-18	5.0635735466e-17	2.36547185411e-19	0.901929338582	3.40585330646e-17	-1.50782452523e-18	-6.29526136056e-18	0.909778765699	446507948.607	-4144722.32624	-10043638.1647	-3064124.84169	2449.33875453	10778810.9212	-7489704.6591	10872539.1057	2402.6727753	544152819.9456689	-3734219.2522527343	-9127644.424869722	-3734204.908273049	2206.750467830147	9795768.405656695	-9127595.429206178	9795697.191181317	2183.545683608146	544682976.572	0.19885085874516517	0.0	0.0	0.0	-0.10321910058902904	0.0	0.0	0.0	-0.09455382364487387	0.198554585277
640	2250.0	nan	nan	1	1	5.0	5.0	5.0	1.225	-6.8615624428e-19	-9.15934842349e-17	-3.73620939078e-19	0.899999787105	-9.89890083067e-17	-2.17766876783e-18	7.47910240091e-19	0.908010564316	445574108.907	-4056304.54081	-9899196.90826	-2980089.32866	26195.1062477	10645342.5395	-7337668.5379	10740049.7479	25628.233979	545238656.6831402	-3646729.6120067546	-8978865.53280325	-3646665.885367859	23550.12269963115	9655641.775652038	-8978934.046694752	9655600.819920583	23245.56919851266	545729904.508	0.20294084399669038	0.0	0.0	0.0	-0.10536075220785433	0.0	0.0	0.0	-0.09649926573927534	0.20264516305
650	2300.0	nan	nan	1	1	5.0	5.0	5.0	1.23	2.70793455387e-18	-1.76935124165e-17	-2.49202387038e-18	0.898082078581	-7.86319213782e-18	-1.72741781681e-19	-8.08365893212e-18	0.906252882555	444586886.53	-3973067.17801	-9750979.4448	-2900926.56647	11821.5694457	10512158.1566	-7184496.97641	10607833.3673	11553.6303764	546249707.8043778	-3564276.571429571	-8827284.002152637	-3564275.8194337036	10605.243033907194	9516357.413032861	-8827361.969032297	9516388.787474228	10459.17255448296	546736497.881	0.20701416938432612	0.0	0.0	0.0	-0.10749381331894137	0.0	0.0	0.0	-0.09843689206796574	0.206719159973
660	2350.0	nan	nan	1	1	5.0	5.0	5.0	1.235	-5.8456473386e-18	7.30914259306e-17	1.40157482991e-18	0.896176111815	9.39848170636e-17	9.48571021806e-19	-8.3565160377e-18	0.904505848461	443580237.209	-3898041.67016	-9597259.88751	-2828652.42954	14771.7789882	10377915.1051	-7029110.04109	10474432.7377	13972.1381482	547226910.5419546	-3489539.675209806	-8671354.363509431	-3489593.5394994677	13223.74495053626	9376695.065625373	-8671527.378783477	9376746.506668394	12624.161741897346	547694283.96	0.2110709700799406	0.0	0.0	0.0	-0.10961833195633305	0.0	0.0	0.0	-0.10036650820749218	0.210776620865
670	2400.0	nan	nan	1	1	5.0	5.0	5.0	1.24	5.06939292764e-19	7.18244763998e-17	1.83957027298e-18	0.894281663419	2.46268211969e-16	-7.43589048571e-19	-9.61103800703e-18	0.902769301579	442535734.624	-3830208.48999	-9441924.67854	-2762417.6497	-2123.70863684	10241424.2352	-6874163.09763	10338594.4843	-2105.60819932	548147246.7265704	-3421558.3196121366	-8514605.29427375	-3421670.8629834973	-1897.127264427684	9235583.631813232	-8514687.697970424	9235555.731052425	-1898.8101824563005	548612788.792	0.2151113796169455	0.0	0.0	0.0	-0.11173449367672787	0.0	0.0	0.0	-0.10228823818467965	0.214817738773
680	2450.0	nan	nan	1	1	5.0	5.0	5.0	1.245	-5.95298394925e-18	-3.50647287966e-17	-1.23658869365e-18	0.892398834894	-1.36596291783e-16	1.98576286572e-19	5.40348125089e-18	0.901043145025	441494124.82	-3769164.21559	-9287360.58309	-2701674.72104	7130.37191162	10104400.43	-6721443.2885	10202208.7496	7224.70529141	549060684.2971523	-3359929.1595921093	-8359185.472112341	-3359916.4466510755	6356.195467814934	9094570.682724528	-8359069.903711503	9094509.209294572	6502.671127274663	549501773.469	0.219135529916671	0.0	0.0	0.0	-0.11384212201179195	0.0	0.0	0.0	-0.10420213680996075	0.218842557674
690	2500.0	nan	nan	1	1	5.0	5.0	5.0	1.25	6.59825431021e-20	-1.93106571315e-17	-6.74979379843e-20	0.890527492915	-1.7147716149e-16	1.83488512199e-19	5.04790608405e-18	0.899327083106	440413509.609	-3716815.89604	-9136898.51569	-2647984.83509	3436.39312543	9967381.95118	-6573590.99031	10065676.4994	3707.86643017	549915078.7637451	-3306308.430701992	-8208077.651399008	-3306362.6736757183	3056.8572346869237	8954137.434704782	-8208006.176754884	8953962.74702302	3330.9394350379407	550343999.309	0.22314355131420976	0.0	0.0	0.0	-0.11594130315797184	0.0	0.0	0.0	-0.10610848075176631	0.222851282522
700	2550.0	nan	nan	1	1	5.0	5.0	5.0	1.255	-2.5261897384e-18	5.43710448843e-17	-6.26804380968e-19	0.888667693548	-9.4831717662e-17	6.02981579327e-19	-4.25644643907e-18	0.897621041106	439332914.288	-3673820.47579	-8988041.88126	-2601452.5345	24150.0532498	9834921.18271	-6428733.54288	9933977.66695	23510.0130555	550758647.5277162	-3261228.133705997	-8059015.098181793	-3261245.4767491664	21437.85566217859	8818358.809179991	-8059219.9588114545	8818331.668778107	21079.9585355475	551154892.916	0.22713557258374711	0.0	0.0	0.0	-0.11803191138187728	0.0	0.0	0.0	-0.10800730297107303	0.226843965852
