inc	time	elem	node	ip	grain	1_pos	2_pos	3_pos	1_f	2_f	3_f	4_f	5_f	6_f	7_f	8_f	9_f	1_p	2_p	3_p	4_p	5_p	6_p	7_p	8_p	9_p	1_Cauchy	2_Cauchy	3_Cauchy	4_Cauchy	5_Cauchy	6_Cauchy	7_Cauchy	8_Cauchy	9_Cauchy	Mises(Cauchy)	1_ln(V)	2_ln(V)	3_ln(V)	4_ln(V)	5_ln(V)	6_ln(V)	7_ln(V)	8_ln(V)	9_ln(V)	Mises(ln(V))
0	0.0	nan	nan	1	1	5.0	5.0	5.0	1.0	0.0	0.0	0.0	1.0	0.0	0.0	0.0	1.0	5.62504184257e-06	-1.07432335535e-06	-7.45107971798e-07	-1.07432335535e-06	6.22365303617e-06	1.35968891978e-06	-7.45107971798e-07	1.35968891978e-06	5.84238718849e-06	5.62504184257e-06	-1.07432335535e-06	-7.45107971798e-07	-1.07432335535e-06	6.22365303617e-06	1.35968891978e-06	-7.45107971798e-07	1.35968891978e-06	5.84238718849e-06	3.3090482867e-06	0.0	0.0	0.0	0.0	0.0	0.0	0.0	0.0	0.0	0.0
10	2.5	nan	nan	1	1	5.0	5.0	5.0	1.00025	-2.72972187082e-21	4.45913034947e-20	-5.8594114172e-22	0.99993106847	-2.43212555088e-20	1.18201524594e-21	-1.05214788977e-21	0.999929334043	58821354.3884	-570509.080411	-1145987.8308	-570327.172438	12.8092616778	649256.070571	-1145620.44342	649254.944348	10.0731697393	58829566.561487846	-570406.7971310013	-1145780.385843678	-570406.7970149153	12.806965179209948	649138.5432346867	-1145780.3859013005	649138.5431765841	10.07134630959121	58882045.0414	0.0002499687552074404	0.0	0.0	0.0	-6.893390588685763e-05	0.0	0.0	0.0	-7.066845395659987e-05	0.000213182308944
20	5.0	nan	nan	1	1	5.0	5.0	5.0	1.0005	-8.67246527239e-21	8.17476491498e-20	2.09815654844e-21	0.999862110679	1.27418643064e-20	-1.78386668976e-21	2.99666856413e-21	0.999858641104	117688963.148	-1141435.83924	-2292799.02221	-1140708.09203	-278.441985856	1298747.62163	-2291329.25189	1298743.11229	-249.121467929	117721834.46575642	-1141026.7008114648	-2291969.2336935815	-1141026.6994606156	-278.3421805821379	1298277.5909593152	-2291969.2355376487	1298277.5883439614	-249.03130820227366	117827051.912	0.0004998750416509929	0.0	0.0	0.0	-0.00013789882860643774	0.0	0.0	0.0	-0.00014136888811015405	0.000426343973897
30	7.5	nan	nan	1	1	5.0	5.0	5.0	1.00075	-9.43723575396e-21	-2.72691049071e-19	8.86388649836e-22	0.99978819571	-5.83951074413e-19	-3.13191259428e-22	9.3305973096e-22	0.999783760598	171432731.387	-1611485.57548	-3440487.39465	-1609936.66685	-3782.83214601	1943756.23135	-3437165.69817	1943747.61735	-2565.30196708	171506135.65144962	-1610626.147914761	-3438637.2810556856	-1610626.0113869763	-3780.8147092606923	1942710.9812400169	-3438637.4277389357	1942710.9898383196	-2563.9224822865963	171668343.46	0.0007497188905459742	0.0	0.0	0.0	-0.00021182672369639532	0.0	0.0	0.0	-0.000216262785110223	0.000642514201246
40	10.0	nan	nan	1	1	5.0	5.0	5.0	1.001	-9.26450040878e-21	1.24067372511e-19	7.04271913285e-21	0.999679783225	3.18290931302e-19	2.05430305128e-21	1.66608134041e-20	0.999682864624	192412916.294	-1442595.911	-4773891.72606	-1440693.31463	3003.95917495	2746595.83248	-4767610.28368	2746604.1988	2545.98765811	192535609.72661415	-1441611.942389152	-4770650.245692873	-1441611.9827294229	3001.9102286623533	2744730.8893731385	-4770650.383494181	2744730.7896925467	2544.258928284885	192784869.417	0.0009995003330834232	0.0	0.0	0.0	-0.0003202680553390528	0.0	0.0	0.0	-0.0003171856740580315	0.000878819933719
50	12.5	nan	nan	1	1	5.0	5.0	5.0	1.00125	-8.78122336707e-21	1.6979019446e-19	1.39776979909e-20	0.99956113713	-2.29747036992e-19	4.06807425254e-21	8.83770106209e-21	0.999571837307	202696492.886	-1330502.56271	-5812208.59662	-1328258.31601	-243.002738447	3371683.04526	-5802466.59113	3371718.8335	-384.516860434	202872350.279048	-1329410.7148932647	-5807501.102713823	-1329410.6992674607	-242.80332356658627	3368952.2111673714	-5807500.751481941	3368951.9062123867	-384.20542791274335	203218725.574	0.0012492194004318981	0.0	0.0	0.0	-0.0004389591984943078	0.0	0.0	0.0	-0.00042825438081869714	0.00112190115051
60	15.0	nan	nan	1	1	5.0	5.0	5.0	1.0015	-5.34732199455e-21	5.06850784439e-20	-3.77545911085e-21	0.999439744232	8.23742436337e-19	9.10891290543e-21	1.90785072382e-20	0.999457793103	209953922.889	-1375483.89078	-6461433.47926	-1372654.24812	-8529.30657081	3768981.16426	-6448257.15281	3769048.89004	-9222.01384149	210185580.79551998	-1374168.8389694109	-6455372.505172374	-1374168.8004804403	-8521.152000535347	3765445.772733235	-6455371.998449308	3765445.434848507	-9213.363379157081	210606083.12	0.0014988761237359487	0.0	0.0	0.0	-0.0005604127699065716	0.0	0.0	0.0	-0.0005423539443153779	0.00136687941916
70	17.5	nan	nan	1	1	5.0	5.0	5.0	1.00175	7.73310475161e-21	-1.24221807131e-18	-1.27158339665e-21	0.999317922786	2.9603269009e-19	-2.38145298354e-21	4.5382230332e-20	0.999341469711	215740091.605	-1526542.01298	-6867105.02803	-1522836.10474	-4158.17130108	4015238.2831	-6850594.03388	4015333.64871	-3818.73566094	216029605.48128343	-1524879.4106041365	-6859787.492742681	-1524879.6849589003	-4153.642512860848	4010959.675491168	-6859787.234915737	4010960.429232602	-3814.6664450422077	216487692.661	0.001748470534116803	0.0	0.0	0.0	-0.0006823099344914409	0.0	0.0	0.0	-0.0006587472153112275	0.00161272345094
80	20.0	nan	nan	1	1	5.0	5.0	5.0	1.002	1.1608549319e-20	2.10378003243e-18	5.34358675709e-21	0.999196533905	-9.34541780124e-19	2.26812923962e-21	-1.07177378378e-19	0.999223141694	220681719.295	-1736510.92011	-7150102.44367	-1731652.77263	-2056.3447685	4178073.45662	-7130287.4208	4178185.89272	-1382.32490187	221030881.82802415	-1734392.2074413141	-7141568.790494059	-1734392.5929936504	-2053.8358273457898	4173086.922496428	-7141568.9588675415	4173088.098470327	-1380.6750959571543	221516780.866	0.001998002662673058	0.0	0.0	0.0	-0.0008037890468820134	0.0	0.0	0.0	-0.000777160216785467	0.00185904843556
90	22.5	nan	nan	1	1	5.0	5.0	5.0	1.00225	-1.64987377028e-20	1.79233081538e-18	-6.31552397684e-21	0.999075592748	-9.57119416449e-19	1.44127949931e-20	-5.05217102729e-20	0.999103433538	225104910.388	-1947101.31591	-7366500.84531	-1940934.58377	-2078.75629702	4298798.25883	-7343373.59009	4298918.52572	-1934.28665439	225515381.0635541	-1944473.5227674632	-7356764.073658847	-1944473.8078963559	-2075.950823315232	4293116.264366204	-7356763.966662305	4293116.737939414	-1931.729984967549	226024539.167	0.00224747254047937	0.0	0.0	0.0	-0.0009248347798775985	0.0	0.0	0.0	-0.0008969686181016784	0.00210564429082
100	25.0	nan	nan	1	1	5.0	5.0	5.0	1.0025	-4.74863710151e-21	2.634868036e-19	1.08139389431e-20	0.998954970584	-1.61145185122e-18	-4.07469169744e-21	-3.18402497287e-20	0.998982812815	229177421.499	-2137174.13496	-7545279.00037	-2129616.86636	-689.060460424	4398805.07088	-7518806.8848	4398927.95095	-695.996080675	229650767.00656283	-2134015.2165817753	-7534336.446478456	-2134015.399906316	-688.0419726384142	4392425.696234723	-7534336.309286382	4392425.975223533	-694.9867111578868	230177395.4	0.002496880198587146	0.0	0.0	0.0	-0.0010455758399592183	0.0	0.0	0.0	-0.0010177048709698955	0.00235240207198
110	27.5	nan	nan	1	1	5.0	5.0	5.0	1.00275	-1.50886015536e-20	-7.45503144508e-19	-1.29716395709e-20	0.998834539806	2.58075388033e-19	5.46600948775e-21	-5.16119343202e-21	0.998861593613	232998524.295	-2305842.26085	-7700456.98209	-2296839.17825	-156.557755811	4487519.88626	-7670596.89278	4487642.53523	149.52110224	233536250.81042653	-2302139.3548873276	-7688299.207074338	-2302139.9471349213	-156.3063428425846	4480434.818804607	-7688299.508497747	4480435.9198495	149.28503262421535	234078265.475	0.0027462256680252286	0.0	0.0	0.0	-0.0011661398708736597	0.0	0.0	0.0	-0.0011390548637508838	0.00259926239615
120	30.0	nan	nan	1	1	5.0	5.0	5.0	1.003	3.44686161251e-21	-1.68208087461e-18	9.25945977692e-21	0.998714223916	-5.43536864991e-19	5.07723459985e-21	8.69689424232e-20	0.998739976423	236630624.642	-2455512.78376	-7842099.48094	-2445021.25702	-139.859267111	4570348.78103	-7808791.93539	4570468.10759	169.876262832	237234191.02002278	-2451256.9204362645	-7828709.517755647	-2451257.6967307134	-139.6168648195875	4562545.156239677	-7828709.578223879	4562546.630772596	169.58620824767073	237790657.556	0.002995508979798371	0.0	0.0	0.0	-0.0012866034033100983	0.0	0.0	0.0	-0.0012608180741677001	0.00284618541346
130	32.5	nan	nan	1	1	5.0	5.0	5.0	1.00325	5.90052746352e-20	2.14337385964e-19	-1.1255446595e-20	0.998594018122	-2.77501890155e-18	-1.61730353366e-20	-1.44802929311e-19	0.998618048641	240114410.731	-2586986.93679	-7973924.80933	-2574981.6023	-95.188627867	4649862.1646	-7937109.74998	4649975.3003	133.813823944	240785236.04818898	-2582174.9058966064	-7959284.114664399	-2582175.518087311	-95.0115683652884	4641324.686028672	-7959284.238172461	4641325.923497841	133.5681322193787	241354924.99	0.0032447301648890294	0.0	0.0	0.0	-0.0014069711979404183	0.0	0.0	0.0	-0.001382907134438013	0.00309314408984
140	35.0	nan	nan	1	1	5.0	5.0	5.0	1.0035	7.30971235507e-20	2.01749020529e-18	5.66411924446e-21	0.998473882538	5.91981938336e-19	-2.54639279768e-20	9.20130897986e-20	0.998495903213	243476045.227	-2701775.73817	-8097135.72149	-2688244.24062	-40.3242820957	4726955.59298	-8056758.31168	4727061.01127	78.2272162254	244215509.96591526	-2696408.1632593824	-8081227.492814695	-2696408.747414404	-40.244170485467066	4717668.668183672	-8081227.612862772	4717669.834301982	78.07352527996628	244797275.007	0.003493889254255838	0.0	0.0	0.0	-0.0015272831654049	0.0	0.0	0.0	-0.0015052290760966044	0.00334012118648
150	37.5	nan	nan	1	1	5.0	5.0	5.0	1.00375	6.5434122356e-21	-1.85576316065e-18	-1.65932430878e-21	0.99835377616	2.8890368568e-19	7.89295740498e-21	-4.72651002013e-21	0.998373616967	246733896.081	-2802679.50551	-8212951.292	-2787612.65612	-30.0273000256	4802389.34236	-8168960.31607	4802485.84791	61.0599054186	247543345.36419764	-2796757.3214545343	-8195759.843036288	-2796757.8570922585	-29.963851030773945	4792336.922913232	-8195759.872909739	4792337.98581618	60.93209408617969	248136205.865	0.003742986278834297	0.0	0.0	0.0	-0.0016475803554214738	0.0	0.0	0.0	-0.0016277070296297396	0.00358710499803
160	40.0	nan	nan	1	1	5.0	5.0	5.0	1.004	2.64987309231e-20	-1.15210377461e-18	-3.1825774068e-21	0.998233688465	1.79589544683e-18	1.08062875224e-20	8.82998760288e-20	0.998251228794	249902013.671	-2892233.80687	-8321880.12404	-2875623.17093	-22.8105053545	4875773.39349	-8274230.16494	4875859.95804	47.0933900999	250782761.19005993	-2885757.4926285357	-8303391.599509246	-2885757.935097535	-22.759427879243056	4864941.00289457	-8303391.62539744	4864941.891454017	46.98876382733686	251385783.069	0.003992021269537457	0.0	0.0	0.0	-0.0017678733025358042	0.0	0.0	0.0	-0.0017503020914049398	0.00383408606553
170	42.5	nan	nan	1	1	5.0	5.0	5.0	1.00425	8.39927465792e-20	-2.91035226721e-19	7.71842229573e-21	0.998113613201	7.35687405769e-19	-7.41153828848e-21	2.48460240593e-20	0.998128768128	252991555.623	-2972932.60462	-8425735.98316	-2954767.10211	-12.7781757071	4946360.15085	-8374378.39406	4946436.05423	24.3243560121	253944887.2811495	-2965901.0008743647	-8405934.995827554	-2965901.359196026	-12.747952664695493	4934735.906406019	-8405935.02060716	4934736.704492836	24.267192309578746	254557315.074	0.004240994257254614	0.0	0.0	0.0	-0.0018881682672895396	0.0	0.0	0.0	-0.0018729848134747041	0.00408105661337
180	45.0	nan	nan	1	1	5.0	5.0	5.0	1.0045	2.49742370542e-20	1.99026272825e-18	1.17430695661e-20	0.997993543468	-2.64335552947e-18	9.90631501594e-21	3.18079069667e-19	0.998006258111	256010615.099	-3046145.19267	-8524812.12569	-3026414.64365	-4.88182734276	5015128.806	-8469702.2233	5015193.43897	17.2618305806	257037789.0139774	-3038557.0458711395	-8503684.598735683	-3038557.3205333813	-4.86966639174157	5002699.526918432	-8503684.631365525	5002700.264274597	17.21904960367259	257658959.229	0.004489905272852001	0.0	0.0	0.0	-0.0020084721625421237	0.0	0.0	0.0	-0.0019957320380287373	0.00432801116583
190	47.5	nan	nan	1	1	5.0	5.0	5.0	1.00475	-1.01869773978e-19	-1.2723874162e-18	-1.528629772e-21	0.997873477332	-4.46831779283e-18	1.26690982619e-20	2.34876280573e-19	0.99788371171	258964988.192	-3113292.98307	-8619266.32186	-3091985.81401	4.18586200346	5082014.9152	-8560363.76307	5082067.70482	16.9032904443	260067233.9121788	-3105146.1374026057	-8596799.64897746	-3105146.3889361336	4.174908465844591	5068768.3159628445	-8596799.670436837	5068768.981735611	16.859230928923598	260696525.915	0.00473875434717347	0.0	0.0	0.0	-0.00212878692789798	0.0	0.0	0.0	-0.0021185307924762725	0.00457494597028
200	50.0	nan	nan	1	1	5.0	5.0	5.0	1.005	-4.04110816457e-20	1.139611693e-18	1.58731823646e-20	0.99775341476	1.69360474132e-19	-5.37998270404e-21	1.17072526456e-19	0.997761139135	261859971.108	-3175080.34495	-8709890.27131	-3152186.55031	0.184720022075	5146598.70922	-8647154.26313	5146639.21447	23.256465496	263038493.0633274	-3166372.9939034265	-8686071.483879818	-3166373.220541075	0.1842134452642781	5132524.39406506	-8686071.479484532	5132525.053730185	23.192866438977937	263675354.145	0.004987541511038968	0.0	0.0	0.0	-0.002249112598614167	0.0	0.0	0.0	-0.0022413708610410665	0.00482185756554
210	100.0	nan	nan	1	1	5.0	5.0	5.0	1.01	-2.11500156462e-19	4.58125710456e-20	4.679071212e-20	0.995352147035	-3.11650221947e-19	1.82641479252e-21	4.48166455881e-20	0.995311408185	310409573.793	-3947764.70594	-10063973.1959	-3890509.14927	1249.24260934	6177871.24565	-9917610.75243	6177618.8471	1628.67516908	313328116.4397649	-3927090.4508177354	-10010858.897137951	-3927088.6166202743	1242.700385489565	6145266.498730701	-10010858.423825223	6145266.952393387	1620.0795639613293	314060221.046	0.009950330853168092	0.0	0.0	0.0	-0.004658687819166999	0.0	0.0	0.0	-0.004699617739141755	0.00975301771629
220	150.0	nan	nan	1	1	5.0	5.0	5.0	1.015	1.12480019695e-19	5.86158380029e-18	2.87569339954e-21	0.992956739349	8.84906238781e-19	-5.22116402643e-20	-1.58408396026e-19	0.992870779055	347455458.958	-4494632.40557	-10977955.5582	-4397021.11259	-2519.35316556	6981582.09528	-10738605.5918	6980975.28237	-2857.17682949	352432606.9083685	-4460005.632138891	-10892438.042028273	-4460006.522817501	-2499.9439984947	6927196.052580876	-10892431.434603937	6927193.654059032	-2834.91961917192	353228242.148	0.014888612493750559	0.0	0.0	0.0	-0.007068181496245376	0.0	0.0	0.0	-0.007154755272926967	0.0146668057557
230	200.0	nan	nan	1	1	5.0	5.0	5.0	1.02	-1.63141523491e-19	2.20691787429e-20	-4.95439827889e-21	0.990570887664	-7.2756722185e-18	1.2956957115e-19	3.05302437926e-19	0.990442121158	376603048.725	-4964682.03124	-11619075.7939	-4821440.94173	8048.86570227	7640076.39544	-11282383.2762	7639078.32471	6990.17113325	383856739.188274	-4914305.6628633	-11499682.577181922	-4914305.936574489	7967.194283822454	7561569.867640059	-11499691.43727475	7561564.997306041	6918.3427854698175	384682978.408	0.01980262729617973	0.0	0.0	0.0	-0.00947384784858638	0.0	0.0	0.0	-0.009603848515526132	0.0195611276472
240	250.0	nan	nan	1	1	5.0	5.0	5.0	1.025	-6.8348279654e-20	-2.45900282033e-18	-8.38773548838e-20	0.988196846433	6.50341143554e-18	-8.29827590513e-21	5.00543532268e-20	0.988026400157	399909043.932	-5363742.88075	-12056922.4763	-5171154.80776	8198.83405929	8208866.82416	-11622020.6638	8207447.73467	6996.98280972	409589875.6074322	-5296336.092666158	-11903348.24367178	-5296335.970879778	8095.7983466811265	8104306.939517325	-11903361.702423206	8104303.772988761	6907.859215550111	410443642.066	0.024692612590371414	0.0	0.0	0.0	-0.011873363799016165	0.0	0.0	0.0	-0.01204586078458342	0.0244350195436
250	300.0	nan	nan	1	1	5.0	5.0	5.0	1.03	-3.00597434602e-19	1.20713113768e-17	8.02394145498e-20	0.985835610391	1.23875921558e-17	-2.70785845325e-20	-1.37661382775e-18	0.985624867233	418791374.43	-5704718.15021	-12340639.0153	-5460115.04774	8362.45018132	8717035.63779	-11808991.5162	8715170.95759	7240.85813091	431004271.5555648	-5619340.070459271	-12153347.679055508	-5619344.266494942	8237.295893291704	8584738.983567443	-12153368.23298485	8584737.77202921	7130.965118626461	431876133.77	0.02955880224154443	0.0	0.0	0.0	-0.014265662020828697	0.0	0.0	0.0	-0.014479455968204082	0.0292878342657
260	350.0	nan	nan	1	1	5.0	5.0	5.0	1.035	7.93911408316e-19	-3.4490122821e-20	6.46573997608e-20	0.983488049003	9.86151491396e-18	-8.46900598356e-20	3.99137806614e-19	0.98323811603	434258089.713	-6010043.32948	-12509475.4728	-5710929.69604	12328.5747152	9161210.08523	-11883873.1638	9158878.3973	10717.0114104	449076288.5496841	-5905797.440707502	-12289371.22766913	-5905803.882112557	12114.73212571657	9000018.576067263	-12289386.842560723	9000015.080291538	10528.445573912775	449955628.277	0.03440142671733232	0.0	0.0	0.0	-0.016649792723548554	0.0	0.0	0.0	-0.01690395416075248	0.0341191823254
270	400.0	nan	nan	1	1	5.0	5.0	5.0	1.04	3.20295086528e-19	2.51039786789e-17	1.47333274805e-19	0.981154375203	1.53050780286e-17	7.59153278977e-20	-1.27809330807e-18	0.98086678666	447036373.121	-6275513.89195	-12582341.3332	-5920424.08523	-6995.64251123	9550980.51186	-11866944.115	9548161.97864	-5517.85721645	464510448.29885596	-6151852.682845988	-12330786.503982896	-6151845.825764962	-6857.790914325923	9360030.734875545	-12330807.652879944	9360012.087598538	-5407.540416661253	465411823.456	0.03922071315328133	0.0	0.0	0.0	-0.019025466656696584	0.0	0.0	0.0	-0.01931862205241744	0.0389288729433
280	450.0	nan	nan	1	1	5.0	5.0	5.0	1.045	-4.23365099575e-19	1.90681277759e-17	-7.89097217151e-20	0.978834884338	-1.31034541102e-17	-5.13249026477e-20	1.65647880747e-19	0.978511331243	457687229.952	-6508525.5644	-12566219.8835	-6096421.70481	-6618.90156716	9901004.44156	-11766707.4792	9897720.52383	-6210.89214232	477852098.35004294	-6365030.153202934	-12285106.497548252	-6365018.976770939	-6472.97266319337	9679513.419701882	-12285127.247698281	9679502.516936215	-6071.95100201724	478752560.392	0.04401688541677426	0.0	0.0	0.0	-0.02139230814474267	0.0	0.0	0.0	-0.02172291199537616	0.04371674702
290	500.0	nan	nan	1	1	5.0	5.0	5.0	1.05	6.12178638666e-19	1.45425630876e-17	2.08902809339e-19	0.976530130433	5.44088834342e-17	-3.41460156862e-20	9.78164235401e-19	0.976171481686	466609966.006	-6693474.39143	-12492525.6027	-6225110.77959	-8537.57926474	10210328.8286	-11614178.9748	10206573.4282	-6950.91718188	489488222.4406809	-6530345.984536915	-12183590.716107616	-6530332.894687142	-8329.507697906585	9957831.705195848	-12183631.374495076	9957826.370123355	-6779.023933101453	490384387.625	0.04879016416943205	0.0	0.0	0.0	-0.0237496736032798	0.0	0.0	0.0	-0.02411700955343884	0.0484828010285
300	550.0	nan	nan	1	1	5.0	5.0	5.0	1.055	1.51805840377e-19	-1.0747842249e-17	-1.1031280649e-19	0.974239933997	-2.4080233483e-17	-1.66230215899e-20	-1.15683524771e-18	0.97384764055	474123382.66	-6826141.36433	-12376678.4863	-6303595.58334	-7091.14518051	10482990.1178	-11424685.9837	10478763.8938	-4895.13783083	499728859.2221845	-6644033.322364638	-12041642.302681694	-6644027.15636463	-6901.96735731679	10199216.001354795	-12041686.831759267	10199211.058154242	-4762.626648694814	500613891.389	0.05354076692802976	0.0	0.0	0.0	-0.026097666870068367	0.0	0.0	0.0	-0.026500414115549632	0.0532270461869
310	600.0	nan	nan	1	1	5.0	5.0	5.0	1.06	-1.20408049558e-18	-5.88746661252e-17	-3.19751628866e-19	0.971963790614	-4.40685302072e-17	-3.4360420901e-19	-2.39392686718e-19	0.971540347489	480470053.037	-6938364.093	-12217803.8271	-6362109.52858	-9987.72594732	10714846.3848	-11198233.2044	10710188.0823	-8531.67863517	508809716.8644713	-6737369.703427885	-11858703.108975688	-6737367.14169002	-9698.395947757537	10399919.980200278	-11858740.893627165	10399929.397839172	-8280.919008640409	509685212.333	0.058268908123975824	0.0	0.0	0.0	-0.02843672767032023	0.0	0.0	0.0	-0.028872479900941737	0.0579495540495
320	650.0	nan	nan	1	1	5.0	5.0	5.0	1.065	-6.6591348033e-19	-2.53287732822e-17	1.48793248586e-19	0.969702221994	-5.94895855752e-17	2.36639829639e-20	-2.60610862046e-18	0.96924915209	485850142.142	-7033352.15309	-12034181.053	-6403997.52036	6447.11681568	10909336.3333	-10952280.0534	10904247.7945	5888.28766872	516926163.1105406	-6813610.839362158	-11652753.044138888	-6813610.987483417	6245.691110269169	10563560.711570472	-11652811.462307794	10563569.028042298	5701.656120533198	517772041.385	0.06297479916138839	0.0	0.0	0.0	-0.03076624225011089	0.0	0.0	0.0	-0.031233577241902354	0.0626503869483
330	700.0	nan	nan	1	1	5.0	5.0	5.0	1.07	-1.07165549695e-18	2.4828944434e-17	-2.57818962043e-19	0.967455148668	-2.64147224601e-17	-1.26657895394e-19	-2.33807563222e-19	0.966973868941	490392580.435	-7114452.53642	-11829642.3608	-6432613.42798	-7026.50250616	11076665.6223	-10690657.5837	11071159.4497	-5850.03518103	524201564.1228602	-6876112.453128198	-11427651.751436519	-6876095.101915547	-6791.108822107276	10700262.394931192	-11427700.276187718	10700266.390554495	-5651.241410644112	525043719.026	0.06765864847381486	0.0	0.0	0.0	-0.03308621311865516	0.0	0.0	0.0	-0.033583806705754275	0.0673297184961
340	750.0	nan	nan	1	1	5.0	5.0	5.0	1.075	2.60146317414e-18	8.15480969969e-18	-4.21484918043e-19	0.965221957887	-1.50880390708e-18	2.97520322723e-20	-5.27966223935e-19	0.964715126917	494241870.63	-7183469.15929	-11613611.8758	-6449887.43019	-1272.28150448	11223571.923	-10422143.7653	11217696.1422	-3324.01939764	530778414.91374713	-6926704.791825771	-11192617.196686154	-6926691.626115235	-1226.8053496458597	10816716.234109582	-11192594.712175623	10816733.23827593	-3203.5233370997316	531600265.801	0.07232066157962608	0.0	0.0	0.0	-0.03539719591791852	0.0	0.0	0.0	-0.0359224264921608	0.0719876205505
350	800.0	nan	nan	1	1	5.0	5.0	5.0	1.08	-3.92017435901e-20	1.15068896489e-17	8.73568901305e-20	0.963002341474	-5.20665064628e-17	-6.18334051496e-20	-1.61280367113e-19	0.962472963369	497493682.289	-7253426.16222	-11389875.0082	-6467637.3273	-3192.03390424	11346882.6789	-10150395.8825	11340667.2592	-8351.8053336	536749549.0299767	-6977998.957892811	-10951355.057980284	-6977980.9117276035	-3070.8259461391267	10910017.970207598	-10951335.878960311	10910039.27615449	-8030.253669819818	537558365.24	0.0769610411361284	0.0	0.0	0.0	-0.037699435749791954	0.0	0.0	0.0	-0.0382493032209629	0.0766242647394
360	850.0	nan	nan	1	1	5.0	5.0	5.0	1.085	5.43642950905e-19	1.06786767149e-17	5.93253935323e-20	0.960796260263	-6.39967802364e-18	2.33595804985e-19	-4.20978021763e-18	0.960247272004	500231237.913	-7330067.10319	-11164389.6282	-6490951.03303	-3601.01092604	11452075.5399	-9880705.9382	11445545.1871	-8025.01128703	542196141.4459083	-7035502.637588871	-10709617.066134453	-7035483.467818309	-3456.3014923991213	10985584.320255222	-10709608.33394705	10985597.023721734	-7698.118813267831	542989258.857	0.08157998699242285	0.0	0.0	0.0	-0.03999290053971661	0.0	0.0	0.0	-0.04056445268283474	0.0812397792523
370	900.0	nan	nan	1	1	5.0	5.0	5.0	1.09	-1.99709854883e-18	2.28479196588e-17	-2.2794450704e-19	0.958603779006	-1.80818240833e-17	3.78438438965e-19	-2.1067297585e-18	0.958037726244	502519813.463	-7399350.24576	-10936188.3519	-6507352.80711	-8265.2866269	11548397.1265	-9612233.23542	11541578.785	-7954.88314488	547181545.5803126	-7085727.978056489	-10466472.741477933	-7085697.461544981	-7914.961551177071	11052386.79537508	-10466525.89077033	11052387.708593715	-7613.216316182408	547961559.971	0.08617769624105241	0.0	0.0	0.0	-0.04227745005073103	0.0	0.0	0.0	-0.04286812157371221	0.0858343321588
380	950.0	nan	nan	1	1	5.0	5.0	5.0	1.095	-1.51668528395e-18	-3.77169477731e-17	4.11830065933e-19	0.956424884185	1.02357764217e-16	-5.35695399579e-19	3.25665639374e-18	0.955844105777	504411995.802	-7470737.56489	-10716744.5295	-6525268.60464	-10237.4202892	11621708.7145	-9354858.26158	11614666.2798	-9486.49652971	551756518.7607632	-7137765.815812762	-10232880.247380063	-7137735.6590233445	-9781.137129721516	11096985.023581624	-10232912.918145314	11096999.086629042	-9058.178319777266	552523356.494	0.09075436326846412	0.0	0.0	0.0	-0.044553025140668376	0.0	0.0	0.0	-0.045160448498894536	0.0904080802424
390	1000.0	nan	nan	1	1	5.0	5.0	5.0	1.1	-7.08582765048e-19	3.82706161531e-17	-6.87241505244e-19	0.954259690538	4.6088994954e-17	9.3173624198e-21	4.85191060099e-19	0.953666100827	505963656.998	-7529434.37445	-10508832.959	-6531880.25848	1065.71059947	11681922.459	-9110789.99277	11674671.2462	780.090181081	555976453.0905715	-7177501.994118588	-10011409.475753585	-7177534.5282089915	1015.8983493912274	11128972.13775679	-10011360.766675305	11128986.85120692	743.1655124109877	556718631.581	0.09531017980432493	0.0	0.0	0.0	-0.04681943227291408	0.0	0.0	0.0	-0.04744166793096591	0.0949611661427
400	1050.0	nan	nan	1	1	5.0	5.0	5.0	1.105	-2.39975021869e-19	2.78488021794e-17	-7.40756782153e-20	0.952107863358	7.04514624621e-17	1.72159446529e-19	1.32621536738e-18	0.951503655004	507201777.466	-7581143.5007	-10311379.5495	-6532177.92219	-4426.81432008	11734761.5012	-8878980.09984	11727341.6379	-5418.74498839	559866077.2118142	-7210443.504834391	-9800953.822874457	-7210433.778874698	-4210.353564521656	11153876.650897123	-9800911.548407208	11153902.354461728	-5150.5105746706695	560600248.965	0.09984533496971612	0.0	0.0	0.0	-0.049076948762302966	0.0	0.0	0.0	-0.04971175094590176	0.0994937982583
410	1100.0	nan	nan	1	1	5.0	5.0	5.0	1.11	1.39843816103e-18	-2.15496299089e-17	8.60360481284e-19	0.949969191115	-1.77899947632e-17	1.06143816203e-19	-5.25213366857e-18	0.949356774165	508165212.891	-7620696.89234	-10121645.5388	-6521978.92864	-7669.97932658	11787484.9126	-8656873.24363	11779906.3258	-5895.31721975	563463718.7026839	-7231730.87571877	-9598837.172605356	-7231700.256546872	-7278.497897995153	11178631.766629128	-9598913.633704018	11178651.177557157	-5590.809306284635	564186855.712	0.10436001532424286	0.0	0.0	0.0	-0.05132572531869019	0.0	0.0	0.0	-0.05197060353593022	0.104006119586
420	1150.0	nan	nan	1	1	5.0	5.0	5.0	1.115	7.12539997098e-19	1.61447126725e-17	5.81144011155e-19	0.947843885426	2.96383180991e-17	-5.99593447538e-19	1.25519694871e-18	0.947225011693	508892372.136	-7654619.43896	-9936355.95086	-6507046.38796	-8050.61578335	11840263.3213	-8441224.95341	11832563.2831	-8696.89804359	566807999.9422821	-7247622.747416622	-9401896.385886474	-7247595.268937506	-7622.563936378208	11203395.840387512	-9401897.326192474	11203425.002993202	-8229.106796176593	567520584.149	0.10885440491208208	0.0	0.0	0.0	-0.05356546810867175	0.0	0.0	0.0	-0.05421860927513955	0.108498284371
430	1200.0	nan	nan	1	1	5.0	5.0	5.0	1.12	-2.05626512369e-18	-5.43727389501e-17	6.13172444473e-20	0.945731883886	-1.07624535674e-17	-5.36013036934e-19	-3.95866141855e-18	0.945108114059	509402242.351	-7672342.57642	-9751156.05524	-6478540.09347	-6810.20225971	11886888.3092	-8228480.88527	11879074.47	-6652.60481811	569916630.039563	-7248171.685230001	-9205980.556837391	-7248157.6064647855	-6433.695406306141	11222306.569177303	-9205982.43705166	11222331.427798228	-6280.665621686276	570615361.387	0.11332868530700327	0.0	0.0	0.0	-0.055796170940859174	0.0	0.0	0.0	-0.05645595162066876	0.112970473279
440	1250.0	nan	nan	1	1	5.0	5.0	5.0	1.125	4.09580134667e-19	7.43933155706e-18	-3.0704944338e-19	0.943633255312	1.50702249091e-17	-7.5227113628e-20	6.21404545929e-19	0.943005753878	509719641.696	-7674044.61377	-9573258.55196	-6436869.00201	-2220.51887617	11924618.5991	-8024566.28875	11916724.3586	-2523.79345326	572814217.3587971	-7233649.383331633	-9017871.200908665	-7233643.316861796	-2093.0885612080174	11232818.382892977	-9017870.378782757	11232851.79411696	-2377.3769585002424	573496435.047	0.11778303565638346	0.0	0.0	0.0	-0.05801768905140909	0.0	0.0	0.0	-0.05868289469391139	0.117422846424
450	1300.0	nan	nan	1	1	5.0	5.0	5.0	1.13	-1.05115465265e-18	-4.916523333e-17	2.2259761156e-19	0.941547508263	9.94074690524e-17	-2.24357851904e-19	-3.42537476892e-18	0.940918017679	509846530.292	-7671373.37144	-9405974.27171	-6392004.22799	-22005.5642987	11948191.2996	-7832144.68098	11940224.8078	-21540.9139495	575500154.8051981	-7215108.930713271	-8840627.757878808	-7215111.22301237	-20696.75608386182	11230044.715026258	-8840700.502127992	11230065.136213103	-20246.19633128211	576188319.166	0.12221763272424911	0.0	0.0	0.0	-0.06023047197425328	0.0	0.0	0.0	-0.06089926574368854	0.121855612826
460	1350.0	nan	nan	1	1	5.0	5.0	5.0	1.135	7.44025799934e-19	-5.92788067202e-17	-2.21843222842e-19	0.939474475805	4.88416402744e-17	-1.70041864161e-19	2.01959124405e-18	0.938845098415	509842072.023	-7662708.20423	-9242336.36358	-6342660.17488	-8357.14010619	11960344.8191	-7645140.45768	11952346.766	-7708.99376962	578038468.6449965	-7191052.893426128	-8667641.157714989	-7191053.417925556	-7842.741096183964	11216641.868067525	-8667753.261707868	11216655.457065463	-7229.642922911797	578701256.255	0.126632650933366	0.0	0.0	0.0	-0.06243462834758995	0.0	0.0	0.0	-0.0631047777962705	0.126268828788
470	1400.0	nan	nan	1	1	5.0	5.0	5.0	1.14	5.63938654414e-20	2.52160649606e-17	5.86980597557e-19	0.937414050934	2.01592782655e-17	1.12210689688e-18	-8.73333320267e-18	0.936786597961	509686911.37	-7656719.89802	-9075870.7179	-6296056.11839	-6336.33898385	11967585.9147	-7458078.53953	11959596.2768	-6009.66278935	580405278.3300562	-7169638.184186593	-8492821.390386412	-7169625.356777192	-5933.253211771146	11198767.898620829	-8492876.811193928	11198787.375750115	-5623.591859427843	581054067.174	0.131028262406404	0.0	0.0	0.0	-0.06463020434408102	0.0	0.0	0.0	-0.06529977299118607	0.130662739241
480	1450.0	nan	nan	1	1	5.0	5.0	5.0	1.145	-7.22942620482e-19	4.77507412476e-17	5.03614026702e-19	0.93536650712	-3.7268867344e-17	-4.39398341388e-21	4.67842766548e-18	0.934741973586	509399726.157	-7648679.4966	-8900397.97347	-6248260.14108	-12284.3721364	11964926.4969	-7266083.3413	11956942.8527	-12279.2819828	582619676.2335433	-7146431.441093712	-8310403.761632509	-7146370.744802879	-11477.722828978802	11171789.223794462	-8310493.520935661	11171794.082871445	-11465.306549682551	583261420.744	0.13540463700620298	0.0	0.0	0.0	-0.06681684027538048	0.0	0.0	0.0	-0.06748475185768786	0.135037505978
490	1500.0	nan	nan	1	1	5.0	5.0	5.0	1.15	-1.74615842076e-18	3.39493981633e-17	9.45791694948e-19	0.933331830913	4.26967603492e-17	2.29228291351e-20	1.1791757417e-18	0.932711143295	509014728.873	-7633713.12458	-8725053.13008	-6195492.627	7734.17634234	11953626.1918	-7076484.84968	11945716.9311	7280.49600572	584718865.6648105	-7116899.439228394	-8128944.573107476	-7116928.480861283	7210.561148343566	11136936.739764823	-8128947.8663229095	11136974.201241584	6783.081731753962	585329185.665	0.13976194237515863	0.0	0.0	0.0	-0.06899448122431924	0.0	0.0	0.0	-0.06965972596891429	0.139393226455
500	1550.0	nan	nan	1	1	5.0	5.0	5.0	1.155	-1.77241644213e-18	6.20503514632e-17	-7.17331027206e-21	0.931309697365	-1.83479115427e-16	-2.59880296129e-19	-8.25613601601e-18	0.93069386265	508504822.041	-7616347.71468	-8564666.99123	-6141265.51996	-16964.8919385	11934156.8771	-6901445.91986	11926295.17	-17527.5000102	586670296.9081582	-7085294.864666193	-7962223.648356169	-7085278.073717599	-15782.008153305258	11094701.779688407	-7962310.58468391	11094729.532847302	-16294.606109108734	587291180.779	0.14410034397375687	0.0	0.0	0.0	-0.0711634067899562	0.0	0.0	0.0	-0.07182488214981038	0.143730166337
510	1600.0	nan	nan	1	1	5.0	5.0	5.0	1.16	1.54152055466e-18	-1.73632754462e-17	7.98196203889e-19	0.929300273515	-6.75599831477e-17	-2.95667438151e-19	-4.00265419225e-18	0.928690071201	507922060.136	-7601449.15361	-8415609.90082	-6089652.15638	-859.23131003	11909575.5961	-6737510.09079	11901787.2012	-926.412157406	588532171.5868157	-7056146.729134349	-7806772.82484352	-7056114.488988774	-797.592942520025	11047963.512423944	-7806791.151695595	11047992.97259223	-859.3897935237591	589126022.276	0.14842000511827322	0.0	0.0	0.0	-0.07332337009520176	0.0	0.0	0.0	-0.07398021132979121	0.148048349586
520	1650.0	nan	nan	1	1	5.0	5.0	5.0	1.165	-7.86496561305e-19	-2.47483968946e-17	6.03590384257e-19	0.927303067241	1.00978212244e-16	8.47244705491e-19	2.92485770643e-18	0.926699719374	507241753.7	-7585834.61737	-8271962.71484	-6038064.03016	-4408.92382294	11886774.5161	-6579952.35824	11879052.5646	-4597.31345258	590274833.7654161	-7026489.689553533	-7657040.541498419	-7026466.602304928	-4083.8298416063094	11003134.022127718	-7657059.491087541	11003145.28024401	-4255.557804344114	590860825.069	0.15272108701766393	0.0	0.0	0.0	-0.07547483346979106	0.0	0.0	0.0	-0.07612569321245678	0.152348030339
530	1700.0	nan	nan	1	1	5.0	5.0	5.0	1.17	2.34048438216e-18	4.77151129243e-17	-5.49856731666e-19	0.925318156633	2.14144222747e-17	-4.51839137801e-19	-1.26901417366e-18	0.924722500227	506471947.015	-7569953.9087	-8129442.43409	-5986811.70629	-19569.5828448	11862999.5493	-6425281.1599	11855357.2762	-18967.6379471	591906196.1778202	-6996743.427594447	-7509029.566588234	-6996697.379169962	-18087.73894815319	10957653.625858791	-7509130.077478476	10957648.36939163	-17520.088900052375	592494939.522	0.1570037488096647	0.0	0.0	0.0	-0.07761764749126823	0.0	0.0	0.0	-0.07826158623323486	0.156629351678
540	1750.0	nan	nan	1	1	5.0	5.0	5.0	1.175	-2.27465404029e-18	1.78023032107e-17	-1.29327372667e-18	0.923345565388	-1.64914350215e-16	-8.173867941e-19	6.61696844439e-18	0.922758388341	505652766.348	-7556887.91804	-7985147.54042	-5938403.23814	2853.36545749	11841226.6652	-6271016.0176	11833720.1988	2327.088061	593471841.7797272	-6969748.586477564	-7360050.778291505	-6969753.438556624	2631.6706135808654	10914266.654683175	-7360132.631478408	10914288.464099558	2144.91795020931	594029967.023	0.16126814759612232	0.0	0.0	0.0	-0.07975172084397814	0.0	0.0	0.0	-0.080387846524348	0.160892373366
550	1800.0	nan	nan	1	1	5.0	5.0	5.0	1.18	-1.40141601123e-18	1.99003508815e-17	1.06678505751e-18	0.921384894543	-1.37087147376e-16	4.51945016919e-19	7.42424378268e-18	0.920807268303	504754004.161	-7548666.46752	-7844414.92996	-5894301.11741	12403.2491702	11822255.1734	-6121358.74568	11814879.3431	12013.4004845	594935584.834583	-6947354.992390793	-7215018.720244193	-6947402.999420136	11415.231473692791	10873697.165840728	-7215027.746826554	10873729.994822185	11049.505943192222	595475159.854	0.16551443847757333	0.0	0.0	0.0	-0.08187742064227026	0.0	0.0	0.0	-0.08250452814015213	0.165137338819
560	1850.0	nan	nan	1	1	5.0	5.0	5.0	1.185	-6.9117888496e-19	-2.67603119026e-17	-1.04731653461e-18	0.919435812592	-6.03455123684e-17	-6.88690725677e-19	2.49234150774e-18	0.918869126753	503770361.763	-7547629.13652	-7712501.51475	-5856145.83024	-9955.84796497	11802186.0095	-5980467.58015	11794924.3254	-9306.73722373	596290015.6431004	-6931680.587321177	-7078732.42231817	-6931652.899351964	-9143.368973336685	10832350.12659646	-7078806.888203509	10832361.592821203	-8541.96299418791	596840698.321	0.16974277458709455	0.0	0.0	0.0	-0.08399504423462316	0.0	0.0	0.0	-0.08461157508847855	0.169364430222
570	1900.0	nan	nan	1	1	5.0	5.0	5.0	1.19	-3.38177904191e-19	4.14915912839e-17	2.7443867491e-19	0.917498193296	6.78380746522e-18	8.67097040192e-19	-1.635038286e-18	0.916944102086	502743066.545	-7546122.2432	-7583848.51384	-5818124.33663	-13329.3125851	11780607.2543	-5843707.12608	11773501.8359	-12991.7476213	597582692.4726498	-6915666.049370194	-6946043.045064976	-6915680.46898723	-12215.687943471232	10789852.26775574	-6946089.306458735	10789860.580658142	-11899.135121632038	598127888.674	0.17395330712343798	0.0	0.0	0.0	-0.08610466821502279	0.0	0.0	0.0	-0.08670876595987494	0.173573699887
580	1950.0	nan	nan	1	1	5.0	5.0	5.0	1.195	-1.10087813363e-19	-3.6766735625e-17	-9.36725795435e-19	0.915571834046	-4.28601053591e-17	8.62438358982e-19	4.54269063568e-18	0.915032097902	501672384.277	-7544080.89001	-7460553.18586	-5780020.42923	-3898.73394599	11758794.981	-5712716.79599	11751893.8484	-3841.35208666	598813306.3522282	-6899253.497398225	-6818843.16353027	-6899229.960602246	-3565.491171750252	10747377.140814949	-6818894.043352096	10747405.272654612	-3510.943057745189	599341657.245	0.17814618538347404	0.0	0.0	0.0	-0.08820645366828808	0.0	0.0	0.0	-0.08879613464757592	0.177765312375
590	2000.0	nan	nan	1	1	5.0	5.0	5.0	1.2	4.94878999433e-19	-5.7436986516e-17	-4.41489453977e-19	0.913656702147	-6.90950980157e-17	5.91917211453e-19	4.20260690736e-18	0.913132863124	500557329.652	-7545012.85151	-7343100.99148	-5744630.61421	6996.39770285	11739806.1226	-5587745.29629	11733096.7708	7043.86062069	599980047.0398251	-6885647.164292067	-6697538.377219495	-6885652.3358400185	6384.976003485697	10707710.834763078	-6697605.822784381	10707730.536476789	6424.60547466178	600490754.445	0.1823215567939546	0.0	0.0	0.0	-0.09030037748464102	0.0	0.0	0.0	-0.09087388529015593	0.181939426755
600	2050.0	nan	nan	1	1	5.0	5.0	5.0	1.205	8.58864938736e-19	-1.44835751838e-17	-2.78700309426e-19	0.911753014803	-1.07854796286e-16	3.29760514278e-19	-1.44679580138e-17	0.911245893873	499397850.99	-7547231.10496	-7223975.18758	-5710448.25484	12856.3562944	11718844.0167	-5463106.59182	11712307.4074	12508.679915	601082213.1143363	-6873295.528550872	-6575245.771974083	-6873175.100953445	11708.338462522172	10666465.148677137	-6575471.228362253	10666448.265959432	11385.371985425141	601580165.766	0.18647956694261839	0.0	0.0	0.0	-0.09238614268735235	0.0	0.0	0.0	-0.09294250170728141	0.186096203312
610	2100.0	nan	nan	1	1	5.0	5.0	5.0	1.21	-2.93920432697e-19	7.74601571748e-17	-1.93785256464e-19	0.909861037245	3.92522214598e-17	-2.88944114132e-19	-2.05521956739e-18	0.909370725187	498201366.878	-7545287.35643	-7102265.11729	-5673652.13	9314.3443807	11691057.2994	-5337753.85771	11684766.6235	8987.58412275	602128075.9163606	-6857241.499008264	-6451139.62740348	-6857197.646533634	8464.980299121959	10619237.917041061	-6451229.710987734	10619246.532553744	8163.615287712338	602621298.976	0.1906203596086497	0.0	0.0	0.0	-0.09446339745621475	0.0	0.0	0.0	-0.09500242945862071	0.190235769935
620	2150.0	nan	nan	1	1	5.0	5.0	5.0	1.215	-1.97562494013e-18	-8.24100059603e-17	-6.44539133301e-20	0.907980440464	8.31085963835e-17	-1.01485134993e-19	-2.75264532034e-18	0.907507450421	496972516.1	-7538853.24816	-6975727.66378	-5633891.13861	4837.97934262	11663681.0234	-5210278.47871	11657653.6926	4473.69622073	603122706.8479066	-6837208.31748441	-6323197.488744615	-6837254.704284637	4387.706128814737	10572625.840831144	-6323161.055607855	10572669.896293744	4055.213458978025	603611995.456	0.19474407679251185	0.0	0.0	0.0	-0.09653244195206835	0.0	0.0	0.0	-0.09705350304652816	0.194358265683
630	2200.0	nan	nan	1	1	5.0	5.0	5.0	1.22	-3.76466440385e-18	5.40945945061e-17	5.79423475481e-20	0.906111057039	1.31079116211e-16	5.87629107158e-20	7.8485543497e-18	0.905655998854	495711664.168	-7535198.34372	-6843984.82038	-5596509.75807	326.319531338	11643981.3478	-5080609.47597	11638168.2386	-82.3274590184	604066066.5404125	-6819799.2315314915	-6191099.401870386	-6819814.582306566	295.3384353736115	10533197.815268079	-6191146.99858471	10533229.145346541	-74.4737891247109	604551936.897	0.19885085874516517	0.0	0.0	0.0	-0.09859340093816736	0.0	0.0	0.0	-0.09909573725462613	0.198463830474
640	2250.0	nan	nan	1	1	5.0	5.0	5.0	1.225	9.96057806412e-20	-4.38594189484e-17	6.22569216232e-19	0.904252843438	-5.35482317853e-17	3.77935513153e-19	-5.49094402014e-18	0.903816262148	494431427.187	-7539573.49084	-6707977.3024	-5565455.85216	14991.8666681	11621955.6395	-4949145.26658	11616316.2488	14857.9235256	604973056.9987031	-6809740.1295326855	-6055717.577701299	-6809742.777938621	13540.648710486299	10491878.23402509	-6055641.645774995	10491852.757042732	13413.19217492365	605438240.249	0.20294084399669038	0.0	0.0	0.0	-0.10064626362847058	0.0	0.0	0.0	-0.10112918908429064	0.202552572134
650	2300.0	nan	nan	1	1	5.0	5.0	5.0	1.23	-3.55891480701e-18	9.40954078028e-17	5.77676470027e-19	0.90240556235	-1.84617898285e-16	2.28540077081e-19	-7.18336878831e-18	0.901988140597	493124344.025	-7546812.08223	-6573023.05182	-5536835.59587	18376.6564887	11593885.4689	-4820116.1218	11588524.3946	18150.100308	605834291.6578437	-6802328.437475674	-5921861.969052018	-6802350.992997778	16563.82213532637	10445329.172063868	-5921816.012010169	10445330.84683289	16352.048045634534	606289190.421	0.20701416938432612	0.0	0.0	0.0	-0.10269123430565574	0.0	0.0	0.0	-0.10315390690284397	0.206624665995
660	2350.0	nan	nan	1	1	5.0	5.0	5.0	1.235	3.22571322138e-18	3.87570512928e-17	-9.55294345825e-20	0.900569060831	-1.03764183017e-17	-3.28119387943e-19	9.60376543509e-18	0.900171560386	491789277.254	-7550736.21766	-6439710.69802	-5506032.79285	7744.34114169	11561801.2772	-4693884.60272	11556726.8537	7713.95960519	606647964.5797004	-6791990.238977168	-5790050.838920125	-6791981.324485796	6966.140509404213	10395407.54603503	-5790153.775031138	10395433.467967317	6935.749194006467	607105001.456	0.2110709700799406	0.0	0.0	0.0	-0.10472842565658574	0.0	0.0	0.0	-0.10516991117290396	0.21068024652
670	2400.0	nan	nan	1	1	5.0	5.0	5.0	1.24	-1.57299312261e-18	-5.01364095436e-18	-1.95876369053e-21	0.898743190407	-1.62931287267e-16	-1.86463715426e-18	3.66283516172e-18	0.898366515099	490434078.594	-7557495.56428	-6310625.96105	-5477626.02397	3126.12245664	11530721.743	-4572008.67275	11525946.3043	2828.95053815	607423334.1391627	-6784262.7534385985	-5662590.313939479	-6784271.338129658	2806.2783451037417	10346636.555176085	-5662625.973457278	10346687.93984868	2538.446742813611	607877697.274	0.2151113796169455	0.0	0.0	0.0	-0.10675794671327496	0.0	0.0	0.0	-0.10717714795887755	0.214719421038
680	2450.0	nan	nan	1	1	5.0	5.0	5.0	1.245	-6.64973803154e-19	-1.81948500422e-17	5.44324547729e-19	0.896928080256	-4.67474571914e-17	-1.59215724304e-18	5.93410107023e-18	0.896572759669	489076893.14	-7567854.17056	-6189521.19797	-5452146.6475	22962.3197641	11500873.4943	-4457269.80256	11496364.8855	22843.5910228	608182590.7139946	-6779815.315381151	-5542811.156986041	-6779916.858758613	20571.25886739972	10299208.594713023	-5542756.024779544	10299251.143756565	20456.786096528715	608612685.569	0.219135529916671	0.0	0.0	0.0	-0.10877959822473207	0.0	0.0	0.0	-0.10917582953250628	0.218742282153
690	2500.0	nan	nan	1	1	5.0	5.0	5.0	1.25	2.98208536993e-18	2.651562526e-17	-2.62315515853e-19	0.895123488871	6.23290782424e-17	-4.16104935339e-20	-1.3104923183e-17	0.894790076619	487684981.715	-7577506.29065	-6073944.27198	-5426255.03764	15627.1909201	11475315.2282	-4347965.91723	11471090.3433	15418.8499729	608884991.310074	-6774779.013448079	-5428474.928875733	-6774793.925006477	13971.715894882309	10255849.943273028	-5428527.2029890325	10255894.107940018	13780.310908696896	609315749.708	0.22314355131420976	0.0	0.0	0.0	-0.11079359383296931	0.0	0.0	0.0	-0.11116613948241795	0.222749049161
700	2550.0	nan	nan	1	1	5.0	5.0	5.0	1.255	4.76456032831e-19	5.82467500135e-17	-2.03499665578e-19	0.893329289891	7.04799704147e-17	6.22569216232e-20	-7.14329354199e-18	0.893018527343	486279679.515	-7588440.06664	-5965754.73344	-5401625.69486	10100.6907512	11454251.5367	-4244972.26508	11450298.2589	10288.2021727	609556657.5628165	-6770929.835175711	-5321206.281746195	-6770994.229592771	9012.533243010996	10216718.244909063	-5321117.073881772	10216746.18525053	9176.65047850164	609986769.07	0.22713557258374711	0.0	0.0	0.0	-0.11280002039700597	0.0	0.0	0.0	-0.11314795101626932	0.22673979451
