inc	time	elem	node	ip	grain	1_pos	2_pos	3_pos	1_f	2_f	3_f	4_f	5_f	6_f	7_f	8_f	9_f	1_p	2_p	3_p	4_p	5_p	6_p	7_p	8_p	9_p	1_Cauchy	2_Cauchy	3_Cauchy	4_Cauchy	5_Cauchy	6_Cauchy	7_Cauchy	8_Cauchy	9_Cauchy	Mises(Cauchy)	1_ln(V)	2_ln(V)	3_ln(V)	4_ln(V)	5_ln(V)	6_ln(V)	7_ln(V)	8_ln(V)	9_ln(V)	Mises(ln(V))
0	0.0	nan	nan	1	1	5.0	5.0	5.0	1.0	0.0	0.0	0.0	1.0	0.0	0.0	0.0	1.0	8.33779567659e-06	7.605771188e-07	-4.8314468585e-08	7.605771188e-07	9.19217044382e-06	-6.4648055388e-07	-4.83144685849e-08	-6.4648055388e-07	1.0848450609e-05	8.33779567659e-06	7.605771188e-07	-4.8314468585e-08	7.605771188e-07	9.19217044382e-06	-6.4648055388e-07	-4.83144685849e-08	-6.4648055388e-07	1.0848450609e-05	2.80794427531e-06	0.0	0.0	0.0	0.0	0.0	0.0	0.0	0.0	0.0	0.0
10	2.5	nan	nan	1	1	5.0	5.0	5.0	1.00025	-1.09209166607e-21	-1.98218062437e-19	-2.78876188704e-22	0.999932934687	-1.84445508469e-20	9.29091848959e-23	-3.98263231137e-22	0.999924576641	54110661.9415	564190.521303	-903324.204251	564011.681519	1079.26896729	478286.217658	-903030.314916	478282.21974	1042.70732445	54118372.92284209	564092.0546433149	-903159.0002846319	564092.0553935169	1079.0806053695173	478198.7465376155	-903159.0002741128	478198.7464259574	1042.5166294758703	54155066.0765	0.0002499687552074404	0.0	0.0	0.0	-6.706756197914847e-05	0.0	0.0	0.0	-7.542620348502879e-05	0.000214198128659
20	5.0	nan	nan	1	1	5.0	5.0	5.0	1.0005	-7.62239179649e-21	-2.31004721493e-19	-1.24087431641e-21	0.999865840219	7.42755974296e-20	5.80926359257e-22	1.03806643231e-21	0.999849121225	108263351.345	1128715.47488	-1807246.38624	1128000.04749	308.321959451	956517.187305	-1806070.67634	956501.192766	298.878557889	108294217.18021145	1128321.6389671033	-1806585.5857592272	1128321.639821586	308.2143785211121	956167.4469364199	-1806585.586318156	956167.4465484426	298.7692761130067	108369391.869	0.0004998750416509929	0.0	0.0	0.0	-0.00013416878122858312	0.0	0.0	0.0	-0.00015089015834736486	0.000428378472152
30	7.5	nan	nan	1	1	5.0	5.0	5.0	1.00075	1.94340915041e-21	-1.34599604756e-20	-9.55910595382e-23	0.999795519086	-9.38260629061e-20	-8.64067697994e-22	-3.59443580367e-21	0.999772235521	160127965.699	1618358.71052	-2689463.07978	1616815.11573	1031.09957631	1523349.21258	-2686835.40454	1523313.7801	-968.067087037	160197202.7409136	1617514.263425135	-2687997.138271043	1617514.2034592775	1030.561556502604	1522518.8829650867	-2687997.1537366943	1522518.926716871	-967.5394241971522	160310988.105	0.0007497188905459742	0.0	0.0	0.0	-0.0002045018230727525	0.0	0.0	0.0	-0.0002277904212681433	0.000644050374805
40	10.0	nan	nan	1	1	5.0	5.0	5.0	1.001	-2.35274723135e-21	1.27648650973e-19	-6.78313951688e-22	0.999693550139	9.35075983703e-20	-2.50648650301e-22	9.5958120935e-22	0.999671745389	184046984.573	1448767.97702	-3768179.01725	1446876.6593	-2909.32645036	2319067.56039	-3763179.03272	2319017.00463	-2689.80439427	184163855.67007303	1447795.9020442695	-3765568.5606093383	1447795.4358987804	-2907.374389378887	2317460.995180266	-3765568.6772070127	2317461.0215918245	-2687.94099613765	184342873.289	0.0009995003330834232	0.0	0.0	0.0	-0.00030649682635350723	0.0	0.0	0.0	-0.0003283084983373784	0.000878025641525
50	12.5	nan	nan	1	1	5.0	5.0	5.0	1.00125	-1.47556096582e-20	-3.99531286092e-19	-5.74487275176e-21	0.999577805416	-3.20581704611e-19	4.81108923776e-22	-1.54066524991e-20	0.999554965302	192690301.458	707891.267281	-4548044.96633	706708.645707	-6111.81168184	2905490.16144	-4540345.25889	2905423.69949	-6737.9905036	192857516.9076783	707322.2908582307	-4544285.580330702	707321.9230909123	-6106.899237078914	2903088.5011409307	-4544285.342373265	2903088.429004866	-6732.420922087466	193093848.43	0.0012492194004318981	0.0	0.0	0.0	-0.0004222837332262004	0.0	0.0	0.0	-0.0004451337553313262	0.00112202965556
60	15.0	nan	nan	1	1	5.0	5.0	5.0	1.0015	-3.30804002621e-20	3.06130600816e-19	-1.98688783135e-21	0.999458524533	-1.85213183776e-19	-6.3227618072e-21	7.94207125385e-21	0.999435172511	197947234.372	-38604.0018384	-4945611.71116	-38525.4562508	-639.554242153	3217659.77492	-4935415.13555	3217584.48386	-2486.34734214	198166405.84530777	-38567.966812403654	-4940879.769733878	-38568.112471954744	-638.9572482496604	3214581.1309678773	-4940879.734285494	3214581.0195816928	-2483.968414986974	198430807.096	0.0014988761237359487	0.0	0.0	0.0	-0.0005416221177816122	0.0	0.0	0.0	-0.000564987064137274	0.0013681869798
70	17.5	nan	nan	1	1	5.0	5.0	5.0	1.00175	3.28638857367e-21	1.20318832959e-18	6.134785013e-21	0.999337396927	9.2489649229e-21	-1.18338526383e-20	-8.05994449114e-21	0.999314832674	201946326.877	-570535.415012	-5129628.22237	-569161.475652	955.488237037	3396254.67344	-5117158.51742	3396177.98454	768.088420216	202218779.55609995	-569929.2191271445	-5124062.274432991	-569929.3508160594	954.4730274249771	3392569.5376224075	-5124062.250550533	3392569.533488068	767.2549991623459	202500265.987	0.001748470534116803	0.0	0.0	0.0	-0.0006628226914350228	0.0	0.0	0.0	-0.0006854021604061128	0.00161510791832
80	20.0	nan	nan	1	1	5.0	5.0	5.0	1.002	-1.01987233625e-20	1.10137609636e-18	6.11286472677e-22	0.999215504651	1.7224090831e-18	9.3336992369e-21	2.66398686152e-20	0.999194117206	205326212.203	-932292.920534	-5216967.20634	-929702.11644	-134.530797076	3485382.22372	-5202358.58415	3485308.06117	-899.481917331	205653148.45910338	-931182.4803601541	-5210641.822418706	-931182.4599674001	-134.3705594528153	3481156.323919309	-5210642.18135934	3481156.762791444	-898.3913280609607	205946203.868	0.001998002662673058	0.0	0.0	0.0	-0.0007848032265058604	0.0	0.0	0.0	-0.0008062076921039336	0.00186237974895
90	22.5	nan	nan	1	1	5.0	5.0	5.0	1.00225	-6.31180166409e-21	1.05914552756e-18	1.62276292571e-20	0.999093324081	1.57128925333e-18	-4.07800041989e-22	5.04980322279e-20	0.999073097773	208353767.651	-1183281.53088	-5263760.45796	-1179554.66528	-9.8593660843	3525502.09321	-5247076.16318	3525431.41538	-276.358178705	208736326.59572825	-1181720.4636796878	-5256709.717007572	-1181720.448952099	-9.84635892360752	3520779.7274821145	-5256710.334630441	3520780.4213385344	-275.98800039926266	209033944.067	0.00224747254047937	0.0	0.0	0.0	-0.000907087198227998	0.0	0.0	0.0	-0.0009273320665025117	0.00210982049222
100	25.0	nan	nan	1	1	5.0	5.0	5.0	1.0025	3.94523793157e-20	1.80359163865e-18	1.16285050513e-20	0.99897108031	-2.22745113373e-18	1.34830439846e-22	1.34260202211e-20	0.99895179271	211156947.815	-1362392.94462	-5298188.29165	-1357597.25693	-181.489088431	3543430.99935	-5279436.41482	3543363.33051	-160.528265745	211596231.8460288	-1360421.4596715502	-5290419.2685737405	-1360421.5580089316	-181.22646008463946	3538235.072801586	-5290419.58224054	3538235.817555257	-160.29287437491024	211896467.123	0.002496880198587146	0.0	0.0	0.0	-0.001029449391241839	0.0	0.0	0.0	-0.0010487570434655883	0.00235734863371
110	27.5	nan	nan	1	1	5.0	5.0	5.0	1.00275	3.98370183006e-21	1.49495948856e-18	6.80769644131e-21	0.998848897789	6.73035117663e-19	-1.50906695051e-20	1.00290479393e-21	0.99883021107	213802692.649	-1495421.17164	-5331585.70252	-1489603.57731	-173.198960036	3555832.07141	-5310744.52702	3555766.20862	-140.511685933	214299770.52329338	-1493066.6143229916	-5323091.47374349	-1493066.812363661	-172.92625634128945	3550166.9554781425	-5323091.675541371	3550167.615057963	-140.28782412664765	214601872.051	0.0027462256680252286	0.0	0.0	0.0	-0.0011517652380066124	0.0	0.0	0.0	-0.0011704736671208145	0.00260491914103
120	30.0	nan	nan	1	1	5.0	5.0	5.0	1.003	-2.90646451833e-20	-4.79735493767e-19	-2.15066959264e-21	0.998726799298	-5.71605067729e-19	8.51417004501e-21	-2.96349603662e-20	0.998708408264	216330856.493	-1598463.61441	-5366648.15459	-1591653.70631	-158.225976241	3568710.73065	-5343685.77578	3568645.5897	-99.8204819307	216886769.37836203	-1595743.6159770412	-5357417.433130289	-1595743.8338984358	-157.95673369863258	3562572.490583574	-5357417.62996964	3562573.0646051127	-99.64878909037702	217190578.384	0.002995508979798371	0.0	0.0	0.0	-0.0012740119106411543	0.0	0.0	0.0	-0.0012924265595180213	0.00285250528961
130	32.5	nan	nan	1	1	5.0	5.0	5.0	1.00325	2.56980200902e-20	-1.14247048089e-18	1.73211620269e-21	0.998604803348	1.92565072003e-18	1.78203655265e-20	4.04983492003e-20	0.998586417789	218767976.533	-1681975.84203	-5403923.30662	-1674188.30597	-152.106086782	3584357.19973	-5378803.46649	3584291.69106	-68.1669992603	219383744.28268507	-1678900.3925902075	-5393943.061207877	-1678900.655474045	-151.8279647259604	3577737.423232766	-5393943.222129962	3577737.9061613902	-68.04110491594604	219689362.738	0.0032447301648890294	0.0	0.0	0.0	-0.0013961708450811983	0.0	0.0	0.0	-0.0014145822608793953	0.00310008936952
140	35.0	nan	nan	1	1	5.0	5.0	5.0	1.0035	-6.14578651515e-20	1.92078059077e-18	-8.85083255432e-21	0.998482928547	-3.97774416509e-18	1.60448223417e-20	-4.05289807323e-20	0.998464254947	221131344.165	-1751124.989	-5442333.52517	-1742370.32071	-136.454378839	3603267.93132	-5415023.00269	3603200.96642	-53.8505997156	221807966.41006017	-1747701.4518608092	-5431591.906917711	-1747701.661332817	-136.18760368778572	3596156.105409303	-5431592.001693591	3596156.5278984807	-53.74431395010523	222115472.374	0.003493889254255838	0.0	0.0	0.0	-0.0015182233710716816	0.0	0.0	0.0	-0.001536925518184446	0.00334765987964
150	37.5	nan	nan	1	1	5.0	5.0	5.0	1.00375	4.99253130513e-20	1.98838869888e-18	-5.86140182055e-21	0.998361179322	-1.19269166611e-18	2.45209420785e-20	-1.02223083497e-19	0.998341938009	223432558.336	-1808646.64263	-5480853.69283	-1798936.7867	-128.445152212	3624845.52483	-5451323.67303	3624776.00668	-43.1185455423	224171014.73704028	-1804882.1633052405	-5469340.546419858	-1804882.3677518347	-128.1778091564451	3617231.1312372442	-5469340.585562675	3617231.473650492	-43.02797021304654	224480398.194	0.003742986278834297	0.0	0.0	0.0	-0.0016401650135580512	0.0	0.0	0.0	-0.0016594380971060065	0.00359520910924
160	40.0	nan	nan	1	1	5.0	5.0	5.0	1.004	1.58769046773e-20	1.78922862959e-18	9.11718471156e-21	0.99823955672	-2.88252105171e-18	2.63899566726e-20	-5.92192042212e-20	0.998219482812	225680241.992	-1857405.91558	-5519726.39468	-1846749.2569	-116.606806246	3648802.4569	-5487946.64028	3648729.39083	-35.9022986997	226481494.10321885	-1853305.734727253	-5507430.972714505	-1853305.9307493456	-116.34939940227248	3640674.5964467064	-5507430.972594464	3640674.904592152	-35.82232482409857	226792779.401	0.003992021269537457	0.0	0.0	0.0	-0.001761994681307997	0.0	0.0	0.0	-0.0017821041928010276	0.00384273134371
170	42.5	nan	nan	1	1	5.0	5.0	5.0	1.00425	-7.36587791866e-20	-6.95746989892e-19	-1.95214624563e-22	0.998118054032	-8.70892144843e-19	2.33802600138e-20	-3.68881194168e-20	0.998096907942	227880478.565	-1899164.74264	-5559159.16447	-1887568.61559	-103.61385569	3675052.26249	-5525097.85736	3674974.69506	-30.7860756625	228745469.61009282	-1894733.3028740908	-5546070.12970595	-1894733.4677957052	-103.37208700606818	3666399.355566437	-5546070.080167205	3666399.6469681947	-30.71358987774876	229058714.567	0.004240994257254614	0.0	0.0	0.0	-0.0018837190532292598	0.0	0.0	0.0	-0.0019049052384887241	0.00409022255852
180	45.0	nan	nan	1	1	5.0	5.0	5.0	1.0045	3.20085809834e-20	-1.22444340751e-19	8.06170224994e-21	0.997996658487	-2.11101548465e-18	3.5728412198e-20	-4.29550756196e-20	0.997974235294	230037951.789	-1935086.84555	-5598906.90693	-1922558.87597	-91.9499960568	3703275.19508	-5562533.3943	3703192.27408	-28.2545521001	230967607.4771717	-1930328.3557629061	-5585013.384963663	-1930328.5408491667	-91.7238857309763	3694085.6271651364	-5585013.340632504	3694085.911408796	-28.18443926436704	231282852.443	0.004489905272852001	0.0	0.0	0.0	-0.002005350885697816	0.0	0.0	0.0	-0.002027819342597861	0.00433767965519
190	47.5	nan	nan	1	1	5.0	5.0	5.0	1.00475	-2.95799787049e-20	2.27695504996e-18	-4.58588931599e-21	0.997875359351	-3.42150645878e-19	8.48687308479e-21	7.20443294261e-20	0.997851483079	232156507.423	-1966433.49168	-5638777.39803	-1952979.06329	-83.3163820339	3733243.53079	-5600062.06002	3733154.43766	-23.3641498713	233151737.2367298	-1961351.0864974856	-5624068.954356199	-1961351.2731020425	-83.10104415767557	3723505.568406099	-5624068.9198006485	3723505.8003979893	-23.30320575910831	233469017.255	0.00473875434717347	0.0	0.0	0.0	-0.002126900899992122	0.0	0.0	0.0	-0.0021508282947573644	0.00458510010731
200	50.0	nan	nan	1	1	5.0	5.0	5.0	1.005	6.63018348186e-20	-5.21472856127e-19	-1.9938361485e-20	0.997754151971	-2.51565399064e-18	-1.13290656695e-20	-6.72271397313e-20	0.997728661908	234239219.186	-1994185.68973	-5678696.25255	-1979808.17002	-76.0115193063	3764495.27455	-5637609.92692	3764399.28358	-18.3856364704	235300916.933387	-1988781.5632117377	-5663162.635029849	-1988781.722278555	-75.80553253722765	3754197.800068068	-5663162.598162918	3754197.981816333	-18.335344038459056	235620257.313	0.004987541511038968	0.0	0.0	0.0	-0.002248373727951013	0.0	0.0	0.0	-0.0022739214929571646	0.00483248192484
210	100.0	nan	nan	1	1	5.0	5.0	5.0	1.01	1.76897537078e-19	-7.34449199111e-18	-1.79531280149e-20	0.995342913546	-6.45435373155e-18	-3.80056404244e-20	-4.5817120539e-20	0.995267615447	270167476.979	-2222676.10498	-6416551.4044	-2190432.2089	-2541.25542685	4437564.8126	-6322955.54753	4437228.27533	-5759.35488745	272722183.4555032	-2211133.3441537833	-6382746.193311439	-2211144.9586839173	-2528.0582257262427	4414185.772091378	-6382745.481050284	4414184.942746046	-5729.0120762678625	273084203.313	0.009950330853168092	0.0	0.0	0.0	-0.004667964467492577	0.0	0.0	0.0	-0.004743617738625969	0.00977084559877
220	150.0	nan	nan	1	1	5.0	5.0	5.0	1.015	-2.27084239203e-19	1.56932788532e-18	-8.83362719758e-20	0.992949042774	-9.87635039825e-20	3.91090993615e-21	2.38210645622e-19	0.99281167092	298874578.462	-2263000.7874	-6984068.63462	-2213836.31419	-5490.25730352	5036687.75788	-6831405.41177	5035979.95693	-7844.01416448	303176225.1673647	-2245700.258482868	-6929716.935354645	-2245699.6521030404	-5448.284558406125	4997491.0442405045	-6929728.5703797825	4997480.139627214	-7782.970162594386	303568694.401	0.014888612493750559	0.0	0.0	0.0	-0.007075932694785928	0.0	0.0	0.0	-0.007214289600803868	0.0146893662897
230	200.0	nan	nan	1	1	5.0	5.0	5.0	1.02	-3.12310312076e-19	1.919672024e-17	1.33367984523e-19	0.99056977726	3.90850222018e-18	-2.32106879882e-20	2.94730656107e-19	0.990367147044	322355004.714	-2229840.8566	-7370159.35199	-2165480.46512	-2585.88292108	5538323.61362	-7156058.88223	5537173.71057	-2894.06614195	328589074.0915545	-2207381.8718520356	-7294434.566241622	-2207359.0004549	-2559.8378762452053	5481420.044915842	-7294450.924820644	5481403.228320366	-2864.3310265916543	328993835.354	0.01980262729617973	0.0	0.0	0.0	-0.00947496882300275	0.0	0.0	0.0	-0.009679549003442037	0.01958694694
240	250.0	nan	nan	1	1	5.0	5.0	5.0	1.025	-2.75682754552e-19	1.72133224904e-18	1.18584612616e-20	0.988204878575	-3.65738788788e-17	-4.37148410122e-20	-1.35917458569e-19	0.987936087718	341778780.082	-2145682.60198	-7607846.89208	-2068633.57612	-119.04596484	5962642.84186	-7332759.82804	5960998.75127	598.466588125	350081573.1704136	-2118911.2393048047	-7510881.409038138	-2118886.656648138	-117.56064604385487	5886646.23578096	-7510893.729754554	5886624.256491801	590.83885814763	350490526.414	0.024692612590371414	0.0	0.0	0.0	-0.011865235753083745	0.0	0.0	0.0	-0.012137271871197548	0.0244630817928
250	300.0	nan	nan	1	1	5.0	5.0	5.0	1.03	4.54909632235e-19	-2.65092443887e-18	3.01490789663e-20	0.985855122399	-3.24062604705e-18	-1.91833110218e-19	5.12027694302e-19	0.985518906329	357984774.842	-2020283.37475	-7732217.49588	-1933670.07941	252.085497577	6325810.2411	-7398309.05289	6323626.01213	1148.02216294	368456734.531759	-1990261.3304157131	-7614716.510561606	-1990234.8177674117	248.33942805085474	6229681.4220823655	-7614728.296441455	6229654.947049533	1130.5764902872786	368865990.169	0.02955880224154443	0.0	0.0	0.0	-0.0142458698620724	0.0	0.0	0.0	-0.014586968069069685	0.0293174755712
260	350.0	nan	nan	1	1	5.0	5.0	5.0	1.035	-2.83173702179e-19	9.77873067825e-18	-1.33751796327e-19	0.983521237697	-7.00025085302e-18	6.16414992475e-20	-5.910619067e-20	0.983115719279	371610606.042	-1858331.46778	-7764830.54556	-1765844.34766	6331.44288305	6640938.14545	-7375586.20692	6638175.69729	8936.41420775	384325957.7056072	-1826325.5338517248	-7627950.924992482	-1826266.0135075895	6222.396813444497	6523870.672022478	-7627955.678677324	6523846.786406541	8778.881731179672	384724475.084	0.03440142671733232	0.0	0.0	0.0	-0.016616047388203912	0.0	0.0	0.0	-0.017028445235512533	0.0341499453885
270	400.0	nan	nan	1	1	5.0	5.0	5.0	1.04	5.03269919567e-19	1.48382106734e-17	2.13611121386e-19	0.981203525609	-1.75308092988e-17	-8.29959939411e-20	-2.51299124455e-19	0.980726692705	383130795.043	-1657625.62705	-7719970.63971	-1563847.68803	11198.6528547	6920668.6385	-7279978.94044	6917290.33996	14304.648479	398143807.21592414	-1625193.6519074803	-7565248.695393353	-1625127.1901758893	10979.547632696467	6781966.128128771	-7565245.522676469	6781951.343808967	14017.957877606701	398529981.318	0.03922071315328133	0.0	0.0	0.0	-0.018975373443842345	0.0	0.0	0.0	-0.019461458941621768	0.0389604303424
280	450.0	nan	nan	1	1	5.0	5.0	5.0	1.045	1.52095353591e-19	-1.26279377546e-18	8.99443110866e-20	0.978902442366	-3.26943083345e-17	-9.54500252437e-20	-5.11449081464e-19	0.978351668541	392917861.246	-1421699.87205	-7617246.09422	-1331708.43669	11743.170782	7167080.40192	-7131420.96908	7163034.00885	14899.4805649	410267740.24741197	-1390582.1293157185	-7446330.090416602	-1390512.0252274661	11486.139762680554	7006265.229864139	-7446319.585623689	7006251.657056652	14565.165558479046	410643809.098	0.04401688541677426	0.0	0.0	0.0	-0.02132329170713841	0.0	0.0	0.0	-0.02188609429518128	0.0437489256459
290	500.0	nan	nan	1	1	5.0	5.0	5.0	1.05	-2.30472370992e-19	5.03582924711e-18	-1.85023759416e-19	0.976618511322	-5.83909617155e-18	-6.2998075452e-20	-2.45411252855e-19	0.975990311977	401270205.782	-1159205.56686	-7470811.12947	-1078118.35126	12033.7109237	7386192.76387	-6944216.88061	7381428.61243	15221.0212282	420984839.2726862	-1131164.2013485942	-7285401.757244552	-1131086.9191935507	11742.613558299863	7202883.43644193	-7285390.206484681	7202870.68997439	14843.268405696106	421349921.634	0.04879016416943205	0.0	0.0	0.0	-0.023659172668356813	0.0	0.0	0.0	-0.024302618871383422	0.0485154622864
300	550.0	nan	nan	1	1	5.0	5.0	5.0	1.055	7.74505751146e-20	1.45016937479e-17	3.4887169515e-20	0.974352142312	4.47435013153e-17	6.74979379843e-21	-6.11541244305e-19	0.973642270803	408422369.836	-879326.63712	-7289115.75201	-812030.982108	12701.2616959	7577950.94454	-6726987.40113	7572421.59705	16014.6165294	430520817.22596407	-856048.4575175442	-7090982.979200071	-855967.4196355037	12365.02458166561	7371967.052399819	-7090963.490971784	7371958.899207728	15579.307160416143	430873792.564	0.05354076692802976	0.0	0.0	0.0	-0.025982498265527506	0.0	0.0	0.0	-0.026711321239190598	0.0532601133749
310	600.0	nan	nan	1	1	5.0	5.0	5.0	1.06	6.51315396879e-19	-1.16641929316e-17	-2.18110983918e-19	0.972103503051	-2.23406056532e-17	-5.71747239397e-21	-2.40909405089e-18	0.971307326693	414556353.755	-580478.492376	-7080216.22903	-532331.955928	12537.3573547	7744524.28053	-6487741.65674	7738167.27586	12356.7411523	439050426.0989612	-563798.0937373568	-6871129.721995645	-563784.8026191613	12177.088849840115	7515820.032230424	-6871070.031880611	7515806.384648478	11991.833109623432	439393579.147	0.058268908123975824	0.0	0.0	0.0	-0.028292995570411875	0.0	0.0	0.0	-0.029112355419968632	0.0579829855126
320	650.0	nan	nan	1	1	5.0	5.0	5.0	1.065	7.79905586184e-19	-3.76216433317e-17	-4.85032241421e-19	0.969872823538	-1.19035674204e-18	5.59835838576e-21	-1.59728245412e-18	0.968985193573	419838905.157	-265241.256448	-6851967.36483	-241536.963811	9883.62109428	7883450.02411	-6234181.32706	7876221.70608	9697.01110768	446735792.5322057	-257024.3844877759	-6633624.550979305	-257010.9764210136	9577.437772263524	7632238.28163285	-6633572.786429014	7632225.330267754	9388.00895129788	447069749.402	0.06297479916138839	0.0	0.0	0.0	-0.03059032583498341	0.0	0.0	0.0	-0.03150594731853675	0.0626841862633
330	700.0	nan	nan	1	1	5.0	5.0	5.0	1.07	-1.4062599809e-18	6.84071749136e-19	9.44971131781e-20	0.967660473822	-5.94911514281e-17	1.57865765545e-19	6.39410613503e-19	0.966675377694	424392849.578	59496.3344271	-6616903.21073	53821.8748085	10626.5163028	7994059.55138	-5977888.72688	7985913.62765	10472.9086354	453695424.6151656	57520.91358641227	-6390693.698426884	57538.0531719791	10273.690503183507	7720769.727598486	-6390637.27614846	7720762.163044647	10114.875356181525	454017236.068	0.06765864847381486	0.0	0.0	0.0	-0.03287400341667781	0.0	0.0	0.0	-0.0338925403086976	0.0673638469749
340	750.0	nan	nan	1	1	5.0	5.0	5.0	1.075	-6.21933941521e-19	1.96083627427e-17	2.59139142301e-19	0.965466594998	-1.83510796445e-17	-5.11502021023e-19	-1.22381040755e-18	0.964377543935	428318465.002	383617.522725	-6376086.91219	344544.359166	10735.0604269	8082506.50842	-5719909.08787	8073389.23043	10574.7910476	460026083.12740904	370035.06744416733	-6143396.022167704	370050.33628433035	10354.972267345334	7787541.013288557	-6143343.3030383615	7787540.8484058	10188.871348801427	460336961.049	0.07232066157962608	0.0	0.0	0.0	-0.035143776367733574	0.0	0.0	0.0	-0.03627241795762678	0.0720221203344
350	800.0	nan	nan	1	1	5.0	5.0	5.0	1.08	9.06245844223e-19	-2.53682264887e-17	-4.43845264361e-19	0.963291203608	9.49186990121e-17	-3.4225425025e-19	2.45421179022e-19	0.962091479746	431702243.602	697255.876472	-6127153.07317	621927.243626	10955.838811	8147768.30396	-5458185.53278	8137621.00375	10839.7859842	465811646.33589596	671045.640275366	-5889485.818323213	671066.5917262578	10544.002736672493	7831723.037454528	-5889444.464817329	7831723.30423375	10419.319554322054	466111725.902	0.0769610411361284	0.0	0.0	0.0	-0.03739952077898956	0.0	0.0	0.0	-0.0386457395464507	0.076659157491
360	850.0	nan	nan	1	1	5.0	5.0	5.0	1.085	-8.48409375794e-19	1.92263244137e-19	-1.99793896434e-19	0.961134363135	2.15067859236e-16	-3.27801750587e-19	9.09997935482e-19	0.959816898121	434614568.264	1002692.20316	-5874606.72861	888240.166794	11349.560686	8190263.9061	-5196774.30209	8179033.60079	11235.5181119	471120262.59002113	962829.765989007	-5633326.920086098	962848.3975916827	10898.354275561727	7853876.229730112	-5633280.273141992	7853872.786730198	10774.056811775245	471409721.122	0.08157998699242285	0.0	0.0	0.0	-0.03964106382784845	0.0	0.0	0.0	-0.041012743835707424	0.0812751189478
370	900.0	nan	nan	1	1	5.0	5.0	5.0	1.09	-1.37642853929e-18	-9.82010294377e-18	-1.93494088888e-19	0.958996099102	-1.2668103329e-16	-4.02975924656e-19	1.01798801881e-18	0.957553527397	437112497.024	1304395.39656	-5630539.39403	1147645.39617	11308.0924793	8216136.61472	-4946334.43051	8203781.49686	11074.9924522	476006981.05685586	1249740.0825414394	-5386499.983080466	1249763.4455065392	10834.273461662888	7860031.9861185	-5386461.690285127	7860035.838884642	10594.979003191715	476287218.2	0.08617769624105241	0.0	0.0	0.0	-0.041868271779547654	0.0	0.0	0.0	-0.04337365620318271	0.0858701720671
380	950.0	nan	nan	1	1	5.0	5.0	5.0	1.095	-4.1467556724e-19	1.37804319584e-17	4.75079604291e-19	0.95687591898	1.16252486066e-16	-1.1096131609e-19	-3.27919541107e-18	0.955301611475	439245930.128	1589151.40932	-5395923.31813	1388717.63983	11805.1292457	8232472.08545	-4707488.14336	8218934.88152	11361.6137482	480520157.45259064	1519184.944765471	-5149867.139959359	1519210.0214880598	11285.378168436186	7857068.1927674925	-5149832.4485200625	7857075.204278855	10843.519792464898	480791717.824	0.09075436326846412	0.0	0.0	0.0	-0.04408155217352349	0.0	0.0	0.0	-0.04572816482912938	0.0904444776304
390	1000.0	nan	nan	1	1	5.0	5.0	5.0	1.1	2.24463731022e-20	2.1528242327e-17	4.94614301637e-19	0.954773590733	1.03006320139e-17	8.92031572577e-21	9.63063226138e-19	0.953061117525	441058409.689	1858207.2626	-5163074.70025	1612907.1069	11102.5590481	8235414.89224	-4473359.67354	8220651.49231	10880.132389	484702162.8056923	1772477.4398763063	-4916039.06780778	1772508.0078857401	10590.333938377302	7841378.190382853	-4916008.993687441	7841385.4065005435	10359.554914953089	484966412.399	0.09531017980432493	0.0	0.0	0.0	-0.04628104437527532	0.0	0.0	0.0	-0.04807624566865066	0.0949982041026
400	1050.0	nan	nan	1	1	5.0	5.0	5.0	1.105	-7.9816973411e-19	1.20412615595e-17	2.15834582872e-19	0.952689339138	-8.65249085617e-17	-7.04360835201e-20	-2.56821713096e-18	0.950831566725	442588026.976	2114883.14645	-4935637.98266	1823405.30597	11695.9221579	8220174.52571	-4246984.45942	8204154.58545	11524.7257029	488590214.03681916	2012892.1530176841	-4688454.593531026	2012928.3541781493	11131.882143682144	7808497.12845454	-4688412.066220636	7808506.306798345	10947.551937718494	488846220.524	0.09984533496971612	0.0	0.0	0.0	-0.04846641048841097	0.0	0.0	0.0	-0.050418343873673895	0.0995315216003
410	1100.0	nan	nan	1	1	5.0	5.0	5.0	1.11	-1.72122388838e-18	4.29179947671e-17	-2.565451039e-19	0.950623234618	-3.72924949311e-18	-1.58236342459e-19	-1.21481729993e-18	0.948612609567	443865720.797	2355222.51266	-4715059.34129	2017093.28634	11229.8493466	8192710.11878	-4029473.41143	8175390.84634	11135.4999492	492214369.47246534	2236763.523991101	-4468438.23470853	2236807.785742613	10665.029424341365	7764190.5415816475	-4468389.023040066	7764198.89890203	10553.057795023782	492463500.912	0.10436001532424286	0.0	0.0	0.0	-0.05063747304538651	0.0	0.0	0.0	-0.05275477280916763	0.104044606897
420	1150.0	nan	nan	1	1	5.0	5.0	5.0	1.115	-1.33990024344e-18	-1.05299430234e-17	-3.75870870344e-19	0.948575143291	3.21279514175e-17	-5.66532692815e-19	-8.9647849555e-19	0.946404117219	444919962.648	2583002.23144	-4501490.01217	2197505.77752	11855.1296605	8155130.13615	-3820783.97721	8136473.80369	11543.7047294	495602548.5791173	2447785.1346947765	-4256079.027371391	2447832.3188161454	11234.527713386446	7710531.011757273	-4256024.533953431	7710539.0708093485	10914.36823454887	495844313.789	0.10885440491208208	0.0	0.0	0.0	-0.05279426945460843	0.0	0.0	0.0	-0.05508561592695763	0.108537627501
430	1200.0	nan	nan	1	1	5.0	5.0	5.0	1.12	-4.69256252779e-19	1.01145792418e-17	2.43310214099e-19	0.946544830263	-2.29818848677e-17	-2.25893099121e-19	-1.78172056966e-18	0.944206039811	445773389.127	2797951.22373	-4292270.13977	2364678.45825	11284.0781096	8111043.10515	-3618520.21667	8091007.50007	11006.9629875	498776722.69768363	2645789.827793591	-4048814.0982199796	2645843.3823283347	10670.414417949305	7650987.614018396	-4048769.394289216	7650993.040453598	10382.65194668373	499012535.49	0.11332868530700327	0.0	0.0	0.0	-0.054936945204013814	0.0	0.0	0.0	-0.05741087414077997	0.113010756515
440	1250.0	nan	nan	1	1	5.0	5.0	5.0	1.125	-5.67670893338e-19	4.02287710387e-17	-4.20445979193e-19	0.944531971753	1.44286146569e-16	-6.20557512982e-19	3.84800450493e-18	0.942018433647	446447246.778	2998639.87498	-4086974.5651	2517663.21875	11611.3058144	8060255.93898	-3422189.68344	8038813.86499	11341.9616111	501757744.81019634	2829517.524757597	-3846207.8455073223	2829577.3530881386	10956.431801397024	7585420.250478931	-3846165.9026187765	7585427.279561294	10673.798194040985	501987047.538	0.11778303565638346	0.0	0.0	0.0	-0.05706574216033669	0.0	0.0	0.0	-0.05973043596984832	0.117464158416
450	1300.0	nan	nan	1	1	5.0	5.0	5.0	1.13	-1.44837340025e-18	6.07915546244e-18	-2.22346148654e-21	0.942536534814	3.56311167328e-17	4.12346226635e-19	5.62308115991e-18	0.939841046559	446957574.979	3184562.50667	-3885672.67564	2656309.63804	11057.7276658	8001258.27503	-3231740.79207	7978382.22184	10879.0773937	504561024.9125406	2998588.8772103186	-3648291.878893275	2998652.195384526	10411.973109788783	7512451.00204216	-3648244.347072803	7512456.778108102	10214.460408389916	504784742.558	0.12221763272424911	0.0	0.0	0.0	-0.05918059668288362	0.0	0.0	0.0	-0.06204451742232325	0.121898008051
460	1350.0	nan	nan	1	1	5.0	5.0	5.0	1.135	-7.18230999712e-19	-4.92664008276e-17	5.79794052396e-19	0.940558391196	3.71967173423e-17	7.07960725227e-19	-5.08537405708e-19	0.937673739002	447320735.233	3350240.0775	-3688136.00294	2776365.5111	11268.8566197	7932619.0532	-3046881.53713	7908301.42899	10937.5611529	507202650.77594507	3147953.5466017784	-3454819.0349940406	3148031.906053583	10588.446302810527	7430789.775785178	-3454761.3613924305	7430800.466562975	10245.634769793765	507420090.665	0.126632650933366	0.0	0.0	0.0	-0.061281546898725975	0.0	0.0	0.0	-0.06435321670536513	0.126312471928
470	1400.0	nan	nan	1	1	5.0	5.0	5.0	1.14	-1.09161371077e-18	1.36059961109e-17	-5.58088833122e-19	0.938597165439	-1.52486277494e-16	2.21075599233e-19	-9.98678314592e-19	0.935516700978	447566154.085	3496443.03106	-3502862.67362	2878887.23661	27413.8783874	7860794.02028	-2874460.35001	7835072.50326	29800.6105156	509713872.3780946	3278461.2901054295	-3273701.0817306945	3278641.041372558	25704.791499919702	7346531.1904044375	-3273599.4503342956	7346603.871111823	27851.017859154075	509909058.059	0.131028262406404	0.0	0.0	0.0	-0.0633688956146604	0.0	0.0	0.0	-0.06665628096556114	0.13070768118
480	1450.0	nan	nan	1	1	5.0	5.0	5.0	1.145	2.88679416336e-18	-3.56108532893e-18	3.63377134372e-19	0.936652581546	3.259158582e-16	1.88464830764e-19	9.6093240888e-19	0.933369764681	447674111.946	3627910.91072	-3328337.86953	2967939.43497	32073.0393004	7791150.08204	-2713075.77761	7763923.44716	33555.7288398	512070453.77968115	3394668.7204042044	-3103440.227647315	3394867.0532885785	30011.030028232948	7264697.735646358	-3103342.1578485076	7264772.681106497	31288.349570161292	512256338.725	0.13540463700620298	0.0	0.0	0.0	-0.06544284293089257	0.0	0.0	0.0	-0.0689538386619564	0.135083861908
490	1500.0	nan	nan	1	1	5.0	5.0	5.0	1.15	8.10716409641e-19	3.30463551624e-17	-3.68353452937e-19	0.934724597105	-1.15871473441e-16	-3.2494301439e-19	-3.38799944012e-18	0.931232766069	447668454.722	3744097.96169	-3165068.93877	3043380.46886	33946.2052024	7729144.71623	-2562892.61295	7700357.09923	35028.7913032	514297689.0287478	3496158.507968641	-2944432.9038993237	3496345.399056338	31698.239561564973	7190348.286793192	-2944343.596618979	7190428.579149104	32586.944452794894	514477246.251	0.13976194237515863	0.0	0.0	0.0	-0.06750334163219646	0.0	0.0	0.0	-0.07124601569424092	0.139441157588
500	1550.0	nan	nan	1	1	5.0	5.0	5.0	1.155	4.70103285726e-19	6.55986783583e-17	-1.95241094342e-19	0.932813036557	-2.40568782039e-16	-3.06572987347e-19	5.84068921801e-19	0.92910552732	447542765.619	3846384.28018	-3012329.79541	3106491.58543	18141.7373057	7673061.05343	-2423137.1003	7642575.71942	18123.2648095	516386512.7395568	3584310.6536979037	-2795927.6325833756	3584350.993667078	16905.648932809985	7121837.54198278	-2795878.7701173313	7121848.358720956	16821.311182698777	516576974.055	0.14410034397375687	0.0	0.0	0.0	-0.06955048775779706	0.0	0.0	0.0	-0.07353295424052252	0.143779762469
510	1600.0	nan	nan	1	1	5.0	5.0	5.0	1.16	-3.42169546955e-18	4.93071642882e-17	3.36589717415e-19	0.930917792501	-1.97375266645e-16	-8.92455089051e-19	8.72390996113e-19	0.926988048813	447339872.651	3938338.19359	-2872163.68133	3160708.62689	10034.0628953	7620744.73527	-2295115.55186	7588652.3975	10731.6463903	518384662.7445516	3662527.404482283	-2659744.1723702857	3662680.1583198975	9331.354628747516	7057129.623395952	-2659616.935687125	7057201.7949526515	9937.955184128496	518578389.65	0.14842000511827322	0.0	0.0	0.0	-0.07158430581751198	0.0	0.0	0.0	-0.07581460582624949	0.148099780939
520	1650.0	nan	nan	1	1	5.0	5.0	5.0	1.165	3.35292698215e-18	1.04111837102e-16	6.07957897892e-19	0.929038722545	2.1125811018e-16	1.86839586297e-18	-1.65338184326e-18	0.924880304535	447065136.116	4024702.71059	-2742253.30697	3209746.53362	37238.734806	7572319.38231	-2176951.24551	7538505.07946	37836.029754	520297160.9905894	3735273.0092047746	-2533657.0397161767	3735522.7997661424	34560.774054638634	6996312.21565298	-2533549.27761553	6996386.2123203045	34957.93874966839	520462227.533	0.15272108701766393	0.0	0.0	0.0	-0.07360485907248981	0.0	0.0	0.0	-0.07809095034538262	0.152401338198
530	1700.0	nan	nan	1	1	5.0	5.0	5.0	1.17	-3.31555165335e-18	7.41810808777e-17	-7.65506026081e-19	0.927175384617	-1.32777708438e-16	3.56971447708e-19	-2.70012927761e-18	0.922782099854	446677897.301	4112295.29912	-2623120.65532	3258863.43694	20755.0765017	7525405.13431	-2068823.69287	7489751.10699	19980.4930715	522075614.6687027	3808897.3631979534	-2418079.150161643	3808948.5560896657	19223.803353132196	6937166.696807737	-2418034.1306846724	6937170.404209025	18418.677619024464	522253514.266	0.1570037488096647	0.0	0.0	0.0	-0.07561253539247884	0.0	0.0	0.0	-0.08036215051480133	0.156684725684
540	1750.0	nan	nan	1	1	5.0	5.0	5.0	1.175	2.76180386408e-18	3.00916395446e-17	-1.7998391338e-18	0.925327557181	-2.20580726851e-16	9.20460115869e-19	-1.19188123591e-18	0.920693680465	446227900.561	4198565.37848	-2517519.86817	3306428.09613	15210.5200437	7477979.9688	-1972622.97537	7440515.8375	14823.4973605	523776564.70309633	3881037.9678250793	-2315472.055212025	3881042.730522914	14060.184962828573	6877822.044668949	-2315439.4518915955	6877807.503856374	13633.812520294752	523956647.915	0.16126814759612232	0.0	0.0	0.0	-0.07760748828258777	0.0	0.0	0.0	-0.08262789254919058	0.160949993803
550	1800.0	nan	nan	1	1	5.0	5.0	5.0	1.18	-1.63525004423e-18	-8.88849905069e-17	-5.92923063078e-19	0.923494909799	3.88021028577e-17	4.09752188234e-20	7.16113417344e-19	0.918615173276	445730856.018	4282561.68498	-2419811.60414	3351806.63144	30627.4959887	7434958.99765	-1883716.37147	7395710.20186	31244.841544	525417554.63499504	3950826.9285379476	-2220572.932627186	3951034.6212815167	28255.03630928091	6822790.946670473	-2220482.6885121563	6822825.4886906	28672.252541532034	525580603.582	0.16551443847757333	0.0	0.0	0.0	-0.07958999121618114	0.0	0.0	0.0	-0.0848879893997336	0.165197273402
560	1850.0	nan	nan	1	1	5.0	5.0	5.0	1.185	2.30022384739e-19	-6.63931952629e-17	2.77932685818e-19	0.921676977294	8.4821879338e-17	8.57620859095e-20	1.20643961469e-18	0.916546439988	445134199.207	4366352.21077	-2321650.33388	3396228.22145	-782.229225198	7400160.15063	-1795553.66393	7359044.83863	-909.179129221	526935851.24603146	4020184.083613626	-2125688.9802582194	4020348.0480351476	-720.2134250917684	6775541.800927057	-2125519.8994964273	6775613.487589476	-832.4389025611623	527126149.071	0.16974277458709455	0.0	0.0	0.0	-0.0815604668189527	0.0	0.0	0.0	-0.08714254196810674	0.169426840695
570	1900.0	nan	nan	1	1	5.0	5.0	5.0	1.19	1.58151639164e-18	-8.62787760073e-17	-2.87250048238e-19	0.919873570897	5.5343399003e-17	-2.89261751487e-19	-7.35383416894e-19	0.914487933708	444517036.18	4449248.95295	-2225978.20702	3439530.2021	24494.7139637	7372356.0446	-1710452.89718	7329264.54406	24924.8922786	528423701.9974347	4088478.9492896404	-2033507.6265333837	4088773.06063403	22508.5454800321	6734900.725862717	-2033316.5625942312	6734966.759343977	22769.746073529615	528588985.983	0.17395330712343798	0.0	0.0	0.0	-0.08351904132049172	0.0	0.0	0.0	-0.08939100565269786	0.173638652411
580	1950.0	nan	nan	1	1	5.0	5.0	5.0	1.195	-2.00900333221e-18	9.81541779278e-18	1.12697733632e-18	0.918084186236	2.0795627649e-16	2.738034002e-19	-3.00207005353e-18	0.912439485506	443825663.936	4534211.3474	-2135956.16784	3483697.48397	19155.5652698	7350042.68802	-1630843.37526	7304879.13906	19129.8341651	529816932.2017371	4158433.714712613	-1946892.284945102	4158664.2315980406	17568.027235430505	6699454.613712472	-1946819.4477964572	6699479.438951735	17436.559377515387	529986165.705	0.17814618538347404	0.0	0.0	0.0	-0.08546618642696317	0.0	0.0	0.0	-0.09163351297827485	0.177833007895
590	2000.0	nan	nan	1	1	5.0	5.0	5.0	1.2	8.5063283728e-19	-5.73862704182e-17	-7.36283389401e-19	0.91630862364	-8.61445874596e-17	-8.92666847288e-19	4.71717942282e-19	0.910401251602	443093740.324	4616232.24699	-2056650.80126	3525056.4642	22820.1372225	7330528.7143	-1560246.66206	7283353.17019	23438.7956913	531154658.41115415	4225455.752675889	-1870413.115734264	4225629.910169974	20888.35113669526	6666720.9835005915	-1870331.7321017338	6666797.70538334	21316.322076243912	531319350.245	0.1823215567939546	0.0	0.0	0.0	-0.08740204568343499	0.0	0.0	0.0	-0.09386984082850262	0.182009976667
600	2050.0	nan	nan	1	1	5.0	5.0	5.0	1.205	-1.79883328217e-18	2.06288521557e-17	-3.61577189359e-19	0.914546727276	7.74786727856e-17	-1.53630600808e-19	-1.75902273365e-18	0.9083730687	442309910.144	4693079.03439	-1987121.25993	3562058.79388	22178.2576731	7314259.05739	-1497846.41189	7264929.44498	22535.5613613	532422646.9999303	4287524.071368393	-1803148.2012523718	4287764.592906206	20261.711541107536	6637085.178833647	-1803005.840764881	6637126.637734841	20449.158162734348	532587324.793	0.18647956694261839	0.0	0.0	0.0	-0.08932671647406835	0.0	0.0	0.0	-0.09610011615190463	0.186169732719
610	2100.0	nan	nan	1	1	5.0	5.0	5.0	1.21	-2.31885857223e-18	2.66320922902e-17	1.02872151444e-18	0.912798538661	9.67835727401e-17	-2.75073949621e-19	4.39583629845e-19	0.906354697469	441490054.642	4763118.21453	-1925002.25961	3593326.25483	19896.753349	7301654.21922	-1441870.35333	7250226.63415	20864.3317023	533639291.2244049	4343179.712440286	-1742893.848941856	4343336.968984365	18142.56367293111	6610905.604005442	-1742822.2115047048	6611013.166118044	18890.53127324045	533805160.953	0.1906203596086497	0.0	0.0	0.0	-0.09124008137661252	0.0	0.0	0.0	-0.0983245512444705	0.190312409482
620	2150.0	nan	nan	1	1	5.0	5.0	5.0	1.215	1.35572917164e-18	3.87283580517e-17	1.2533970037e-18	0.91106404113	-2.32143593467e-16	-8.35703881585e-19	1.36848760541e-20	0.904345959416	440632217.341	4833437.36741	-1866074.07359	3624505.63337	30308.6315766	7290404.83367	-1388810.32122	7236734.71022	30884.9244614	534801651.40710807	4398911.400592421	-1685790.8618021565	4399114.549448716	27583.885927148207	6586071.8078544205	-1685619.0356705037	6586152.338394274	27901.102191679372	534957795.55	0.19474407679251185	0.0	0.0	0.0	-0.09314208657493811	0.0	0.0	0.0	-0.10054329333131483	0.194438137477
630	2200.0	nan	nan	1	1	5.0	5.0	5.0	1.22	-2.93549855783e-19	1.67540999385e-17	-1.85479039625e-18	0.909342971813	2.07796954887e-16	-6.91390643196e-19	-3.82803305622e-18	0.902346808425	439737572.633	4904802.32955	-1811607.81893	3656007.38265	31892.8023257	7283656.73832	-1339798.06605	7227685.15842	32543.6206542	535910632.5902401	4455415.302390165	-1632964.1156024311	4455596.59016391	28970.725010047987	6565411.100437507	-1632819.3763858348	6565471.326269986	29334.475246123937	536065135.275	0.19885085874516517	0.0	0.0	0.0	-0.09503294924196894	0.0	0.0	0.0	-0.10275634454013635	0.19854708286
640	2250.0	nan	nan	1	1	5.0	5.0	5.0	1.225	-2.31854093487e-18	9.25714896516e-17	-1.13153013841e-18	0.907635051699	3.66887185966e-16	3.82011859212e-19	-5.46720062783e-18	0.900357148592	438785095.044	4973255.09918	-1765739.74858	3684842.94524	-4714.28363138	7278448.16095	-1297846.06873	7220016.19212	-4576.40566202	536940039.2420436	4509099.624867838	-1588105.4838332403	4509131.549738561	-4274.29804621682	6546232.788550132	-1588170.4436750265	6546169.793058853	-4116.017059673867	537127761.362	0.20294084399669038	0.0	0.0	0.0	-0.09691290661615364	0.0	0.0	0.0	-0.10496376260583959	0.202639436112
650	2300.0	nan	nan	1	1	5.0	5.0	5.0	1.23	-1.90645940603e-18	2.61782943887e-17	1.2775374427e-18	0.905940112369	-3.86458782185e-19	1.25286760811e-18	2.6898854729e-18	0.898377238156	437820448.719	5038900.21143	-1727549.41971	3711345.60709	-12341.081887	7273024.63077	-1261829.56314	7212243.77062	-12154.9352609	537944922.3027354	4560074.169921928	-1550336.1692073846	4560087.428730433	-11168.359439654252	6526952.581484895	-1550395.392194902	6526893.795392532	-10908.073340391491	538139397.879	0.20701416938432612	0.0	0.0	0.0	-0.09878207626190397	0.0	0.0	0.0	-0.10716521185838436	0.206715211724
660	2350.0	nan	nan	1	1	5.0	5.0	5.0	1.235	-4.12505045313e-19	-1.27200525876e-16	1.03613305273e-18	0.904257992332	-1.12570890448e-16	-1.16032925862e-18	-1.47455201227e-18	0.896407014593	436854902.82	5103827.73519	-1694567.03214	3737171.13693	5216.20319628	7268575.87348	-1229849.43401	7205606.10871	5624.27547642	538938999.5629735	4610242.857668246	-1517397.7625852122	4610471.945561658	4711.75062668857	6508636.458996208	-1517240.2079038632	6508760.840184254	5036.2498869726	539117569.856	0.2110709700799406	0.0	0.0	0.0	-0.1006405695580811	0.0	0.0	0.0	-0.10936071179258702	0.210774543883
670	2400.0	nan	nan	1	1	5.0	5.0	5.0	1.24	-4.78097159166e-19	-7.5800237296e-17	-5.06102185984e-20	0.902588416659	1.37272515242e-16	-5.30030866744e-19	4.72114988976e-18	0.894446281596	435839365.523	5167496.09525	-1665983.04281	3761502.30664	2328.55014218	7265654.05427	-1201617.16691	7200216.05471	2725.62559871	539861596.9103155	4659123.355345079	-1488535.2915526493	4659263.946035967	2099.4698692661946	6491772.243822844	-1488408.3768441705	6491866.498915466	2435.312839917015	540042866.564	0.2151113796169455	0.0	0.0	0.0	-0.10248862497648135	0.0	0.0	0.0	-0.11155043194959609	0.214817658285
680	2450.0	nan	nan	1	1	5.0	5.0	5.0	1.245	-1.61158606127e-18	2.64392864156e-17	6.94143500275e-19	0.900931323079	1.10539440743e-16	-7.10660642746e-19	2.98917927086e-18	0.892495135679	434821648.043	5225467.8532	-1639358.66947	3781557.81142	27548.0287329	7266993.4227	-1175044.23349	7199044.23095	28484.2542666	540771273.8053743	4702729.198746876	-1461547.5315936639	4702980.736708925	24792.21434895937	6478787.404399021	-1461358.167841746	6478875.472791669	25394.742644143127	540929861.79	0.219135529916671	0.0	0.0	0.0	-0.10432624727669942	0.0	0.0	0.0	-0.11373421556280305	0.21884459155
690	2500.0	nan	nan	1	1	5.0	5.0	5.0	1.25	-1.92382358145e-19	-1.51797833269e-17	5.23254603166e-19	0.899286283678	-1.870037254e-16	-1.54583512874e-19	6.58613115116e-18	0.890553344685	433740336.253	5277710.9104	-1616670.17315	3796959.95308	-13131.8608043	7274032.10703	-1151858.40973	7203346.6682	-13203.4191917	541591579.3411034	4741062.119993986	-1438180.6572545192	4741089.001425091	-11796.585466934755	6470937.888459601	-1438272.5404148707	6470895.167541402	-11745.687157775077	541787270.439	0.22314355131420976	0.0	0.0	0.0	-0.10615384839859936	0.0	0.0	0.0	-0.11591227385233215	0.222855636832
700	2550.0	nan	nan	1	1	5.0	5.0	5.0	1.255	-4.92798474757e-18	-8.64861932003e-17	8.11034046996e-20	0.897653179723	-4.0409601985e-16	5.37865921506e-20	2.68890609106e-18	0.888621357099	432675714.602	5328322.83458	-1599926.41346	3811302.70974	-5330.80470851	7287985.36226	-1132708.45496	7214811.02318	-5130.24499092	542421879.4429657	4777823.008061449	-1420194.1156232983	4778021.758963041	-4780.048465254954	6469268.735833115	-1420014.6397527927	6469407.199138284	-4553.924284588737	542610957.306	0.22713557258374711	0.0	0.0	0.0	-0.10797149939674386	0.0	0.0	0.0	-0.11808405422155081	0.226850711648
