inc	time	elem	node	ip	grain	1_pos	2_pos	3_pos	1_f	2_f	3_f	4_f	5_f	6_f	7_f	8_f	9_f	1_p	2_p	3_p	4_p	5_p	6_p	7_p	8_p	9_p	1_Cauchy	2_Cauchy	3_Cauchy	4_Cauchy	5_Cauchy	6_Cauchy	7_Cauchy	8_Cauchy	9_Cauchy	Mises(Cauchy)	1_ln(V)	2_ln(V)	3_ln(V)	4_ln(V)	5_ln(V)	6_ln(V)	7_ln(V)	8_ln(V)	9_ln(V)	Mises(ln(V))
0	0.0	nan	nan	1	1	5.0	5.0	5.0	1.0	0.0	0.0	0.0	1.0	0.0	0.0	0.0	1.0	0.0	0.0	0.0	0.0	0.0	0.0	0.0	0.0	0.0	0.0	0.0	0.0	0.0	0.0	0.0	0.0	0.0	0.0	0.0	0.0	0.0	0.0	0.0	0.0	0.0	0.0	0.0	0.0	0.0
10	2.5	nan	nan	1	1	5.0	5.0	5.0	1.00025	2.11062322656e-23	-2.25402677953e-22	-2.58687811879e-23	0.999910032779	-6.19545354105e-23	5.26035170795e-24	6.36218213327e-23	0.999909947215	37302266.7715	-1570.93055066	616.047295219	-1570.39667492	30.5926148173	-257.995629463	615.837906877	-257.995623739	20.8619001277	37308982.8325435	-1570.6793602316857	615.9487370846819	-1570.679415912548	30.587723084806804	-257.9543541127153	615.9487849906766	-257.9543704632247	20.858562543117007	37308957.2265	0.0002499687552074404	0.0	0.0	0.0	-8.997126829358701e-05	0.0	0.0	0.0	-9.005683999611462e-05	0.000226655211619
20	5.0	nan	nan	1	1	5.0	5.0	5.0	1.0005	-7.01395037276e-23	2.50501631871e-22	5.15178425256e-23	0.999820032917	-4.48616235339e-23	2.46603220117e-23	1.46566064787e-23	0.999819861945	74633767.4706	-3128.55527037	1224.9368953	-3126.42908903	15.5601059264	-515.533239609	1224.10424018	-515.533158869	15.2246547045	74660650.73411809	-3127.5551661873005	1224.545110745116	-3127.5552363480233	15.555131832712853	-515.3683511469225	1224.5451654873727	-515.3683585621657	15.219785241763145	74660635.5786	0.0004998750416509929	0.0	0.0	0.0	-0.00017998327901851003	0.0	0.0	0.0	-0.00018015428180789258	0.000453295892128
30	7.5	nan	nan	1	1	5.0	5.0	5.0	1.00075	1.31052389334e-22	-6.95568422278e-22	-4.15270516896e-23	0.999729999715	1.22293483687e-22	1.50650269061e-22	-2.39261992181e-22	0.999729741351	111989294.783	-4291.15755963	1841.52413976	-4286.79540823	131.847686639	-145.077559866	1839.65652212	-145.081338168	142.155021818	112049822.52440621	-4289.100770006957	1840.6410053322202	-4289.112326507175	131.7844908812276	-145.00798543846486	1840.6508158555118	-145.0117994044625	142.0868489436191	112049685.881	0.0007497188905459742	0.0	0.0	0.0	-0.00027003674163909364	0.0	0.0	0.0	-0.0002702951754498753	0.000679923249098
40	10.0	nan	nan	1	1	5.0	5.0	5.0	1.001	-8.00138915106e-22	-8.27374483009e-23	-7.65917548436e-23	0.999639364473	-2.80362528867e-22	-2.25949554198e-22	2.01780370675e-22	0.999639086663	148566828.47	-215.621133684	1901.80026628	-215.274735456	-850.07124555	26541.1157627	1899.19910606	26541.1215541	-881.112668718	148674084.73580036	-215.4834988246732	1900.5857846701495	-215.43015079658412	-849.5286297391096	26524.166718381184	1900.5702129633723	26524.179877423598	-880.5499938928158	148674956.91	0.0009995003330834232	0.0	0.0	0.0	-0.0003607005716304598	0.0	0.0	0.0	-0.0003609784818930484	0.000906893254091
50	12.5	nan	nan	1	1	5.0	5.0	5.0	1.00125	6.50215660255e-22	8.9901543264e-21	8.68798137122e-23	0.999541088297	-9.25765031933e-21	3.72567317773e-22	-2.94114406551e-22	0.999541890843	176947188.328	16997.6987754	26266.2656008	16968.8627009	5614.37830166	43542.9733131	26221.3599301	43543.0254143	5546.95444998	177109564.25889438	16984.258822169195	26245.518134024755	16984.434210700823	5609.93905474832	43508.579143565614	26245.422011945993	43508.59626993001	5542.572964811767	177104012.313	0.0012492194004318981	0.0	0.0	0.0	-0.00045901703520253694	0.0	0.0	0.0	-0.0004582141210574825	0.00113855674674
60	15.0	nan	nan	1	1	5.0	5.0	5.0	1.0015	-1.22650205326e-21	-2.11303287477e-21	6.8381987264e-22	0.999424002817	1.58221039618e-20	1.77068349875e-22	-4.95687982072e-22	0.99942668903	185885984.27	-41301.9076612	-2019.14440984	-41216.2344674	-3820.91522767	-56214.4983918	-2014.94527614	-56214.6794742	-3481.10618462	186099808.84267154	-41263.704524281886	-2017.282178347801	-41263.64548527061	-3817.380985407086	-56162.652467004715	-2017.2630668777963	-56162.68243051918	-3477.89560417162	186103495.661	0.0014988761237359487	0.0	0.0	0.0	-0.0005761631331048325	0.0	0.0	0.0	-0.0005734753755739731	0.0013824644563
70	17.5	nan	nan	1	1	5.0	5.0	5.0	1.00175	-1.05258732947e-21	3.11052997544e-20	7.00596129438e-22	0.999301738337	-5.25236941504e-20	-4.07644945624e-22	4.20828136636e-22	0.999306437015	189491348.404	-42659.0611831	-54104.2377141	-42554.7857797	-8663.33284696	-69159.18547	-53972.2846468	-69159.5235957	-9102.84902973	189755362.6985649	-42614.09379927644	-54047.45997215107	-42614.07646416984	-8654.200732878811	-69086.60885582119	-54047.48309135746	-69086.62178407235	-9093.2963729503	189764311.62	0.001748470534116803	0.0	0.0	0.0	-0.0006985055612179331	0.0	0.0	0.0	-0.0006938036110733013	0.00162975234109
80	20.0	nan	nan	1	1	5.0	5.0	5.0	1.002	-2.0987640092e-21	-4.57416403081e-20	-1.26261365688e-21	0.999178684513	-1.79295533674e-20	1.53855593935e-22	2.31031545086e-21	0.999185639571	192380543.549	-35668.2684491	-78786.5884245	-35567.9059455	245.210089747	-78474.6852558	-78565.3864334	-78475.1422452	203.110160639	192695602.2208286	-35626.086775809345	-78693.96233496918	-35626.15496070802	244.92010168918216	-78382.42585775063	-78694.05176433614	-78382.33670807815	202.87137253686004	192695484.237	0.001998002662673058	0.0	0.0	0.0	-0.0008216529513541969	0.0	0.0	0.0	-0.0008146922005876739	0.00187745446032
90	22.5	nan	nan	1	1	5.0	5.0	5.0	1.00225	2.38889760905e-21	3.88793499464e-20	-4.88243356559e-22	0.999055265315	3.24296159151e-20	-1.28393940705e-21	-2.51380188155e-21	0.999064750791	195023969.495	-30084.1988436	-92398.2424	-29988.3906112	103.856843655	-84525.4359529	-92104.750343	-84526.1337994	23.4042995448	195391129.03035915	-30044.760694223878	-92277.99128962461	-30044.84789484307	103.72069504971083	-84415.43085686909	-92278.15024572925	-84415.32631842647	23.373840166626586	195391192.489	0.00224747254047937	0.0	0.0	0.0	-0.0009451812280776114	0.0	0.0	0.0	-0.000935686827417385	0.00212527811466
100	25.0	nan	nan	1	1	5.0	5.0	5.0	1.0025	-6.94521521815e-21	-1.11123650286e-19	3.07959342053e-21	0.998931647275	-1.03185197947e-19	-3.08331573329e-22	5.4428484306e-21	0.998943923017	197556643.724	-27640.7968529	-100318.007656	-27542.4561562	-23.1402327	-89172.1454938	-99962.2726329	-89173.1446941	-118.632249087	197977008.59247613	-27601.015982624318	-100174.860145661	-27601.06153003792	-23.10692907998908	-89044.90243029343	-100174.97430061312	-89044.80594467722	-118.46296830182978	197977221.256	0.002496880198587146	0.0	0.0	0.0	-0.0010689238205631299	0.0	0.0	0.0	-0.001056635025221781	0.00237311702026
110	27.5	nan	nan	1	1	5.0	5.0	5.0	1.00275	-4.40473676184e-21	1.46669462363e-20	-1.09653129952e-21	0.998807875966	-1.02313969967e-19	-5.79181525152e-22	3.12260681239e-21	0.998823194631	200016698.793	-27725.5074508	-105193.824526	-27616.5685705	5.75108043828	-93274.669453	-104781.945277	-93276.0308866	-84.9430408985	200491367.41939637	-27682.047786898325	-105030.5442913021	-27682.106691808094	5.742065634011317	-93129.88994728014	-105030.60802534006	-93129.8209404121	-84.81119361833545	200491560.109	0.0027462256680252286	0.0	0.0	0.0	-0.001192835179094773	0.0	0.0	0.0	-0.0011774983481593335	0.00262094324543
120	30.0	nan	nan	1	1	5.0	5.0	5.0	1.003	-8.96870579161e-22	-2.85377311331e-22	-1.00233610726e-21	0.998683979238	-1.84553093647e-19	3.58394094964e-21	-8.33425826178e-21	0.998702577446	202422108.871	-29037.7821045	-108904.216731	-28912.9049813	39.7956610666	-97094.7008341	-108437.666235	-97096.449659	-39.618355786	202952166.32591638	-28988.539701766946	-108721.56111884804	-28988.615588773187	39.72817540387904	-96931.85230031578	-108721.61838677916	-96931.79305882126	-39.551907348595414	202952329.255	0.002995508979798371	0.0	0.0	0.0	-0.0013168874778171245	0.0	0.0	0.0	-0.0012982649353370144	0.00286874360579
130	32.5	nan	nan	1	1	5.0	5.0	5.0	1.00325	-8.79499786297e-22	-1.30161005288e-20	-7.75481824268e-23	0.998559981525	-1.57902575082e-19	-3.84669277096e-21	4.14913795257e-21	0.998582068014	204782459.787	-30552.9720497	-112204.17724	-30410.2244536	62.2572445759	-100832.382625	-111682.163175	-100834.561212	-5.51594135261	205368974.810953	-30497.239572351496	-112001.97990160565	-30497.322018217452	62.14367950381922	-100650.67780890275	-112002.03073923297	-100650.62624522974	-5.50600136028822	205369118.902	0.0032447301648890294	0.0	0.0	0.0	-0.001441056298047146	0.0	0.0	0.0	-0.0014189382028358924	0.00311651110594
140	35.0	nan	nan	1	1	5.0	5.0	5.0	1.0035	3.87120526675e-21	-8.92474114205e-20	-1.70399206186e-22	0.998435902311	-3.29937530929e-20	3.62582989285e-22	-7.78087443198e-21	0.998461658051	207102882.19	-32214.6795341	-115283.839997	-32052.2070234	75.1846117553	-104629.916725	-114705.083683	-104632.582908	13.8618638645	207746904.55799565	-32151.781843913497	-115061.72163139126	-32151.878925830395	75.03781723536783	-104428.3253649504	-115061.77905504649	-104428.29256960956	13.835156092222865	207747041.916	0.003493889254255838	0.0	0.0	0.0	-0.0015653221667592703	0.0	0.0	0.0	-0.001539526411871648	0.00336424199458
150	37.5	nan	nan	1	1	5.0	5.0	5.0	1.00375	1.90582413132e-21	-1.23659779264e-19	4.46305299503e-21	0.998311756798	-3.84378009354e-19	-9.45189559161e-22	-2.38476170599e-21	0.99834133979	209386837.958	-34047.9950024	-118340.656553	-33863.6220516	82.6768374497	-108563.007486	-117703.04362	-108566.177658	31.677028616	210089398.58603373	-33977.14857667234	-118097.91504134229	-33977.24546655812	82.50480504593105	-108340.32198369797	-118097.97543641024	-108340.27520349598	31.612052385218075	210089533.155	0.003742986278834297	0.0	0.0	0.0	-0.001689669890512564	0.0	0.0	0.0	-0.0016600373098177277	0.00361193377089
160	40.0	nan	nan	1	1	5.0	5.0	5.0	1.004	-3.01300538122e-21	3.53011734116e-20	-7.16338410471e-22	0.998187556888	2.55088438841e-19	-3.32035467758e-23	3.09861857462e-21	0.998221105535	211636525.12	-35917.2731761	-121398.854439	-35709.4033145	87.1761647397	-112629.804089	-120700.166958	-112633.538145	43.0148393995	212398635.51703286	-35837.928362620456	-121134.7434958155	-35837.99410251445	86.98358395838008	-112384.77077360264	-121134.81240547245	-112384.71950468064	42.9212578755455	212398772.461	0.003992021269537457	0.0	0.0	0.0	-0.0018140875743133532	0.0	0.0	0.0	-0.0017804785766821327	0.0038595850078
170	42.5	nan	nan	1	1	5.0	5.0	5.0	1.00425	-5.29602387187e-21	7.83774309909e-20	-3.0907603588e-21	0.998063311404	1.48694814093e-19	-9.655394947e-22	-3.73141174323e-21	0.998100949459	213853477.822	-37745.0529178	-124455.993777	-37512.5951189	90.7888677185	-116800.121183	-123694.007941	-116804.464149	48.5176992903	214676129.90445808	-37656.82754638175	-124169.77245861411	-37656.898661714746	90.57665761529653	-116531.50668193764	-124169.83435381592	-116531.4451323014	48.40611928973529	214676272.936	0.004240994257254614	0.0	0.0	0.0	-0.0019385664022341807	0.0	0.0	0.0	-0.0019008560236424136	0.0041071946871
180	45.0	nan	nan	1	1	5.0	5.0	5.0	1.0045	-3.82839867005e-21	-1.19835723292e-19	-8.05673916627e-22	0.997939027668	4.59215520913e-19	1.27114395695e-21	-7.46116912523e-22	0.997980866718	216038979.173	-39535.4454726	-127428.555864	-39277.2783004	89.938233177	-121066.208295	-126601.605402	-121071.235506	53.9908136436	216923145.81889263	-39437.96347885047	-127119.68638745774	-39438.02549309455	89.71647373608306	-120772.76028305721	-127119.73836690016	-120772.71185761914	53.859947259412245	216923297.387	0.004489905272852001	0.0	0.0	0.0	-0.0020630990580614056	0.0	0.0	0.0	-0.0020211744797017425	0.00435476196506
190	47.5	nan	nan	1	1	5.0	5.0	5.0	1.00475	6.07067851553e-21	-9.91367692339e-20	-1.47155430973e-21	0.997814712981	6.25571881855e-20	-2.99323059471e-22	1.73195076656e-20	0.997860852065	218194063.526	-41108.4987714	-130287.714251	-40824.7901522	91.146786085	-125445.289337	-129394.445794	-125451.052714	56.5771445179	219140698.81725642	-41001.86558398765	-129955.76397174514	-41001.90856913441	90.91035632927762	-125125.67670839556	-129955.82380264858	-125125.63957523475	56.43299586174983	219140859.42	0.00473875434717347	0.0	0.0	0.0	-0.0021876782429868995	0.0	0.0	0.0	-0.0021414391800682977	0.00460228613359
200	50.0	nan	nan	1	1	5.0	5.0	5.0	1.005	-8.30075744697e-22	7.4275028743e-20	4.5205420476e-21	0.997690370512	1.75474372834e-19	7.16661527898e-22	-6.93094635258e-21	0.997740903836	220319516.851	-42494.3842828	-133023.601118	-42185.3533397	90.132965463	-129911.105066	-132062.835835	-129917.665091	57.3736380385	221329556.04553384	-42378.707010063605	-132668.20655920313	-42378.74909926483	89.88760749854481	-129564.02605536046	-132668.26853674673	-129564.0060974259	57.22035487216039	221329727.716	0.004987541511038968	0.0	0.0	0.0	-0.0023123007961336406	0.0	0.0	0.0	-0.002261651771373323	0.00484976669036
210	100.0	nan	nan	1	1	5.0	5.0	5.0	1.01	-3.2340280409e-20	-1.40499770328e-18	2.84285432922e-20	0.995201362576	1.18067624733e-19	2.54879162146e-20	-6.05032987246e-20	0.995353365755	257154233.517	-54918.929284	-179247.439064	-54114.2617727	759.326677803	-227830.104691	-176649.070909	-227864.744881	2981.02295703	259600441.77069563	-54629.01857740338	-178328.44549687952	-54629.02970780489	755.3182796683398	-226662.02997985916	-178329.46484751432	-226661.87311969357	2965.7393862562444	259599079.101	0.009950330853168092	0.0	0.0	0.0	-0.004810187850249142	0.0	0.0	0.0	-0.004657463409034367	0.00978983475466
220	150.0	nan	nan	1	1	5.0	5.0	5.0	1.015	9.24990584084e-20	2.30201055751e-19	1.9571093293e-21	0.992721755948	-2.04087460121e-18	-1.34532654826e-20	-5.24267072236e-20	0.992979043713	286235832.786	-52897.3770489	-246769.93019	-51737.4108691	2245.19470037	-321580.218232	-241417.359559	-321664.39465	930.784073985	290373097.7507446	-52484.13120365138	-244905.5664130822	-52485.22561777039	2227.6547497436313	-319150.6575890828	-244906.81639556366	-319151.4822511367	923.7519363565073	290372372.292	0.014888612493750559	0.0	0.0	0.0	-0.007304859692290872	0.0	0.0	0.0	-0.007045719174763006	0.0147100288332
230	200.0	nan	nan	1	1	5.0	5.0	5.0	1.02	-2.77676259828e-20	-1.17161861962e-20	1.12172308507e-19	0.990256907103	1.99805476962e-19	7.60245157385e-20	6.37259943911e-20	0.990616312975	309786083.09	-45686.8037481	-309721.95143	-44350.708053	5536.33461164	-407722.362935	-300800.097702	-407871.674685	6036.04262705	315797398.2916856	-45215.27000928265	-306636.5604846143	-45211.32155398501	5479.194073353188	-403660.7106012769	-306637.0422863028	-403662.02901177	5975.912722852133	315792901.039	0.01980262729617973	0.0	0.0	0.0	-0.009790867394110909	0.0	0.0	0.0	-0.009427991191534464	0.0196091569556
240	250.0	nan	nan	1	1	5.0	5.0	5.0	1.025	-5.55981176921e-20	1.36798137087e-18	1.48396201892e-20	0.987808522312	-2.45973735671e-18	-4.03664138926e-21	-2.46585849325e-19	0.988265453954	329196989.93	-32419.6265032	-352854.144782	-31238.3769348	5531.43275992	-483187.714729	-340209.414125	-483413.087162	7495.39733636	337217009.34259415	-32004.46173547333	-348496.6350796977	-31999.417883225145	5460.597397373761	-477220.6737119087	-348497.7223085286	-477222.5136207585	7402.834255838505	337212135.474	0.024692612590371414	0.0	0.0	0.0	-0.012266403344495944	0.0	0.0	0.0	-0.01180393923067018	0.0244866450075
250	300.0	nan	nan	1	1	5.0	5.0	5.0	1.03	-4.35824921142e-20	-1.24540313026e-20	5.10006478476e-20	0.985378493162	2.7713859243e-20	-4.06112593539e-20	8.09048813526e-20	0.985925656198	345359743.35	-15070.1959891	-391027.074018	-14412.2728661	-12771.9025682	-538850.476761	-374290.766275	-539148.396313	-16560.7890463	355487607.5152782	-14840.123238365448	-385271.18114946707	-14834.920683951947	-12576.917263556012	-530918.6331049481	-385267.0485781444	-530917.358396601	-16317.015318334328	355503871.048	0.02955880224154443	0.0	0.0	0.0	-0.014729454600609884	0.0	0.0	0.0	-0.014174326615687712	0.0293422123715
260	350.0	nan	nan	1	1	5.0	5.0	5.0	1.035	-1.35392922663e-19	-2.22156227986e-18	7.25271961086e-21	0.982967646032	4.7522386459e-18	5.47825176082e-20	-2.51727604012e-19	0.983597037325	358979762.299	-696.642266032	-423399.756556	-656.062243431	-12827.3505418	-582136.432913	-402368.476933	-582507.414682	-16657.3968504	371290237.4935551	-684.3090101585597	-416170.24939084623	-678.5605534251831	-12600.256947104075	-572196.5133743715	-416166.8791678004	-572194.7860291773	-16372.973517561242	371306746.464	0.03440142671733232	0.0	0.0	0.0	-0.017179072874088493	0.0	0.0	0.0	-0.016538980717632747	0.0341756338337
270	400.0	nan	nan	1	1	5.0	5.0	5.0	1.04	1.32401837568e-19	-1.01628071803e-18	1.09379746759e-19	0.98057579623	-5.53369933164e-18	-8.03291636462e-20	3.12171345733e-19	0.981280242747	370558521.913	19176.0985561	-444731.822736	18087.4376988	3376.77412299	-628428.73465	-419617.298107	-628885.859287	3292.51301456	385108036.24744576	18790.30627614124	-436097.60130206886	18797.618192594906	3308.83885534403	-616228.1396553975	-436093.04359052336	-616233.6866472736	3228.5907023069217	385106988.764	0.03922071315328133	0.0	0.0	0.0	-0.01961533268231142	0.0	0.0	0.0	-0.018897189726579958	0.0389868543487
280	450.0	nan	nan	1	1	5.0	5.0	5.0	1.045	-1.41758904657e-19	2.62500142566e-18	-5.46997995469e-20	0.978201809937	-1.12417153968e-19	6.9979479822e-20	-2.51767308682e-19	0.978976431564	380438563.331	43732.9527765	-461105.502492	40941.9338533	-12413.2229977	-666995.920818	-431963.568684	-667527.139744	-12396.8278567	397268229.10516864	42748.440336545704	-451082.0570959258	42753.10424797858	-12133.777598172139	-652496.8589859641	-451072.5738908244	-652499.826668579	-12127.347387621625	397282742.307	0.04401688541677426	0.0	0.0	0.0	-0.022039280605641434	0.0	0.0	0.0	-0.021247710731195486	0.0437759730212
290	500.0	nan	nan	1	1	5.0	5.0	5.0	1.05	-4.19314396115e-20	1.39446107664e-19	-1.02305698161e-20	0.975845576385	1.16930383739e-17	-2.49477672746e-20	-2.85681713796e-19	0.976686051168	388944824.361	72649.3917423	-471057.088561	67527.3541181	-13978.7029613	-698196.378424	-438156.166305	-698801.242183	-13266.7324385	408086204.6924859	70841.49181273318	-459730.3195157669	70850.61923694317	-13630.839125236322	-681407.9480645602	-459719.4146079148	-681411.3826642138	-12947.728186223829	408101995.878	0.04879016416943205	0.0	0.0	0.0	-0.02445092600430293	0.0	0.0	0.0	-0.023590018223808767	0.0485429689504
300	550.0	nan	nan	1	1	5.0	5.0	5.0	1.055	2.75623197548e-19	4.45929428633e-18	-6.43745039913e-20	0.97350746387	5.56728286451e-18	-8.41805165783e-20	1.79299669577e-19	0.974408752418	396306022.921	100947.271569	-473133.851892	93154.3095658	-1018.71560299	-727842.258551	-436979.805771	-728514.442979	-650.43863166	417782467.6808847	98197.61713295987	-460672.4886072936	98202.48766006508	-990.967296044332	-708672.4046893583	-460660.4265969338	-708670.786595605	-633.3074286164842	417785879.504	0.05354076692802976	0.0	0.0	0.0	-0.02684978715253578	0.0	0.0	0.0	-0.025924399700261166	0.0532879186528
310	600.0	nan	nan	1	1	5.0	5.0	5.0	1.06	-3.18596884731e-20	-4.94763194148e-19	-9.10825116094e-20	0.971187548611	-1.01241613021e-18	-1.31025409028e-21	3.75937044793e-20	0.97214423152	402681539.299	132996.228037	-471323.113685	121860.621467	-5396.41903286	-754926.966316	-432248.456215	-755669.335088	-2738.18266049	426508716.09955746	129063.2969774155	-457835.8191562232	129071.26881322471	-5236.837484284326	-733324.1167064968	-457825.144945087	-733322.8712626026	-2659.827334932382	426515351.444	0.058268908123975824	0.0	0.0	0.0	-0.029235679382028833	0.0	0.0	0.0	-0.02825109919241284	0.0580109834404
320	650.0	nan	nan	1	1	5.0	5.0	5.0	1.065	2.26978360085e-21	2.08462418381e-18	1.19537524681e-19	0.968885600087	-3.99164276394e-20	-6.36532024972e-20	-3.9209684524e-19	0.96989268792	408227894.407	163464.411926	-467769.905741	148719.047216	-6377.47083451	-780623.685184	-425984.509818	-781435.202058	-3570.30370417	434416678.2437305	158252.26093600443	-453325.52030028385	158259.725433499	-6174.121735265037	-756518.6086184435	-453312.4224821374	-756518.7189285231	-3460.055391462165	434424267.511	0.06297479916138839	0.0	0.0	0.0	-0.03160873382671188	0.0	0.0	0.0	-0.030569844615080062	0.0627122606878
330	700.0	nan	nan	1	1	5.0	5.0	5.0	1.07	1.44075010372e-19	1.03940868795e-17	6.34083570359e-20	0.966601421922	-2.71066424989e-18	3.16843261832e-20	-3.19953460936e-20	0.967654139589	413068332.465	187204.83725	-469087.413629	169124.812025	-6875.70152777	-802540.412984	-424204.420226	-803406.319829	-3897.04943582	441625673.649263	180806.1213862437	-453547.2864482257	180817.19941015862	-6640.688046887331	-775953.5131373411	-453531.65111773834	-775945.6578116679	-3767.9463260309476	441633732.685	0.06765864847381486	0.0	0.0	0.0	-0.03396904851698966	0.0	0.0	0.0	-0.03288054936321823	0.0673918952064
340	750.0	nan	nan	1	1	5.0	5.0	5.0	1.075	-7.65241328285e-20	-4.83791801375e-18	2.00640929381e-20	0.964334873657	3.98229893174e-18	-2.49669578648e-19	4.15807150318e-19	0.965428490322	417296075.358	209959.764509	-474650.898635	188347.979145	-15081.2569753	-817123.468564	-426255.051427	-818032.309354	-14364.4947163	448225248.487985	202305.4123671439	-457865.55243621016	202307.9648713475	-14531.450435457838	-788227.072609739	-457848.24643082556	-788209.8937409226	-13856.515025379416	448242360.041	0.07232066157962608	0.0	0.0	0.0	-0.03631666538157514	0.0	0.0	0.0	-0.03518324477416866	0.0720500494762
350	800.0	nan	nan	1	1	5.0	5.0	5.0	1.08	2.05484899048e-19	2.2629676326e-19	-9.71043864688e-20	0.962085512972	-9.3495364369e-18	9.85072847877e-20	-4.80651492897e-19	0.9632160216	420997660.451	235565.920399	-489722.397428	209851.88955	-16969.4446555	-825871.219994	-436748.485798	-826820.061774	-16267.9806667	454299552.9993478	226446.18452226647	-471316.38318140025	226451.66131446863	-16312.48692166956	-794831.1909471335	-471296.3052065866	-794810.4206162659	-15656.555325553107	454318526.014	0.0769610411361284	0.0	0.0	0.0	-0.038651941443700905	0.0	0.0	0.0	-0.03747757084498906	0.0766868622668
360	850.0	nan	nan	1	1	5.0	5.0	5.0	1.085	3.50453264482e-19	-5.81643628245e-19	1.84653182501e-19	0.959852840099	-1.13203438771e-17	2.95402740355e-20	4.49192159841e-19	0.961016967291	424240048.398	263447.304262	-516780.232947	233061.373978	-17384.6993833	-829294.132346	-457707.250099	-830282.632443	-16754.7109158	459913284.1718257	252657.9484242953	-496216.84249446663	252658.89518111173	-16672.717500230836	-796295.3875097698	-496194.65530703694	-796278.8122392267	-16088.018111943753	459932743.684	0.08157998699242285	0.0	0.0	0.0	-0.04097529783414917	0.0	0.0	0.0	-0.03976321429778049	0.0813025071156
370	900.0	nan	nan	1	1	5.0	5.0	5.0	1.09	-3.0136505821e-19	-5.89383722673e-18	-8.31415777289e-20	0.957636506522	1.07109433763e-17	8.23276320062e-20	5.59279973204e-19	0.958831420689	427080506.851	289931.176949	-550770.187258	254716.372157	-17583.1086941	-829235.376172	-484465.593596	-830244.559944	-16978.7333374	465121910.68093425	277412.58757108817	-527646.7076355901	277404.76045822684	-16823.90880381933	-794420.8423306602	-527618.4675671925	-794396.4292305092	-16265.89992080516	465141636.682	0.08617769624105241	0.0	0.0	0.0	-0.04328700253061482	0.0	0.0	0.0	-0.04204000611092539	0.0858971509352
380	950.0	nan	nan	1	1	5.0	5.0	5.0	1.095	3.82336114012e-19	3.13063046433e-18	-1.57812825985e-19	0.955436256538	5.36515962747e-19	-4.56339000333e-20	2.21108686458e-19	0.95665937461	429569819.258	317758.470769	-584634.939725	277252.057828	-17983.462024	-822235.689719	-510755.734688	-823264.150508	-17376.0117073	469974951.48326427	303337.2085881962	-558816.1254190748	303330.2540933172	-17167.294259411385	-785923.8835882461	-558797.1753798237	-785900.8407910311	-16608.647341668027	469995100.993	0.09075436326846412	0.0	0.0	0.0	-0.04558722967996306	0.0	0.0	0.0	-0.044307881284514884	0.0904709610915
390	1000.0	nan	nan	1	1	5.0	5.0	5.0	1.1	1.75203471184e-19	-3.21607822161e-21	3.189608442e-19	0.953251991232	-9.75234030799e-18	-7.48565367136e-20	3.07181792278e-19	0.954500666267	431749611.936	341011.396411	-620102.051731	295511.464264	-17210.8113872	-812052.660531	-538065.020436	-813092.81208	-16672.1948893	474512873.0314776	324787.99788173015	-591374.7289514695	324780.8221364086	-16392.0180709493	-774432.8867729055	-591358.4440295316	-774410.4428967714	-15899.826014384675	474532353.601	0.09531017980432493	0.0	0.0	0.0	-0.04787599135915526	0.0	0.0	0.0	-0.04656693778933871	0.0950241018905
400	1050.0	nan	nan	1	1	5.0	5.0	5.0	1.105	1.46801397671e-19	2.19840287707e-18	-9.21015981241e-20	0.951083342129	-1.61781704739e-17	-5.96430308875e-20	6.1738113943e-19	0.952355388147	433651966.517	367592.341688	-657791.940096	316372.942363	-17150.0450217	-799953.397154	-566917.671632	-800994.58487	-16636.627707	478766441.69263935	349305.2664993959	-625903.9531527701	349286.43141994404	-16296.860318886005	-761173.8045066405	-625896.2885835052	-761146.5071545645	-15830.128668682855	478785929.872	0.09984533496971612	0.0	0.0	0.0	-0.05015358396848618	0.0	0.0	0.0	-0.04881700697534661	0.0995567443257
410	1100.0	nan	nan	1	1	5.0	5.0	5.0	1.11	1.67686053777e-19	-4.11020421549e-18	-2.02943800206e-19	0.948929950085	1.66284743645e-17	1.1864416962e-19	3.29681104939e-20	0.950223623341	435307112.266	397036.566868	-691828.334435	339402.302085	-16773.7738141	-789253.144976	-592230.640633	-790299.245938	-16218.8524434	482765010.1527436	376427.8134070553	-656812.2016861541	376404.49970825645	-15903.10698391013	-749305.9622410029	-656796.5998755567	-749277.6280845454	-15397.953006466927	482784185.623	0.10436001532424286	0.0	0.0	0.0	-0.05242029754868515	0.0	0.0	0.0	-0.05105792909760755	0.104069058269
420	1150.0	nan	nan	1	1	5.0	5.0	5.0	1.115	2.22849074467e-19	-8.45319856206e-18	2.36653064529e-19	0.946791884519	-2.59587408018e-17	-3.88708713451e-20	-3.09246435087e-19	0.948105014696	436742173.86	423580.496308	-722707.479033	359644.586841	-16839.7337405	-776921.867143	-614508.153005	-777972.622177	-16205.199473	486535082.2537689	400686.43864594016	-684594.1048172197	400647.611139334	-15929.564743983172	-735949.3925001967	-684568.1334721268	-735924.0618044911	-15350.58699191398	486554331.77	0.10885440491208208	0.0	0.0	0.0	-0.05467597286298927	0.0	0.0	0.0	-0.05329000786643148	0.108561212584
430	1200.0	nan	nan	1	1	5.0	5.0	5.0	1.12	1.19683108469e-19	-5.12414318521e-18	-2.09111258853e-20	0.944669108373	-1.27656600178e-17	-3.11641950141e-19	3.33466283422e-19	0.945999326507	437979989.696	452657.536385	-754854.036671	381756.48797	-16134.5173506	-758921.589571	-637560.905102	-759968.678051	-15573.7858771	490098900.3809744	427229.1779760306	-713452.797897708	427184.89284696296	-15228.149385927822	-717297.2590201525	-713429.6220548148	-717276.8981252703	-14719.615406547211	490117565.244	0.11332868530700327	0.0	0.0	0.0	-0.056920562675014566	0.0	0.0	0.0	-0.05551342186814384	0.113033371315
440	1250.0	nan	nan	1	1	5.0	5.0	5.0	1.125	-1.48733691582e-19	-1.37905619741e-17	1.22687428454e-19	0.942561330605	-1.76178353166e-17	-1.36848760541e-19	1.65105250266e-19	0.943906670647	439053378.086	483638.747458	-786524.23346	405251.275389	11599.7330759	-734142.54015	-659934.231959	-735197.862939	9982.21946792	493490332.4615884	455448.74532656954	-741737.0406185597	455497.2051326013	10923.61582546808	-692338.1276220354	-741757.5624903602	-692345.1563843553	9413.800124591464	493483923.715	0.11778303565638346	0.0	0.0	0.0	-0.059154289517131205	0.0	0.0	0.0	-0.057727983564227855	0.117485667453
450	1300.0	nan	nan	1	1	5.0	5.0	5.0	1.13	1.96194006408e-19	6.61124683609e-18	1.4955425475e-19	0.940468121527	-6.42945652569e-18	2.18772728408e-20	-3.75659112107e-19	0.941826886825	439935685.466	512305.397787	-819054.292301	426338.87585	-14969.8002659	-706420.302395	-682635.969023	-707407.096131	-14501.034087	496676975.5168723	481370.42486588284	-770708.534138452	481326.4992998764	-14065.866073793966	-664722.9138070507	-770679.8508837402	-664691.1312835689	-13645.091454543435	496694658.819	0.12221763272424911	0.0	0.0	0.0	-0.061377526055274925	0.0	0.0	0.0	-0.05993379324189071	0.121918377681
460	1350.0	nan	nan	1	1	5.0	5.0	5.0	1.135	7.98593250583e-20	1.22273432829e-17	-2.04584926542e-19	0.938389290484	-6.7720284133e-18	-1.45590405254e-19	2.00812982948e-19	0.939760226346	440687177.326	534800.445509	-854922.933638	442124.781874	-7743.47426873	-674381.288406	-707821.493866	-675348.265447	-7286.78392606	499724118.98733944	501393.66044869804	-802690.3892848064	501354.31315491337	-7259.771267568065	-633179.1529015319	-802645.2563670282	-633162.0359214005	-6841.589102486314	499735061.414	0.126632650933366	0.0	0.0	0.0	-0.06359039423570101	0.0	0.0	0.0	-0.06213051461142336	0.126331548649
470	1400.0	nan	nan	1	1	5.0	5.0	5.0	1.14	-4.96043669736e-20	2.97560523701e-18	6.3069543857e-19	0.936324532812	2.2065684732e-17	1.82350311676e-19	-3.74017985772e-20	0.937706574491	441302752.197	547598.223523	-890113.392937	449704.960779	-6247.38005071	-641626.255543	-732162.070993	-642530.392658	-5260.44126413	502624058.28339505	512259.7323587766	-833900.2071532122	512193.797323099	-5844.214051921324	-601105.7373789197	-833899.7878703431	-601065.5857460831	-4928.229475798698	502633380.997	0.131028262406404	0.0	0.0	0.0	-0.06579313950936126	0.0	0.0	0.0	-0.06431819928647893	0.130725394793
480	1450.0	nan	nan	1	1	5.0	5.0	5.0	1.145	5.96972939357e-19	-9.76280083402e-18	-5.15260729727e-19	0.934273818571	2.06163848895e-17	-1.82694418811e-19	4.22179749757e-19	0.93566570811	441796607.825	556874.796107	-913369.352124	454414.304578	4105.2817809	-610541.628622	-746414.332267	-611453.745657	3185.69740185	505390978.5694664	519794.1203812145	-853820.8767940231	519824.9284829464	3831.9229872452674	-570736.4577725786	-853856.8724188097	-570738.8161566398	2978.001114798448	505391506.171	0.13540463700620298	0.0	0.0	0.0	-0.06798571608362497	0.0	0.0	0.0	-0.06649701575272936	0.135100069369
490	1500.0	nan	nan	1	1	5.0	5.0	5.0	1.15	-3.57500843301e-19	4.51843108268e-18	3.61815417376e-19	0.93223710819	1.17342385859e-17	1.55205552695e-19	-6.90993596502e-20	0.933637282394	442165862.103	566749.940335	-926499.800454	459444.981454	-12092.3661887	-577881.444989	-752167.893766	-578762.388007	-12034.6556733	508019797.7828818	527855.9932934833	-864213.6140225196	527872.3813288194	-11262.511932567351	-539031.9693601434	-864191.9560962572	-539044.0712208342	-11225.596883931104	508034927.557	0.13976194237515863	0.0	0.0	0.0	-0.0701680887235708	0.0	0.0	0.0	-0.06866726479470747	0.139455771428
500	1550.0	nan	nan	1	1	5.0	5.0	5.0	1.155	4.1003012092e-19	1.16020815938e-17	-1.45266150454e-19	0.93021462212	1.36086827935e-17	-1.66521383474e-19	-1.51565957999e-19	0.931621058108	442453942.317	577650.442636	-940190.271796	465161.306983	-1272.41916251	-544778.230189	-758325.421073	-545568.170561	-861.397379184	510558617.05696476	536838.7167849136	-875085.7404104727	536761.2103487541	-1182.52115811992	-507054.4497485367	-875050.5786764587	-507023.09733573	-801.7489501470058	510563460.795	0.14410034397375687	0.0	0.0	0.0	-0.07233994298651154	0.0	0.0	0.0	-0.07082913698955297	0.143792568299
510	1600.0	nan	nan	1	1	5.0	5.0	5.0	1.16	-4.54856692676e-19	-2.65274837212e-18	1.79862152394e-19	0.928206032621	1.72331235399e-17	6.78420451191e-20	-3.19357890894e-20	0.929616960372	442649231.386	590652.701311	-956782.296619	472548.74328	14623.040515	-512730.580793	-766772.553321	-513443.934147	14905.1326551	512992823.00827706	547734.5884431592	-888609.0972092772	547643.8150930173	13560.498513751561	-476197.2082051255	-888624.1946061248	-476135.9786121848	13843.103618489244	512982970.29	0.14842000511827322	0.0	0.0	0.0	-0.07450155292770563	0.0	0.0	0.0	-0.07298264824455708	0.148110666605
520	1650.0	nan	nan	1	1	5.0	5.0	5.0	1.165	1.75799041225e-19	-1.51136949046e-17	3.3696029433e-20	0.926210762595	1.29998778627e-17	-3.79576639488e-20	-8.49679925214e-21	0.927625093348	442729292.815	599350.156539	-975430.346985	476557.636536	-743.095802	-479371.233094	-776729.422173	-480121.816095	-1094.41342229	515295021.0206622	554602.9935701009	-903983.5225542466	554668.013437703	-687.616665820895	-444258.9850140791	-904039.5799905885	-444276.177422294	-1014.2515082397537	515299720.888	0.15272108701766393	0.0	0.0	0.0	-0.07665346483996752	0.0	0.0	0.0	-0.07512762206066292	0.152410299641
530	1700.0	nan	nan	1	1	5.0	5.0	5.0	1.17	-2.84007500236e-19	-1.08749501307e-17	1.20569846086e-19	0.924228638719	-2.98293504985e-17	1.37642853929e-20	2.82167850554e-20	0.925645671383	442746684.143	608177.334245	-999002.055593	480382.101938	-2711.82307736	-444765.951906	-790358.145479	-445409.384317	-2072.13601608	517524746.1846007	561564.4338424284	-923849.2240910201	561516.6285396541	-2503.9791938464728	-411307.14123161323	-923846.3285742897	-411271.6055796304	-1916.2535651943451	517530834.292	0.1570037488096647	0.0	0.0	0.0	-0.07879579344871121	0.0	0.0	0.0	-0.07726376185778228	0.156691514203
540	1750.0	nan	nan	1	1	5.0	5.0	5.0	1.175	5.59703489678e-20	5.32496526714e-18	2.78726779206e-19	0.922259485612	-4.4867348451e-17	1.05746769509e-19	9.5828543092e-19	0.923678535606	442696062.558	620829.24567	-1025922.83203	487237.923711	9341.91166756	-409879.118546	-806458.37294	-410480.82397	9145.34359281	519674823.1491282	572022.944234797	-946724.6779405274	571961.9017458248	8607.500136518309	-378237.68453635694	-946690.3995330207	-378210.9994284233	8439.350599524752	519670244.021	0.16126814759612232	0.0	0.0	0.0	-0.0809286572646703	0.0	0.0	0.0	-0.07939117306181559	0.160954489608
550	1800.0	nan	nan	1	1	5.0	5.0	5.0	1.18	8.00419665376e-19	2.8319156928e-18	-9.76205471711e-20	0.920303336221	3.71464049087e-17	-3.50175331796e-19	8.76149704816e-20	0.92172321596	442556312.074	637167.041885	-1050632.30263	496871.287462	-10385.402356	-375857.932661	-820631.671319	-376414.940325	-10102.1000654	521719436.47817355	585828.869279019	-967470.5318542995	585750.1091375547	-9548.624017375401	-346107.26617003203	-967423.7637923488	-346086.22915892134	-9302.47823015947	521732883.891	0.16551443847757333	0.0	0.0	0.0	-0.08305194999883501	0.0	0.0	0.0	-0.0815103001040103	0.165199440163
560	1850.0	nan	nan	1	1	5.0	5.0	5.0	1.185	-3.84870595409e-20	3.11492594409e-17	1.17155244517e-19	0.918360431774	3.83611163295e-17	3.51015747298e-19	-6.77096962211e-20	0.91977952667	442380981.059	660416.665766	-1071422.76563	511818.868453	11244.335333	-343314.168203	-831653.431528	-343834.943527	11130.1651627	523720465.7698752	605920.9036912803	-984530.9110853112	605925.7238734367	10316.483789028429	-315471.5595488101	-984567.4682403893	-315462.6321564369	10227.514291914162	523714306.715	0.16974277458709455	0.0	0.0	0.0	-0.08516533821474498	0.0	0.0	0.0	-0.08362128258239684	0.169426401947
570	1900.0	nan	nan	1	1	5.0	5.0	5.0	1.19	5.87351174472e-19	1.05951579428e-17	1.51142441526e-19	0.9164302829	-4.07467449208e-17	-4.73689940862e-19	1.76685778841e-19	0.917847457217	442137297.559	692941.560741	-1089381.15432	533615.933555	11561.5780376	-309720.430706	-840290.757618	-310163.686179	11389.2743753	525638553.5730006	634423.321628043	-998926.3397878789	634393.6804832155	10585.214046091258	-284003.3490351614	-998986.5610832032	-283970.66532372055	10443.586360423085	525632265.633	0.17395330712343798	0.0	0.0	0.0	-0.0872692834446404	0.0	0.0	0.0	-0.0857240707781117	0.17363561469
580	1950.0	nan	nan	1	1	5.0	5.0	5.0	1.195	-5.99315514852e-19	-1.03592063275e-17	-4.14093232089e-19	0.914512552583	1.1905246597e-17	-1.21350704584e-19	-1.67103718626e-19	0.915927118127	441831564.045	734642.810773	-1100705.62502	562132.736837	-5941.99977373	-277002.292084	-843646.929699	-277394.798367	-5530.95188837	527480184.93482596	671192.9871064327	-1007195.112452977	671101.6235917927	-5428.799573113807	-253469.54570183778	-1007187.0701659586	-253436.69140085482	-5061.069538077092	527489778.155	0.17814618538347404	0.0	0.0	0.0	-0.08936408507483513	0.0	0.0	0.0	-0.08781848283703583	0.177827218532
590	2000.0	nan	nan	1	1	5.0	5.0	5.0	1.2	-2.21393236589e-19	1.32703460706e-17	3.50459881926e-19	0.912607273124	-1.8514697624e-17	-1.09465773543e-19	-7.3032768899e-19	0.914018279035	441472596.165	775266.354071	-1105617.52013	589593.222977	-22942.1672791	-245595.582642	-842118.520173	-245966.046868	-22756.8294834	529254968.5652014	706829.7318312468	-1009577.6798794798	706827.8878544962	-20916.947911335188	-224261.83919661958	-1009565.2930533354	-224253.39889234805	-20780.049784813928	529280264.064	0.1823215567939546	0.0	0.0	0.0	-0.09144964084713184	0.0	0.0	0.0	-0.08990470878376196	0.182001340131
600	2050.0	nan	nan	1	1	5.0	5.0	5.0	1.205	2.87514746034e-19	-7.19623310119e-18	-2.23775516753e-19	0.910714561098	-7.86852579841e-18	1.72960157362e-19	-3.18166750812e-19	0.912120757021	441091715.783	813421.551175	-1114634.27885	614699.468803	-12084.2241636	-213626.120962	-843684.482459	-213894.644639	-11698.8165934	530999707.50739735	740075.9455197401	-1015694.4226028665	739994.0340297034	-10994.59881635802	-194663.72396805527	-1015653.2017814083	-194607.9264117756	-10660.378018545855	531015103.044	0.18647956694261839	0.0	0.0	0.0	-0.09352575562875132	0.0	0.0	0.0	-0.09198288865885079	0.186158057268
610	2100.0	nan	nan	1	1	5.0	5.0	5.0	1.21	-7.73175644721e-19	9.34020583959e-18	9.3967717586e-20	0.908834391461	1.60938112863e-17	-3.90329987452e-20	-1.68930133418e-19	0.910234264236	440681232.848	846807.38212	-1124182.55329	636000.659972	22369.3574369	-182439.700402	-845692.809485	-182682.349961	22025.2084254	532704815.9165291	768857.9074276324	-1022272.5933916011	768811.0798447245	20310.235494615055	-165901.08530124815	-1022291.3952726178	-165866.2551610502	20028.568199293088	532689331.304	0.1906203596086497	0.0	0.0	0.0	-0.0955923890144981	0.0	0.0	0.0	-0.09405327937511451	0.190297537244
620	2150.0	nan	nan	1	1	5.0	5.0	5.0	1.215	9.30955383481e-19	-2.389744642e-18	1.30575422775e-19	0.906966444133	-3.63578039999e-17	4.22616501121e-19	7.09919488918e-20	0.908358616426	440201822.951	874152.073517	-1134271.51058	652562.23793	12988.311175	-152973.796183	-848062.323322	-153184.298649	12653.2878446	534322272.0908246	792051.4146772531	-1029317.9035126203	792087.9003044091	11768.444590009964	-138819.2030838695	-1029388.2574913248	-138797.17743290777	11482.48509749271	534315436.542	0.19474407679251185	0.0	0.0	0.0	-0.09764982609714454	0.0	0.0	0.0	-0.0961160263428463	0.194420018736
630	2200.0	nan	nan	1	1	5.0	5.0	5.0	1.22	-1.03862121201e-18	2.74690137817e-19	-2.7578863367e-19	0.905110577098	-3.15894584931e-17	-3.99743302822e-19	-1.69671287247e-20	0.906493953378	439692021.399	893834.770178	-1141078.61906	663148.57047	10484.0702732	-122341.724981	-847903.378427	-122501.348445	10198.8707961	535897873.1118438	808225.4142296131	-1033365.8308254788	808247.3439961332	9479.931103689354	-110793.20580360966	-1033427.0238918863	-110768.46235342749	9236.142381123187	535893367.07	0.19885085874516517	0.0	0.0	0.0	-0.09969815810747124	0.0	0.0	0.0	-0.09817091910401679	0.198525556395
640	2250.0	nan	nan	1	1	5.0	5.0	5.0	1.225	8.87399361147e-20	-3.81327615409e-18	5.03984603616e-19	0.903266725527	3.10702934709e-17	-5.13612985946e-20	4.65418134737e-19	0.90464009325	439151671.171	907385.635035	-1153112.55593	669086.158177	12419.5347145	-90239.1967818	-851588.17248	-90329.9835324	12386.181173	537430978.3018584	818804.044727221	-1042124.4861406308	818823.3181453118	11207.10408587246	-81553.59690809346	-1042168.1043040078	-81511.711251214	11194.000640940867	537424698.942	0.20294084399669038	0.0	0.0	0.0	-0.10173739207406834	0.0	0.0	0.0	-0.10021810139723868	0.202614292548
650	2300.0	nan	nan	1	1	5.0	5.0	5.0	1.23	-2.54420904087e-19	-1.33948996185e-18	1.65092015376e-19	0.901434819684	1.61933641274e-17	4.07838092297e-19	-5.89693749967e-19	0.902796839871	438575513.076	915921.932244	-1168902.7798	671270.204895	8971.97011861	-55307.5740326	-857994.640929	-55370.0289409	8838.11156192	538914688.015365	824827.8511260068	-1054238.6898091775	824846.2630933768	8079.652394794268	-49882.15050239573	-1054290.3113584935	-49863.13830941297	7971.132684807299	538911656.926	0.20701416938432612	0.0	0.0	0.0	-0.10376754102256931	0.0	0.0	0.0	-0.10225773440930426	0.206686376219
660	2350.0	nan	nan	1	1	5.0	5.0	5.0	1.235	-3.09071072797e-19	-1.73514566896e-17	-2.62580213649e-20	0.899614672567	-5.99534684627e-17	-5.00200252314e-19	6.19895768492e-19	0.900964195731	437973931.089	921168.711568	-1194440.73115	671003.696551	10218.3873276	-23558.9194733	-871426.01508	-23569.8044833	10110.0774627	540361251.4220586	827874.8477969866	-1075080.8276630272	827867.5314660346	9183.492391060254	-21204.687671540287	-1075143.5613063434	-21182.708502986636	9099.782151494517	540357222.222	0.2110709700799406	0.0	0.0	0.0	-0.10578874892882836	0.0	0.0	0.0	-0.10428976053075863	0.210741926909
670	2400.0	nan	nan	1	1	5.0	5.0	5.0	1.24	-1.99353836348e-19	6.24056817846e-18	3.67003494178e-19	0.897806097212	-1.84210872484e-17	2.07956514718e-19	2.41827906441e-19	0.899142098049	437344555.067	925349.254546	-1227506.92545	669994.187841	8246.77284905	6464.70287508	-890107.462215	6502.57056567	8185.20427432	541767366.3854549	829957.1340799923	-1102604.385237629	829965.715669131	7396.632056038453	5806.8998158266295	-1102634.45609923	5832.235563300067	7352.334996906406	541765265.354	0.2151113796169455	0.0	0.0	0.0	-0.10780116137645682	0.0	0.0	0.0	-0.10631419465511299	0.214781087517
680	2450.0	nan	nan	1	1	5.0	5.0	5.0	1.245	3.02628990186e-19	1.49431434972e-17	-5.01019988301e-19	0.896009118327	-2.99740607836e-17	-2.51476141106e-19	3.78253150508e-20	0.897330378994	436699729.951	928485.613783	-1261465.85076	668125.756408	20170.1755125	33090.1351784	-909201.86333	33188.4143297	20127.8178703	543147922.9039308	831100.33360492	-1130820.6157897387	830985.4390620786	18054.603483847186	29663.11534827519	-1130825.300999118	29707.40936830335	18043.256093602122	543135315.391	0.219135529916671	0.0	0.0	0.0	-0.10980468935474778	0.0	0.0	0.0	-0.1083311692454317	0.218803960037
690	2500.0	nan	nan	1	1	5.0	5.0	5.0	1.25	-1.01261796228e-19	-1.83221167425e-18	9.29856887628e-19	0.894223572762	1.9454361565e-17	5.74354512687e-19	-1.35848202872e-18	0.895528795926	436015942.792	930193.414871	-1299741.03781	665447.290759	6271.10638496	54027.1817164	-931165.918451	54076.8193788	6332.30376258	544473440.9028625	830966.8380091842	-1162788.436717652	830975.0643954851	5602.148284668402	48334.383804735124	-1162790.3062993058	48308.2796442146	5665.074333051926	544473441.003	0.22314355131420976	0.0	0.0	0.0	-0.1117994536844998	0.0	0.0	0.0	-0.11034090174376575	0.222810744007
700	2550.0	nan	nan	1	1	5.0	5.0	5.0	1.255	9.88525292959e-20	1.79008237304e-17	-1.41745669767e-19	0.892449272336	-3.81579607711e-17	-5.07022010826e-19	4.11843300823e-19	0.893737575978	435326485.666	932447.090726	-1344778.81666	662981.506499	16776.7790139	72817.4398053	-957693.663262	72941.1792304	16706.24509	545784921.8263302	831324.2607586642	-1200669.8183532772	831204.4445062359	14957.356347997018	65014.18756812932	-1200695.979564301	65030.79102897427	14915.972804654206	545775858.12	0.22713557258374711	0.0	0.0	0.0	-0.1137856046624345	0.0	0.0	0.0	-0.1123430860741759	0.226801474441
